1504272600,131.030,131.060,130.990,131.060,7395,0
1504272660,131.010,131.040,131.010,131.040,7395,0
1504272720,130.920,130.950,130.920,130.950,7395,0
1504272780,131.060,131.060,130.920,131.060,7395,0
1504272840,131.130,131.130,131.130,131.130,7395,0
1504272900,131.050,131.050,131.050,131.050,3443,36975
1504272960,131.010,131.110,131.010,131.110,3440,36975
1504273020,131.150,131.070,131.070,131.160,3440,36975
1504273080,131.150,131.110,131.110,131.150,3440,36975
1504273140,131.180,131.250,131.180,131.250,3440,36975
1504273200,131.230,131.350,131.230,131.370,4445,54178
1504273260,131.230,131.350,131.230,131.370,4442,54178
1504273320,131.260,131.290,131.250,131.320,4442,54178
1504273380,131.210,131.210,131.210,131.210,4442,54178
1504273440,131.210,131.210,131.210,131.210,4442,54178
1504273500,131.140,130.940,130.940,131.250,2399,76391
1504273560,131.070,131.040,131.040,131.070,2399,76391
1504273620,131.090,131.040,131.040,131.090,2399,76391
1504273680,131.090,131.040,131.040,131.090,2399,76391
1504273740,131.090,131.040,131.040,131.090,2399,76391
1504273800,131.290,131.280,131.280,131.290,1478,88386
1504273860,131.270,131.270,131.270,131.270,1476,88386
1504273920,131.270,131.270,131.270,131.270,1476,88386
1504273980,131.270,131.270,131.270,131.270,1476,88386
1504274040,131.010,131.010,131.010,131.010,1476,88386
1504274100,131.140,131.070,131.070,131.160,3141,95768
1504274160,131.140,131.070,131.070,131.160,3137,95768
1504274220,131.160,131.110,131.110,131.160,3137,95768
1504274280,131.160,131.110,131.110,131.160,3137,95768
1504274340,131.220,131.190,131.110,131.220,3137,95768
1504274400,131.110,131.040,131.030,131.110,3167,111457
1504274460,131.020,131.020,131.020,131.020,3167,111457
1504274520,131.040,131.040,131.040,131.040,3167,111457
1504274580,131.040,131.040,131.040,131.040,3167,111457
1504274640,130.970,130.940,130.940,130.970,3167,111457
1504274700,130.980,130.980,130.980,131.050,2999,127292
1504274760,131.020,131.080,131.020,131.080,2998,127292
1504274820,130.980,130.980,130.980,130.980,2998,127292
1504274880,130.990,130.980,130.980,130.990,2998,127292
1504274940,131.070,131.110,131.070,131.110,2998,127292
1504275000,131.070,131.110,131.070,131.110,1284,142283
1504275060,131.110,131.110,131.110,131.110,1282,142283
1504275120,131.070,131.070,131.070,131.070,1282,142283
1504275180,131.070,131.070,131.070,131.070,1282,142283
1504275240,131.170,131.130,131.130,131.170,1282,142283
1504275300,131.120,131.070,131.070,131.130,1141,148695
1504275360,131.180,131.160,131.160,131.180,1141,148695
1504275420,131.160,131.050,131.050,131.160,1141,148695
1504275480,131.160,131.050,131.050,131.160,1141,148695
1504275540,131.160,131.050,131.050,131.160,1141,148695
1504275600,131.110,131.140,131.110,131.140,1876,154400
1504275660,131.140,131.140,131.140,131.140,1872,154400
1504275720,131.130,131.050,131.050,131.130,1872,154400
1504275780,131.020,131.020,131.020,131.020,1872,154400
1504275840,131.020,131.020,131.020,131.020,1872,154400
1504275900,130.980,130.980,130.980,130.980,2997,163764
1504275960,130.980,130.980,130.980,130.980,2993,163764
1504276020,131.010,131.020,131.010,131.020,2993,163764
1504276080,131.040,131.040,131.040,131.040,2993,163764
1504276140,130.990,131.090,130.960,131.110,2993,163764
1504276200,130.990,131.090,130.960,131.110,1197,178733
1504276260,131.150,131.160,131.150,131.160,1193,178733
1504276320,131.180,131.180,131.180,131.180,1193,178733
1504276380,131.130,131.210,131.130,131.210,1193,178733
1504276440,131.190,131.090,131.090,131.190,1193,178733
1504276500,131.070,131.080,131.070,131.080,1619,184702
1504276560,131.060,131.040,131.040,131.060,1619,184702
1504276620,131.060,131.040,131.040,131.060,1619,184702
1504276680,131.000,131.030,131.000,131.030,1619,184702
1504276740,131.090,131.000,131.000,131.090,1619,184702
1504276800,131.020,131.020,131.020,131.020,488,192797
1504276860,131.020,131.020,131.020,131.020,484,192797
1504276920,131.020,131.020,131.020,131.020,484,192797
1504276980,131.020,131.020,131.020,131.020,484,192797
1504277040,130.940,130.940,130.940,130.940,484,192797
1504277100,130.960,131.060,130.960,131.060,2476,195221
1504277160,131.070,131.070,131.070,131.070,2474,195221
1504277220,131.140,131.220,131.140,131.220,2474,195221
1504277280,131.190,131.170,131.170,131.200,2474,195221
1504277340,131.170,131.190,131.170,131.190,2474,195221
1504277400,131.140,131.120,131.120,131.140,1595,207593
1504277460,131.130,131.140,131.130,131.140,1595,207593
1504277520,131.130,131.190,131.130,131.190,1595,207593
1504277580,131.190,131.220,131.190,131.220,1595,207593
1504277640,131.150,131.170,131.150,131.170,1595,207593
1504277700,131.170,131.180,131.170,131.180,2728,215568
1504277760,131.200,131.220,131.200,131.280,2727,215568
1504277820,131.200,131.220,131.200,131.280,2727,215568
1504277880,131.200,131.220,131.200,131.280,2727,215568
1504277940,131.200,131.210,131.190,131.210,2727,215568
1504278000,131.210,131.170,131.170,131.230,7644,229204
1504278060,131.210,131.240,131.190,131.240,7644,229204
1504278120,131.230,131.230,131.230,131.230,7644,229204
1504278180,131.200,131.110,131.110,131.230,7644,229204
1504278240,131.120,131.120,131.120,131.160,7644,229204
1504278300,131.130,131.130,131.120,131.130,2549,267424
1504278360,131.200,131.200,131.200,131.200,2549,267424
1504278420,131.220,131.200,131.170,131.220,2549,267424
1504278480,131.220,131.170,131.170,131.260,2549,267424
1504278540,131.140,131.100,131.090,131.170,2549,267424
1504278600,131.160,131.170,131.160,131.190,1475,280169
1504278660,131.190,131.200,131.190,131.200,1474,280169
1504278720,131.190,131.190,131.190,131.190,1474,280169
1504278780,131.180,131.280,131.180,131.280,1474,280169
1504278840,131.180,131.280,131.180,131.280,1474,280169
1504278900,131.280,131.210,131.210,131.280,1252,287540
1504278960,131.210,131.180,131.180,131.210,1248,287540
1504279020,131.210,131.180,131.180,131.210,1248,287540
1504279080,131.210,131.230,131.180,131.230,1248,287540
1504279140,131.180,131.150,131.150,131.180,1248,287540
1504279200,131.170,131.150,131.150,131.190,4348,293784
1504279260,131.160,131.160,131.140,131.160,4347,293784
1504279320,131.170,131.170,131.170,131.170,4347,293784
1504279380,131.200,131.170,131.120,131.200,4347,293784
1504279440,131.170,131.170,131.170,131.170,4347,293784
1504279500,131.130,131.090,131.090,131.140,3328,315520
1504279560,131.020,131.030,131.020,131.100,3328,315520
1504279620,131.050,130.960,130.960,131.050,3328,315520
1504279680,130.910,130.860,130.860,130.910,3328,315520
1504279740,130.890,130.860,130.860,130.890,3328,315520
1504279800,130.900,130.900,130.900,130.900,1307,332160
1504279860,130.880,130.850,130.850,130.880,1304,332160
1504279920,130.760,130.850,130.680,130.850,1304,332160
1504279980,130.800,130.750,130.750,130.800,1304,332160
1504280040,130.760,130.770,130.760,130.780,1304,332160
1504280100,130.760,130.770,130.760,130.780,1273,338683
1504280160,130.760,130.770,130.760,130.780,1269,338683
1504280220,130.780,130.860,130.780,130.860,1269,338683
1504280280,130.870,130.870,130.870,130.870,1269,338683
1504280340,130.880,131.040,130.850,131.040,1269,338683
1504280400,130.970,131.040,130.970,131.100,1154,345032
1504280460,130.970,131.040,130.970,131.100,1152,345032
1504280520,131.140,131.210,131.140,131.210,1152,345032
1504280580,131.280,131.280,131.280,131.280,1152,345032
1504280640,131.250,131.250,131.250,131.250,1152,345032
1504280700,131.280,131.280,131.280,131.280,934,350794
1504280760,131.270,131.260,131.260,131.280,933,350794
1504280820,131.190,131.190,131.190,131.190,933,350794
1504280880,131.140,131.140,131.140,131.140,933,350794
1504280940,131.070,131.060,131.060,131.070,933,350794
1504281000,131.100,131.100,131.100,131.100,578,355460
1504281060,131.130,131.180,131.130,131.180,574,355460
1504281120,131.170,131.180,131.170,131.180,574,355460
1504281180,131.180,131.130,131.130,131.180,574,355460
1504281240,131.170,131.170,131.170,131.170,574,355460
1504281300,131.170,131.210,131.160,131.210,1415,358334
1504281360,131.170,131.210,131.160,131.210,1415,358334
1504281420,131.220,131.220,131.220,131.220,1415,358334
1504281480,131.180,131.220,131.180,131.220,1415,358334
1504281540,131.170,131.280,131.170,131.300,1415,358334
1504281600,131.300,131.300,131.300,131.300,348,365409
1504281660,131.300,131.300,131.300,131.300,345,365409
1504281720,131.280,131.280,131.280,131.280,345,365409
1504281780,131.210,131.220,131.210,131.220,345,365409
1504281840,131.210,131.220,131.210,131.220,345,365409
1504281900,131.300,131.300,131.300,131.300,444,367137
1504281960,131.270,131.270,131.270,131.270,444,367137
1504282020,131.250,131.260,131.250,131.260,444,367137
1504282080,131.220,131.220,131.220,131.220,444,367137
1504282140,131.220,131.220,131.220,131.220,444,367137
1504282200,131.260,131.330,131.250,131.330,1669,369357
1504282260,131.260,131.330,131.250,131.330,1667,369357
1504282320,131.260,131.330,131.250,131.330,1667,369357
1504282380,131.320,131.330,131.320,131.330,1667,369357
1504282440,131.320,131.330,131.320,131.330,1667,369357
1504282500,131.310,131.310,131.310,131.310,419,377694
1504282560,131.310,131.310,131.310,131.310,416,377694
1504282620,131.310,131.310,131.310,131.310,416,377694
1504282680,131.350,131.310,131.310,131.350,416,377694
1504282740,131.340,131.330,131.330,131.340,416,377694
1504282800,131.340,131.330,131.330,131.340,1088,379777
1504282860,131.370,131.360,131.360,131.370,1084,379777
1504282920,131.370,131.370,131.370,131.370,1084,379777
1504282980,131.430,131.430,131.430,131.430,1084,379777
1504283040,131.430,131.430,131.430,131.430,1084,379777
1504283100,131.400,131.440,131.400,131.440,1187,385201
1504283160,131.430,131.420,131.410,131.430,1184,385201
1504283220,131.430,131.420,131.410,131.430,1184,385201
1504283280,131.480,131.480,131.480,131.480,1184,385201
1504283340,131.480,131.480,131.480,131.480,1184,385201
1504283400,131.480,131.480,131.480,131.480,1684,391124
1504283460,131.410,131.410,131.410,131.410,1680,391124
1504283520,131.380,131.330,131.280,131.380,1680,391124
1504283580,131.280,131.280,131.280,131.280,1680,391124
1504283640,131.280,131.280,131.280,131.280,1680,391124
1504283700,131.370,131.370,131.370,131.370,1618,399528
1504283760,131.370,131.370,131.370,131.370,1617,399528
1504283820,131.370,131.370,131.370,131.370,1617,399528
1504283880,131.420,131.500,131.420,131.500,1617,399528
1504283940,131.480,131.570,131.480,131.570,1617,399528
1504284000,131.570,131.550,131.480,131.570,608,407614
1504284060,131.570,131.550,131.480,131.570,605,407614
1504284120,131.510,131.530,131.510,131.530,605,407614
1504284180,131.570,131.550,131.550,131.570,605,407614
1504284240,131.560,131.560,131.560,131.560,605,407614
1504284300,131.560,131.560,131.560,131.560,1229,410642
1504284360,131.520,131.550,131.520,131.550,1227,410642
1504284420,131.580,131.580,131.580,131.590,1227,410642
1504284480,131.650,131.570,131.510,131.650,1227,410642
1504284540,131.560,131.580,131.560,131.580,1227,410642
1504284600,131.560,131.440,131.440,131.560,749,416779
1504284660,131.560,131.440,131.440,131.560,745,416779
1504284720,131.550,131.550,131.530,131.550,745,416779
1504284780,131.600,131.600,131.600,131.600,745,416779
1504284840,131.610,131.610,131.610,131.610,745,416779
1504284900,131.580,131.580,131.580,131.580,693,420508
1504284960,131.670,131.650,131.650,131.680,691,420508
1504285020,131.590,131.530,131.530,131.590,691,420508
1504285080,131.600,131.690,131.600,131.690,691,420508
1504285140,131.710,131.710,131.710,131.710,691,420508
1504285200,131.710,131.710,131.710,131.710,489,423965
1504285260,131.710,131.700,131.690,131.710,488,423965
1504285320,131.710,131.700,131.690,131.710,488,423965
1504285380,131.760,131.720,131.720,131.760,488,423965
1504285440,131.760,131.720,131.720,131.760,488,423965
1504285500,131.740,131.740,131.740,131.740,729,426406
1504285560,131.760,131.780,131.760,131.780,726,426406
1504285620,131.810,131.800,131.800,131.810,726,426406
1504285680,131.770,131.810,131.770,131.810,726,426406
1504285740,131.820,131.790,131.790,131.820,726,426406
1504285800,131.800,131.790,131.760,131.800,1000,430039
1504285860,131.770,131.770,131.770,131.770,999,430039
1504285920,131.750,131.750,131.750,131.750,999,430039
1504285980,131.860,131.890,131.860,131.890,999,430039
1504286040,131.870,131.840,131.840,131.870,999,430039
1504286100,131.810,131.810,131.810,131.810,671,435035
1504286160,131.810,131.810,131.810,131.810,667,435035
1504286220,131.790,131.790,131.790,131.790,667,435035
1504286280,131.790,131.790,131.790,131.790,667,435035
1504286340,131.790,131.790,131.790,131.790,667,435035
1504286400,131.820,131.820,131.820,131.820,773,438374
1504286460,131.830,131.820,131.820,131.830,770,438374
1504286520,131.840,131.820,131.820,131.840,770,438374
1504286580,131.840,131.840,131.840,131.840,770,438374
1504286640,131.910,131.850,131.850,131.920,770,438374
1504286700,131.900,131.870,131.850,131.900,1610,442227
1504286760,131.890,131.890,131.890,131.890,1607,442227
1504286820,131.920,131.910,131.910,131.920,1607,442227
1504286880,131.960,131.930,131.930,131.960,1607,442227
1504286940,131.960,131.930,131.930,131.960,1607,442227
1504287000,131.960,131.930,131.930,131.960,978,450265
1504287060,131.920,131.950,131.920,131.950,978,450265
1504287120,131.930,131.930,131.930,131.930,978,450265
1504287180,131.870,131.890,131.870,131.890,978,450265
1504287240,131.910,131.880,131.880,131.910,978,450265
1504287300,131.910,131.910,131.910,131.910,350,455155
1504287360,131.910,131.920,131.900,131.920,350,455155
1504287420,131.900,131.860,131.860,131.900,350,455155
1504287480,131.900,131.860,131.860,131.900,350,455155
1504287540,131.900,131.860,131.860,131.900,350,455155
1504287600,131.850,131.860,131.830,131.860,550,456905
1504287660,131.850,131.860,131.830,131.860,547,456905
1504287720,131.830,131.790,131.790,131.830,547,456905
1504287780,131.790,131.780,131.780,131.790,547,456905
1504287840,131.790,131.780,131.780,131.790,547,456905
1504287900,131.870,131.880,131.870,131.880,1837,459643
1504287960,131.900,131.900,131.900,131.900,1834,459643
1504288020,131.920,131.950,131.920,131.950,1834,459643
1504288080,131.940,131.910,131.910,131.940,1834,459643
1504288140,131.890,131.880,131.880,131.890,1834,459643
1504288200,131.880,131.850,131.850,131.880,2282,468816
1504288260,131.830,131.830,131.830,131.830,2282,468816
1504288320,131.770,131.750,131.750,131.770,2282,468816
1504288380,131.700,131.670,131.670,131.700,2282,468816
1504288440,131.690,131.710,131.660,131.710,2282,468816
1504288500,131.690,131.710,131.660,131.710,3050,480226
1504288560,131.750,131.690,131.690,131.750,3046,480226
1504288620,131.750,131.690,131.690,131.750,3046,480226
1504288680,131.720,131.720,131.720,131.720,3046,480226
1504288740,131.720,131.700,131.700,131.720,3046,480226
1504288800,131.690,131.640,131.640,131.690,1385,495460
1504288860,131.660,131.610,131.610,131.660,1382,495460
1504288920,131.610,131.540,131.540,131.630,1382,495460
1504288980,131.580,131.570,131.570,131.580,1382,495460
1504289040,131.550,131.550,131.550,131.550,1382,495460
1504289100,131.590,131.630,131.590,131.630,723,502373
1504289160,131.600,131.530,131.530,131.600,720,502373
1504289220,131.530,131.530,131.530,131.530,720,502373
1504289280,131.500,131.500,131.500,131.530,720,502373
1504289340,131.530,131.500,131.500,131.530,720,502373
1504289400,131.480,131.340,131.280,131.500,5536,505976
1504289460,131.350,131.420,131.350,131.430,5534,505976
1504289520,131.440,131.430,131.430,131.460,5534,505976
1504289580,131.440,131.430,131.400,131.440,5534,505976
1504289640,131.390,131.340,131.340,131.390,5534,505976
1504289700,131.340,131.360,131.340,131.390,3022,533648
1504289760,131.370,131.360,131.340,131.370,3021,533648
1504289820,131.330,131.360,131.330,131.360,3021,533648
1504289880,131.360,131.330,131.330,131.360,3021,533648
1504289940,131.310,131.270,131.270,131.350,3021,533648
1504290000,131.240,131.370,131.240,131.370,2968,548754
1504290060,131.240,131.370,131.240,131.370,2967,548754
1504290120,131.340,131.360,131.340,131.380,2967,548754
1504290180,131.340,131.280,131.280,131.340,2967,548754
1504290240,131.270,131.250,131.250,131.270,2967,548754
1504290300,131.290,131.270,131.260,131.300,2979,563590
1504290360,131.290,131.240,131.240,131.300,2977,563590
1504290420,131.210,131.130,131.130,131.210,2977,563590
1504290480,131.130,131.070,131.050,131.130,2977,563590
1504290540,131.020,131.140,131.020,131.140,2977,563590
1504290600,131.170,131.370,131.170,131.370,2736,578477
1504290660,131.380,131.340,131.340,131.380,2735,578477
1504290720,131.320,131.340,131.320,131.340,2735,578477
1504290780,131.340,131.320,131.300,131.350,2735,578477
1504290840,131.320,131.310,131.310,131.320,2735,578477
1504290900,131.310,131.320,131.310,131.320,1355,592153
1504290960,131.340,131.380,131.340,131.380,1351,592153
1504291020,131.380,131.380,131.380,131.380,1351,592153
1504291080,131.400,131.330,131.320,131.400,1351,592153
1504291140,131.330,131.330,131.330,131.330,1351,592153
1504291200,131.310,131.310,131.310,131.310,2142,598912
1504291260,131.280,131.280,131.280,131.290,2142,598912
1504291320,131.270,131.280,131.270,131.280,2142,598912
1504291380,131.260,131.230,131.230,131.260,2142,598912
1504291440,131.220,131.230,131.220,131.230,2142,598912
1504291500,131.230,131.210,131.210,131.240,1512,609622
1504291560,131.210,131.190,131.190,131.220,1510,609622
1504291620,131.200,131.190,131.190,131.200,1510,609622
1504291680,131.150,131.130,131.130,131.160,1510,609622
1504291740,131.130,131.200,131.130,131.200,1510,609622
1504291800,131.190,131.210,131.190,131.210,1471,617174
1504291860,131.210,131.250,131.210,131.250,1469,617174
1504291920,131.240,131.210,131.210,131.240,1469,617174
1504291980,131.200,131.180,131.180,131.200,1469,617174
1504292040,131.180,131.170,131.170,131.220,1469,617174
1504292100,131.170,131.200,131.170,131.200,1734,624521
1504292160,131.210,131.260,131.210,131.270,1731,624521
1504292220,131.270,131.250,131.250,131.270,1731,624521
1504292280,131.280,131.280,131.280,131.280,1731,624521
1504292340,131.270,131.310,131.260,131.310,1731,624521
1504292400,131.300,131.320,131.270,131.320,1644,633179
1504292460,131.330,131.340,131.330,131.340,1640,633179
1504292520,131.310,131.310,131.300,131.310,1640,633179
1504292580,131.300,131.360,131.290,131.360,1640,633179
1504292640,131.370,131.330,131.330,131.370,1640,633179
1504292700,131.320,131.310,131.310,131.320,1788,641383
1504292760,131.310,131.310,131.310,131.330,1784,641383
1504292820,131.320,131.310,131.310,131.330,1784,641383
1504292880,131.290,131.300,131.270,131.300,1784,641383
1504292940,131.330,131.320,131.320,131.340,1784,641383
1504293000,131.320,131.300,131.300,131.320,1342,650307
1504293060,131.280,131.280,131.280,131.300,1339,650307
1504293120,131.300,131.300,131.300,131.300,1339,650307
1504293180,131.290,131.310,131.290,131.310,1339,650307
1504293240,131.330,131.340,131.330,131.340,1339,650307
1504293300,131.310,131.310,131.310,131.310,1311,657005
1504293360,131.290,131.290,131.290,131.300,1307,657005
1504293420,131.260,131.270,131.250,131.290,1307,657005
1504293480,131.260,131.270,131.250,131.270,1307,657005
1504293540,131.270,131.270,131.270,131.270,1307,657005
1504293600,131.270,131.270,131.270,131.270,2646,663544
1504293660,131.270,131.280,131.270,131.300,2642,663544
1504293720,131.280,131.270,131.270,131.280,2642,663544
1504293780,131.270,131.250,131.250,131.280,2642,663544
1504293840,131.250,131.250,131.250,131.250,2642,663544
1504293900,131.270,131.260,131.260,131.270,2899,676758
1504293960,131.240,131.250,131.240,131.260,2896,676758
1504294020,131.250,131.270,131.250,131.270,2896,676758
1504294080,131.240,131.250,131.240,131.250,2896,676758
1504294140,131.250,131.270,131.240,131.270,2896,676758
1504294200,131.250,131.250,131.250,131.250,1681,691241
1504294260,131.220,131.170,131.160,131.220,1677,691241
1504294320,131.150,131.140,131.140,131.150,1677,691241
1504294380,131.180,131.190,131.180,131.190,1677,691241
1504294440,131.180,131.180,131.180,131.180,1677,691241
1504294500,131.160,131.170,131.130,131.170,2892,699630
1504294560,131.160,131.190,131.160,131.190,2891,699630
1504294620,131.190,131.190,131.190,131.190,2891,699630
1504294680,131.190,131.220,131.190,131.220,2891,699630
1504294740,131.210,131.220,131.200,131.220,2891,699630
1504294800,131.240,131.260,131.240,131.260,3066,714086
1504294860,131.250,131.220,131.220,131.250,3065,714086
1504294920,131.220,131.220,131.220,131.220,3065,714086
1504294980,131.220,131.180,131.180,131.220,3065,714086
1504295040,131.160,131.140,131.140,131.180,3065,714086
1504295100,131.110,131.120,131.100,131.130,5182,729412
1504295160,131.120,131.090,131.090,131.130,5181,729412
1504295220,131.090,131.090,131.080,131.090,5181,729412
1504295280,131.090,131.140,131.090,131.140,5181,729412
1504295340,131.130,131.130,131.130,131.140,5181,729412
1504295400,131.130,131.140,131.120,131.140,5467,755318
1504295460,131.140,131.160,131.120,131.160,5463,755318
1504295520,131.170,131.170,131.170,131.180,5463,755318
1504295580,131.180,131.190,131.180,131.190,5463,755318
1504295640,131.190,131.160,131.150,131.190,5463,755318
1504295700,131.160,131.180,131.160,131.180,23626,782637
1504295760,131.180,131.170,131.170,131.180,23626,782637
1504295820,131.180,131.200,131.180,131.200,23626,782637
1504295880,131.200,131.120,131.120,131.200,23626,782637
1504295940,131.100,131.030,131.030,131.100,23626,782637
1504618200,130.740,130.740,130.740,130.740,3581,0
1504618260,130.690,130.720,130.670,130.720,3579,0
1504618320,130.910,130.910,130.910,130.910,3579,0
1504618380,130.910,130.910,130.910,130.910,3579,0
1504618440,130.910,130.710,130.680,130.910,3579,0
1504618500,130.680,130.680,130.680,130.680,2256,17897
1504618560,130.800,130.820,130.800,130.820,2256,17897
1504618620,130.790,130.760,130.760,130.790,2256,17897
1504618680,130.820,130.700,130.700,130.820,2256,17897
1504618740,130.610,130.630,130.610,130.630,2256,17897
1504618800,130.690,130.620,130.620,130.690,2858,29177
1504618860,130.620,130.710,130.610,130.710,2858,29177
1504618920,130.640,130.670,130.640,130.670,2858,29177
1504618980,130.630,130.530,130.530,130.630,2858,29177
1504619040,130.530,130.410,130.410,130.530,2858,29177
1504619100,130.460,130.420,130.350,130.460,2322,43467
1504619160,130.440,130.520,130.440,130.560,2319,43467
1504619220,130.520,130.520,130.520,130.520,2319,43467
1504619280,130.460,130.390,130.390,130.460,2319,43467
1504619340,130.370,130.300,130.300,130.370,2319,43467
1504619400,130.340,130.380,130.250,130.390,2497,55065
1504619460,130.390,130.390,130.390,130.390,2493,55065
1504619520,130.430,130.430,130.380,130.470,2493,55065
1504619580,130.390,130.450,130.380,130.450,2493,55065
1504619640,130.360,130.360,130.360,130.360,2493,55065
1504619700,130.400,130.220,130.220,130.400,2842,67534
1504619760,130.220,130.310,130.200,130.310,2841,67534
1504619820,130.310,130.360,130.220,130.360,2841,67534
1504619880,130.310,130.280,130.280,130.360,2841,67534
1504619940,130.270,130.270,130.220,130.270,2841,67534
1504620000,130.230,130.310,130.210,130.310,2677,81740
1504620060,130.450,130.450,130.410,130.450,2674,81740
1504620120,130.390,130.350,130.350,130.390,2674,81740
1504620180,130.330,130.360,130.330,130.410,2674,81740
1504620240,130.330,130.360,130.330,130.410,2674,81740
1504620300,130.320,130.350,130.320,130.360,2183,95113
1504620360,130.370,130.380,130.370,130.380,2180,95113
1504620420,130.390,130.430,130.370,130.430,2180,95113
1504620480,130.370,130.480,130.370,130.480,2180,95113
1504620540,130.440,130.430,130.400,130.440,2180,95113
1504620600,130.370,130.370,130.370,130.390,2171,106016
1504620660,130.360,130.300,130.300,130.360,2169,106016
1504620720,130.280,130.350,130.260,130.350,2169,106016
1504620780,130.370,130.470,130.370,130.470,2169,106016
1504620840,130.370,130.470,130.370,130.470,2169,106016
1504620900,130.370,130.470,130.370,130.470,694,116863
1504620960,130.720,130.720,130.720,130.720,693,116863
1504621020,130.720,130.720,130.720,130.720,693,116863
1504621080,130.720,130.680,130.680,130.720,693,116863
1504621140,130.760,130.730,130.730,130.760,693,116863
1504621200,130.690,130.750,130.690,130.750,765,120329
1504621260,130.750,130.750,130.710,130.770,762,120329
1504621320,130.680,130.680,130.680,130.680,762,120329
1504621380,130.680,130.680,130.680,130.680,762,120329
1504621440,130.680,130.680,130.680,130.680,762,120329
1504621500,130.590,130.590,130.590,130.590,1785,124142
1504621560,130.590,130.590,130.590,130.590,1784,124142
1504621620,130.590,130.590,130.590,130.590,1784,124142
1504621680,130.530,130.400,130.400,130.560,1784,124142
1504621740,130.460,130.440,130.410,130.460,1784,124142
1504621800,130.370,130.490,130.370,130.490,1440,133063
1504621860,130.370,130.490,130.370,130.490,1438,133063
1504621920,130.470,130.470,130.470,130.470,1438,133063
1504621980,130.490,130.550,130.490,130.550,1438,133063
1504622040,130.490,130.550,130.490,130.550,1438,133063
1504622100,130.590,130.590,130.590,130.590,1920,140255
1504622160,130.660,130.770,130.660,130.770,1919,140255
1504622220,130.700,130.700,130.700,130.700,1919,140255
1504622280,130.730,130.710,130.710,130.730,1919,140255
1504622340,130.680,130.710,130.680,130.710,1919,140255
1504622400,130.680,130.570,130.560,130.710,1715,149851
1504622460,130.560,130.560,130.560,130.560,1711,149851
1504622520,130.600,130.690,130.600,130.690,1711,149851
1504622580,130.690,130.690,130.690,130.690,1711,149851
1504622640,130.660,130.590,130.590,130.660,1711,149851
1504622700,130.560,130.580,130.560,130.580,1232,158410
1504622760,130.590,130.670,130.590,130.670,1231,158410
1504622820,130.710,130.710,130.710,130.710,1231,158410
1504622880,130.680,130.680,130.680,130.680,1231,158410
1504622940,130.650,130.680,130.630,130.680,1231,158410
1504623000,130.660,130.630,130.630,130.660,1237,164566
1504623060,130.610,130.610,130.610,130.610,1236,164566
1504623120,130.620,130.620,130.620,130.620,1236,164566
1504623180,130.630,130.550,130.550,130.630,1236,164566
1504623240,130.560,130.620,130.560,130.620,1236,164566
1504623300,130.520,130.540,130.450,130.540,1762,170747
1504623360,130.520,130.540,130.450,130.540,1758,170747
1504623420,130.570,130.630,130.570,130.630,1758,170747
1504623480,130.650,130.640,130.580,130.650,1758,170747
1504623540,130.640,130.660,130.640,130.740,1758,170747
1504623600,130.680,130.680,130.680,130.680,857,179541
1504623660,130.660,130.690,130.660,130.690,855,179541
1504623720,130.660,130.690,130.660,130.690,855,179541
1504623780,130.670,130.760,130.670,130.760,855,179541
1504623840,130.780,130.770,130.770,130.780,855,179541
1504623900,130.820,130.730,130.710,130.820,1357,183818
1504623960,130.820,130.730,130.710,130.820,1353,183818
1504624020,130.660,130.710,130.660,130.710,1353,183818
1504624080,130.690,130.690,130.690,130.690,1353,183818
1504624140,130.640,130.610,130.600,130.640,1353,183818
1504624200,130.530,130.520,130.490,130.530,1006,190587
1504624260,130.490,130.410,130.410,130.490,1004,190587
1504624320,130.530,130.550,130.530,130.550,1004,190587
1504624380,130.510,130.510,130.510,130.510,1004,190587
1504624440,130.510,130.510,130.510,130.510,1004,190587
1504624500,130.500,130.500,130.500,130.500,1154,195609
1504624560,130.500,130.500,130.500,130.500,1154,195609
1504624620,130.520,130.530,130.520,130.530,1154,195609
1504624680,130.550,130.550,130.550,130.550,1154,195609
1504624740,130.520,130.460,130.460,130.530,1154,195609
1504624800,130.490,130.490,130.490,130.490,778,201379
1504624860,130.550,130.550,130.550,130.550,778,201379
1504624920,130.480,130.540,130.480,130.540,778,201379
1504624980,130.480,130.540,130.480,130.540,778,201379
1504625040,130.530,130.580,130.530,130.580,778,201379
1504625100,130.580,130.600,130.580,130.600,734,205269
1504625160,130.590,130.590,130.590,130.590,734,205269
1504625220,130.590,130.590,130.590,130.590,734,205269
1504625280,130.650,130.650,130.650,130.650,734,205269
1504625340,130.600,130.620,130.600,130.620,734,205269
1504625400,130.620,130.690,130.620,130.690,607,208939
1504625460,130.680,130.750,130.680,130.750,605,208939
1504625520,130.680,130.750,130.680,130.750,605,208939
1504625580,130.770,130.770,130.770,130.770,605,208939
1504625640,130.770,130.770,130.770,130.770,605,208939
1504625700,130.770,130.770,130.770,130.770,923,211966
1504625760,130.760,130.800,130.760,130.800,921,211966
1504625820,130.760,130.800,130.760,130.800,921,211966
1504625880,130.790,130.740,130.740,130.790,921,211966
1504625940,130.780,130.750,130.750,130.780,921,211966
1504626000,130.760,130.730,130.730,130.760,591,216573
1504626060,130.640,130.640,130.640,130.640,591,216573
1504626120,130.640,130.640,130.640,130.640,591,216573
1504626180,130.660,130.660,130.660,130.660,591,216573
1504626240,130.600,130.600,130.600,130.600,591,216573
1504626300,130.560,130.580,130.560,130.580,1665,219528
1504626360,130.580,130.580,130.580,130.580,1665,219528
1504626420,130.570,130.550,130.550,130.570,1665,219528
1504626480,130.490,130.490,130.490,130.490,1665,219528
1504626540,130.490,130.470,130.470,130.490,1665,219528
1504626600,130.430,130.430,130.430,130.430,826,227853
1504626660,130.440,130.420,130.420,130.440,824,227853
1504626720,130.430,130.420,130.420,130.430,824,227853
1504626780,130.430,130.420,130.420,130.430,824,227853
1504626840,130.370,130.370,130.370,130.370,824,227853
1504626900,130.370,130.370,130.370,130.370,1478,231975
1504626960,130.300,130.360,130.250,130.360,1477,231975
1504627020,130.290,130.340,130.290,130.340,1477,231975
1504627080,130.340,130.340,130.340,130.340,1477,231975
1504627140,130.340,130.350,130.340,130.350,1477,231975
1504627200,130.310,130.310,130.310,130.310,1871,239361
1504627260,130.250,130.250,130.250,130.250,1870,239361
1504627320,130.200,130.130,130.130,130.200,1870,239361
1504627380,130.120,130.080,130.080,130.120,1870,239361
1504627440,130.090,130.120,130.090,130.120,1870,239361
1504627500,130.090,130.040,130.010,130.090,1396,248712
1504627560,129.990,130.030,129.990,130.030,1393,248712
1504627620,130.070,130.070,130.070,130.070,1393,248712
1504627680,130.070,130.070,130.070,130.070,1393,248712
1504627740,130.030,130.030,130.030,130.030,1393,248712
1504627800,130.040,130.040,130.040,130.040,1218,255680
1504627860,129.970,130.060,129.970,130.060,1216,255680
1504627920,130.090,130.040,130.040,130.090,1216,255680
1504627980,130.000,130.000,130.000,130.000,1216,255680
1504628040,129.970,129.970,129.970,130.010,1216,255680
1504628100,130.060,130.130,130.010,130.130,1004,261762
1504628160,130.060,130.130,130.010,130.130,1001,261762
1504628220,130.090,130.090,130.090,130.090,1001,261762
1504628280,130.120,130.200,130.120,130.200,1001,261762
1504628340,130.120,130.200,130.120,130.200,1001,261762
1504628400,130.250,130.250,130.250,130.250,1373,266770
1504628460,130.290,130.280,130.280,130.290,1372,266770
1504628520,130.290,130.290,130.280,130.290,1372,266770
1504628580,130.340,130.410,130.340,130.410,1372,266770
1504628640,130.340,130.340,130.340,130.340,1372,266770
1504628700,130.340,130.340,130.340,130.340,645,273631
1504628760,130.340,130.340,130.340,130.340,643,273631
1504628820,130.250,130.230,130.230,130.250,643,273631
1504628880,130.230,130.230,130.230,130.230,643,273631
1504628940,130.220,130.220,130.220,130.220,643,273631
1504629000,130.110,130.100,130.100,130.110,1168,276848
1504629060,130.110,130.100,130.100,130.110,1164,276848
1504629120,130.090,130.060,130.060,130.090,1164,276848
1504629180,130.050,130.000,129.950,130.050,1164,276848
1504629240,130.000,130.000,130.000,130.000,1164,276848
1504629300,129.960,130.000,129.960,130.010,904,282672
1504629360,129.960,130.000,129.960,130.010,902,282672
1504629420,130.040,130.040,130.040,130.040,902,282672
1504629480,130.090,130.090,130.090,130.090,902,282672
1504629540,130.070,130.040,130.040,130.070,902,282672
1504629600,130.070,130.040,130.040,130.070,328,287184
1504629660,130.050,130.050,130.050,130.050,324,287184
1504629720,130.050,130.050,130.050,130.050,324,287184
1504629780,130.080,130.090,130.080,130.090,324,287184
1504629840,130.080,130.090,130.080,130.090,324,287184
1504629900,130.090,130.090,130.090,130.090,1179,288808
1504629960,130.040,130.000,129.990,130.040,1178,288808
1504630020,130.020,130.070,130.020,130.070,1178,288808
1504630080,130.020,130.070,130.020,130.070,1178,288808
1504630140,130.110,130.090,130.090,130.110,1178,288808
1504630200,130.110,130.090,130.090,130.110,689,294699
1504630260,130.070,130.070,130.070,130.070,685,294699
1504630320,130.070,130.060,130.030,130.070,685,294699
1504630380,130.010,130.060,130.010,130.060,685,294699
1504630440,130.010,130.060,130.010,130.060,685,294699
1504630500,130.010,130.060,130.010,130.060,816,298128
1504630560,130.010,130.060,130.010,130.060,815,298128
1504630620,130.070,130.070,130.070,130.070,815,298128
1504630680,130.090,130.100,130.080,130.100,815,298128
1504630740,130.070,130.070,130.070,130.070,815,298128
1504630800,130.060,130.010,130.000,130.060,2038,302204
1504630860,129.990,129.970,129.960,129.990,2038,302204
1504630920,129.960,129.960,129.960,129.960,2038,302204
1504630980,129.970,129.970,129.970,129.970,2038,302204
1504631040,129.940,129.880,129.880,129.940,2038,302204
1504631100,129.970,129.970,129.970,129.970,807,312394
1504631160,129.970,129.970,129.970,129.970,803,312394
1504631220,129.970,129.970,129.970,129.970,803,312394
1504631280,130.050,129.980,129.980,130.050,803,312394
1504631340,130.050,129.980,129.980,130.050,803,312394
1504631400,129.970,129.930,129.930,129.970,1902,316413
1504631460,129.920,129.920,129.920,129.920,1902,316413
1504631520,129.930,129.870,129.870,129.930,1902,316413
1504631580,129.880,129.830,129.830,129.880,1902,316413
1504631640,129.880,129.900,129.880,129.900,1902,316413
1504631700,129.920,129.960,129.910,129.960,1289,325923
1504631760,129.920,129.960,129.910,129.960,1285,325923
1504631820,130.000,130.000,130.000,130.000,1285,325923
1504631880,130.070,130.070,130.070,130.070,1285,325923
1504631940,130.070,130.140,130.070,130.140,1285,325923
1504632000,130.120,130.150,130.120,130.150,1502,332352
1504632060,130.170,130.160,130.160,130.170,1499,332352
1504632120,130.150,130.150,130.150,130.150,1499,332352
1504632180,130.150,130.150,130.150,130.150,1499,332352
1504632240,130.150,130.120,130.120,130.160,1499,332352
1504632300,130.120,130.120,130.120,130.120,1304,339850
1504632360,130.090,130.100,130.090,130.100,1304,339850
1504632420,130.120,130.080,130.080,130.120,1304,339850
1504632480,130.100,130.100,130.100,130.100,1304,339850
1504632540,130.060,130.060,130.060,130.060,1304,339850
1504632600,130.080,130.080,130.080,130.080,1695,346370
1504632660,130.070,130.090,130.070,130.090,1695,346370
1504632720,130.030,130.060,130.030,130.060,1695,346370
1504632780,130.030,130.060,130.030,130.060,1695,346370
1504632840,130.030,130.070,130.020,130.070,1695,346370
1504632900,130.100,130.100,130.100,130.100,2224,354845
1504632960,130.070,130.130,130.070,130.130,2221,354845
1504633020,130.080,130.080,130.080,130.110,2221,354845
1504633080,130.140,130.190,130.140,130.190,2221,354845
1504633140,130.180,130.180,130.180,130.180,2221,354845
1504633200,130.180,130.180,130.180,130.180,423,365953
1504633260,130.180,130.180,130.180,130.180,420,365953
1504633320,130.190,130.190,130.190,130.190,420,365953
1504633380,130.190,130.190,130.190,130.190,420,365953
1504633440,130.190,130.160,130.160,130.190,420,365953
1504633500,130.130,130.130,130.130,130.130,1297,368056
1504633560,130.140,130.130,130.130,130.140,1295,368056
1504633620,130.150,130.150,130.150,130.150,1295,368056
1504633680,130.130,130.130,130.130,130.160,1295,368056
1504633740,130.130,130.130,130.130,130.160,1295,368056
1504633800,130.130,130.170,130.130,130.170,954,374533
1504633860,130.190,130.240,130.190,130.240,954,374533
1504633920,130.260,130.260,130.260,130.260,954,374533
1504633980,130.230,130.260,130.230,130.260,954,374533
1504634040,130.230,130.260,130.230,130.260,954,374533
1504634100,130.230,130.260,130.230,130.260,1163,379303
1504634160,130.230,130.260,130.230,130.260,1160,379303
1504634220,130.200,130.220,130.200,130.220,1160,379303
1504634280,130.200,130.200,130.200,130.200,1160,379303
1504634340,130.200,130.200,130.180,130.200,1160,379303
1504634400,130.170,130.200,130.170,130.210,1530,385106
1504634460,130.200,130.220,130.200,130.220,1526,385106
1504634520,130.220,130.230,130.220,130.230,1526,385106
1504634580,130.200,130.210,130.200,130.210,1526,385106
1504634640,130.200,130.210,130.200,130.210,1526,385106
1504634700,130.270,130.270,130.270,130.270,1568,392740
1504634760,130.230,130.230,130.230,130.230,1565,392740
1504634820,130.240,130.210,130.210,130.240,1565,392740
1504634880,130.150,130.140,130.140,130.150,1565,392740
1504634940,130.130,130.150,130.130,130.150,1565,392740
1504635000,130.130,130.110,130.110,130.130,1294,400568
1504635060,130.100,130.090,130.080,130.100,1294,400568
1504635120,130.110,130.110,130.110,130.110,1294,400568
1504635180,130.110,130.110,130.110,130.110,1294,400568
1504635240,130.160,130.160,130.140,130.160,1294,400568
1504635300,130.130,130.130,130.130,130.150,1430,407038
1504635360,130.110,130.110,130.110,130.110,1430,407038
1504635420,130.120,130.120,130.120,130.120,1430,407038
1504635480,130.110,130.100,130.100,130.110,1430,407038
1504635540,130.120,130.130,130.120,130.140,1430,407038
1504635600,130.150,130.150,130.150,130.150,1386,414188
1504635660,130.150,130.190,130.150,130.190,1386,414188
1504635720,130.150,130.190,130.150,130.190,1386,414188
1504635780,130.230,130.210,130.210,130.230,1386,414188
1504635840,130.210,130.230,130.190,130.230,1386,414188
1504635900,130.250,130.240,130.240,130.250,610,421118
1504635960,130.260,130.250,130.250,130.260,608,421118
1504636020,130.250,130.280,130.250,130.280,608,421118
1504636080,130.260,130.270,130.260,130.280,608,421118
1504636140,130.310,130.310,130.310,130.310,608,421118
1504636200,130.290,130.270,130.270,130.290,705,424160
1504636260,130.280,130.290,130.280,130.290,704,424160
1504636320,130.280,130.290,130.280,130.290,704,424160
1504636380,130.280,130.300,130.280,130.300,704,424160
1504636440,130.260,130.260,130.260,130.260,704,424160
1504636500,130.280,130.290,130.270,130.290,731,427681
1504636560,130.270,130.290,130.270,130.300,731,427681
1504636620,130.260,130.280,130.260,130.280,731,427681
1504636680,130.290,130.290,130.290,130.290,731,427681
1504636740,130.290,130.290,130.290,130.290,731,427681
1504636800,130.290,130.240,130.230,130.290,2309,431336
1504636860,130.230,130.230,130.230,130.230,2309,431336
1504636920,130.210,130.210,130.210,130.210,2309,431336
1504636980,130.220,130.210,130.210,130.220,2309,431336
1504637040,130.210,130.180,130.180,130.210,2309,431336
1504637100,130.200,130.190,130.190,130.210,1830,442881
1504637160,130.190,130.170,130.170,130.190,1827,442881
1504637220,130.170,130.070,130.070,130.170,1827,442881
1504637280,130.040,130.040,130.040,130.040,1827,442881
1504637340,130.040,130.040,130.040,130.040,1827,442881
1504637400,130.040,130.040,130.040,130.040,2183,452019
1504637460,130.040,130.010,130.010,130.040,2182,452019
1504637520,130.010,130.010,130.010,130.010,2182,452019
1504637580,130.010,130.010,130.010,130.010,2182,452019
1504637640,130.010,130.000,130.000,130.010,2182,452019
1504637700,130.000,130.030,130.000,130.030,1200,462930
1504637760,130.030,130.030,130.030,130.030,1196,462930
1504637820,130.030,130.030,130.030,130.030,1196,462930
1504637880,130.010,130.030,130.010,130.030,1196,462930
1504637940,130.050,130.070,130.050,130.080,1196,462930
1504638000,130.090,130.090,130.090,130.090,2103,468914
1504638060,130.110,130.120,130.110,130.120,2100,468914
1504638120,130.120,130.090,130.090,130.120,2100,468914
1504638180,130.070,130.040,130.030,130.070,2100,468914
1504638240,130.000,130.000,130.000,130.000,2100,468914
1504638300,130.000,129.920,129.920,130.000,2238,479417
1504638360,129.890,129.960,129.890,129.960,2238,479417
1504638420,129.920,129.880,129.880,129.920,2238,479417
1504638480,129.910,129.930,129.910,129.930,2238,479417
1504638540,129.950,129.950,129.950,129.950,2238,479417
1504638600,129.950,129.930,129.930,129.950,2418,490607
1504638660,129.940,129.880,129.880,129.940,2414,490607
1504638720,129.900,129.930,129.900,129.930,2414,490607
1504638780,129.940,129.900,129.900,129.940,2414,490607
1504638840,129.930,129.940,129.930,129.940,2414,490607
1504638900,129.940,129.980,129.940,129.990,1511,502681
1504638960,129.960,129.920,129.920,129.960,1507,502681
1504639020,129.930,129.930,129.930,129.930,1507,502681
1504639080,129.910,129.910,129.910,129.910,1507,502681
1504639140,129.910,129.910,129.910,129.910,1507,502681
1504639200,129.920,129.910,129.910,129.920,3221,510220
1504639260,129.910,129.900,129.900,129.920,3221,510220
1504639320,129.910,129.940,129.910,129.940,3221,510220
1504639380,129.960,129.960,129.960,129.970,3221,510220
1504639440,129.960,129.980,129.940,129.980,3221,510220
1504639500,129.960,130.020,129.960,130.020,4468,526325
1504639560,130.020,130.040,130.020,130.060,4468,526325
1504639620,130.040,130.030,130.030,130.050,4468,526325
1504639680,130.040,130.110,130.040,130.130,4468,526325
1504639740,130.100,130.080,130.080,130.100,4468,526325
1504639800,130.090,130.110,130.080,130.120,4170,548665
1504639860,130.110,130.120,130.090,130.120,4166,548665
1504639920,130.150,130.190,130.150,130.190,4166,548665
1504639980,130.230,130.240,130.210,130.240,4166,548665
1504640040,130.250,130.220,130.220,130.270,4166,548665
1504640100,130.220,130.190,130.190,130.220,4907,569499
1504640160,130.160,130.160,130.160,130.180,4904,569499
1504640220,130.200,130.240,130.200,130.250,4904,569499
1504640280,130.220,130.240,130.220,130.240,4904,569499
1504640340,130.230,130.290,130.230,130.290,4904,569499
1504640400,130.270,130.280,130.240,130.280,5237,594022
1504640460,130.290,130.230,130.230,130.290,5234,594022
1504640520,130.210,130.210,130.210,130.220,5234,594022
1504640580,130.220,130.250,130.190,130.250,5234,594022
1504640640,130.270,130.280,130.270,130.280,5234,594022
1504640700,130.290,130.240,130.230,130.300,3874,620195
1504640760,130.240,130.270,130.230,130.270,3873,620195
1504640820,130.260,130.270,130.250,130.280,3873,620195
1504640880,130.280,130.260,130.260,130.300,3873,620195
1504640940,130.270,130.280,130.270,130.300,3873,620195
1504641000,130.290,130.230,130.220,130.290,6110,639561
1504641060,130.210,130.210,130.210,130.210,6107,639561
1504641120,130.240,130.240,130.230,130.260,6107,639561
1504641180,130.250,130.250,130.250,130.270,6107,639561
1504641240,130.230,130.300,130.230,130.300,6107,639561
1504641300,130.290,130.290,130.280,130.290,29621,670099
1504641360,130.280,130.310,130.270,130.310,29621,670099
1504641420,130.300,130.280,130.260,130.300,29621,670099
1504641480,130.290,130.340,130.290,130.340,29621,670099
1504641540,130.320,130.300,130.270,130.350,29621,670099
1504704600,131.070,131.130,131.070,131.130,4800,0
1504704660,131.090,131.070,130.970,131.220,4799,0
1504704720,131.030,131.070,131.030,131.070,4799,0
1504704780,130.960,130.960,130.960,130.960,4799,0
1504704840,130.810,130.840,130.810,130.840,4799,0
1504704900,130.790,130.730,130.730,130.820,3181,23996
1504704960,130.730,130.730,130.730,130.730,3178,23996
1504705020,130.820,130.850,130.820,130.850,3178,23996
1504705080,130.980,130.970,130.900,130.980,3178,23996
1504705140,130.950,131.050,130.950,131.050,3178,23996
1504705200,131.110,130.940,130.940,131.110,2666,39889
1504705260,130.970,130.980,130.970,130.980,2663,39889
1504705320,130.970,130.930,130.930,130.970,2663,39889
1504705380,130.940,130.930,130.930,130.940,2663,39889
1504705440,130.970,131.110,130.970,131.110,2663,39889
1504705500,130.970,130.970,130.970,131.010,2757,53207
1504705560,130.970,130.970,130.950,130.970,2755,53207
1504705620,130.950,130.930,130.930,130.950,2755,53207
1504705680,130.940,131.000,130.940,131.000,2755,53207
1504705740,130.940,130.920,130.920,130.940,2755,53207
1504705800,130.940,130.820,130.820,130.940,6790,66984
1504705860,130.950,130.850,130.850,130.950,6789,66984
1504705920,130.890,130.890,130.890,130.890,6789,66984
1504705980,130.870,130.860,130.860,130.880,6789,66984
1504706040,130.870,130.930,130.850,130.930,6789,66984
1504706100,130.970,130.970,130.920,130.970,2964,100930
1504706160,130.990,130.930,130.930,130.990,2962,100930
1504706220,130.910,130.980,130.910,130.980,2962,100930
1504706280,130.990,130.980,130.980,130.990,2962,100930
1504706340,130.990,130.980,130.980,130.990,2962,100930
1504706400,131.010,131.060,131.010,131.060,1506,115742
1504706460,131.080,131.110,131.080,131.110,1503,115742
1504706520,131.120,131.120,131.120,131.120,1503,115742
1504706580,131.120,131.120,131.120,131.120,1503,115742
1504706640,131.090,131.100,131.080,131.100,1503,115742
1504706700,131.120,131.220,131.120,131.220,1293,123260
1504706760,131.290,131.350,131.290,131.350,1290,123260
1504706820,131.220,131.220,131.220,131.220,1290,123260
1504706880,131.220,131.220,131.220,131.220,1290,123260
1504706940,131.170,131.130,131.130,131.170,1290,123260
1504707000,131.130,131.130,131.130,131.130,1735,129713
1504707060,131.130,131.130,131.130,131.130,1735,129713
1504707120,131.060,131.020,131.010,131.060,1735,129713
1504707180,130.990,131.080,130.990,131.080,1735,129713
1504707240,130.990,131.080,130.990,131.080,1735,129713
1504707300,131.060,131.080,131.030,131.080,1970,138388
1504707360,131.020,131.010,130.990,131.020,1967,138388
1504707420,131.040,131.040,131.040,131.040,1967,138388
1504707480,131.060,131.060,131.060,131.060,1967,138388
1504707540,131.000,131.000,131.000,131.000,1967,138388
1504707600,130.990,131.020,130.990,131.020,3483,148226
1504707660,131.030,131.040,131.030,131.040,3483,148226
1504707720,131.010,131.040,131.010,131.040,3483,148226
1504707780,131.030,131.020,130.990,131.030,3483,148226
1504707840,131.020,131.020,131.020,131.020,3483,148226
1504707900,130.990,131.030,130.990,131.030,2332,165641
1504707960,131.050,131.020,131.020,131.050,2331,165641
1504708020,131.040,131.040,131.040,131.040,2331,165641
1504708080,131.020,131.080,131.020,131.080,2331,165641
1504708140,131.080,131.030,131.030,131.090,2331,165641
1504708200,131.060,131.040,131.030,131.060,1929,177297
1504708260,131.010,130.950,130.950,131.010,1926,177297
1504708320,131.010,130.950,130.950,131.010,1926,177297
1504708380,130.980,131.040,130.980,131.040,1926,177297
1504708440,131.120,131.120,131.120,131.120,1926,177297
1504708500,131.090,131.090,131.090,131.090,1249,186930
1504708560,131.080,131.070,131.050,131.080,1247,186930
1504708620,131.090,131.070,131.070,131.090,1247,186930
1504708680,131.030,130.990,130.990,131.030,1247,186930
1504708740,131.040,131.080,131.040,131.080,1247,186930
1504708800,131.080,131.090,131.080,131.090,913,193167
1504708860,131.070,131.070,131.070,131.070,911,193167
1504708920,131.100,131.120,131.090,131.120,911,193167
1504708980,131.100,131.120,131.090,131.120,911,193167
1504709040,131.090,131.140,131.090,131.140,911,193167
1504709100,131.050,131.040,131.040,131.070,2227,197724
1504709160,131.080,131.080,131.080,131.080,2223,197724
1504709220,131.090,131.140,131.080,131.140,2223,197724
1504709280,131.160,131.150,131.150,131.160,2223,197724
1504709340,131.170,131.100,131.090,131.170,2223,197724
1504709400,131.070,131.090,131.070,131.100,3381,208843
1504709460,131.110,131.090,131.090,131.110,3377,208843
1504709520,131.110,131.090,131.070,131.110,3377,208843
1504709580,131.090,131.100,131.090,131.100,3377,208843
1504709640,131.110,131.100,131.070,131.110,3377,208843
1504709700,131.070,131.050,131.050,131.070,3599,225732
1504709760,131.050,131.040,131.040,131.060,3595,225732
1504709820,131.060,131.050,131.050,131.060,3595,225732
1504709880,131.020,131.010,131.010,131.020,3595,225732
1504709940,130.960,131.040,130.960,131.040,3595,225732
1504710000,131.070,131.000,131.000,131.070,872,243711
1504710060,131.020,131.010,131.010,131.020,869,243711
1504710120,131.030,131.070,131.030,131.070,869,243711
1504710180,131.070,131.010,131.010,131.070,869,243711
1504710240,131.010,131.020,131.010,131.020,869,243711
1504710300,131.000,131.010,131.000,131.010,2329,248059
1504710360,131.010,131.040,131.010,131.040,2328,248059
1504710420,131.070,131.030,131.000,131.070,2328,248059
1504710480,131.040,131.030,131.010,131.040,2328,248059
1504710540,131.010,131.010,131.010,131.010,2328,248059
1504710600,131.010,130.990,130.990,131.010,2289,259700
1504710660,130.990,131.020,130.990,131.020,2287,259700
1504710720,130.990,131.020,130.990,131.020,2287,259700
1504710780,130.990,131.000,130.990,131.020,2287,259700
1504710840,130.990,131.000,130.990,131.020,2287,259700
1504710900,131.010,131.010,131.000,131.010,1670,271137
1504710960,131.020,131.000,131.000,131.040,1666,271137
1504711020,131.020,131.000,131.000,131.020,1666,271137
1504711080,131.000,131.030,131.000,131.030,1666,271137
1504711140,131.000,131.000,131.000,131.000,1666,271137
1504711200,131.010,131.010,131.010,131.010,2991,279471
1504711260,131.000,130.990,130.990,131.000,2990,279471
1504711320,130.990,130.990,130.970,130.990,2990,279471
1504711380,131.000,130.990,130.970,131.000,2990,279471
1504711440,131.000,130.990,130.990,131.020,2990,279471
1504711500,130.990,131.020,130.990,131.020,3086,294422
1504711560,131.030,130.980,130.980,131.030,3083,294422
1504711620,130.990,130.990,130.990,130.990,3083,294422
1504711680,131.000,131.000,130.990,131.000,3083,294422
1504711740,131.000,131.000,131.000,131.010,3083,294422
1504711800,131.000,130.980,130.980,131.010,3251,309840
1504711860,130.990,131.020,130.990,131.020,3250,309840
1504711920,131.020,131.020,131.000,131.020,3250,309840
1504711980,131.000,130.990,130.990,131.000,3250,309840
1504712040,130.990,131.010,130.990,131.010,3250,309840
1504712100,131.000,131.000,131.000,131.000,1459,326091
1504712160,130.990,130.990,130.990,130.990,1455,326091
1504712220,130.980,131.000,130.980,131.000,1455,326091
1504712280,130.990,130.990,130.990,130.990,1455,326091
1504712340,131.010,131.030,131.010,131.030,1455,326091
1504712400,131.010,131.030,131.010,131.030,1585,333370
1504712460,131.040,130.990,130.990,131.040,1582,333370
1504712520,130.990,131.000,130.960,131.000,1582,333370
1504712580,130.990,130.990,130.990,130.990,1582,333370
1504712640,131.000,130.980,130.980,131.000,1582,333370
1504712700,130.990,130.990,130.990,130.990,1198,341283
1504712760,131.040,131.040,131.040,131.040,1194,341283
1504712820,131.060,131.060,131.060,131.060,1194,341283
1504712880,131.060,131.050,131.050,131.060,1194,341283
1504712940,131.010,131.010,131.010,131.010,1194,341283
1504713000,131.000,131.000,131.000,131.000,488,347257
1504713060,131.030,131.030,131.030,131.030,487,347257
1504713120,131.030,131.030,131.030,131.030,487,347257
1504713180,131.030,131.030,131.030,131.030,487,347257
1504713240,131.030,131.030,131.030,131.030,487,347257
1504713300,131.000,131.010,131.000,131.010,1499,349693
1504713360,131.010,131.010,131.010,131.010,1497,349693
1504713420,131.020,131.020,131.020,131.020,1497,349693
1504713480,131.010,131.010,131.010,131.010,1497,349693
1504713540,131.010,131.090,131.010,131.090,1497,349693
1504713600,131.070,131.030,131.030,131.070,1078,357180
1504713660,131.040,131.040,131.040,131.040,1077,357180
1504713720,131.040,131.040,131.040,131.040,1077,357180
1504713780,131.030,131.000,131.000,131.030,1077,357180
1504713840,131.000,131.000,130.990,131.000,1077,357180
1504713900,131.010,131.000,130.990,131.020,1553,362566
1504713960,131.000,130.990,130.990,131.000,1549,362566
1504714020,131.000,130.990,130.990,131.000,1549,362566
1504714080,130.990,130.990,130.990,130.990,1549,362566
1504714140,130.990,130.990,130.990,130.990,1549,362566
1504714200,130.990,130.990,130.980,130.990,1670,370315
1504714260,130.990,131.010,130.990,131.010,1668,370315
1504714320,130.990,130.990,130.990,130.990,1668,370315
1504714380,130.990,131.000,130.990,131.000,1668,370315
1504714440,131.020,131.030,131.000,131.030,1668,370315
1504714500,131.020,131.020,131.020,131.020,1565,378657
1504714560,131.010,131.000,131.000,131.010,1563,378657
1504714620,131.010,131.030,131.010,131.030,1563,378657
1504714680,131.040,131.050,131.020,131.050,1563,378657
1504714740,131.060,131.070,131.060,131.070,1563,378657
1504714800,131.080,131.070,131.070,131.100,735,386474
1504714860,131.040,131.040,131.040,131.040,734,386474
1504714920,131.040,131.040,131.040,131.040,734,386474
1504714980,131.030,131.030,131.030,131.030,734,386474
1504715040,131.040,131.040,131.040,131.040,734,386474
1504715100,131.000,131.020,131.000,131.020,2258,390145
1504715160,131.030,131.070,131.030,131.070,2255,390145
1504715220,131.080,131.070,131.070,131.110,2255,390145
1504715280,131.060,131.040,131.040,131.060,2255,390145
1504715340,131.040,131.040,131.040,131.040,2255,390145
1504715400,131.040,131.080,131.040,131.080,637,401423
1504715460,131.070,131.070,131.070,131.070,637,401423
1504715520,131.040,131.040,131.040,131.040,637,401423
1504715580,131.040,131.040,131.040,131.040,637,401423
1504715640,131.040,131.040,131.040,131.040,637,401423
1504715700,131.010,131.010,131.010,131.010,814,404608
1504715760,131.010,131.010,131.010,131.010,810,404608
1504715820,131.030,131.030,131.030,131.030,810,404608
1504715880,131.020,131.020,131.020,131.020,810,404608
1504715940,131.020,131.020,131.020,131.020,810,404608
1504716000,131.020,131.020,131.020,131.020,856,408662
1504716060,131.030,131.030,131.030,131.030,856,408662
1504716120,131.050,131.050,131.050,131.050,856,408662
1504716180,131.050,131.050,131.050,131.050,856,408662
1504716240,131.050,131.060,131.050,131.070,856,408662
1504716300,131.050,131.050,131.050,131.050,748,412942
1504716360,131.060,131.060,131.060,131.060,745,412942
1504716420,131.070,131.100,131.070,131.100,745,412942
1504716480,131.100,131.080,131.080,131.100,745,412942
1504716540,131.090,131.090,131.090,131.090,745,412942
1504716600,131.090,131.090,131.090,131.090,730,416670
1504716660,131.120,131.120,131.120,131.120,728,416670
1504716720,131.090,131.090,131.090,131.090,728,416670
1504716780,131.080,131.070,131.060,131.080,728,416670
1504716840,131.060,131.060,131.060,131.060,728,416670
1504716900,131.040,131.040,131.040,131.040,711,420312
1504716960,131.040,131.040,131.040,131.040,710,420312
1504717020,131.040,131.030,131.030,131.040,710,420312
1504717080,131.040,131.030,131.030,131.040,710,420312
1504717140,131.030,131.030,131.030,131.030,710,420312
1504717200,131.000,130.990,130.990,131.000,764,423863
1504717260,131.010,131.030,131.010,131.030,762,423863
1504717320,131.020,131.020,131.020,131.020,762,423863
1504717380,131.020,131.020,131.020,131.020,762,423863
1504717440,131.040,131.040,131.040,131.040,762,423863
1504717500,131.020,131.020,131.020,131.020,620,427675
1504717560,131.020,131.020,131.020,131.020,616,427675
1504717620,131.020,131.020,131.020,131.020,616,427675
1504717680,131.000,131.030,131.000,131.030,616,427675
1504717740,131.000,131.030,131.000,131.030,616,427675
1504717800,131.000,131.030,131.000,131.030,1371,430759
1504717860,131.000,131.030,131.000,131.030,1367,430759
1504717920,131.050,131.100,131.050,131.100,1367,430759
1504717980,131.140,131.140,131.140,131.140,1367,430759
1504718040,131.150,131.120,131.120,131.150,1367,430759
1504718100,131.110,131.070,131.070,131.110,1942,437598
1504718160,131.060,131.070,131.060,131.070,1939,437598
1504718220,131.070,131.070,131.070,131.070,1939,437598
1504718280,131.050,131.050,131.050,131.070,1939,437598
1504718340,131.050,131.050,131.050,131.070,1939,437598
1504718400,131.070,131.060,131.060,131.070,650,447296
1504718460,131.080,131.080,131.080,131.080,647,447296
1504718520,131.060,131.050,131.050,131.060,647,447296
1504718580,131.050,131.050,131.050,131.050,647,447296
1504718640,131.050,131.050,131.050,131.050,647,447296
1504718700,131.010,131.000,131.000,131.010,1633,450534
1504718760,131.020,131.000,131.000,131.020,1633,450534
1504718820,131.000,131.010,131.000,131.020,1633,450534
1504718880,131.010,131.000,131.000,131.010,1633,450534
1504718940,130.990,130.990,130.990,130.990,1633,450534
1504719000,130.990,131.020,130.990,131.020,2366,458699
1504719060,130.990,130.990,130.990,130.990,2364,458699
1504719120,131.030,131.000,131.000,131.030,2364,458699
1504719180,130.990,131.000,130.990,131.010,2364,458699
1504719240,130.990,131.030,130.990,131.030,2364,458699
1504719300,130.990,131.030,130.990,131.030,931,470521
1504719360,131.050,131.090,131.050,131.120,930,470521
1504719420,131.090,131.160,131.090,131.160,930,470521
1504719480,131.110,131.110,131.110,131.110,930,470521
1504719540,131.100,131.100,131.100,131.100,930,470521
1504719600,131.130,131.130,131.130,131.130,637,475172
1504719660,131.110,131.090,131.080,131.110,633,475172
1504719720,131.110,131.090,131.080,131.110,633,475172
1504719780,131.070,131.070,131.070,131.070,633,475172
1504719840,131.090,131.100,131.090,131.100,633,475172
1504719900,131.100,131.110,131.100,131.110,6179,478341
1504719960,131.130,131.130,131.130,131.130,6176,478341
1504720020,131.120,131.170,131.120,131.170,6176,478341
1504720080,131.180,131.250,131.180,131.250,6176,478341
1504720140,131.230,131.230,131.230,131.230,6176,478341
1504720200,131.230,131.230,131.230,131.230,790,509224
1504720260,131.230,131.190,131.190,131.240,788,509224
1504720320,131.230,131.190,131.190,131.240,788,509224
1504720380,131.150,131.150,131.150,131.150,788,509224
1504720440,131.150,131.150,131.150,131.150,788,509224
1504720500,131.170,131.170,131.170,131.170,1032,513166
1504720560,131.180,131.180,131.180,131.180,1032,513166
1504720620,131.170,131.160,131.160,131.170,1032,513166
1504720680,131.140,131.170,131.140,131.170,1032,513166
1504720740,131.140,131.170,131.140,131.170,1032,513166
1504720800,131.140,131.170,131.140,131.170,519,518326
1504720860,131.170,131.190,131.170,131.190,519,518326
1504720920,131.190,131.190,131.190,131.190,519,518326
1504720980,131.170,131.180,131.170,131.180,519,518326
1504721040,131.170,131.180,131.170,131.180,519,518326
1504721100,131.210,131.210,131.210,131.210,665,520921
1504721160,131.210,131.210,131.210,131.210,662,520921
1504721220,131.210,131.210,131.210,131.210,662,520921
1504721280,131.260,131.310,131.260,131.310,662,520921
1504721340,131.370,131.360,131.360,131.370,662,520921
1504721400,131.340,131.350,131.340,131.370,1037,524234
1504721460,131.350,131.350,131.350,131.350,1033,524234
1504721520,131.330,131.330,131.330,131.330,1033,524234
1504721580,131.320,131.320,131.320,131.320,1033,524234
1504721640,131.280,131.290,131.280,131.290,1033,524234
1504721700,131.290,131.260,131.260,131.290,705,529403
1504721760,131.260,131.260,131.260,131.260,705,529403
1504721820,131.250,131.250,131.240,131.270,705,529403
1504721880,131.260,131.280,131.260,131.280,705,529403
1504721940,131.270,131.260,131.250,131.270,705,529403
1504722000,131.250,131.260,131.250,131.260,2340,532928
1504722060,131.270,131.270,131.270,131.270,2338,532928
1504722120,131.290,131.290,131.280,131.290,2338,532928
1504722180,131.280,131.300,131.280,131.310,2338,532928
1504722240,131.320,131.330,131.320,131.340,2338,532928
1504722300,131.330,131.320,131.320,131.330,1324,544620
1504722360,131.320,131.320,131.320,131.320,1320,544620
1504722420,131.310,131.320,131.310,131.330,1320,544620
1504722480,131.300,131.260,131.260,131.300,1320,544620
1504722540,131.260,131.260,131.260,131.260,1320,544620
1504722600,131.250,131.240,131.230,131.250,2254,551224
1504722660,131.250,131.260,131.250,131.260,2253,551224
1504722720,131.240,131.250,131.240,131.250,2253,551224
1504722780,131.250,131.240,131.230,131.250,2253,551224
1504722840,131.230,131.230,131.230,131.230,2253,551224
1504722900,131.240,131.310,131.240,131.310,3137,562490
1504722960,131.320,131.310,131.300,131.320,3137,562490
1504723020,131.310,131.340,131.290,131.340,3137,562490
1504723080,131.360,131.360,131.360,131.370,3137,562490
1504723140,131.350,131.360,131.340,131.360,3137,562490
1504723200,131.360,131.350,131.350,131.360,2760,578175
1504723260,131.350,131.320,131.320,131.350,2758,578175
1504723320,131.320,131.340,131.320,131.340,2758,578175
1504723380,131.340,131.340,131.340,131.340,2758,578175
1504723440,131.340,131.310,131.310,131.340,2758,578175
1504723500,131.300,131.320,131.300,131.320,2075,591967
1504723560,131.320,131.320,131.310,131.320,2071,591967
1504723620,131.320,131.320,131.320,131.320,2071,591967
1504723680,131.320,131.310,131.310,131.320,2071,591967
1504723740,131.320,131.340,131.320,131.340,2071,591967
1504723800,131.360,131.450,131.360,131.450,2000,602326
1504723860,131.420,131.420,131.420,131.420,2000,602326
1504723920,131.390,131.400,131.380,131.400,2000,602326
1504723980,131.390,131.380,131.380,131.390,2000,602326
1504724040,131.380,131.370,131.370,131.410,2000,602326
1504724100,131.400,131.400,131.400,131.400,1265,612326
1504724160,131.370,131.380,131.370,131.380,1264,612326
1504724220,131.380,131.380,131.380,131.380,1264,612326
1504724280,131.380,131.390,131.360,131.390,1264,612326
1504724340,131.380,131.360,131.360,131.380,1264,612326
1504724400,131.360,131.360,131.360,131.360,1638,618647
1504724460,131.360,131.350,131.350,131.370,1635,618647
1504724520,131.360,131.340,131.340,131.360,1635,618647
1504724580,131.330,131.350,131.330,131.350,1635,618647
1504724640,131.350,131.350,131.350,131.350,1635,618647
1504724700,131.370,131.370,131.340,131.370,4392,626825
1504724760,131.390,131.390,131.390,131.390,4389,626825
1504724820,131.370,131.390,131.370,131.390,4389,626825
1504724880,131.380,131.400,131.380,131.410,4389,626825
1504724940,131.400,131.390,131.390,131.400,4389,626825
1504725000,131.380,131.400,131.380,131.400,1999,648773
1504725060,131.390,131.400,131.380,131.400,1998,648773
1504725120,131.410,131.460,131.410,131.460,1998,648773
1504725180,131.450,131.440,131.440,131.450,1998,648773
1504725240,131.430,131.430,131.430,131.430,1998,648773
1504725300,131.440,131.480,131.440,131.480,5566,658764
1504725360,131.480,131.450,131.450,131.480,5564,658764
1504725420,131.450,131.480,131.450,131.480,5564,658764
1504725480,131.480,131.470,131.470,131.480,5564,658764
1504725540,131.480,131.490,131.480,131.490,5564,658764
1504725600,131.490,131.500,131.490,131.500,2670,686586
1504725660,131.500,131.500,131.490,131.500,2667,686586
1504725720,131.510,131.530,131.500,131.530,2667,686586
1504725780,131.560,131.630,131.560,131.660,2667,686586
1504725840,131.600,131.590,131.590,131.600,2667,686586
1504725900,131.590,131.580,131.580,131.590,2672,699924
1504725960,131.590,131.600,131.590,131.600,2672,699924
1504726020,131.590,131.590,131.590,131.590,2672,699924
1504726080,131.590,131.590,131.580,131.590,2672,699924
1504726140,131.600,131.590,131.590,131.600,2672,699924
1504726200,131.600,131.590,131.590,131.640,2632,713284
1504726260,131.570,131.590,131.570,131.590,2629,713284
1504726320,131.600,131.610,131.600,131.620,2629,713284
1504726380,131.620,131.600,131.600,131.620,2629,713284
1504726440,131.590,131.590,131.590,131.590,2629,713284
1504726500,131.590,131.600,131.590,131.620,3541,726432
1504726560,131.620,131.680,131.620,131.680,3539,726432
1504726620,131.670,131.680,131.670,131.680,3539,726432
1504726680,131.670,131.620,131.620,131.670,3539,726432
1504726740,131.600,131.570,131.570,131.600,3539,726432
1504726800,131.570,131.500,131.500,131.570,5369,744129
1504726860,131.520,131.550,131.520,131.550,5367,744129
1504726920,131.570,131.590,131.570,131.590,5367,744129
1504726980,131.620,131.610,131.610,131.630,5367,744129
1504727040,131.620,131.650,131.620,131.650,5367,744129
1504727100,131.700,131.720,131.700,131.720,7179,770966
1504727160,131.720,131.710,131.710,131.720,7177,770966
1504727220,131.680,131.720,131.680,131.720,7177,770966
1504727280,131.720,131.700,131.680,131.720,7177,770966
1504727340,131.720,131.740,131.710,131.740,7177,770966
1504727400,131.740,131.740,131.720,131.740,8554,806853
1504727460,131.740,131.730,131.720,131.740,8552,806853
1504727520,131.740,131.770,131.740,131.770,8552,806853
1504727580,131.760,131.750,131.750,131.770,8552,806853
1504727640,131.750,131.670,131.670,131.750,8552,806853
1504727700,131.670,131.720,131.670,131.750,124223,849615
1504727760,131.720,131.720,131.710,131.720,124221,849615
1504727820,131.720,131.780,131.700,131.780,124221,849615
1504727880,131.750,131.750,131.720,131.750,124221,849615
1504727940,131.750,131.770,131.740,131.770,124221,849615
1504791000,132.200,132.280,132.200,132.330,5690,0
1504791060,132.200,132.200,132.200,132.200,5690,0
1504791120,132.200,132.030,132.010,132.200,5690,0
1504791180,131.900,131.850,131.850,131.900,5690,0
1504791240,131.850,131.940,131.850,131.940,5690,0
1504791300,131.900,131.710,131.710,131.900,2144,28450
1504791360,131.820,131.830,131.780,131.830,2142,28450
1504791420,131.700,131.690,131.690,131.700,2142,28450
1504791480,131.730,131.730,131.730,131.730,2142,28450
1504791540,131.690,131.790,131.690,131.790,2142,28450
1504791600,131.830,131.790,131.790,131.830,3440,39162
1504791660,131.790,131.810,131.790,131.870,3439,39162
1504791720,131.890,131.890,131.890,131.910,3439,39162
1504791780,131.910,131.910,131.910,131.910,3439,39162
1504791840,131.850,131.960,131.840,131.960,3439,39162
1504791900,131.960,131.930,131.930,131.960,1788,56358
1504791960,131.930,131.900,131.840,131.930,1788,56358
1504792020,131.810,131.810,131.810,131.810,1788,56358
1504792080,131.780,131.750,131.730,131.780,1788,56358
1504792140,131.780,131.750,131.730,131.780,1788,56358
1504792200,131.750,131.750,131.750,131.750,2183,65298
1504792260,131.750,131.750,131.750,131.760,2180,65298
1504792320,131.750,131.750,131.750,131.760,2180,65298
1504792380,131.740,131.760,131.740,131.760,2180,65298
1504792440,131.810,131.810,131.810,131.810,2180,65298
1504792500,131.830,131.790,131.790,131.830,1078,76201
1504792560,131.790,131.840,131.790,131.840,1074,76201
1504792620,131.860,131.790,131.790,131.880,1074,76201
1504792680,131.860,131.860,131.860,131.860,1074,76201
1504792740,131.860,131.860,131.860,131.860,1074,76201
1504792800,131.850,131.760,131.750,131.850,1854,81575
1504792860,131.850,131.840,131.840,131.850,1851,81575
1504792920,131.830,131.840,131.830,131.860,1851,81575
1504792980,131.880,131.880,131.880,131.880,1851,81575
1504793040,131.900,131.900,131.900,131.900,1851,81575
1504793100,131.900,131.970,131.900,131.970,3174,90833
1504793160,131.960,131.960,131.960,131.960,3170,90833
1504793220,131.940,132.000,131.940,132.000,3170,90833
1504793280,132.020,132.020,132.020,132.020,3170,90833
1504793340,132.040,132.000,131.990,132.040,3170,90833
1504793400,132.000,132.030,132.000,132.030,2041,106687
1504793460,132.030,132.000,132.000,132.030,2038,106687
1504793520,132.020,131.980,131.980,132.020,2038,106687
1504793580,131.980,132.040,131.980,132.040,2038,106687
1504793640,132.030,132.070,132.030,132.070,2038,106687
1504793700,132.010,132.000,132.000,132.020,2404,116880
1504793760,132.010,132.080,132.010,132.080,2403,116880
1504793820,132.070,132.100,132.070,132.100,2403,116880
1504793880,132.070,132.100,132.070,132.100,2403,116880
1504793940,132.110,132.080,132.080,132.120,2403,116880
1504794000,132.090,132.120,132.090,132.120,2444,128896
1504794060,132.130,132.040,132.040,132.130,2441,128896
1504794120,132.030,132.030,132.030,132.030,2441,128896
1504794180,132.040,132.060,132.040,132.060,2441,128896
1504794240,132.030,132.040,132.010,132.060,2441,128896
1504794300,132.030,132.030,132.030,132.030,2478,141104
1504794360,132.000,132.000,132.000,132.000,2475,141104
1504794420,132.010,132.040,132.010,132.070,2475,141104
1504794480,132.030,132.030,131.990,132.030,2475,141104
1504794540,132.030,132.030,131.990,132.030,2475,141104
1504794600,132.000,132.000,132.000,132.000,7838,153482
1504794660,132.030,132.030,132.000,132.050,7836,153482
1504794720,132.030,132.030,132.030,132.030,7836,153482
1504794780,132.000,132.000,132.000,132.030,7836,153482
1504794840,132.010,132.110,132.000,132.110,7836,153482
1504794900,132.090,132.200,132.090,132.200,2695,192664
1504794960,132.220,132.210,132.210,132.220,2692,192664
1504795020,132.220,132.220,132.220,132.220,2692,192664
1504795080,132.220,132.210,132.210,132.220,2692,192664
1504795140,132.190,132.170,132.170,132.200,2692,192664
1504795200,132.190,132.170,132.170,132.200,882,206127
1504795260,132.200,132.200,132.200,132.200,880,206127
1504795320,132.220,132.220,132.220,132.220,880,206127
1504795380,132.260,132.240,132.220,132.260,880,206127
1504795440,132.190,132.160,132.160,132.190,880,206127
1504795500,132.150,132.210,132.150,132.210,3225,210529
1504795560,132.180,132.190,132.180,132.190,3225,210529
1504795620,132.160,132.250,132.120,132.250,3225,210529
1504795680,132.280,132.280,132.270,132.280,3225,210529
1504795740,132.270,132.280,132.270,132.330,3225,210529
1504795800,132.280,132.250,132.230,132.280,4198,226654
1504795860,132.250,132.250,132.250,132.250,4197,226654
1504795920,132.240,132.270,132.240,132.270,4197,226654
1504795980,132.250,132.250,132.250,132.250,4197,226654
1504796040,132.250,132.250,132.250,132.250,4197,226654
1504796100,132.270,132.310,132.270,132.310,3385,247640
1504796160,132.290,132.270,132.270,132.300,3381,247640
1504796220,132.260,132.230,132.230,132.260,3381,247640
1504796280,132.140,132.140,132.140,132.140,3381,247640
1504796340,132.150,132.150,132.140,132.180,3381,247640
1504796400,132.190,132.180,132.160,132.190,2113,264549
1504796460,132.150,132.160,132.130,132.160,2113,264549
1504796520,132.150,132.120,132.120,132.150,2113,264549
1504796580,132.110,132.070,132.070,132.110,2113,264549
1504796640,132.050,132.040,132.040,132.050,2113,264549
1504796700,132.080,132.110,132.080,132.110,1389,275114
1504796760,132.070,132.070,132.070,132.070,1386,275114
1504796820,132.060,132.040,132.040,132.060,1386,275114
1504796880,132.060,132.040,132.040,132.060,1386,275114
1504796940,132.020,132.040,132.020,132.040,1386,275114
1504797000,132.040,132.090,132.040,132.140,2533,282047
1504797060,132.050,132.050,132.050,132.070,2531,282047
1504797120,132.050,132.030,132.030,132.070,2531,282047
1504797180,132.000,131.990,131.990,132.000,2531,282047
1504797240,132.000,131.990,131.990,132.000,2531,282047
1504797300,132.000,132.000,132.000,132.010,3526,294704
1504797360,131.980,132.000,131.960,132.000,3523,294704
1504797420,132.020,132.020,132.020,132.020,3523,294704
1504797480,132.060,132.040,132.000,132.060,3523,294704
1504797540,132.030,132.000,132.000,132.030,3523,294704
1504797600,132.020,131.960,131.960,132.020,3139,312322
1504797660,132.020,131.920,131.920,132.050,3139,312322
1504797720,132.010,132.010,132.010,132.010,3139,312322
1504797780,131.980,131.970,131.970,132.000,3139,312322
1504797840,131.980,131.970,131.970,132.000,3139,312322
1504797900,131.990,132.000,131.970,132.020,6137,328017
1504797960,131.990,131.970,131.960,132.000,6134,328017
1504798020,131.990,131.890,131.880,131.990,6134,328017
1504798080,131.830,131.840,131.830,131.900,6134,328017
1504798140,131.860,131.880,131.860,131.890,6134,328017
1504798200,131.900,132.020,131.900,132.020,3302,358690
1504798260,132.030,132.090,132.030,132.090,3302,358690
1504798320,132.090,132.000,131.960,132.120,3302,358690
1504798380,131.950,132.010,131.920,132.010,3302,358690
1504798440,132.030,132.020,132.000,132.030,3302,358690
1504798500,132.000,132.000,132.000,132.000,1110,375200
1504798560,132.000,132.000,132.000,132.000,1108,375200
1504798620,132.020,132.040,132.020,132.040,1108,375200
1504798680,132.060,132.090,132.020,132.090,1108,375200
1504798740,132.090,132.090,132.090,132.090,1108,375200
1504798800,132.090,132.090,132.090,132.090,8280,380742
1504798860,132.090,132.080,132.050,132.100,8279,380742
1504798920,132.050,132.030,132.010,132.070,8279,380742
1504798980,132.040,132.030,132.030,132.060,8279,380742
1504799040,132.040,132.040,132.040,132.040,8279,380742
1504799100,132.030,131.970,131.970,132.030,3456,422138
1504799160,131.910,131.730,131.730,131.920,3456,422138
1504799220,131.810,131.810,131.810,131.810,3456,422138
1504799280,131.780,131.780,131.760,131.780,3456,422138
1504799340,131.750,131.760,131.750,131.760,3456,422138
1504799400,131.750,131.760,131.750,131.760,2335,439418
1504799460,131.750,131.660,131.660,131.770,2333,439418
1504799520,131.730,131.750,131.730,131.750,2333,439418
1504799580,131.750,131.810,131.730,131.810,2333,439418
1504799640,131.860,131.840,131.840,131.860,2333,439418
1504799700,131.840,131.790,131.730,131.840,2128,451085
1504799760,131.720,131.760,131.720,131.760,2124,451085
1504799820,131.810,131.810,131.810,131.810,2124,451085
1504799880,131.820,131.850,131.820,131.850,2124,451085
1504799940,131.850,131.850,131.850,131.850,2124,451085
1504800000,131.890,131.870,131.870,131.890,1087,461709
1504800060,131.910,131.910,131.910,131.910,1087,461709
1504800120,131.850,131.850,131.850,131.850,1087,461709
1504800180,131.880,131.860,131.860,131.880,1087,461709
1504800240,131.820,131.820,131.820,131.820,1087,461709
1504800300,131.870,131.870,131.870,131.870,2432,467144
1504800360,131.940,131.940,131.940,131.940,2428,467144
1504800420,131.970,131.970,131.970,131.970,2428,467144
1504800480,131.910,131.760,131.760,131.910,2428,467144
1504800540,131.820,131.850,131.820,131.850,2428,467144
1504800600,131.850,131.910,131.840,131.910,1214,479288
1504800660,131.850,131.910,131.840,131.910,1213,479288
1504800720,131.850,131.910,131.840,131.910,1213,479288
1504800780,131.960,131.880,131.880,131.960,1213,479288
1504800840,131.930,131.930,131.930,131.930,1213,479288
1504800900,131.930,131.940,131.930,131.940,2449,485354
1504800960,131.890,131.950,131.890,131.950,2449,485354
1504801020,131.890,131.950,131.890,131.950,2449,485354
1504801080,131.880,131.880,131.880,131.880,2449,485354
1504801140,131.880,131.950,131.880,131.960,2449,485354
1504801200,131.970,131.970,131.940,132.020,7932,497599
1504801260,131.960,131.950,131.930,131.990,7929,497599
1504801320,131.900,131.880,131.880,131.910,7929,497599
1504801380,131.910,131.910,131.910,131.910,7929,497599
1504801440,131.920,131.950,131.920,131.950,7929,497599
1504801500,131.950,131.960,131.940,131.990,4458,537247
1504801560,132.000,131.990,131.990,132.000,4454,537247
1504801620,131.970,131.920,131.920,131.970,4454,537247
1504801680,131.940,131.920,131.920,131.940,4454,537247
1504801740,131.920,131.950,131.920,131.950,4454,537247
1504801800,131.920,131.950,131.920,131.950,1673,559521
1504801860,131.970,132.010,131.970,132.010,1673,559521
1504801920,131.970,131.960,131.960,131.970,1673,559521
1504801980,131.920,131.960,131.920,131.960,1673,559521
1504802040,131.970,131.960,131.960,131.970,1673,559521
1504802100,131.970,132.000,131.940,132.020,4537,567886
1504802160,131.980,131.930,131.850,131.980,4537,567886
1504802220,131.910,131.900,131.710,131.910,4537,567886
1504802280,131.800,131.800,131.800,131.800,4537,567886
1504802340,131.890,131.890,131.890,131.890,4537,567886
1504802400,131.860,131.860,131.860,131.860,1945,590571
1504802460,131.870,131.850,131.850,131.870,1941,590571
1504802520,131.870,131.850,131.850,131.870,1941,590571
1504802580,131.850,131.800,131.760,131.880,1941,590571
1504802640,131.850,131.850,131.850,131.850,1941,590571
1504802700,131.850,131.850,131.850,131.850,590,600280
1504802760,131.850,131.850,131.850,131.850,588,600280
1504802820,131.850,131.850,131.850,131.850,588,600280
1504802880,131.850,131.850,131.850,131.850,588,600280
1504802940,131.810,131.760,131.760,131.810,588,600280
1504803000,131.810,131.760,131.760,131.810,864,603222
1504803060,131.800,131.800,131.800,131.800,863,603222
1504803120,131.790,131.790,131.780,131.790,863,603222
1504803180,131.790,131.790,131.780,131.790,863,603222
1504803240,131.790,131.790,131.780,131.790,863,603222
1504803300,131.750,131.740,131.730,131.750,1095,607538
1504803360,131.770,131.820,131.770,131.820,1092,607538
1504803420,131.770,131.820,131.770,131.820,1092,607538
1504803480,131.790,131.820,131.790,131.820,1092,607538
1504803540,131.790,131.820,131.790,131.820,1092,607538
1504803600,131.790,131.820,131.790,131.820,978,613001
1504803660,131.790,131.820,131.790,131.820,976,613001
1504803720,131.830,131.830,131.830,131.830,976,613001
1504803780,131.830,131.820,131.820,131.830,976,613001
1504803840,131.840,131.820,131.820,131.840,976,613001
1504803900,131.850,131.850,131.850,131.850,637,617883
1504803960,131.850,131.850,131.850,131.850,633,617883
1504804020,131.840,131.860,131.840,131.860,633,617883
1504804080,131.860,131.860,131.860,131.860,633,617883
1504804140,131.860,131.840,131.840,131.860,633,617883
1504804200,131.860,131.900,131.860,131.900,930,621052
1504804260,131.920,131.900,131.900,131.920,928,621052
1504804320,131.890,131.890,131.890,131.890,928,621052
1504804380,131.880,131.880,131.880,131.880,928,621052
1504804440,131.890,131.880,131.880,131.890,928,621052
1504804500,131.900,131.900,131.900,131.900,4782,625694
1504804560,131.880,131.880,131.880,131.880,4779,625694
1504804620,131.850,131.850,131.850,131.850,4779,625694
1504804680,131.880,131.880,131.880,131.880,4779,625694
1504804740,131.870,131.870,131.870,131.870,4779,625694
1504804800,131.870,131.870,131.870,131.870,954,649592
1504804860,131.860,131.860,131.860,131.860,952,649592
1504804920,131.900,131.890,131.890,131.900,952,649592
1504804980,131.880,131.870,131.870,131.880,952,649592
1504805040,131.860,131.860,131.860,131.860,952,649592
1504805100,131.880,131.880,131.880,131.880,1020,654354
1504805160,131.880,131.880,131.880,131.880,1020,654354
1504805220,131.880,131.890,131.880,131.900,1020,654354
1504805280,131.870,131.870,131.870,131.870,1020,654354
1504805340,131.870,131.870,131.870,131.870,1020,654354
1504805400,131.880,131.880,131.880,131.880,579,659454
1504805460,131.870,131.870,131.870,131.870,578,659454
1504805520,131.880,131.880,131.880,131.880,578,659454
1504805580,131.880,131.880,131.880,131.880,578,659454
1504805640,131.860,131.860,131.860,131.860,578,659454
1504805700,131.850,131.850,131.850,131.850,690,662345
1504805760,131.850,131.850,131.850,131.850,690,662345
1504805820,131.840,131.840,131.840,131.840,690,662345
1504805880,131.830,131.840,131.830,131.840,690,662345
1504805940,131.830,131.840,131.830,131.840,690,662345
1504806000,131.830,131.810,131.810,131.830,1729,665795
1504806060,131.830,131.840,131.830,131.840,1726,665795
1504806120,131.850,131.830,131.830,131.850,1726,665795
1504806180,131.840,131.840,131.840,131.840,1726,665795
1504806240,131.820,131.860,131.820,131.860,1726,665795
1504806300,131.880,131.840,131.810,131.880,1014,674428
1504806360,131.880,131.840,131.810,131.880,1013,674428
1504806420,131.880,131.840,131.810,131.880,1013,674428
1504806480,131.860,131.870,131.860,131.870,1013,674428
1504806540,131.870,131.890,131.870,131.890,1013,674428
1504806600,131.880,131.880,131.870,131.880,1080,679494
1504806660,131.850,131.860,131.850,131.860,1078,679494
1504806720,131.850,131.860,131.850,131.860,1078,679494
1504806780,131.850,131.860,131.850,131.860,1078,679494
1504806840,131.800,131.800,131.790,131.800,1078,679494
1504806900,131.790,131.790,131.790,131.790,4236,684886
1504806960,131.810,131.810,131.810,131.810,4233,684886
1504807020,131.820,131.850,131.820,131.850,4233,684886
1504807080,131.870,131.890,131.870,131.890,4233,684886
1504807140,131.900,131.910,131.900,131.920,4233,684886
1504807200,131.940,131.940,131.940,131.940,971,706054
1504807260,131.960,131.940,131.940,131.960,971,706054
1504807320,131.940,131.940,131.940,131.940,971,706054
1504807380,131.980,131.980,131.980,131.980,971,706054
1504807440,131.990,131.990,131.990,131.990,971,706054
1504807500,131.970,132.010,131.970,132.010,1988,710909
1504807560,132.020,132.020,132.020,132.020,1987,710909
1504807620,132.040,132.030,132.030,132.040,1987,710909
1504807680,132.050,132.050,132.050,132.050,1987,710909
1504807740,132.020,132.020,132.020,132.020,1987,710909
1504807800,132.030,132.020,132.020,132.030,2999,720845
1504807860,132.010,132.010,132.010,132.010,2997,720845
1504807920,132.020,132.050,132.020,132.050,2997,720845
1504807980,132.040,132.000,132.000,132.040,2997,720845
1504808040,132.000,132.030,132.000,132.030,2997,720845
1504808100,132.030,132.050,132.030,132.050,1616,735832
1504808160,132.040,132.040,132.040,132.040,1616,735832
1504808220,132.050,132.050,132.050,132.050,1616,735832
1504808280,132.050,132.050,132.050,132.050,1616,735832
1504808340,132.030,132.030,132.030,132.030,1616,735832
1504808400,132.030,132.030,132.030,132.030,2686,743912
1504808460,132.040,132.010,132.010,132.040,2682,743912
1504808520,132.030,132.030,132.030,132.030,2682,743912
1504808580,132.010,132.020,132.010,132.020,2682,743912
1504808640,132.020,132.020,132.020,132.020,2682,743912
1504808700,132.030,132.030,132.030,132.030,1225,757326
1504808760,132.020,132.020,132.020,132.020,1225,757326
1504808820,132.020,132.020,132.020,132.020,1225,757326
1504808880,132.030,132.020,132.020,132.030,1225,757326
1504808940,132.030,132.030,132.030,132.030,1225,757326
1504809000,132.030,132.030,132.030,132.030,842,763451
1504809060,132.040,132.030,132.030,132.040,838,763451
1504809120,132.040,132.030,132.030,132.040,838,763451
1504809180,132.040,132.030,132.030,132.040,838,763451
1504809240,132.010,132.020,132.010,132.020,838,763451
1504809300,132.010,132.020,132.010,132.020,2450,767645
1504809360,132.010,132.010,132.010,132.010,2448,767645
1504809420,132.020,132.030,132.020,132.030,2448,767645
1504809480,132.040,132.040,132.040,132.040,2448,767645
1504809540,132.070,132.070,132.070,132.070,2448,767645
1504809600,132.060,132.060,132.060,132.060,2959,779887
1504809660,132.030,132.080,132.020,132.080,2959,779887
1504809720,132.090,132.060,132.060,132.090,2959,779887
1504809780,132.020,132.020,132.020,132.020,2959,779887
1504809840,132.000,132.010,132.000,132.010,2959,779887
1504809900,132.030,132.020,132.020,132.050,827,794682
1504809960,132.010,132.000,132.000,132.010,825,794682
1504810020,132.010,132.010,132.010,132.030,825,794682
1504810080,132.010,132.030,132.010,132.030,825,794682
1504810140,132.060,132.040,132.040,132.060,825,794682
1504810200,132.030,132.050,132.030,132.050,1045,798809
1504810260,132.050,132.040,132.040,132.050,1045,798809
1504810320,132.040,132.060,132.040,132.060,1045,798809
1504810380,132.060,132.040,132.040,132.060,1045,798809
1504810440,132.010,132.010,132.010,132.010,1045,798809
1504810500,132.000,132.000,132.000,132.000,1086,804034
1504810560,132.020,132.030,132.000,132.030,1084,804034
1504810620,132.010,132.010,132.010,132.010,1084,804034
1504810680,132.030,132.040,132.030,132.040,1084,804034
1504810740,132.040,132.040,132.040,132.040,1084,804034
1504810800,132.060,132.020,132.020,132.060,4961,809456
1504810860,132.000,132.020,132.000,132.030,4960,809456
1504810920,132.040,132.050,132.040,132.060,4960,809456
1504810980,132.050,132.050,132.050,132.060,4960,809456
1504811040,132.040,132.050,132.030,132.050,4960,809456
1504811100,132.040,132.080,132.040,132.080,3288,834257
1504811160,132.070,132.100,132.070,132.100,3286,834257
1504811220,132.130,132.140,132.130,132.140,3286,834257
1504811280,132.150,132.150,132.120,132.150,3286,834257
1504811340,132.150,132.180,132.150,132.190,3286,834257
1504811400,132.170,132.130,132.130,132.170,914,850689
1504811460,132.130,132.170,132.130,132.170,911,850689
1504811520,132.130,132.130,132.130,132.130,911,850689
1504811580,132.120,132.130,132.120,132.130,911,850689
1504811640,132.110,132.110,132.110,132.110,911,850689
1504811700,132.110,132.120,132.110,132.120,1921,855247
1504811760,132.150,132.150,132.150,132.150,1919,855247
1504811820,132.200,132.200,132.200,132.200,1919,855247
1504811880,132.200,132.200,132.200,132.200,1919,855247
1504811940,132.200,132.180,132.170,132.200,1919,855247
1504812000,132.190,132.190,132.190,132.190,3932,864844
1504812060,132.170,132.210,132.170,132.210,3932,864844
1504812120,132.250,132.270,132.250,132.270,3932,864844
1504812180,132.260,132.310,132.260,132.310,3932,864844
1504812240,132.300,132.330,132.300,132.330,3932,864844
1504812300,132.330,132.310,132.310,132.340,4392,884504
1504812360,132.300,132.330,132.300,132.330,4389,884504
1504812420,132.330,132.430,132.330,132.430,4389,884504
1504812480,132.430,132.460,132.420,132.460,4389,884504
1504812540,132.440,132.440,132.440,132.440,4389,884504
1504812600,132.470,132.440,132.440,132.470,6933,906452
1504812660,132.420,132.410,132.410,132.420,6930,906452
1504812720,132.420,132.470,132.420,132.470,6930,906452
1504812780,132.460,132.520,132.460,132.520,6930,906452
1504812840,132.530,132.550,132.530,132.550,6930,906452
1504812900,132.550,132.580,132.530,132.580,4301,941105
1504812960,132.590,132.550,132.550,132.590,4299,941105
1504813020,132.600,132.590,132.590,132.600,4299,941105
1504813080,132.570,132.580,132.570,132.580,4299,941105
1504813140,132.570,132.560,132.560,132.580,4299,941105
1504813200,132.550,132.540,132.540,132.570,2634,962602
1504813260,132.550,132.520,132.520,132.550,2634,962602
1504813320,132.520,132.500,132.500,132.520,2634,962602
1504813380,132.510,132.500,132.500,132.510,2634,962602
1504813440,132.500,132.520,132.490,132.520,2634,962602
1504813500,132.500,132.400,132.400,132.500,45848,975772
1504813560,132.400,132.290,132.290,132.400,45844,975772
1504813620,132.330,132.300,132.300,132.330,45844,975772
1504813680,132.300,132.330,132.300,132.330,45844,975772
1504813740,132.340,132.340,132.310,132.340,45844,975772
1504813800,132.330,132.320,132.320,132.330,8921,1204996
1504813860,132.320,132.310,132.290,132.320,8921,1204996
1504813920,132.310,132.320,132.310,132.320,8921,1204996
1504813980,132.310,132.310,132.290,132.310,8921,1204996
1504814040,132.310,132.320,132.300,132.320,8921,1204996
1504814100,132.300,132.310,132.280,132.310,23677,1249601
1504814160,132.310,132.320,132.300,132.320,23675,1249601
1504814220,132.310,132.280,132.280,132.320,23675,1249601
1504814280,132.280,132.230,132.230,132.280,23675,1249601
1504814340,132.230,132.240,132.220,132.240,23675,1249601
1504877400,132.180,132.220,132.180,132.220,2562,0
1504877460,132.180,132.220,132.180,132.220,2558,0
1504877520,132.170,132.070,132.070,132.170,2558,0
1504877580,132.120,132.120,132.120,132.120,2558,0
1504877640,132.220,132.220,132.220,132.220,2558,0
1504877700,132.020,132.020,132.020,132.020,1967,12794
1504877760,131.870,131.870,131.870,131.870,1965,12794
1504877820,131.710,131.710,131.710,131.710,1965,12794
1504877880,131.810,131.820,131.810,131.850,1965,12794
1504877940,131.810,131.810,131.800,131.840,1965,12794
1504878000,131.820,131.720,131.720,131.820,1398,22621
1504878060,131.900,132.060,131.900,132.070,1394,22621
1504878120,132.030,132.030,132.030,132.030,1394,22621
1504878180,131.970,131.940,131.940,131.990,1394,22621
1504878240,131.970,131.940,131.940,131.990,1394,22621
1504878300,131.930,131.850,131.850,131.930,888,29595
1504878360,131.770,131.820,131.770,131.820,888,29595
1504878420,131.790,131.840,131.780,131.840,888,29595
1504878480,131.730,131.730,131.730,131.730,888,29595
1504878540,131.730,131.730,131.730,131.730,888,29595
1504878600,131.640,131.650,131.640,131.690,755,34035
1504878660,131.640,131.640,131.640,131.640,752,34035
1504878720,131.640,131.640,131.640,131.640,752,34035
1504878780,131.640,131.740,131.640,131.740,752,34035
1504878840,131.760,131.760,131.760,131.760,752,34035
1504878900,131.760,131.760,131.760,131.760,243,37798
1504878960,131.760,131.760,131.760,131.760,242,37798
1504879020,131.760,131.760,131.760,131.760,242,37798
1504879080,131.810,131.820,131.790,131.820,242,37798
1504879140,131.830,131.830,131.830,131.830,242,37798
1504879200,131.790,131.800,131.780,131.800,770,39009
1504879260,131.790,131.750,131.750,131.790,766,39009
1504879320,131.760,131.770,131.760,131.770,766,39009
1504879380,131.820,131.820,131.780,131.820,766,39009
1504879440,131.820,131.820,131.780,131.820,766,39009
1504879500,131.830,131.870,131.830,131.870,1523,42843
1504879560,131.940,131.880,131.880,131.940,1523,42843
1504879620,131.910,131.910,131.910,131.910,1523,42843
1504879680,131.950,131.900,131.900,131.950,1523,42843
1504879740,131.990,132.030,131.990,132.030,1523,42843
1504879800,131.990,132.030,131.990,132.030,1073,50458
1504879860,132.000,132.000,132.000,132.000,1073,50458
1504879920,132.020,132.040,132.020,132.040,1073,50458
1504879980,132.060,132.070,132.060,132.070,1073,50458
1504880040,132.070,132.070,132.070,132.070,1073,50458
1504880100,132.050,132.050,132.050,132.050,365,55823
1504880160,132.030,132.030,132.030,132.030,364,55823
1504880220,132.080,132.080,132.080,132.080,364,55823
1504880280,132.080,132.080,132.080,132.080,364,55823
1504880340,132.060,132.040,132.040,132.090,364,55823
1504880400,132.040,132.040,132.040,132.040,410,57644
1504880460,131.990,131.990,131.990,131.990,407,57644
1504880520,132.010,132.010,132.010,132.010,407,57644
1504880580,132.050,132.050,132.050,132.050,407,57644
1504880640,132.020,132.060,132.020,132.060,407,57644
1504880700,132.020,132.060,132.020,132.060,10853,59682
1504880760,132.060,132.060,132.060,132.060,10850,59682
1504880820,132.070,132.060,132.060,132.070,10850,59682
1504880880,132.030,132.010,132.010,132.030,10850,59682
1504880940,132.000,132.090,132.000,132.090,10850,59682
1504881000,132.060,132.060,132.060,132.060,1478,113935
1504881060,132.060,132.100,132.060,132.100,1477,113935
1504881120,132.110,132.120,132.110,132.120,1477,113935
1504881180,132.090,132.050,132.020,132.090,1477,113935
1504881240,132.090,132.070,132.070,132.090,1477,113935
1504881300,132.120,132.090,132.090,132.120,1026,121321
1504881360,132.110,132.100,132.100,132.110,1022,121321
1504881420,132.090,132.140,132.090,132.140,1022,121321
1504881480,132.100,132.090,132.090,132.100,1022,121321
1504881540,132.110,132.110,132.110,132.110,1022,121321
1504881600,132.110,132.160,132.110,132.160,1528,126435
1504881660,132.140,132.130,132.130,132.140,1526,126435
1504881720,132.140,132.130,132.130,132.140,1526,126435
1504881780,132.140,132.130,132.130,132.140,1526,126435
1504881840,132.020,132.020,132.020,132.020,1526,126435
1504881900,132.030,132.030,132.030,132.030,822,134067
1504881960,132.070,132.090,132.060,132.090,822,134067
1504882020,132.080,132.080,132.080,132.080,822,134067
1504882080,132.080,132.080,132.080,132.080,822,134067
1504882140,132.020,132.020,132.020,132.020,822,134067
1504882200,131.990,131.990,131.990,131.990,1878,138177
1504882260,131.990,131.990,131.990,131.990,1877,138177
1504882320,132.070,132.070,132.070,132.070,1877,138177
1504882380,132.030,132.000,131.990,132.030,1877,138177
1504882440,132.030,132.040,132.030,132.040,1877,138177
1504882500,132.030,132.060,131.980,132.060,2188,147563
1504882560,132.030,132.010,132.010,132.030,2187,147563
1504882620,132.010,132.020,132.010,132.020,2187,147563
1504882680,132.030,132.020,132.020,132.030,2187,147563
1504882740,132.060,132.060,132.060,132.060,2187,147563
1504882800,132.050,132.110,132.040,132.110,1690,158499
1504882860,132.130,132.110,132.110,132.140,1688,158499
1504882920,132.130,132.120,132.120,132.130,1688,158499
1504882980,132.150,132.160,132.150,132.190,1688,158499
1504883040,132.190,132.200,132.190,132.200,1688,158499
1504883100,132.190,132.210,132.190,132.210,655,166941
1504883160,132.200,132.220,132.200,132.220,655,166941
1504883220,132.200,132.220,132.200,132.220,655,166941
1504883280,132.200,132.220,132.200,132.220,655,166941
1504883340,132.170,132.170,132.170,132.170,655,166941
1504883400,132.170,132.210,132.170,132.210,627,170216
1504883460,132.200,132.200,132.200,132.200,623,170216
1504883520,132.200,132.200,132.200,132.200,623,170216
1504883580,132.190,132.190,132.190,132.190,623,170216
1504883640,132.230,132.230,132.230,132.230,623,170216
1504883700,132.260,132.270,132.260,132.270,3682,173335
1504883760,132.310,132.300,132.300,132.310,3679,173335
1504883820,132.300,132.310,132.290,132.310,3679,173335
1504883880,132.310,132.290,132.290,132.310,3679,173335
1504883940,132.270,132.240,132.240,132.310,3679,173335
1504884000,132.220,132.180,132.180,132.230,1356,191733
1504884060,132.190,132.140,132.140,132.190,1353,191733
1504884120,132.140,132.140,132.140,132.140,1353,191733
1504884180,132.140,132.140,132.140,132.140,1353,191733
1504884240,132.140,132.190,132.140,132.190,1353,191733
1504884300,132.140,132.190,132.140,132.190,1183,198501
1504884360,132.180,132.220,132.180,132.220,1182,198501
1504884420,132.240,132.310,132.240,132.310,1182,198501
1504884480,132.240,132.310,132.240,132.310,1182,198501
1504884540,132.310,132.340,132.310,132.340,1182,198501
1504884600,132.370,132.440,132.370,132.440,2312,204412
1504884660,132.440,132.440,132.440,132.440,2308,204412
1504884720,132.490,132.470,132.470,132.490,2308,204412
1504884780,132.480,132.490,132.480,132.490,2308,204412
1504884840,132.490,132.420,132.420,132.490,2308,204412
1504884900,132.460,132.450,132.450,132.460,1001,215956
1504884960,132.430,132.430,132.430,132.430,999,215956
1504885020,132.450,132.390,132.390,132.450,999,215956
1504885080,132.360,132.340,132.340,132.360,999,215956
1504885140,132.360,132.360,132.360,132.360,999,215956
1504885200,132.390,132.360,132.360,132.390,910,220953
1504885260,132.330,132.330,132.330,132.330,910,220953
1504885320,132.360,132.350,132.350,132.360,910,220953
1504885380,132.350,132.410,132.350,132.410,910,220953
1504885440,132.350,132.410,132.350,132.410,910,220953
1504885500,132.420,132.400,132.380,132.420,682,225503
1504885560,132.370,132.410,132.370,132.410,678,225503
1504885620,132.380,132.380,132.380,132.380,678,225503
1504885680,132.370,132.370,132.370,132.370,678,225503
1504885740,132.310,132.320,132.280,132.320,678,225503
1504885800,132.350,132.350,132.350,132.350,5841,228897
1504885860,132.320,132.320,132.320,132.320,5837,228897
1504885920,132.310,132.310,132.310,132.330,5837,228897
1504885980,132.340,132.340,132.340,132.350,5837,228897
1504886040,132.350,132.390,132.350,132.390,5837,228897
1504886100,132.350,132.390,132.350,132.390,591,258086
1504886160,132.350,132.370,132.350,132.400,587,258086
1504886220,132.360,132.360,132.360,132.360,587,258086
1504886280,132.360,132.360,132.360,132.360,587,258086
1504886340,132.340,132.340,132.340,132.360,587,258086
1504886400,132.340,132.340,132.340,132.360,1036,261025
1504886460,132.340,132.340,132.340,132.360,1035,261025
1504886520,132.370,132.370,132.370,132.370,1035,261025
1504886580,132.380,132.370,132.370,132.410,1035,261025
1504886640,132.370,132.370,132.370,132.370,1035,261025
1504886700,132.370,132.370,132.370,132.370,452,266201
1504886760,132.370,132.370,132.370,132.370,449,266201
1504886820,132.370,132.370,132.370,132.370,449,266201
1504886880,132.300,132.350,132.300,132.350,449,266201
1504886940,132.330,132.350,132.330,132.350,449,266201
1504887000,132.300,132.290,132.290,132.300,544,268449
1504887060,132.290,132.290,132.290,132.290,542,268449
1504887120,132.290,132.290,132.290,132.290,542,268449
1504887180,132.290,132.290,132.290,132.290,542,268449
1504887240,132.270,132.270,132.270,132.270,542,268449
1504887300,132.310,132.310,132.310,132.310,538,271161
1504887360,132.310,132.280,132.280,132.310,538,271161
1504887420,132.310,132.310,132.310,132.310,538,271161
1504887480,132.280,132.310,132.280,132.310,538,271161
1504887540,132.280,132.310,132.280,132.310,538,271161
1504887600,132.320,132.320,132.320,132.320,1115,273851
1504887660,132.280,132.320,132.280,132.320,1115,273851
1504887720,132.310,132.330,132.310,132.330,1115,273851
1504887780,132.320,132.350,132.320,132.350,1115,273851
1504887840,132.360,132.340,132.340,132.360,1115,273851
1504887900,132.370,132.380,132.370,132.380,384,279426
1504887960,132.360,132.360,132.360,132.360,381,279426
1504888020,132.390,132.390,132.390,132.390,381,279426
1504888080,132.390,132.390,132.390,132.390,381,279426
1504888140,132.410,132.410,132.410,132.410,381,279426
1504888200,132.380,132.380,132.380,132.380,994,281334
1504888260,132.370,132.370,132.370,132.380,990,281334
1504888320,132.400,132.400,132.400,132.400,990,281334
1504888380,132.410,132.420,132.410,132.420,990,281334
1504888440,132.430,132.430,132.430,132.430,990,281334
1504888500,132.430,132.450,132.430,132.450,522,286288
1504888560,132.440,132.440,132.420,132.440,521,286288
1504888620,132.440,132.440,132.420,132.440,521,286288
1504888680,132.420,132.410,132.410,132.420,521,286288
1504888740,132.420,132.410,132.410,132.420,521,286288
1504888800,132.410,132.430,132.410,132.430,1232,288894
1504888860,132.420,132.410,132.390,132.420,1230,288894
1504888920,132.380,132.420,132.380,132.420,1230,288894
1504888980,132.400,132.410,132.400,132.410,1230,288894
1504889040,132.400,132.410,132.400,132.410,1230,288894
1504889100,132.410,132.430,132.400,132.430,1373,295046
1504889160,132.430,132.440,132.430,132.440,1369,295046
1504889220,132.450,132.470,132.450,132.470,1369,295046
1504889280,132.460,132.470,132.460,132.470,1369,295046
1504889340,132.460,132.490,132.460,132.490,1369,295046
1504889400,132.460,132.460,132.460,132.460,530,301895
1504889460,132.450,132.450,132.450,132.450,530,301895
1504889520,132.460,132.460,132.460,132.460,530,301895
1504889580,132.490,132.480,132.480,132.490,530,301895
1504889640,132.490,132.480,132.480,132.490,530,301895
1504889700,132.490,132.480,132.480,132.490,676,304545
1504889760,132.490,132.480,132.480,132.490,674,304545
1504889820,132.460,132.460,132.460,132.460,674,304545
1504889880,132.500,132.500,132.500,132.500,674,304545
1504889940,132.500,132.460,132.460,132.500,674,304545
1504890000,132.440,132.440,132.440,132.440,488,307917
1504890060,132.440,132.440,132.440,132.440,488,307917
1504890120,132.460,132.450,132.440,132.460,488,307917
1504890180,132.460,132.460,132.460,132.460,488,307917
1504890240,132.460,132.460,132.460,132.460,488,307917
1504890300,132.430,132.440,132.430,132.440,795,310357
1504890360,132.430,132.430,132.430,132.430,792,310357
1504890420,132.450,132.450,132.450,132.450,792,310357
1504890480,132.440,132.440,132.440,132.440,792,310357
1504890540,132.440,132.440,132.440,132.440,792,310357
1504890600,132.450,132.450,132.450,132.450,563,314320
1504890660,132.450,132.450,132.450,132.450,563,314320
1504890720,132.460,132.460,132.460,132.460,563,314320
1504890780,132.430,132.430,132.430,132.430,563,314320
1504890840,132.480,132.480,132.480,132.480,563,314320
1504890900,132.440,132.440,132.440,132.440,465,317135
1504890960,132.440,132.420,132.420,132.450,462,317135
1504891020,132.440,132.420,132.420,132.450,462,317135
1504891080,132.420,132.420,132.420,132.420,462,317135
1504891140,132.420,132.420,132.420,132.420,462,317135
1504891200,132.440,132.440,132.440,132.440,1166,319448
1504891260,132.430,132.430,132.420,132.430,1164,319448
1504891320,132.420,132.420,132.420,132.420,1164,319448
1504891380,132.430,132.420,132.420,132.430,1164,319448
1504891440,132.410,132.410,132.400,132.410,1164,319448
1504891500,132.390,132.370,132.370,132.400,2686,325270
1504891560,132.350,132.330,132.330,132.370,2684,325270
1504891620,132.350,132.330,132.330,132.370,2684,325270
1504891680,132.280,132.350,132.260,132.380,2684,325270
1504891740,132.370,132.410,132.350,132.410,2684,325270
1504891800,132.390,132.420,132.390,132.420,3338,338692
1504891860,132.440,132.470,132.440,132.490,3337,338692
1504891920,132.490,132.460,132.460,132.490,3337,338692
1504891980,132.480,132.480,132.480,132.500,3337,338692
1504892040,132.480,132.480,132.480,132.500,3337,338692
1504892100,132.480,132.480,132.480,132.500,1523,355378
1504892160,132.500,132.490,132.470,132.500,1522,355378
1504892220,132.500,132.490,132.470,132.500,1522,355378
1504892280,132.480,132.480,132.480,132.480,1522,355378
1504892340,132.460,132.450,132.450,132.460,1522,355378
1504892400,132.490,132.490,132.490,132.490,2336,362989
1504892460,132.480,132.510,132.480,132.540,2333,362989
1504892520,132.490,132.500,132.490,132.500,2333,362989
1504892580,132.500,132.540,132.500,132.540,2333,362989
1504892640,132.500,132.540,132.500,132.540,2333,362989
1504892700,132.500,132.500,132.500,132.500,1074,374657
1504892760,132.480,132.540,132.480,132.540,1074,374657
1504892820,132.480,132.540,132.480,132.540,1074,374657
1504892880,132.480,132.540,132.480,132.540,1074,374657
1504892940,132.500,132.500,132.500,132.510,1074,374657
1504893000,132.490,132.480,132.480,132.490,355,380027
1504893060,132.480,132.480,132.480,132.480,355,380027
1504893120,132.520,132.520,132.520,132.520,355,380027
1504893180,132.520,132.520,132.520,132.520,355,380027
1504893240,132.520,132.520,132.520,132.520,355,380027
1504893300,132.500,132.520,132.490,132.520,1569,381802
1504893360,132.520,132.520,132.520,132.520,1567,381802
1504893420,132.520,132.530,132.520,132.530,1567,381802
1504893480,132.520,132.530,132.520,132.530,1567,381802
1504893540,132.540,132.580,132.540,132.580,1567,381802
1504893600,132.540,132.580,132.540,132.580,1062,389639
1504893660,132.610,132.600,132.600,132.610,1060,389639
1504893720,132.590,132.570,132.570,132.590,1060,389639
1504893780,132.570,132.550,132.550,132.570,1060,389639
1504893840,132.550,132.570,132.550,132.570,1060,389639
1504893900,132.570,132.570,132.570,132.580,1007,394941
1504893960,132.570,132.570,132.570,132.570,1004,394941
1504894020,132.580,132.580,132.580,132.580,1004,394941
1504894080,132.570,132.540,132.540,132.570,1004,394941
1504894140,132.510,132.510,132.510,132.510,1004,394941
1504894200,132.530,132.530,132.530,132.530,1571,399964
1504894260,132.530,132.530,132.530,132.530,1567,399964
1504894320,132.530,132.540,132.530,132.540,1567,399964
1504894380,132.550,132.560,132.550,132.560,1567,399964
1504894440,132.560,132.580,132.560,132.580,1567,399964
1504894500,132.550,132.550,132.550,132.550,907,407803
1504894560,132.550,132.550,132.550,132.550,905,407803
1504894620,132.570,132.570,132.540,132.570,905,407803
1504894680,132.540,132.540,132.540,132.540,905,407803
1504894740,132.540,132.540,132.540,132.540,905,407803
1504894800,132.530,132.530,132.530,132.540,1012,412330
1504894860,132.520,132.520,132.520,132.520,1012,412330
1504894920,132.500,132.530,132.500,132.530,1012,412330
1504894980,132.500,132.500,132.480,132.500,1012,412330
1504895040,132.490,132.440,132.440,132.490,1012,412330
1504895100,132.430,132.430,132.430,132.430,2104,417390
1504895160,132.450,132.430,132.430,132.450,2100,417390
1504895220,132.470,132.450,132.440,132.470,2100,417390
1504895280,132.440,132.500,132.440,132.500,2100,417390
1504895340,132.500,132.510,132.500,132.510,2100,417390
1504895400,132.500,132.510,132.500,132.530,1754,427894
1504895460,132.490,132.490,132.490,132.490,1750,427894
1504895520,132.490,132.500,132.490,132.510,1750,427894
1504895580,132.490,132.500,132.490,132.510,1750,427894
1504895640,132.490,132.480,132.480,132.490,1750,427894
1504895700,132.500,132.500,132.500,132.500,1243,436648
1504895760,132.500,132.500,132.500,132.520,1243,436648
1504895820,132.480,132.500,132.480,132.500,1243,436648
1504895880,132.430,132.420,132.420,132.430,1243,436648
1504895940,132.440,132.440,132.440,132.440,1243,436648
1504896000,132.440,132.440,132.440,132.450,2363,442863
1504896060,132.440,132.440,132.440,132.440,2359,442863
1504896120,132.440,132.470,132.440,132.470,2359,442863
1504896180,132.480,132.480,132.480,132.480,2359,442863
1504896240,132.480,132.490,132.460,132.490,2359,442863
1504896300,132.500,132.490,132.490,132.510,2773,454662
1504896360,132.480,132.470,132.470,132.480,2770,454662
1504896420,132.450,132.450,132.450,132.450,2770,454662
1504896480,132.450,132.470,132.450,132.480,2770,454662
1504896540,132.480,132.490,132.480,132.500,2770,454662
1504896600,132.500,132.490,132.490,132.500,661,468515
1504896660,132.490,132.490,132.490,132.490,657,468515
1504896720,132.510,132.530,132.510,132.530,657,468515
1504896780,132.500,132.500,132.500,132.500,657,468515
1504896840,132.510,132.510,132.510,132.510,657,468515
1504896900,132.490,132.470,132.470,132.490,861,471804
1504896960,132.470,132.470,132.470,132.470,858,471804
1504897020,132.490,132.490,132.490,132.490,858,471804
1504897080,132.500,132.470,132.470,132.500,858,471804
1504897140,132.490,132.490,132.490,132.490,858,471804
1504897200,132.470,132.490,132.470,132.490,1077,476097
1504897260,132.480,132.480,132.480,132.480,1073,476097
1504897320,132.480,132.480,132.480,132.480,1073,476097
1504897380,132.450,132.440,132.440,132.480,1073,476097
1504897440,132.440,132.440,132.440,132.440,1073,476097
1504897500,132.430,132.430,132.430,132.430,3392,481466
1504897560,132.440,132.520,132.440,132.520,3391,481466
1504897620,132.530,132.530,132.530,132.530,3391,481466
1504897680,132.500,132.460,132.450,132.500,3391,481466
1504897740,132.440,132.490,132.440,132.490,3391,481466
1504897800,132.500,132.500,132.500,132.500,2008,498422
1504897860,132.520,132.490,132.490,132.520,2004,498422
1504897920,132.500,132.510,132.490,132.510,2004,498422
1504897980,132.500,132.460,132.460,132.500,2004,498422
1504898040,132.510,132.470,132.470,132.510,2004,498422
1504898100,132.460,132.490,132.460,132.490,2248,508446
1504898160,132.500,132.500,132.500,132.500,2246,508446
1504898220,132.510,132.520,132.490,132.520,2246,508446
1504898280,132.440,132.500,132.440,132.500,2246,508446
1504898340,132.470,132.470,132.470,132.470,2246,508446
1504898400,132.500,132.500,132.480,132.500,3778,519678
1504898460,132.470,132.470,132.450,132.470,3774,519678
1504898520,132.490,132.470,132.460,132.500,3774,519678
1504898580,132.460,132.470,132.460,132.470,3774,519678
1504898640,132.500,132.450,132.450,132.500,3774,519678
1504898700,132.450,132.510,132.450,132.510,4516,538552
1504898760,132.460,132.470,132.460,132.470,4513,538552
1504898820,132.500,132.460,132.460,132.500,4513,538552
1504898880,132.460,132.470,132.460,132.470,4513,538552
1504898940,132.500,132.500,132.500,132.500,4513,538552
1504899000,132.490,132.500,132.420,132.500,6012,561120
1504899060,132.450,132.500,132.450,132.500,6011,561120
1504899120,132.500,132.460,132.450,132.500,6011,561120
1504899180,132.460,132.470,132.440,132.470,6011,561120
1504899240,132.490,132.490,132.490,132.500,6011,561120
1504899300,132.510,132.520,132.510,132.520,2013,591176
1504899360,132.500,132.510,132.500,132.510,2009,591176
1504899420,132.500,132.500,132.490,132.500,2009,591176
1504899480,132.500,132.480,132.480,132.500,2009,591176
1504899540,132.470,132.490,132.470,132.490,2009,591176
1504899600,132.490,132.490,132.490,132.510,5720,601225
1504899660,132.490,132.490,132.480,132.490,5718,601225
1504899720,132.490,132.480,132.480,132.490,5718,601225
1504899780,132.460,132.470,132.440,132.480,5718,601225
1504899840,132.490,132.500,132.490,132.500,5718,601225
1504899900,132.510,132.490,132.490,132.510,3626,629817
1504899960,132.480,132.450,132.450,132.480,3626,629817
1504900020,132.430,132.480,132.430,132.480,3626,629817
1504900080,132.470,132.470,132.470,132.470,3626,629817
1504900140,132.470,132.480,132.470,132.490,3626,629817
1504900200,132.480,132.510,132.470,132.510,5439,647947
1504900260,132.520,132.520,132.520,132.530,5437,647947
1504900320,132.510,132.490,132.480,132.510,5437,647947
1504900380,132.480,132.470,132.450,132.480,5437,647947
1504900440,132.450,132.490,132.450,132.520,5437,647947
1504900500,132.470,132.460,132.460,132.470,26185,675134
1504900560,132.470,132.520,132.470,132.520,26183,675134
1504900620,132.520,132.510,132.490,132.520,26183,675134
1504900680,132.500,132.500,132.500,132.520,26183,675134
1504900740,132.500,132.460,132.460,132.500,26183,675134
1505136600,132.990,132.580,132.580,132.990,13394,0
1505136660,132.620,132.710,132.620,132.990,13390,0
1505136720,132.720,132.720,132.720,132.720,13390,0
1505136780,132.990,133.090,132.990,133.090,13390,0
1505136840,133.140,133.210,133.100,133.210,13390,0
1505136900,133.170,133.110,133.110,133.260,12073,66954
1505136960,133.200,133.220,133.190,133.320,12073,66954
1505137020,133.310,133.370,133.310,133.370,12073,66954
1505137080,133.290,133.400,133.290,133.440,12073,66954
1505137140,133.400,133.490,133.400,133.490,12073,66954
1505137200,133.760,133.820,133.650,133.820,5578,127319
1505137260,133.820,133.900,133.820,134.000,5577,127319
1505137320,133.820,133.660,133.660,133.820,5577,127319
1505137380,133.820,133.660,133.660,133.820,5577,127319
1505137440,133.680,133.620,133.620,133.680,5577,127319
1505137500,133.590,133.580,133.520,133.590,6166,155205
1505137560,133.620,133.680,133.620,133.690,6165,155205
1505137620,133.710,133.610,133.610,133.750,6165,155205
1505137680,133.530,133.610,133.510,133.750,6165,155205
1505137740,133.570,133.630,133.570,133.690,6165,155205
1505137800,133.640,133.750,133.640,133.750,6827,186031
1505137860,133.760,133.690,133.690,133.760,6825,186031
1505137920,133.580,133.750,133.580,133.770,6825,186031
1505137980,133.770,133.770,133.750,133.770,6825,186031
1505138040,133.820,133.880,133.770,133.880,6825,186031
1505138100,133.850,133.870,133.850,133.870,5473,220158
1505138160,133.900,133.970,133.900,133.970,5471,220158
1505138220,133.970,134.020,133.970,134.040,5471,220158
1505138280,134.010,134.030,134.010,134.040,5471,220158
1505138340,134.020,134.010,134.000,134.020,5471,220158
1505138400,134.000,134.000,134.000,134.000,7234,247515
1505138460,134.000,134.040,133.990,134.040,7231,247515
1505138520,134.000,134.040,133.990,134.040,7231,247515
1505138580,134.000,134.030,134.000,134.040,7231,247515
1505138640,134.030,134.060,134.020,134.060,7231,247515
1505138700,134.060,134.070,134.050,134.080,2877,283673
1505138760,134.050,134.030,134.010,134.050,2876,283673
1505138820,134.040,134.040,134.040,134.080,2876,283673
1505138880,134.040,134.040,134.040,134.080,2876,283673
1505138940,134.000,133.990,133.990,134.000,2876,283673
1505139000,134.000,134.000,133.980,134.000,5098,298054
1505139060,133.990,134.000,133.990,134.000,5098,298054
1505139120,133.990,133.970,133.950,134.000,5098,298054
1505139180,133.950,133.930,133.920,133.950,5098,298054
1505139240,133.870,133.870,133.870,133.870,5098,298054
1505139300,133.920,133.960,133.920,133.990,5187,323544
1505139360,133.950,133.960,133.950,133.970,5186,323544
1505139420,133.950,133.910,133.910,133.950,5186,323544
1505139480,133.910,133.950,133.910,133.960,5186,323544
1505139540,133.950,133.930,133.910,133.950,5186,323544
1505139600,133.920,133.950,133.920,133.950,2943,349475
1505139660,133.930,133.940,133.930,133.950,2943,349475
1505139720,133.930,133.920,133.910,133.960,2943,349475
1505139780,133.920,133.920,133.920,133.920,2943,349475
1505139840,133.920,133.770,133.770,133.920,2943,349475
1505139900,133.750,133.760,133.750,133.760,3017,364190
1505139960,133.760,133.850,133.760,133.850,3015,364190
1505140020,133.850,133.850,133.850,133.850,3015,364190
1505140080,133.850,133.870,133.850,133.870,3015,364190
1505140140,133.870,133.840,133.840,133.880,3015,364190
1505140200,133.870,133.870,133.870,133.870,3054,379267
1505140260,133.830,133.820,133.820,133.850,3054,379267
1505140320,133.800,133.770,133.770,133.800,3054,379267
1505140380,133.750,133.780,133.750,133.780,3054,379267
1505140440,133.780,133.810,133.780,133.820,3054,379267
1505140500,133.880,133.890,133.880,133.920,3964,394537
1505140560,133.890,133.820,133.820,133.890,3961,394537
1505140620,133.770,133.780,133.770,133.780,3961,394537
1505140680,133.810,133.860,133.810,133.860,3961,394537
1505140740,133.870,133.880,133.870,133.900,3961,394537
1505140800,133.950,133.900,133.900,133.950,1434,414345
1505140860,133.900,133.900,133.900,133.900,1434,414345
1505140920,133.890,133.890,133.890,133.890,1434,414345
1505140980,133.900,133.910,133.900,133.910,1434,414345
1505141040,133.920,133.950,133.910,133.950,1434,414345
1505141100,133.940,133.930,133.930,133.950,4049,421515
1505141160,133.930,133.970,133.930,133.970,4046,421515
1505141220,133.980,133.960,133.960,133.980,4046,421515
1505141280,134.010,134.010,134.010,134.010,4046,421515
1505141340,133.920,133.910,133.900,133.920,4046,421515
1505141400,133.910,133.980,133.910,133.980,3869,441748
1505141460,133.940,133.970,133.940,133.990,3868,441748
1505141520,133.970,133.990,133.970,133.990,3868,441748
1505141580,134.010,133.980,133.980,134.010,3868,441748
1505141640,134.010,133.990,133.990,134.010,3868,441748
1505141700,133.980,134.000,133.970,134.000,3895,461089
1505141760,134.010,133.970,133.970,134.030,3893,461089
1505141820,133.990,133.970,133.960,133.990,3893,461089
1505141880,133.990,133.980,133.970,133.990,3893,461089
1505141940,134.000,133.990,133.990,134.000,3893,461089
1505142000,133.990,133.980,133.970,134.000,4531,480556
1505142060,133.970,133.980,133.970,133.980,4527,480556
1505142120,134.000,134.000,134.000,134.000,4527,480556
1505142180,133.990,134.010,133.990,134.010,4527,480556
1505142240,134.050,134.070,134.040,134.070,4527,480556
1505142300,134.050,134.070,134.050,134.070,2563,503195
1505142360,134.030,134.030,134.030,134.050,2560,503195
1505142420,134.050,134.080,134.050,134.080,2560,503195
1505142480,134.080,134.020,134.020,134.090,2560,503195
1505142540,134.010,134.010,134.010,134.010,2560,503195
1505142600,134.000,134.020,134.000,134.020,2798,515998
1505142660,134.000,134.000,134.000,134.000,2796,515998
1505142720,134.000,134.020,134.000,134.020,2796,515998
1505142780,134.010,134.000,134.000,134.010,2796,515998
1505142840,134.000,134.000,134.000,134.020,2796,515998
1505142900,134.030,134.020,134.000,134.030,3919,529980
1505142960,134.010,134.010,134.010,134.010,3919,529980
1505143020,134.050,134.040,134.040,134.060,3919,529980
1505143080,134.060,134.060,134.060,134.060,3919,529980
1505143140,134.090,134.090,134.090,134.100,3919,529980
1505143200,134.080,134.070,134.070,134.090,9413,549575
1505143260,134.090,134.090,134.090,134.090,9409,549575
1505143320,134.090,134.090,134.090,134.100,9409,549575
1505143380,134.070,134.000,134.000,134.070,9409,549575
1505143440,134.020,134.060,134.020,134.060,9409,549575
1505143500,134.060,134.080,134.030,134.090,3444,596624
1505143560,134.090,134.100,134.080,134.100,3442,596624
1505143620,134.100,134.070,134.070,134.100,3442,596624
1505143680,134.060,134.040,134.000,134.060,3442,596624
1505143740,134.040,134.060,134.040,134.060,3442,596624
1505143800,134.060,134.060,134.020,134.060,2967,613836
1505143860,134.030,134.050,134.030,134.060,2963,613836
1505143920,134.040,134.030,134.020,134.040,2963,613836
1505143980,134.030,134.010,134.010,134.030,2963,613836
1505144040,134.030,134.010,134.000,134.030,2963,613836
1505144100,134.000,134.000,134.000,134.000,703,628655
1505144160,134.030,134.040,134.020,134.040,699,628655
1505144220,134.090,134.090,134.090,134.090,699,628655
1505144280,134.090,134.090,134.090,134.090,699,628655
1505144340,134.090,134.060,134.060,134.090,699,628655
1505144400,134.090,134.070,134.070,134.090,2071,632154
1505144460,134.070,134.090,134.070,134.100,2067,632154
1505144520,134.100,134.100,134.100,134.100,2067,632154
1505144580,134.140,134.120,134.120,134.140,2067,632154
1505144640,134.130,134.130,134.130,134.130,2067,632154
1505144700,134.140,134.130,134.130,134.140,12062,642493
1505144760,134.120,134.130,134.110,134.130,12059,642493
1505144820,134.120,134.130,134.120,134.130,12059,642493
1505144880,134.130,134.120,134.120,134.130,12059,642493
1505144940,134.100,134.100,134.100,134.100,12059,642493
1505145000,134.110,134.070,134.070,134.110,1219,702791
1505145060,134.090,134.110,134.090,134.110,1216,702791
1505145120,134.100,134.100,134.100,134.100,1216,702791
1505145180,134.130,134.150,134.130,134.150,1216,702791
1505145240,134.130,134.110,134.110,134.130,1216,702791
1505145300,134.110,134.140,134.110,134.140,1201,708874
1505145360,134.160,134.160,134.160,134.160,1201,708874
1505145420,134.170,134.170,134.170,134.170,1201,708874
1505145480,134.170,134.170,134.170,134.170,1201,708874
1505145540,134.170,134.170,134.170,134.170,1201,708874
1505145600,134.200,134.170,134.170,134.200,3028,714879
1505145660,134.220,134.220,134.220,134.220,3028,714879
1505145720,134.220,134.220,134.220,134.220,3028,714879
1505145780,134.230,134.270,134.230,134.270,3028,714879
1505145840,134.260,134.250,134.250,134.260,3028,714879
1505145900,134.230,134.270,134.230,134.270,1707,730019
1505145960,134.270,134.270,134.270,134.270,1704,730019
1505146020,134.280,134.300,134.280,134.310,1704,730019
1505146080,134.300,134.310,134.300,134.310,1704,730019
1505146140,134.310,134.330,134.310,134.330,1704,730019
1505146200,134.320,134.320,134.320,134.320,2318,738542
1505146260,134.310,134.330,134.310,134.330,2316,738542
1505146320,134.330,134.330,134.330,134.340,2316,738542
1505146380,134.330,134.340,134.330,134.350,2316,738542
1505146440,134.350,134.360,134.350,134.360,2316,738542
1505146500,134.350,134.360,134.350,134.360,3122,750124
1505146560,134.360,134.360,134.360,134.370,3121,750124
1505146620,134.360,134.410,134.360,134.410,3121,750124
1505146680,134.380,134.370,134.360,134.380,3121,750124
1505146740,134.360,134.360,134.360,134.360,3121,750124
1505146800,134.380,134.380,134.380,134.380,1532,765730
1505146860,134.360,134.380,134.360,134.380,1530,765730
1505146920,134.370,134.380,134.370,134.380,1530,765730
1505146980,134.370,134.370,134.370,134.380,1530,765730
1505147040,134.390,134.440,134.390,134.440,1530,765730
1505147100,134.430,134.430,134.430,134.430,1663,773382
1505147160,134.430,134.430,134.430,134.430,1659,773382
1505147220,134.450,134.430,134.430,134.450,1659,773382
1505147280,134.430,134.430,134.420,134.430,1659,773382
1505147340,134.400,134.400,134.400,134.400,1659,773382
1505147400,134.410,134.410,134.410,134.410,1603,781681
1505147460,134.400,134.400,134.400,134.400,1600,781681
1505147520,134.410,134.400,134.400,134.410,1600,781681
1505147580,134.410,134.410,134.400,134.410,1600,781681
1505147640,134.420,134.470,134.420,134.480,1600,781681
1505147700,134.480,134.530,134.480,134.530,2157,789684
1505147760,134.530,134.500,134.500,134.530,2157,789684
1505147820,134.520,134.510,134.500,134.520,2157,789684
1505147880,134.480,134.480,134.480,134.490,2157,789684
1505147940,134.420,134.420,134.420,134.420,2157,789684
1505148000,134.430,134.440,134.430,134.440,1257,800469
1505148060,134.430,134.440,134.430,134.440,1253,800469
1505148120,134.440,134.480,134.440,134.520,1253,800469
1505148180,134.510,134.490,134.490,134.510,1253,800469
1505148240,134.510,134.490,134.490,134.510,1253,800469
1505148300,134.480,134.480,134.480,134.480,577,806738
1505148360,134.500,134.550,134.500,134.550,576,806738
1505148420,134.600,134.600,134.600,134.600,576,806738
1505148480,134.600,134.570,134.570,134.600,576,806738
1505148540,134.590,134.590,134.590,134.590,576,806738
1505148600,134.590,134.590,134.590,134.590,7735,809619
1505148660,134.700,134.640,134.640,134.700,7733,809619
1505148720,134.610,134.580,134.510,134.610,7733,809619
1505148780,134.530,134.530,134.530,134.530,7733,809619
1505148840,134.540,134.520,134.520,134.540,7733,809619
1505148900,134.540,134.520,134.520,134.540,941,848286
1505148960,134.470,134.410,134.410,134.470,939,848286
1505149020,134.410,134.410,134.410,134.410,939,848286
1505149080,134.440,134.440,134.440,134.440,939,848286
1505149140,134.470,134.470,134.470,134.470,939,848286
1505149200,134.460,134.460,134.460,134.460,801,852983
1505149260,134.480,134.560,134.480,134.560,800,852983
1505149320,134.480,134.560,134.480,134.560,800,852983
1505149380,134.490,134.490,134.490,134.490,800,852983
1505149440,134.530,134.520,134.520,134.530,800,852983
1505149500,134.530,134.520,134.520,134.530,1480,856984
1505149560,134.500,134.500,134.500,134.500,1478,856984
1505149620,134.550,134.530,134.530,134.550,1478,856984
1505149680,134.560,134.560,134.560,134.560,1478,856984
1505149740,134.560,134.530,134.520,134.560,1478,856984
1505149800,134.530,134.540,134.530,134.540,1403,864376
1505149860,134.510,134.540,134.510,134.540,1403,864376
1505149920,134.520,134.540,134.520,134.540,1403,864376
1505149980,134.590,134.620,134.590,134.620,1403,864376
1505150040,134.640,134.630,134.630,134.640,1403,864376
1505150100,134.620,134.560,134.560,134.620,1138,871391
1505150160,134.580,134.580,134.580,134.580,1135,871391
1505150220,134.600,134.620,134.600,134.620,1135,871391
1505150280,134.600,134.620,134.600,134.620,1135,871391
1505150340,134.620,134.590,134.590,134.620,1135,871391
1505150400,134.560,134.620,134.560,134.620,977,877069
1505150460,134.560,134.620,134.560,134.620,973,877069
1505150520,134.680,134.690,134.680,134.690,973,877069
1505150580,134.690,134.720,134.690,134.720,973,877069
1505150640,134.690,134.720,134.690,134.720,973,877069
1505150700,134.760,134.760,134.760,134.760,1106,881938
1505150760,134.790,134.720,134.720,134.790,1105,881938
1505150820,134.730,134.710,134.710,134.730,1105,881938
1505150880,134.690,134.670,134.670,134.690,1105,881938
1505150940,134.670,134.670,134.650,134.670,1105,881938
1505151000,134.670,134.670,134.650,134.670,1295,887464
1505151060,134.650,134.660,134.650,134.660,1294,887464
1505151120,134.690,134.730,134.690,134.730,1294,887464
1505151180,134.710,134.640,134.640,134.710,1294,887464
1505151240,134.650,134.650,134.650,134.650,1294,887464
1505151300,134.650,134.640,134.640,134.650,1260,893935
1505151360,134.590,134.610,134.590,134.610,1257,893935
1505151420,134.620,134.620,134.620,134.620,1257,893935
1505151480,134.620,134.620,134.620,134.620,1257,893935
1505151540,134.590,134.590,134.590,134.590,1257,893935
1505151600,134.610,134.610,134.610,134.610,1126,900223
1505151660,134.620,134.620,134.620,134.620,1126,900223
1505151720,134.640,134.620,134.620,134.640,1126,900223
1505151780,134.600,134.690,134.600,134.690,1126,900223
1505151840,134.650,134.650,134.650,134.660,1126,900223
1505151900,134.650,134.650,134.650,134.660,899,905853
1505151960,134.610,134.610,134.610,134.640,895,905853
1505152020,134.600,134.630,134.600,134.630,895,905853
1505152080,134.650,134.680,134.650,134.680,895,905853
1505152140,134.650,134.680,134.650,134.680,895,905853
1505152200,134.660,134.630,134.630,134.660,1406,910332
1505152260,134.660,134.670,134.660,134.670,1403,910332
1505152320,134.680,134.680,134.650,134.680,1403,910332
1505152380,134.680,134.680,134.650,134.680,1403,910332
1505152440,134.680,134.680,134.680,134.680,1403,910332
1505152500,134.680,134.690,134.670,134.690,1241,917350
1505152560,134.680,134.710,134.680,134.710,1237,917350
1505152620,134.700,134.690,134.690,134.700,1237,917350
1505152680,134.690,134.720,134.690,134.740,1237,917350
1505152740,134.740,134.740,134.720,134.740,1237,917350
1505152800,134.760,134.760,134.760,134.760,1224,923539
1505152860,134.730,134.720,134.720,134.730,1220,923539
1505152920,134.770,134.780,134.770,134.780,1220,923539
1505152980,134.780,134.780,134.780,134.780,1220,923539
1505153040,134.780,134.780,134.780,134.780,1220,923539
1505153100,134.780,134.760,134.760,134.790,2450,929643
1505153160,134.770,134.760,134.760,134.770,2450,929643
1505153220,134.760,134.750,134.750,134.770,2450,929643
1505153280,134.770,134.750,134.750,134.770,2450,929643
1505153340,134.760,134.760,134.760,134.760,2450,929643
1505153400,134.750,134.790,134.750,134.790,1989,941893
1505153460,134.790,134.790,134.790,134.790,1985,941893
1505153520,134.790,134.860,134.790,134.870,1985,941893
1505153580,134.850,134.850,134.850,134.850,1985,941893
1505153640,134.860,134.860,134.860,134.870,1985,941893
1505153700,134.860,134.880,134.860,134.880,2028,951822
1505153760,134.860,134.860,134.860,134.860,2026,951822
1505153820,134.840,134.860,134.840,134.860,2026,951822
1505153880,134.870,134.890,134.870,134.890,2026,951822
1505153940,134.880,134.900,134.870,134.900,2026,951822
1505154000,134.900,134.880,134.880,134.910,4352,961954
1505154060,134.880,134.900,134.880,134.900,4349,961954
1505154120,134.890,134.880,134.880,134.890,4349,961954
1505154180,134.890,134.880,134.880,134.890,4349,961954
1505154240,134.870,134.890,134.870,134.900,4349,961954
1505154300,134.910,134.910,134.910,134.910,1671,983702
1505154360,134.930,134.940,134.930,134.940,1670,983702
1505154420,134.950,134.940,134.940,134.950,1670,983702
1505154480,134.920,134.940,134.920,134.940,1670,983702
1505154540,134.950,134.960,134.950,134.960,1670,983702
1505154600,134.950,134.950,134.950,134.950,3440,992053
1505154660,134.960,134.950,134.950,134.960,3437,992053
1505154720,135.000,135.000,135.000,135.000,3437,992053
1505154780,135.010,135.010,135.010,135.010,3437,992053
1505154840,135.000,135.000,135.000,135.000,3437,992053
1505154900,135.000,135.000,135.000,135.010,2354,1009241
1505154960,135.000,135.010,135.000,135.010,2353,1009241
1505155020,135.010,135.040,135.010,135.040,2353,1009241
1505155080,135.000,135.010,135.000,135.010,2353,1009241
1505155140,135.000,135.000,135.000,135.000,2353,1009241
1505155200,135.010,135.000,135.000,135.010,3762,1021007
1505155260,135.000,135.000,135.000,135.000,3760,1021007
1505155320,135.000,135.000,135.000,135.000,3760,1021007
1505155380,134.990,134.990,134.990,135.000,3760,1021007
1505155440,134.990,134.910,134.910,134.990,3760,1021007
1505155500,134.910,134.840,134.840,134.910,3112,1039809
1505155560,134.830,134.700,134.700,134.830,3110,1039809
1505155620,134.640,134.660,134.640,134.690,3110,1039809
1505155680,134.730,134.760,134.730,134.760,3110,1039809
1505155740,134.790,134.810,134.790,134.810,3110,1039809
1505155800,134.790,134.810,134.790,134.810,2293,1055361
1505155860,134.800,134.800,134.800,134.800,2291,1055361
1505155920,134.800,134.810,134.800,134.810,2291,1055361
1505155980,134.880,134.900,134.880,134.900,2291,1055361
1505156040,134.910,134.890,134.890,134.910,2291,1055361
1505156100,134.890,134.890,134.890,134.900,3483,1066818
1505156160,134.900,134.900,134.900,134.900,3482,1066818
1505156220,134.910,134.880,134.880,134.910,3482,1066818
1505156280,134.880,134.820,134.820,134.880,3482,1066818
1505156340,134.820,134.790,134.790,134.820,3482,1066818
1505156400,134.780,134.850,134.780,134.850,1709,1084229
1505156460,134.840,134.840,134.840,134.840,1707,1084229
1505156520,134.840,134.840,134.840,134.840,1707,1084229
1505156580,134.840,134.850,134.820,134.850,1707,1084229
1505156640,134.870,134.880,134.850,134.880,1707,1084229
1505156700,134.860,134.880,134.860,134.880,6103,1092766
1505156760,134.900,134.880,134.880,134.910,6099,1092766
1505156820,134.880,134.880,134.880,134.890,6099,1092766
1505156880,134.870,134.900,134.870,134.900,6099,1092766
1505156940,134.870,134.900,134.870,134.900,6099,1092766
1505157000,134.910,134.920,134.900,134.920,4022,1123265
1505157060,134.940,134.950,134.940,134.950,4018,1123265
1505157120,134.940,134.940,134.940,134.940,4018,1123265
1505157180,134.940,134.950,134.940,134.950,4018,1123265
1505157240,134.950,134.950,134.950,134.950,4018,1123265
1505157300,134.940,134.930,134.930,134.940,4999,1143359
1505157360,134.930,134.920,134.920,134.930,4997,1143359
1505157420,134.920,134.870,134.870,134.920,4997,1143359
1505157480,134.880,134.830,134.830,134.880,4997,1143359
1505157540,134.860,134.890,134.860,134.890,4997,1143359
1505157600,134.870,134.850,134.850,134.870,6555,1168346
1505157660,134.870,134.850,134.840,134.870,6552,1168346
1505157720,134.850,134.840,134.830,134.850,6552,1168346
1505157780,134.830,134.840,134.830,134.850,6552,1168346
1505157840,134.770,134.780,134.730,134.780,6552,1168346
1505157900,134.740,134.750,134.740,134.750,19652,1201109
1505157960,134.760,134.760,134.760,134.770,19651,1201109
1505158020,134.800,134.780,134.770,134.810,19651,1201109
1505158080,134.830,134.830,134.830,134.850,19651,1201109
1505158140,134.850,134.900,134.850,134.900,19651,1201109
1505158200,134.880,134.890,134.880,134.890,2981,1299365
1505158260,134.900,134.840,134.840,134.900,2979,1299365
1505158320,134.850,134.860,134.830,134.860,2979,1299365
1505158380,134.860,134.930,134.860,134.930,2979,1299365
1505158440,134.990,134.970,134.970,134.990,2979,1299365
1505158500,134.960,134.940,134.940,134.960,6133,1314262
1505158560,134.940,134.950,134.940,134.950,6133,1314262
1505158620,134.960,134.950,134.950,134.960,6133,1314262
1505158680,134.960,134.990,134.950,134.990,6133,1314262
1505158740,134.990,134.990,134.970,134.990,6133,1314262
1505158800,134.990,134.990,134.980,134.990,4732,1344927
1505158860,134.950,134.940,134.940,134.960,4728,1344927
1505158920,134.900,134.870,134.870,134.900,4728,1344927
1505158980,134.860,134.880,134.840,134.880,4728,1344927
1505159040,134.890,134.910,134.890,134.910,4728,1344927
1505159100,134.960,134.890,134.890,134.960,5933,1368571
1505159160,134.880,134.900,134.880,134.910,5929,1368571
1505159220,134.910,134.900,134.900,134.910,5929,1368571
1505159280,134.900,134.940,134.900,134.940,5929,1368571
1505159340,134.930,134.950,134.930,134.950,5929,1368571
1505159400,134.880,134.870,134.870,134.880,9169,1398220
1505159460,134.870,134.890,134.860,134.890,9166,1398220
1505159520,134.890,134.860,134.860,134.900,9166,1398220
1505159580,134.850,134.870,134.850,134.870,9166,1398220
1505159640,134.870,134.860,134.860,134.870,9166,1398220
1505159700,134.850,134.840,134.830,134.850,137349,1444053
1505159760,134.830,134.840,134.830,134.840,137345,1444053
1505159820,134.920,134.930,134.920,134.940,137345,1444053
1505159880,134.930,134.930,134.930,134.950,137345,1444053
1505159940,135.000,135.010,134.990,135.030,137345,1444053
1505223000,134.730,134.250,134.250,134.730,23027,0
1505223060,134.310,134.290,134.130,134.310,23026,0
1505223120,134.450,134.900,134.450,134.900,23026,0
1505223180,134.930,134.960,134.930,135.000,23026,0
1505223240,134.950,135.080,134.820,135.080,23026,0
1505223300,135.120,135.840,135.120,135.840,7514,115131
1505223360,135.550,135.380,135.380,135.600,7514,115131
1505223420,135.270,134.830,134.830,135.270,7514,115131
1505223480,134.990,135.010,134.990,135.010,7514,115131
1505223540,135.010,135.010,135.010,135.090,7514,115131
1505223600,134.870,134.900,134.870,134.930,6160,152701
1505223660,134.910,134.930,134.910,134.960,6158,152701
1505223720,134.900,134.900,134.890,134.920,6158,152701
1505223780,134.910,135.020,134.910,135.020,6158,152701
1505223840,135.080,135.050,135.050,135.100,6158,152701
1505223900,135.020,134.900,134.900,135.050,3648,183493
1505223960,134.900,135.100,134.870,135.100,3644,183493
1505224020,135.060,135.000,135.000,135.210,3644,183493
1505224080,135.000,134.950,134.950,135.000,3644,183493
1505224140,134.990,135.000,134.990,135.040,3644,183493
1505224200,135.000,134.950,134.950,135.010,41351,201717
1505224260,134.990,134.910,134.910,134.990,41351,201717
1505224320,134.990,134.920,134.920,134.990,41351,201717
1505224380,134.920,134.950,134.920,134.990,41351,201717
1505224440,134.880,134.730,134.730,134.880,41351,201717
1505224500,134.730,134.890,134.730,134.890,4504,408472
1505224560,134.890,134.880,134.820,134.890,4500,408472
1505224620,134.840,134.830,134.830,134.840,4500,408472
1505224680,134.770,134.770,134.770,134.770,4500,408472
1505224740,134.810,134.940,134.810,134.940,4500,408472
1505224800,134.980,135.030,134.980,135.070,3860,430976
1505224860,135.000,135.000,135.000,135.000,3856,430976
1505224920,134.960,134.960,134.960,134.960,3856,430976
1505224980,135.000,135.020,135.000,135.020,3856,430976
1505225040,135.010,134.890,134.890,135.020,3856,430976
1505225100,134.840,134.850,134.840,134.920,2380,450260
1505225160,134.890,134.850,134.850,134.890,2376,450260
1505225220,134.850,134.840,134.840,134.850,2376,450260
1505225280,134.850,134.950,134.840,134.950,2376,450260
1505225340,134.980,135.060,134.980,135.060,2376,450260
1505225400,135.050,135.080,135.050,135.080,2206,462144
1505225460,135.020,135.020,135.020,135.020,2203,462144
1505225520,135.010,134.840,134.840,135.010,2203,462144
1505225580,134.840,134.850,134.840,134.890,2203,462144
1505225640,134.940,134.910,134.910,134.940,2203,462144
1505225700,134.880,134.810,134.810,134.880,2749,473162
1505225760,134.810,134.780,134.780,134.830,2745,473162
1505225820,134.790,134.780,134.780,134.840,2745,473162
1505225880,134.710,134.800,134.650,134.840,2745,473162
1505225940,134.770,134.710,134.710,134.770,2745,473162
1505226000,134.660,134.620,134.620,134.670,2359,486891
1505226060,134.620,134.640,134.620,134.660,2355,486891
1505226120,134.630,134.630,134.630,134.640,2355,486891
1505226180,134.500,134.530,134.490,134.530,2355,486891
1505226240,134.590,134.570,134.570,134.590,2355,486891
1505226300,134.510,134.430,134.430,134.510,3503,498670
1505226360,134.440,134.420,134.420,134.440,3500,498670
1505226420,134.420,134.420,134.410,134.420,3500,498670
1505226480,134.450,134.570,134.440,134.570,3500,498670
1505226540,134.560,134.500,134.500,134.560,3500,498670
1505226600,134.550,134.730,134.530,134.730,5474,516173
1505226660,134.550,134.580,134.550,134.580,5471,516173
1505226720,134.630,134.550,134.550,134.630,5471,516173
1505226780,134.580,134.610,134.580,134.610,5471,516173
1505226840,134.590,134.380,134.380,134.590,5471,516173
1505226900,134.380,134.460,134.380,134.460,3936,543531
1505226960,134.420,134.590,134.420,134.590,3936,543531
1505227020,134.590,134.590,134.590,134.590,3936,543531
1505227080,134.510,134.510,134.510,134.510,3936,543531
1505227140,134.600,134.590,134.590,134.620,3936,543531
1505227200,134.560,134.560,134.530,134.560,1076,563211
1505227260,134.570,134.540,134.540,134.570,1075,563211
1505227320,134.570,134.590,134.570,134.590,1075,563211
1505227380,134.600,134.690,134.600,134.690,1075,563211
1505227440,134.700,134.700,134.700,134.700,1075,563211
1505227500,134.640,134.640,134.640,134.640,1984,568587
1505227560,134.640,134.640,134.640,134.640,1981,568587
1505227620,134.500,134.560,134.500,134.580,1981,568587
1505227680,134.560,134.590,134.560,134.590,1981,568587
1505227740,134.520,134.350,134.350,134.520,1981,568587
1505227800,134.290,134.330,134.290,134.400,923,578495
1505227860,134.290,134.330,134.290,134.400,919,578495
1505227920,134.330,134.330,134.330,134.330,919,578495
1505227980,134.330,134.330,134.330,134.330,919,578495
1505228040,134.420,134.410,134.410,134.420,919,578495
1505228100,134.350,134.220,134.220,134.350,1682,583094
1505228160,134.210,134.220,134.210,134.220,1681,583094
1505228220,134.190,134.190,134.190,134.190,1681,583094
1505228280,134.260,134.080,134.080,134.260,1681,583094
1505228340,134.190,134.190,134.190,134.190,1681,583094
1505228400,134.190,134.220,134.190,134.240,1897,591500
1505228460,134.210,134.300,134.210,134.300,1893,591500
1505228520,134.250,134.230,134.220,134.280,1893,591500
1505228580,134.240,134.240,134.240,134.240,1893,591500
1505228640,134.200,134.270,134.200,134.270,1893,591500
1505228700,134.240,134.250,134.240,134.250,2061,600969
1505228760,134.220,134.250,134.220,134.260,2059,600969
1505228820,134.290,134.220,134.220,134.290,2059,600969
1505228880,134.270,134.220,134.220,134.280,2059,600969
1505228940,134.250,134.170,134.170,134.250,2059,600969
1505229000,134.170,134.150,134.150,134.180,2893,611266
1505229060,134.160,134.130,134.130,134.180,2890,611266
1505229120,134.080,134.150,134.080,134.150,2890,611266
1505229180,134.140,134.130,134.130,134.140,2890,611266
1505229240,134.160,134.170,134.160,134.170,2890,611266
1505229300,134.180,134.160,134.160,134.180,3013,625719
1505229360,134.200,134.120,134.120,134.200,3013,625719
1505229420,134.190,134.190,134.190,134.190,3013,625719
1505229480,134.210,134.190,134.170,134.210,3013,625719
1505229540,134.220,134.200,134.170,134.220,3013,625719
1505229600,134.250,134.220,134.220,134.250,2571,640784
1505229660,134.200,134.300,134.200,134.300,2568,640784
1505229720,134.350,134.380,134.350,134.390,2568,640784
1505229780,134.400,134.440,134.400,134.440,2568,640784
1505229840,134.470,134.490,134.470,134.490,2568,640784
1505229900,134.460,134.410,134.410,134.520,3841,653627
1505229960,134.410,134.450,134.390,134.450,3841,653627
1505230020,134.410,134.410,134.410,134.410,3841,653627
1505230080,134.410,134.400,134.330,134.420,3841,653627
1505230140,134.410,134.390,134.390,134.420,3841,653627
1505230200,134.390,134.390,134.390,134.390,1000,672832
1505230260,134.410,134.380,134.380,134.410,997,672832
1505230320,134.380,134.380,134.380,134.380,997,672832
1505230380,134.400,134.430,134.400,134.430,997,672832
1505230440,134.460,134.440,134.440,134.460,997,672832
1505230500,134.480,134.470,134.440,134.480,1282,677820
1505230560,134.460,134.430,134.430,134.460,1280,677820
1505230620,134.450,134.420,134.420,134.450,1280,677820
1505230680,134.370,134.400,134.370,134.400,1280,677820
1505230740,134.440,134.440,134.440,134.440,1280,677820
1505230800,134.450,134.470,134.450,134.470,1123,684222
1505230860,134.450,134.400,134.400,134.450,1120,684222
1505230920,134.400,134.440,134.400,134.440,1120,684222
1505230980,134.480,134.480,134.480,134.480,1120,684222
1505231040,134.560,134.630,134.560,134.630,1120,684222
1505231100,134.560,134.630,134.560,134.630,1800,689825
1505231160,134.560,134.630,134.560,134.630,1799,689825
1505231220,134.600,134.600,134.600,134.600,1799,689825
1505231280,134.630,134.560,134.560,134.660,1799,689825
1505231340,134.650,134.650,134.650,134.670,1799,689825
1505231400,134.710,134.640,134.630,134.710,22826,698821
1505231460,134.620,134.430,134.300,134.620,22823,698821
1505231520,134.490,134.490,134.490,134.490,22823,698821
1505231580,134.490,134.490,134.490,134.490,22823,698821
1505231640,134.490,134.380,134.380,134.490,22823,698821
1505231700,134.410,134.410,134.410,134.410,1672,812939
1505231760,134.400,134.400,134.400,134.400,1670,812939
1505231820,134.400,134.460,134.400,134.460,1670,812939
1505231880,134.450,134.450,134.450,134.450,1670,812939
1505231940,134.360,134.310,134.260,134.360,1670,812939
1505232000,134.330,134.300,134.300,134.330,4776,821291
1505232060,134.320,134.320,134.320,134.320,4773,821291
1505232120,134.330,134.330,134.330,134.330,4773,821291
1505232180,134.340,134.450,134.340,134.500,4773,821291
1505232240,134.450,134.450,134.450,134.450,4773,821291
1505232300,134.410,134.450,134.410,134.450,1952,845159
1505232360,134.430,134.410,134.400,134.430,1952,845159
1505232420,134.390,134.380,134.380,134.390,1952,845159
1505232480,134.400,134.530,134.400,134.540,1952,845159
1505232540,134.400,134.530,134.400,134.540,1952,845159
1505232600,134.590,134.570,134.550,134.590,644,854919
1505232660,134.590,134.570,134.550,134.590,643,854919
1505232720,134.560,134.560,134.560,134.560,643,854919
1505232780,134.540,134.540,134.540,134.540,643,854919
1505232840,134.540,134.540,134.540,134.540,643,854919
1505232900,134.520,134.470,134.470,134.520,1086,858135
1505232960,134.520,134.470,134.470,134.520,1082,858135
1505233020,134.440,134.440,134.440,134.440,1082,858135
1505233080,134.440,134.460,134.420,134.460,1082,858135
1505233140,134.460,134.460,134.460,134.460,1082,858135
1505233200,134.470,134.450,134.450,134.490,1450,863549
1505233260,134.460,134.470,134.460,134.470,1449,863549
1505233320,134.470,134.490,134.470,134.490,1449,863549
1505233380,134.500,134.510,134.500,134.530,1449,863549
1505233440,134.530,134.540,134.530,134.540,1449,863549
1505233500,134.530,134.510,134.510,134.530,1905,870795
1505233560,134.510,134.440,134.440,134.510,1902,870795
1505233620,134.470,134.500,134.470,134.520,1902,870795
1505233680,134.470,134.500,134.470,134.520,1902,870795
1505233740,134.530,134.470,134.470,134.530,1902,870795
1505233800,134.530,134.470,134.470,134.530,1392,880308
1505233860,134.420,134.370,134.370,134.420,1389,880308
1505233920,134.380,134.380,134.380,134.380,1389,880308
1505233980,134.380,134.340,134.340,134.380,1389,880308
1505234040,134.350,134.350,134.350,134.350,1389,880308
1505234100,134.350,134.350,134.350,134.350,1316,887256
1505234160,134.370,134.360,134.360,134.370,1312,887256
1505234220,134.360,134.360,134.360,134.360,1312,887256
1505234280,134.340,134.340,134.340,134.350,1312,887256
1505234340,134.350,134.380,134.350,134.390,1312,887256
1505234400,134.380,134.470,134.380,134.470,2271,893820
1505234460,134.540,134.540,134.540,134.540,2268,893820
1505234520,134.540,134.520,134.500,134.540,2268,893820
1505234580,134.520,134.520,134.520,134.520,2268,893820
1505234640,134.520,134.490,134.490,134.530,2268,893820
1505234700,134.490,134.490,134.490,134.490,1325,905163
1505234760,134.490,134.490,134.490,134.490,1322,905163
1505234820,134.500,134.530,134.500,134.530,1322,905163
1505234880,134.540,134.540,134.540,134.540,1322,905163
1505234940,134.530,134.510,134.510,134.540,1322,905163
1505235000,134.530,134.510,134.510,134.540,1197,911776
1505235060,134.490,134.490,134.490,134.490,1196,911776
1505235120,134.470,134.470,134.470,134.470,1196,911776
1505235180,134.490,134.490,134.490,134.490,1196,911776
1505235240,134.500,134.500,134.500,134.500,1196,911776
1505235300,134.510,134.470,134.470,134.510,1182,917757
1505235360,134.510,134.470,134.470,134.510,1182,917757
1505235420,134.440,134.450,134.420,134.450,1182,917757
1505235480,134.440,134.450,134.420,134.450,1182,917757
1505235540,134.440,134.450,134.420,134.450,1182,917757
1505235600,134.440,134.450,134.420,134.450,819,923667
1505235660,134.430,134.420,134.420,134.430,819,923667
1505235720,134.390,134.390,134.390,134.390,819,923667
1505235780,134.390,134.390,134.390,134.390,819,923667
1505235840,134.390,134.390,134.390,134.390,819,923667
1505235900,134.390,134.390,134.390,134.390,819,927762
1505235960,134.380,134.380,134.380,134.380,818,927762
1505236020,134.370,134.370,134.370,134.370,818,927762
1505236080,134.350,134.350,134.350,134.350,818,927762
1505236140,134.350,134.350,134.350,134.350,818,927762
1505236200,134.320,134.320,134.320,134.320,2270,931853
1505236260,134.320,134.300,134.300,134.340,2266,931853
1505236320,134.290,134.280,134.280,134.290,2266,931853
1505236380,134.280,134.230,134.230,134.280,2266,931853
1505236440,134.230,134.250,134.230,134.250,2266,931853
1505236500,134.220,134.220,134.220,134.220,1029,943187
1505236560,134.210,134.210,134.210,134.210,1026,943187
1505236620,134.200,134.210,134.200,134.210,1026,943187
1505236680,134.200,134.210,134.200,134.210,1026,943187
1505236740,134.220,134.200,134.200,134.220,1026,943187
1505236800,134.210,134.240,134.210,134.240,1189,948320
1505236860,134.220,134.230,134.220,134.250,1189,948320
1505236920,134.260,134.240,134.240,134.260,1189,948320
1505236980,134.260,134.260,134.260,134.260,1189,948320
1505237040,134.210,134.200,134.200,134.210,1189,948320
1505237100,134.210,134.140,134.140,134.210,1423,954265
1505237160,134.140,134.130,134.130,134.140,1422,954265
1505237220,134.100,134.130,134.100,134.130,1422,954265
1505237280,134.080,134.060,134.040,134.080,1422,954265
1505237340,134.060,134.050,134.050,134.060,1422,954265
1505237400,134.060,134.060,134.020,134.060,2473,961376
1505237460,134.050,134.030,134.030,134.050,2469,961376
1505237520,134.050,134.030,134.030,134.050,2469,961376
1505237580,133.950,133.950,133.950,133.960,2469,961376
1505237640,133.940,133.950,133.940,133.950,2469,961376
1505237700,133.920,133.960,133.900,133.960,1891,973725
1505237760,133.960,133.960,133.960,133.960,1890,973725
1505237820,133.960,134.030,133.960,134.030,1890,973725
1505237880,134.060,134.200,134.060,134.200,1890,973725
1505237940,134.140,134.140,134.140,134.140,1890,973725
1505238000,134.130,134.130,134.130,134.130,1215,983176
1505238060,134.130,134.130,134.130,134.130,1212,983176
1505238120,134.120,134.140,134.120,134.140,1212,983176
1505238180,134.120,134.120,134.120,134.120,1212,983176
1505238240,134.130,134.150,134.130,134.160,1212,983176
1505238300,134.160,134.120,134.120,134.180,1081,989239
1505238360,134.110,134.070,134.070,134.110,1077,989239
1505238420,134.070,134.070,134.070,134.070,1077,989239
1505238480,134.080,134.080,134.080,134.080,1077,989239
1505238540,134.080,134.080,134.080,134.080,1077,989239
1505238600,134.050,134.070,134.050,134.070,1979,994628
1505238660,134.080,134.090,134.080,134.090,1976,994628
1505238720,134.090,134.090,134.090,134.090,1976,994628
1505238780,134.090,134.090,134.090,134.100,1976,994628
1505238840,134.090,134.090,134.090,134.090,1976,994628
1505238900,134.090,134.070,134.070,134.090,1819,1004511
1505238960,134.070,134.150,134.070,134.150,1819,1004511
1505239020,134.110,134.100,134.100,134.110,1819,1004511
1505239080,134.130,134.130,134.130,134.130,1819,1004511
1505239140,134.140,134.130,134.130,134.160,1819,1004511
1505239200,134.120,134.120,134.120,134.120,1533,1013606
1505239260,134.130,134.150,134.130,134.150,1532,1013606
1505239320,134.120,134.120,134.120,134.130,1532,1013606
1505239380,134.140,134.170,134.140,134.170,1532,1013606
1505239440,134.200,134.260,134.200,134.310,1532,1013606
1505239500,134.250,134.250,134.250,134.250,1027,1021267
1505239560,134.230,134.210,134.210,134.230,1024,1021267
1505239620,134.210,134.120,134.120,134.210,1024,1021267
1505239680,134.120,134.090,134.090,134.120,1024,1021267
1505239740,134.120,134.120,134.120,134.120,1024,1021267
1505239800,134.150,134.150,134.150,134.150,1073,1026390
1505239860,134.160,134.160,134.160,134.160,1069,1026390
1505239920,134.160,134.160,134.160,134.160,1069,1026390
1505239980,134.130,134.120,134.120,134.130,1069,1026390
1505240040,134.160,134.170,134.150,134.170,1069,1026390
1505240100,134.190,134.150,134.150,134.190,1858,1031739
1505240160,134.130,134.150,134.130,134.150,1856,1031739
1505240220,134.150,134.170,134.150,134.170,1856,1031739
1505240280,134.190,134.190,134.190,134.190,1856,1031739
1505240340,134.200,134.190,134.190,134.200,1856,1031739
1505240400,134.180,134.200,134.180,134.200,1367,1041021
1505240460,134.180,134.160,134.160,134.180,1364,1041021
1505240520,134.170,134.220,134.170,134.220,1364,1041021
1505240580,134.250,134.270,134.240,134.270,1364,1041021
1505240640,134.250,134.270,134.240,134.270,1364,1041021
1505240700,134.260,134.270,134.260,134.270,1574,1047844
1505240760,134.280,134.270,134.270,134.280,1571,1047844
1505240820,134.280,134.270,134.270,134.280,1571,1047844
1505240880,134.260,134.260,134.260,134.260,1571,1047844
1505240940,134.260,134.300,134.260,134.300,1571,1047844
1505241000,134.310,134.300,134.300,134.310,3137,1055702
1505241060,134.270,134.190,134.180,134.270,3136,1055702
1505241120,134.200,134.330,134.200,134.330,3136,1055702
1505241180,134.350,134.320,134.310,134.350,3136,1055702
1505241240,134.300,134.300,134.300,134.300,3136,1055702
1505241300,134.280,134.280,134.280,134.280,1994,1071383
1505241360,134.300,134.280,134.270,134.300,1994,1071383
1505241420,134.300,134.280,134.270,134.300,1994,1071383
1505241480,134.290,134.310,134.290,134.310,1994,1071383
1505241540,134.280,134.270,134.270,134.280,1994,1071383
1505241600,134.290,134.290,134.290,134.290,1655,1081353
1505241660,134.290,134.310,134.280,134.310,1655,1081353
1505241720,134.320,134.320,134.320,134.320,1655,1081353
1505241780,134.330,134.360,134.330,134.360,1655,1081353
1505241840,134.380,134.380,134.380,134.380,1655,1081353
1505241900,134.380,134.350,134.350,134.380,2194,1089628
1505241960,134.350,134.350,134.350,134.360,2192,1089628
1505242020,134.340,134.420,134.340,134.420,2192,1089628
1505242080,134.430,134.470,134.430,134.470,2192,1089628
1505242140,134.480,134.510,134.480,134.510,2192,1089628
1505242200,134.480,134.480,134.480,134.480,1180,1100590
1505242260,134.510,134.510,134.510,134.510,1179,1100590
1505242320,134.520,134.520,134.520,134.520,1179,1100590
1505242380,134.540,134.540,134.540,134.540,1179,1100590
1505242440,134.550,134.600,134.550,134.600,1179,1100590
1505242500,134.560,134.590,134.560,134.600,1632,1106486
1505242560,134.600,134.620,134.600,134.620,1630,1106486
1505242620,134.600,134.640,134.600,134.640,1630,1106486
1505242680,134.610,134.610,134.610,134.610,1630,1106486
1505242740,134.590,134.640,134.590,134.640,1630,1106486
1505242800,134.650,134.650,134.650,134.650,5222,1114638
1505242860,134.650,134.690,134.620,134.690,5222,1114638
1505242920,134.690,134.850,134.690,134.850,5222,1114638
1505242980,134.860,134.860,134.820,134.860,5222,1114638
1505243040,134.820,134.820,134.820,134.840,5222,1114638
1505243100,134.820,134.800,134.800,134.820,1744,1140748
1505243160,134.820,134.800,134.800,134.820,1743,1140748
1505243220,134.800,134.770,134.740,134.800,1743,1140748
1505243280,134.770,134.770,134.770,134.770,1743,1140748
1505243340,134.770,134.780,134.770,134.800,1743,1140748
1505243400,134.780,134.760,134.760,134.800,2600,1149464
1505243460,134.750,134.770,134.750,134.770,2599,1149464
1505243520,134.810,134.790,134.790,134.810,2599,1149464
1505243580,134.780,134.780,134.780,134.780,2599,1149464
1505243640,134.780,134.770,134.760,134.780,2599,1149464
1505243700,134.770,134.780,134.770,134.780,1583,1162460
1505243760,134.790,134.790,134.790,134.790,1580,1162460
1505243820,134.820,134.800,134.800,134.820,1580,1162460
1505243880,134.800,134.800,134.800,134.800,1580,1162460
1505243940,134.790,134.810,134.790,134.810,1580,1162460
1505244000,134.820,134.840,134.820,134.840,2426,1170363
1505244060,134.810,134.750,134.750,134.810,2423,1170363
1505244120,134.780,134.790,134.780,134.790,2423,1170363
1505244180,134.750,134.750,134.750,134.760,2423,1170363
1505244240,134.750,134.750,134.750,134.750,2423,1170363
1505244300,134.790,134.750,134.750,134.790,2930,1182481
1505244360,134.750,134.780,134.750,134.790,2927,1182481
1505244420,134.800,134.750,134.750,134.800,2927,1182481
1505244480,134.760,134.770,134.760,134.770,2927,1182481
1505244540,134.790,134.770,134.760,134.790,2927,1182481
1505244600,134.760,134.750,134.750,134.770,2596,1197119
1505244660,134.750,134.760,134.750,134.760,2596,1197119
1505244720,134.750,134.750,134.750,134.770,2596,1197119
1505244780,134.750,134.760,134.750,134.760,2596,1197119
1505244840,134.760,134.800,134.760,134.800,2596,1197119
1505244900,134.810,134.850,134.810,134.850,2488,1210099
1505244960,134.820,134.800,134.790,134.820,2485,1210099
1505245020,134.800,134.800,134.800,134.800,2485,1210099
1505245080,134.790,134.770,134.770,134.790,2485,1210099
1505245140,134.800,134.760,134.760,134.800,2485,1210099
1505245200,134.750,134.750,134.750,134.750,3766,1222527
1505245260,134.770,134.750,134.750,134.770,3762,1222527
1505245320,134.760,134.850,134.760,134.860,3762,1222527
1505245380,134.830,134.860,134.830,134.860,3762,1222527
1505245440,134.860,134.800,134.800,134.860,3762,1222527
1505245500,134.800,134.760,134.760,134.800,5353,1241341
1505245560,134.760,134.730,134.730,134.760,5350,1241341
1505245620,134.730,134.780,134.730,134.780,5350,1241341
1505245680,134.780,134.770,134.760,134.780,5350,1241341
1505245740,134.790,134.790,134.750,134.790,5350,1241341
1505245800,134.780,134.760,134.760,134.790,5057,1268094
1505245860,134.770,134.750,134.750,134.780,5056,1268094
1505245920,134.750,134.790,134.740,134.790,5056,1268094
1505245980,134.800,134.770,134.770,134.820,5056,1268094
1505246040,134.780,134.770,134.750,134.780,5056,1268094
1505246100,134.760,134.800,134.740,134.800,9579,1293375
1505246160,134.790,134.780,134.770,134.790,9575,1293375
1505246220,134.800,134.840,134.800,134.840,9575,1293375
1505246280,134.820,134.840,134.820,134.850,9575,1293375
1505246340,134.820,134.820,134.790,134.820,9575,1293375
1505309400,134.390,134.390,134.390,134.390,5184,0
1505309460,134.530,134.640,134.310,134.640,5180,0
1505309520,134.500,134.630,134.500,134.630,5180,0
1505309580,134.670,134.670,134.670,134.670,5180,0
1505309640,134.670,134.670,134.670,134.670,5180,0
1505309700,134.600,134.600,134.600,134.600,2761,25904
1505309760,134.670,134.450,134.450,134.670,2759,25904
1505309820,134.510,134.510,134.510,134.510,2759,25904
1505309880,134.320,134.430,134.320,134.470,2759,25904
1505309940,134.370,134.450,134.370,134.450,2759,25904
1505310000,134.460,134.400,134.400,134.460,1559,39701
1505310060,134.290,134.310,134.290,134.400,1555,39701
1505310120,134.320,134.410,134.320,134.410,1555,39701
1505310180,134.370,134.380,134.350,134.440,1555,39701
1505310240,134.390,134.380,134.380,134.400,1555,39701
1505310300,134.380,134.450,134.380,134.500,3507,47480
1505310360,134.510,134.390,134.390,134.510,3505,47480
1505310420,134.400,134.460,134.390,134.460,3505,47480
1505310480,134.450,134.400,134.380,134.450,3505,47480
1505310540,134.420,134.400,134.390,134.420,3505,47480
1505310600,134.380,134.360,134.360,134.400,7625,65007
1505310660,134.310,134.430,134.310,134.450,7621,65007
1505310720,134.440,134.400,134.370,134.440,7621,65007
1505310780,134.350,134.200,134.200,134.370,7621,65007
1505310840,134.250,134.370,134.250,134.390,7621,65007
1505310900,134.250,134.370,134.250,134.390,1968,103116
1505310960,134.250,134.230,134.210,134.250,1966,103116
1505311020,134.220,134.300,134.220,134.300,1966,103116
1505311080,134.260,134.210,134.210,134.260,1966,103116
1505311140,134.250,134.210,134.210,134.250,1966,103116
1505311200,134.210,134.140,134.140,134.210,3462,112948
1505311260,134.150,134.140,134.140,134.150,3459,112948
1505311320,134.150,134.120,134.110,134.150,3459,112948
1505311380,134.150,134.150,134.150,134.150,3459,112948
1505311440,134.110,134.080,134.080,134.110,3459,112948
1505311500,134.110,134.070,134.070,134.120,3515,130246
1505311560,133.990,134.000,133.950,134.000,3511,130246
1505311620,133.990,133.990,133.990,133.990,3511,130246
1505311680,134.000,134.060,134.000,134.060,3511,130246
1505311740,134.060,134.090,134.060,134.180,3511,130246
1505311800,134.100,134.090,134.090,134.100,2843,147805
1505311860,134.090,134.170,134.090,134.180,2842,147805
1505311920,134.130,134.130,134.130,134.130,2842,147805
1505311980,134.160,134.150,134.130,134.170,2842,147805
1505312040,134.160,134.210,134.160,134.210,2842,147805
1505312100,134.270,134.200,134.200,134.270,4608,162016
1505312160,134.190,134.220,134.190,134.220,4607,162016
1505312220,134.220,134.190,134.190,134.230,4607,162016
1505312280,134.200,134.230,134.200,134.230,4607,162016
1505312340,134.160,134.230,134.150,134.230,4607,162016
1505312400,134.200,134.160,134.160,134.200,3999,185052
1505312460,134.230,134.150,134.150,134.230,3996,185052
1505312520,134.200,134.170,134.150,134.210,3996,185052
1505312580,134.210,134.240,134.190,134.240,3996,185052
1505312640,134.290,134.250,134.220,134.310,3996,185052
1505312700,134.220,134.080,134.080,134.250,5851,205035
1505312760,133.970,133.880,133.790,134.050,5847,205035
1505312820,133.990,133.980,133.970,133.990,5847,205035
1505312880,133.930,133.910,133.870,133.980,5847,205035
1505312940,133.920,133.970,133.920,133.970,5847,205035
1505313000,134.010,134.010,134.010,134.010,3851,234274
1505313060,133.910,133.830,133.830,133.940,3848,234274
1505313120,133.780,133.780,133.780,133.780,3848,234274
1505313180,133.780,133.920,133.780,133.920,3848,234274
1505313240,133.890,133.750,133.750,133.890,3848,234274
1505313300,133.690,133.720,133.690,133.720,5621,253517
1505313360,133.740,133.780,133.740,133.810,5620,253517
1505313420,133.760,133.810,133.710,133.810,5620,253517
1505313480,133.820,133.950,133.820,134.100,5620,253517
1505313540,133.910,133.800,133.800,133.910,5620,253517
1505313600,133.840,133.830,133.830,133.840,1272,281618
1505313660,133.850,133.760,133.760,133.850,1270,281618
1505313720,133.780,133.780,133.780,133.780,1270,281618
1505313780,133.720,133.670,133.670,133.720,1270,281618
1505313840,133.670,133.650,133.650,133.670,1270,281618
1505313900,133.670,133.730,133.670,133.750,2825,287970
1505313960,133.720,133.710,133.700,133.730,2822,287970
1505314020,133.710,133.680,133.680,133.710,2822,287970
1505314080,133.700,133.720,133.700,133.750,2822,287970
1505314140,133.710,133.710,133.710,133.710,2822,287970
1505314200,133.690,133.690,133.690,133.690,4129,302083
1505314260,133.720,133.700,133.690,133.720,4126,302083
1505314320,133.730,133.730,133.720,133.800,4126,302083
1505314380,133.760,133.730,133.730,133.760,4126,302083
1505314440,133.760,133.730,133.730,133.760,4126,302083
1505314500,133.760,133.730,133.730,133.760,1616,322716
1505314560,133.790,133.720,133.720,133.820,1616,322716
1505314620,133.790,133.790,133.790,133.790,1616,322716
1505314680,133.720,133.720,133.720,133.720,1616,322716
1505314740,133.760,133.820,133.760,133.860,1616,322716
1505314800,133.840,133.900,133.840,133.900,2180,330796
1505314860,133.890,134.010,133.890,134.020,2180,330796
1505314920,133.930,133.990,133.930,134.010,2180,330796
1505314980,133.930,133.950,133.930,133.950,2180,330796
1505315040,133.940,133.960,133.940,133.970,2180,330796
1505315100,134.000,134.010,134.000,134.020,3569,341696
1505315160,134.010,134.020,134.010,134.040,3566,341696
1505315220,134.030,134.020,134.020,134.030,3566,341696
1505315280,133.990,134.020,133.980,134.020,3566,341696
1505315340,134.200,134.100,134.100,134.200,3566,341696
1505315400,134.100,134.080,134.070,134.100,2379,359529
1505315460,134.080,134.090,134.080,134.180,2375,359529
1505315520,134.070,134.020,134.020,134.070,2375,359529
1505315580,134.020,134.000,134.000,134.020,2375,359529
1505315640,134.030,134.000,134.000,134.030,2375,359529
1505315700,133.940,133.940,133.940,133.940,1175,371408
1505315760,133.940,133.940,133.940,133.940,1171,371408
1505315820,133.880,133.930,133.880,133.930,1171,371408
1505315880,133.880,133.930,133.880,133.930,1171,371408
1505315940,133.970,133.880,133.880,133.970,1171,371408
1505316000,133.910,133.910,133.910,133.910,1465,377267
1505316060,133.910,133.910,133.880,133.910,1462,377267
1505316120,133.910,133.880,133.880,133.910,1462,377267
1505316180,133.890,133.860,133.860,133.890,1462,377267
1505316240,133.830,133.830,133.830,133.830,1462,377267
1505316300,133.850,133.870,133.850,133.920,6705,384580
1505316360,133.910,133.900,133.880,133.950,6703,384580
1505316420,133.890,133.830,133.830,133.890,6703,384580
1505316480,133.820,133.830,133.810,133.830,6703,384580
1505316540,133.820,133.820,133.810,133.840,6703,384580
1505316600,133.850,133.900,133.850,133.900,2893,418097
1505316660,133.910,133.910,133.910,133.910,2891,418097
1505316720,133.980,133.960,133.960,133.990,2891,418097
1505316780,133.960,133.990,133.940,133.990,2891,418097
1505316840,133.960,133.990,133.940,133.990,2891,418097
1505316900,133.990,134.010,133.990,134.010,1124,432554
1505316960,134.010,133.940,133.890,134.010,1120,432554
1505317020,133.880,133.880,133.880,133.880,1120,432554
1505317080,133.920,133.920,133.920,133.920,1120,432554
1505317140,133.890,133.890,133.890,133.890,1120,432554
1505317200,133.880,133.880,133.880,133.880,2029,438158
1505317260,133.820,133.820,133.820,133.840,2027,438158
1505317320,133.820,133.820,133.800,133.820,2027,438158
1505317380,133.840,133.810,133.810,133.840,2027,438158
1505317440,133.840,133.810,133.810,133.840,2027,438158
1505317500,133.810,133.810,133.810,133.810,1668,448295
1505317560,133.810,133.810,133.810,133.810,1667,448295
1505317620,133.810,133.810,133.810,133.810,1667,448295
1505317680,133.810,133.770,133.770,133.810,1667,448295
1505317740,133.800,133.750,133.750,133.800,1667,448295
1505317800,133.740,133.720,133.720,133.740,1585,456631
1505317860,133.740,133.720,133.720,133.740,1582,456631
1505317920,133.710,133.720,133.710,133.720,1582,456631
1505317980,133.710,133.750,133.710,133.750,1582,456631
1505318040,133.800,133.760,133.760,133.830,1582,456631
1505318100,133.790,133.790,133.790,133.790,181,464544
1505318160,133.780,133.810,133.780,133.810,179,464544
1505318220,133.820,133.820,133.820,133.820,179,464544
1505318280,133.820,133.820,133.820,133.820,179,464544
1505318340,133.820,133.820,133.820,133.820,179,464544
1505318400,133.820,133.820,133.820,133.820,853,465441
1505318460,133.830,133.830,133.830,133.830,849,465441
1505318520,133.850,133.780,133.780,133.850,849,465441
1505318580,133.750,133.750,133.750,133.750,849,465441
1505318640,133.750,133.750,133.750,133.750,849,465441
1505318700,133.740,133.740,133.740,133.740,353,469690
1505318760,133.740,133.740,133.740,133.740,350,469690
1505318820,133.740,133.740,133.740,133.740,350,469690
1505318880,133.740,133.740,133.740,133.740,350,469690
1505318940,133.740,133.730,133.730,133.740,350,469690
1505319000,133.750,133.740,133.730,133.750,784,471443
1505319060,133.750,133.750,133.750,133.760,784,471443
1505319120,133.780,133.780,133.780,133.780,784,471443
1505319180,133.780,133.780,133.780,133.780,784,471443
1505319240,133.770,133.790,133.770,133.790,784,471443
1505319300,133.780,133.770,133.770,133.780,220,475363
1505319360,133.780,133.770,133.770,133.780,219,475363
1505319420,133.850,133.850,133.850,133.850,219,475363
1505319480,133.820,133.820,133.820,133.820,219,475363
1505319540,133.820,133.820,133.820,133.820,219,475363
1505319600,133.820,133.770,133.770,133.820,644,476459
1505319660,133.820,133.770,133.770,133.820,642,476459
1505319720,133.790,133.790,133.790,133.790,642,476459
1505319780,133.740,133.740,133.740,133.740,642,476459
1505319840,133.740,133.740,133.740,133.740,642,476459
1505319900,133.770,133.770,133.770,133.770,395,479671
1505319960,133.770,133.770,133.770,133.770,393,479671
1505320020,133.770,133.770,133.770,133.770,393,479671
1505320080,133.770,133.770,133.770,133.770,393,479671
1505320140,133.790,133.790,133.790,133.790,393,479671
1505320200,133.770,133.780,133.770,133.780,707,481638
1505320260,133.790,133.790,133.790,133.790,703,481638
1505320320,133.830,133.870,133.830,133.870,703,481638
1505320380,133.830,133.870,133.830,133.870,703,481638
1505320440,133.830,133.870,133.830,133.870,703,481638
1505320500,133.880,133.870,133.870,133.880,699,485157
1505320560,133.860,133.860,133.860,133.860,696,485157
1505320620,133.920,133.960,133.920,133.960,696,485157
1505320680,133.950,133.950,133.950,133.950,696,485157
1505320740,133.950,133.950,133.950,133.950,696,485157
1505320800,133.980,133.980,133.980,133.980,1867,488640
1505320860,133.980,133.980,133.980,133.980,1863,488640
1505320920,134.030,134.030,134.030,134.030,1863,488640
1505320980,134.000,134.000,134.000,134.000,1863,488640
1505321040,134.010,134.010,134.000,134.010,1863,488640
1505321100,134.010,134.030,134.010,134.030,848,497959
1505321160,134.090,134.090,134.090,134.090,845,497959
1505321220,134.140,134.140,134.140,134.140,845,497959
1505321280,134.140,134.140,134.140,134.140,845,497959
1505321340,134.080,134.070,134.070,134.080,845,497959
1505321400,134.060,134.060,134.060,134.060,460,502187
1505321460,134.120,134.120,134.120,134.120,460,502187
1505321520,134.120,134.120,134.120,134.120,460,502187
1505321580,134.120,134.120,134.120,134.120,460,502187
1505321640,134.140,134.140,134.140,134.140,460,502187
1505321700,134.140,134.140,134.140,134.140,773,504487
1505321760,134.130,134.150,134.130,134.150,769,504487
1505321820,134.210,134.210,134.210,134.210,769,504487
1505321880,134.250,134.220,134.220,134.250,769,504487
1505321940,134.200,134.200,134.200,134.200,769,504487
1505322000,134.210,134.220,134.210,134.240,1536,508336
1505322060,134.210,134.220,134.210,134.240,1535,508336
1505322120,134.230,134.280,134.230,134.280,1535,508336
1505322180,134.310,134.290,134.290,134.310,1535,508336
1505322240,134.310,134.430,134.310,134.430,1535,508336
1505322300,134.400,134.410,134.400,134.410,2693,516012
1505322360,134.380,134.400,134.380,134.400,2693,516012
1505322420,134.420,134.420,134.420,134.420,2693,516012
1505322480,134.410,134.410,134.410,134.450,2693,516012
1505322540,134.410,134.380,134.380,134.410,2693,516012
1505322600,134.380,134.380,134.370,134.380,1762,529477
1505322660,134.380,134.400,134.380,134.400,1761,529477
1505322720,134.400,134.390,134.390,134.400,1761,529477
1505322780,134.420,134.410,134.410,134.430,1761,529477
1505322840,134.410,134.360,134.360,134.410,1761,529477
1505322900,134.350,134.350,134.350,134.350,2017,538283
1505322960,134.350,134.370,134.350,134.370,2013,538283
1505323020,134.350,134.350,134.350,134.350,2013,538283
1505323080,134.340,134.370,134.340,134.380,2013,538283
1505323140,134.420,134.440,134.420,134.440,2013,538283
1505323200,134.430,134.420,134.420,134.430,1448,548352
1505323260,134.430,134.420,134.420,134.430,1447,548352
1505323320,134.460,134.400,134.400,134.460,1447,548352
1505323380,134.400,134.400,134.400,134.400,1447,548352
1505323440,134.420,134.420,134.420,134.420,1447,548352
1505323500,134.410,134.410,134.410,134.410,814,555588
1505323560,134.410,134.410,134.410,134.410,810,555588
1505323620,134.390,134.410,134.390,134.410,810,555588
1505323680,134.420,134.400,134.400,134.420,810,555588
1505323740,134.440,134.440,134.440,134.440,810,555588
1505323800,134.440,134.440,134.440,134.440,1754,559642
1505323860,134.410,134.410,134.410,134.410,1753,559642
1505323920,134.380,134.380,134.380,134.390,1753,559642
1505323980,134.360,134.300,134.300,134.360,1753,559642
1505324040,134.280,134.270,134.250,134.280,1753,559642
1505324100,134.240,134.240,134.240,134.240,1322,568408
1505324160,134.210,134.210,134.170,134.210,1318,568408
1505324220,134.210,134.130,134.130,134.210,1318,568408
1505324280,134.120,134.120,134.120,134.120,1318,568408
1505324340,134.100,134.110,134.100,134.110,1318,568408
1505324400,134.090,134.090,134.090,134.090,785,575002
1505324460,134.100,134.110,134.100,134.120,785,575002
1505324520,134.110,134.120,134.110,134.120,785,575002
1505324580,134.100,134.100,134.100,134.100,785,575002
1505324640,134.100,134.100,134.100,134.100,785,575002
1505324700,134.190,134.190,134.190,134.190,601,578927
1505324760,134.190,134.160,134.160,134.190,599,578927
1505324820,134.220,134.190,134.190,134.220,599,578927
1505324880,134.150,134.150,134.150,134.150,599,578927
1505324940,134.190,134.190,134.190,134.190,599,578927
1505325000,134.190,134.180,134.180,134.190,1089,581924
1505325060,134.180,134.150,134.150,134.180,1088,581924
1505325120,134.140,134.100,134.100,134.140,1088,581924
1505325180,134.110,134.120,134.110,134.120,1088,581924
1505325240,134.110,134.110,134.110,134.110,1088,581924
1505325300,134.110,134.110,134.110,134.110,590,587365
1505325360,134.130,134.170,134.130,134.170,588,587365
1505325420,134.150,134.150,134.150,134.150,588,587365
1505325480,134.130,134.120,134.110,134.130,588,587365
1505325540,134.130,134.120,134.110,134.130,588,587365
1505325600,134.100,134.100,134.100,134.100,771,590307
1505325660,134.120,134.140,134.120,134.140,768,590307
1505325720,134.170,134.170,134.170,134.170,768,590307
1505325780,134.140,134.090,134.090,134.140,768,590307
1505325840,134.090,134.130,134.090,134.130,768,590307
1505325900,134.120,134.120,134.120,134.120,389,594150
1505325960,134.110,134.110,134.110,134.110,385,594150
1505326020,134.070,134.070,134.070,134.070,385,594150
1505326080,134.070,134.070,134.070,134.070,385,594150
1505326140,134.070,134.070,134.070,134.070,385,594150
1505326200,134.080,134.080,134.080,134.080,658,596079
1505326260,134.080,134.080,134.080,134.080,657,596079
1505326320,134.080,134.100,134.080,134.100,657,596079
1505326380,134.090,134.090,134.090,134.090,657,596079
1505326440,134.090,134.090,134.090,134.090,657,596079
1505326500,134.040,134.040,134.040,134.040,831,599365
1505326560,134.040,134.040,134.040,134.040,831,599365
1505326620,134.050,134.080,134.050,134.080,831,599365
1505326680,134.070,134.060,134.060,134.070,831,599365
1505326740,134.070,134.060,134.060,134.070,831,599365
1505326800,134.060,134.040,134.040,134.060,734,603520
1505326860,134.050,134.050,134.050,134.050,730,603520
1505326920,134.050,134.030,134.030,134.050,730,603520
1505326980,134.050,134.060,134.030,134.060,730,603520
1505327040,134.050,134.060,134.030,134.060,730,603520
1505327100,134.040,133.990,133.990,134.040,1275,607174
1505327160,133.990,133.980,133.980,134.010,1275,607174
1505327220,133.990,133.980,133.980,134.010,1275,607174
1505327280,133.980,133.980,133.980,133.980,1275,607174
1505327340,133.980,133.970,133.970,133.980,1275,607174
1505327400,133.980,133.970,133.970,133.980,886,613549
1505327460,133.970,133.980,133.970,133.980,882,613549
1505327520,133.970,133.980,133.970,133.980,882,613549
1505327580,133.980,133.990,133.980,133.990,882,613549
1505327640,134.000,134.040,134.000,134.040,882,613549
1505327700,134.070,134.070,134.070,134.070,686,617963
1505327760,134.080,134.030,134.030,134.080,686,617963
1505327820,134.080,134.030,134.030,134.080,686,617963
1505327880,134.080,134.030,134.030,134.080,686,617963
1505327940,134.070,134.070,134.070,134.070,686,617963
1505328000,134.110,134.110,134.110,134.110,839,621393
1505328060,134.140,134.140,134.140,134.140,838,621393
1505328120,134.150,134.120,134.120,134.150,838,621393
1505328180,134.090,134.090,134.090,134.090,838,621393
1505328240,134.080,134.120,134.080,134.120,838,621393
1505328300,134.130,134.140,134.130,134.140,164,625584
1505328360,134.130,134.140,134.130,134.140,160,625584
1505328420,134.130,134.140,134.130,134.140,160,625584
1505328480,134.130,134.130,134.130,134.130,160,625584
1505328540,134.130,134.130,134.130,134.130,160,625584
1505328600,134.060,134.060,134.060,134.060,642,626388
1505328660,134.080,134.080,134.080,134.080,639,626388
1505328720,134.100,134.100,134.100,134.100,639,626388
1505328780,134.090,134.020,134.020,134.090,639,626388
1505328840,134.030,134.000,134.000,134.030,639,626388
1505328900,134.030,134.030,134.030,134.030,847,629586
1505328960,134.060,134.060,134.060,134.060,847,629586
1505329020,134.070,134.060,134.060,134.070,847,629586
1505329080,134.050,134.030,134.030,134.050,847,629586
1505329140,134.050,134.030,134.030,134.050,847,629586
1505329200,134.050,134.030,134.030,134.050,1118,633821
1505329260,134.040,134.050,134.040,134.050,1117,633821
1505329320,134.040,134.100,134.040,134.100,1117,633821
1505329380,134.110,134.110,134.110,134.120,1117,633821
1505329440,134.110,134.110,134.110,134.120,1117,633821
1505329500,134.070,134.080,134.070,134.080,1245,639407
1505329560,134.060,134.080,134.060,134.080,1245,639407
1505329620,134.080,134.060,134.060,134.080,1245,639407
1505329680,134.070,134.060,134.060,134.080,1245,639407
1505329740,134.040,134.040,134.040,134.040,1245,639407
1505329800,134.050,134.050,134.050,134.050,348,645632
1505329860,134.030,134.030,134.030,134.030,348,645632
1505329920,134.040,134.040,134.040,134.040,348,645632
1505329980,134.030,134.030,134.030,134.030,348,645632
1505330040,134.030,134.030,134.030,134.030,348,645632
1505330100,134.020,134.000,134.000,134.020,1104,647372
1505330160,133.970,133.970,133.970,133.970,1103,647372
1505330220,133.970,133.970,133.970,133.970,1103,647372
1505330280,133.980,133.980,133.980,133.980,1103,647372
1505330340,133.990,133.990,133.990,133.990,1103,647372
1505330400,134.030,134.030,134.030,134.030,938,652888
1505330460,134.040,134.040,134.040,134.040,938,652888
1505330520,134.030,134.030,134.030,134.030,938,652888
1505330580,134.040,134.040,134.040,134.040,938,652888
1505330640,134.040,134.060,134.020,134.060,938,652888
1505330700,134.050,134.030,134.030,134.050,1036,657578
1505330760,134.010,134.000,134.000,134.010,1035,657578
1505330820,134.020,134.020,134.020,134.020,1035,657578
1505330880,134.010,134.010,134.010,134.010,1035,657578
1505330940,134.010,134.010,134.000,134.020,1035,657578
1505331000,134.020,134.030,134.020,134.030,2767,662754
1505331060,134.030,134.020,134.010,134.030,2767,662754
1505331120,134.030,134.030,134.020,134.030,2767,662754
1505331180,134.030,134.060,134.030,134.060,2767,662754
1505331240,134.080,134.070,134.060,134.080,2767,662754
1505331300,134.110,134.140,134.110,134.140,1813,676589
1505331360,134.140,134.150,134.140,134.150,1810,676589
1505331420,134.100,134.110,134.100,134.110,1810,676589
1505331480,134.120,134.160,134.120,134.160,1810,676589
1505331540,134.170,134.130,134.130,134.170,1810,676589
1505331600,134.170,134.130,134.130,134.170,1602,685642
1505331660,134.210,134.210,134.180,134.210,1601,685642
1505331720,134.190,134.170,134.170,134.190,1601,685642
1505331780,134.180,134.180,134.170,134.180,1601,685642
1505331840,134.150,134.140,134.120,134.150,1601,685642
1505331900,134.110,134.000,134.000,134.110,2768,693648
1505331960,134.050,134.010,134.010,134.050,2768,693648
1505332020,134.050,134.060,134.050,134.070,2768,693648
1505332080,134.050,134.040,134.030,134.050,2768,693648
1505332140,134.030,134.050,134.030,134.050,2768,693648
1505332200,134.010,134.060,134.010,134.060,3570,707488
1505332260,134.080,134.070,134.060,134.080,3568,707488
1505332320,134.050,134.070,134.050,134.070,3568,707488
1505332380,134.060,134.060,134.050,134.060,3568,707488
1505332440,134.070,134.060,134.050,134.070,3568,707488
1505332500,134.060,134.030,134.020,134.060,25332,725330
1505332560,134.040,134.040,134.040,134.040,25329,725330
1505332620,134.030,133.990,133.990,134.030,25329,725330
1505332680,134.050,134.020,134.020,134.050,25329,725330
1505332740,134.030,134.150,134.030,134.150,25329,725330
1505395800,133.590,133.590,133.590,133.590,3859,0
1505395860,133.590,133.590,133.590,133.590,3855,0
1505395920,133.680,133.670,133.570,133.680,3855,0
1505395980,133.720,133.700,133.700,133.720,3855,0
1505396040,133.590,133.580,133.580,133.590,3855,0
1505396100,133.660,133.670,133.660,133.670,1819,19279
1505396160,133.660,133.670,133.660,133.670,1818,19279
1505396220,133.740,133.750,133.740,133.750,1818,19279
1505396280,133.550,133.600,133.490,133.600,1818,19279
1505396340,133.690,133.670,133.670,133.690,1818,19279
1505396400,133.710,133.620,133.620,133.710,2428,28370
1505396460,133.610,133.700,133.600,133.700,2426,28370
1505396520,133.610,133.700,133.600,133.700,2426,28370
1505396580,133.760,133.710,133.710,133.760,2426,28370
1505396640,133.720,133.750,133.720,133.760,2426,28370
1505396700,133.750,133.720,133.700,133.750,3823,40502
1505396760,133.720,133.770,133.720,133.780,3822,40502
1505396820,133.760,133.770,133.750,133.770,3822,40502
1505396880,133.740,133.790,133.740,133.790,3822,40502
1505396940,133.740,133.790,133.740,133.790,3822,40502
1505397000,133.740,133.730,133.730,133.740,2816,59613
1505397060,133.730,133.730,133.730,133.730,2814,59613
1505397120,133.720,133.620,133.610,133.720,2814,59613
1505397180,133.620,133.490,133.430,133.620,2814,59613
1505397240,133.500,133.500,133.500,133.500,2814,59613
1505397300,133.500,133.500,133.500,133.500,2902,73685
1505397360,133.500,133.600,133.500,133.600,2902,73685
1505397420,133.620,133.560,133.540,133.620,2902,73685
1505397480,133.620,133.560,133.540,133.620,2902,73685
1505397540,133.470,133.470,133.470,133.470,2902,73685
1505397600,133.490,133.500,133.490,133.500,2470,88195
1505397660,133.490,133.530,133.490,133.530,2469,88195
1505397720,133.510,133.510,133.510,133.510,2469,88195
1505397780,133.490,133.520,133.470,133.530,2469,88195
1505397840,133.530,133.490,133.490,133.530,2469,88195
1505397900,133.510,133.510,133.510,133.510,2094,100541
1505397960,133.530,133.580,133.530,133.580,2092,100541
1505398020,133.580,133.570,133.570,133.580,2092,100541
1505398080,133.570,133.590,133.570,133.590,2092,100541
1505398140,133.610,133.590,133.590,133.630,2092,100541
1505398200,133.620,133.650,133.620,133.650,3477,111003
1505398260,133.670,133.600,133.590,133.670,3475,111003
1505398320,133.600,133.600,133.600,133.600,3475,111003
1505398380,133.560,133.540,133.540,133.570,3475,111003
1505398440,133.520,133.560,133.520,133.570,3475,111003
1505398500,133.520,133.560,133.520,133.570,4695,128380
1505398560,133.620,133.630,133.620,133.630,4694,128380
1505398620,133.650,133.650,133.650,133.660,4694,128380
1505398680,133.670,133.630,133.630,133.670,4694,128380
1505398740,133.630,133.590,133.590,133.640,4694,128380
1505398800,133.600,133.600,133.600,133.600,2709,151851
1505398860,133.500,133.500,133.500,133.500,2706,151851
1505398920,133.490,133.480,133.480,133.500,2706,151851
1505398980,133.460,133.460,133.460,133.460,2706,151851
1505399040,133.470,133.470,133.470,133.470,2706,151851
1505399100,133.470,133.470,133.470,133.470,954,165384
1505399160,133.480,133.480,133.480,133.530,952,165384
1505399220,133.470,133.440,133.440,133.470,952,165384
1505399280,133.410,133.380,133.350,133.410,952,165384
1505399340,133.410,133.380,133.350,133.410,952,165384
1505399400,133.360,133.350,133.350,133.360,3801,170146
1505399460,133.400,133.400,133.400,133.410,3801,170146
1505399520,133.360,133.360,133.360,133.360,3801,170146
1505399580,133.350,133.310,133.310,133.350,3801,170146
1505399640,133.330,133.310,133.300,133.330,3801,170146
1505399700,133.310,133.290,133.290,133.350,7456,189151
1505399760,133.290,133.250,133.250,133.290,7454,189151
1505399820,133.280,133.260,133.260,133.280,7454,189151
1505399880,133.230,133.230,133.230,133.250,7454,189151
1505399940,133.250,133.230,133.220,133.250,7454,189151
1505400000,133.230,133.200,133.200,133.260,5357,226423
1505400060,133.210,133.220,133.200,133.220,5356,226423
1505400120,133.210,133.220,133.200,133.220,5356,226423
1505400180,133.210,133.220,133.200,133.220,5356,226423
1505400240,133.190,133.190,133.180,133.210,5356,226423
1505400300,133.190,133.220,133.170,133.220,3487,253204
1505400360,133.220,133.130,133.130,133.230,3483,253204
1505400420,133.220,133.130,133.130,133.230,3483,253204
1505400480,133.130,133.110,133.110,133.140,3483,253204
1505400540,133.110,133.110,133.110,133.110,3483,253204
1505400600,133.070,133.040,133.040,133.070,4546,270623
1505400660,133.060,133.110,133.060,133.110,4543,270623
1505400720,133.080,133.080,133.070,133.110,4543,270623
1505400780,133.060,133.060,133.060,133.060,4543,270623
1505400840,133.050,133.070,133.040,133.070,4543,270623
1505400900,133.060,133.110,133.060,133.110,1295,293341
1505400960,133.100,133.100,133.100,133.100,1292,293341
1505401020,133.120,133.130,133.120,133.130,1292,293341
1505401080,133.110,133.080,133.080,133.110,1292,293341
1505401140,133.060,133.090,133.060,133.090,1292,293341
1505401200,133.090,133.100,133.090,133.110,2730,299804
1505401260,133.100,133.130,133.100,133.130,2727,299804
1505401320,133.140,133.220,133.140,133.220,2727,299804
1505401380,133.220,133.230,133.220,133.230,2727,299804
1505401440,133.200,133.180,133.180,133.200,2727,299804
1505401500,133.200,133.180,133.180,133.200,1923,313442
1505401560,133.210,133.210,133.210,133.220,1922,313442
1505401620,133.170,133.170,133.110,133.170,1922,313442
1505401680,133.150,133.180,133.150,133.180,1922,313442
1505401740,133.210,133.200,133.200,133.210,1922,313442
1505401800,133.210,133.210,133.210,133.210,939,323053
1505401860,133.180,133.180,133.180,133.180,936,323053
1505401920,133.220,133.230,133.220,133.230,936,323053
1505401980,133.240,133.220,133.220,133.240,936,323053
1505402040,133.240,133.220,133.220,133.240,936,323053
1505402100,133.290,133.290,133.290,133.290,2187,327736
1505402160,133.310,133.310,133.310,133.320,2185,327736
1505402220,133.310,133.310,133.310,133.320,2185,327736
1505402280,133.320,133.290,133.290,133.320,2185,327736
1505402340,133.310,133.280,133.280,133.320,2185,327736
1505402400,133.280,133.310,133.280,133.310,1969,338663
1505402460,133.310,133.320,133.300,133.320,1968,338663
1505402520,133.350,133.360,133.350,133.360,1968,338663
1505402580,133.370,133.380,133.370,133.380,1968,338663
1505402640,133.390,133.390,133.390,133.390,1968,338663
1505402700,133.390,133.330,133.330,133.390,1795,348504
1505402760,133.320,133.250,133.250,133.320,1795,348504
1505402820,133.290,133.340,133.260,133.340,1795,348504
1505402880,133.340,133.340,133.340,133.340,1795,348504
1505402940,133.440,133.410,133.410,133.440,1795,348504
1505403000,133.420,133.440,133.420,133.440,1311,357479
1505403060,133.590,133.560,133.540,133.590,1310,357479
1505403120,133.520,133.520,133.520,133.520,1310,357479
1505403180,133.520,133.590,133.520,133.590,1310,357479
1505403240,133.620,133.650,133.620,133.680,1310,357479
1505403300,133.640,133.680,133.640,133.680,1352,364030
1505403360,133.650,133.560,133.560,133.650,1348,364030
1505403420,133.590,133.590,133.590,133.590,1348,364030
1505403480,133.590,133.590,133.590,133.590,1348,364030
1505403540,133.590,133.610,133.590,133.610,1348,364030
1505403600,133.600,133.610,133.600,133.610,469,370774
1505403660,133.620,133.620,133.620,133.620,469,370774
1505403720,133.660,133.650,133.630,133.660,469,370774
1505403780,133.640,133.640,133.640,133.640,469,370774
1505403840,133.670,133.670,133.670,133.670,469,370774
1505403900,133.730,133.710,133.710,133.730,4167,373119
1505403960,133.710,133.780,133.710,133.780,4164,373119
1505404020,133.750,133.710,133.710,133.750,4164,373119
1505404080,133.690,133.710,133.690,133.710,4164,373119
1505404140,133.680,133.690,133.680,133.690,4164,373119
1505404200,133.690,133.710,133.690,133.720,577,393942
1505404260,133.740,133.740,133.740,133.740,577,393942
1505404320,133.720,133.720,133.720,133.720,577,393942
1505404380,133.730,133.730,133.730,133.730,577,393942
1505404440,133.710,133.750,133.710,133.750,577,393942
1505404500,133.740,133.730,133.730,133.740,3520,396827
1505404560,133.740,133.760,133.740,133.760,3518,396827
1505404620,133.760,133.730,133.730,133.760,3518,396827
1505404680,133.740,133.740,133.740,133.740,3518,396827
1505404740,133.770,133.780,133.770,133.780,3518,396827
1505404800,133.770,133.780,133.770,133.780,208,414419
1505404860,133.820,133.820,133.820,133.820,208,414419
1505404920,133.820,133.820,133.820,133.820,208,414419
1505404980,133.820,133.820,133.820,133.820,208,414419
1505405040,133.890,133.890,133.890,133.890,208,414419
1505405100,133.890,133.890,133.890,133.890,1421,415459
1505405160,133.870,133.870,133.860,133.890,1417,415459
1505405220,133.890,133.890,133.890,133.890,1417,415459
1505405280,133.870,133.880,133.870,133.880,1417,415459
1505405340,133.880,133.880,133.880,133.880,1417,415459
1505405400,133.900,133.900,133.900,133.900,1449,422548
1505405460,133.910,133.880,133.880,133.910,1449,422548
1505405520,133.880,133.890,133.880,133.890,1449,422548
1505405580,133.880,133.850,133.850,133.880,1449,422548
1505405640,133.870,133.870,133.870,133.870,1449,422548
1505405700,133.870,133.870,133.870,133.870,2961,429793
1505405760,133.910,133.870,133.850,133.910,2958,429793
1505405820,133.910,133.870,133.850,133.910,2958,429793
1505405880,133.910,133.870,133.850,133.910,2958,429793
1505405940,133.870,133.900,133.870,133.900,2958,429793
1505406000,133.880,133.880,133.880,133.880,292,444586
1505406060,133.900,133.900,133.900,133.900,289,444586
1505406120,133.920,133.920,133.920,133.920,289,444586
1505406180,133.950,133.950,133.950,133.950,289,444586
1505406240,133.930,133.980,133.930,133.980,289,444586
1505406300,133.940,133.880,133.880,133.970,1234,446034
1505406360,133.940,133.880,133.880,133.970,1230,446034
1505406420,133.940,133.880,133.880,133.970,1230,446034
1505406480,133.890,133.910,133.890,133.910,1230,446034
1505406540,133.940,133.910,133.910,133.940,1230,446034
1505406600,133.930,133.910,133.910,133.930,839,452188
1505406660,133.890,133.890,133.890,133.890,835,452188
1505406720,133.910,133.950,133.910,133.950,835,452188
1505406780,133.960,133.960,133.960,133.960,835,452188
1505406840,133.940,133.940,133.940,133.940,835,452188
1505406900,133.930,133.960,133.930,133.960,931,456367
1505406960,133.940,134.040,133.940,134.040,930,456367
1505407020,134.000,134.000,134.000,134.000,930,456367
1505407080,133.990,134.000,133.990,134.000,930,456367
1505407140,134.000,134.000,134.000,134.000,930,456367
1505407200,134.030,134.010,134.010,134.030,814,461018
1505407260,134.000,134.000,134.000,134.000,813,461018
1505407320,134.010,134.030,134.010,134.030,813,461018
1505407380,134.030,134.030,134.030,134.030,813,461018
1505407440,134.050,134.050,134.050,134.050,813,461018
1505407500,134.050,134.050,134.050,134.050,989,465084
1505407560,134.050,134.050,134.050,134.050,988,465084
1505407620,134.060,134.050,134.030,134.060,988,465084
1505407680,134.060,134.090,134.040,134.090,988,465084
1505407740,134.090,134.100,134.090,134.100,988,465084
1505407800,134.140,134.170,134.140,134.190,1667,470025
1505407860,134.160,134.160,134.160,134.160,1664,470025
1505407920,134.180,134.150,134.150,134.180,1664,470025
1505407980,134.150,134.150,134.150,134.150,1664,470025
1505408040,134.170,134.230,134.170,134.240,1664,470025
1505408100,134.240,134.200,134.200,134.250,3011,478348
1505408160,134.180,134.220,134.180,134.220,3011,478348
1505408220,134.220,134.230,134.220,134.230,3011,478348
1505408280,134.280,134.360,134.280,134.360,3011,478348
1505408340,134.340,134.260,134.260,134.340,3011,478348
1505408400,134.260,134.260,134.260,134.260,1754,493403
1505408460,134.250,134.250,134.220,134.250,1754,493403
1505408520,134.270,134.270,134.270,134.270,1754,493403
1505408580,134.200,134.260,134.200,134.260,1754,493403
1505408640,134.210,134.190,134.190,134.210,1754,493403
1505408700,134.170,134.120,134.120,134.170,340,502173
1505408760,134.150,134.150,134.150,134.150,337,502173
1505408820,134.180,134.180,134.180,134.180,337,502173
1505408880,134.180,134.180,134.180,134.180,337,502173
1505408940,134.180,134.180,134.180,134.180,337,502173
1505409000,134.190,134.190,134.180,134.190,817,503861
1505409060,134.190,134.140,134.140,134.190,814,503861
1505409120,134.160,134.180,134.160,134.180,814,503861
1505409180,134.180,134.210,134.180,134.210,814,503861
1505409240,134.180,134.210,134.180,134.210,814,503861
1505409300,134.180,134.210,134.180,134.210,225,507934
1505409360,134.250,134.280,134.250,134.280,225,507934
1505409420,134.250,134.280,134.250,134.280,225,507934
1505409480,134.280,134.280,134.280,134.280,225,507934
1505409540,134.280,134.280,134.280,134.280,225,507934
1505409600,134.270,134.270,134.270,134.270,1258,509059
1505409660,134.290,134.290,134.290,134.290,1258,509059
1505409720,134.270,134.290,134.270,134.290,1258,509059
1505409780,134.310,134.290,134.290,134.310,1258,509059
1505409840,134.280,134.300,134.280,134.300,1258,509059
1505409900,134.320,134.320,134.320,134.320,899,515349
1505409960,134.350,134.350,134.350,134.350,899,515349
1505410020,134.370,134.370,134.370,134.370,899,515349
1505410080,134.380,134.350,134.350,134.380,899,515349
1505410140,134.360,134.360,134.360,134.360,899,515349
1505410200,134.360,134.350,134.350,134.360,492,519844
1505410260,134.360,134.350,134.350,134.360,491,519844
1505410320,134.360,134.350,134.350,134.360,491,519844
1505410380,134.350,134.350,134.350,134.350,491,519844
1505410440,134.350,134.350,134.350,134.350,491,519844
1505410500,134.350,134.350,134.350,134.350,1688,522300
1505410560,134.340,134.200,134.200,134.340,1685,522300
1505410620,134.180,134.180,134.180,134.180,1685,522300
1505410680,134.160,134.160,134.160,134.160,1685,522300
1505410740,134.190,134.210,134.190,134.210,1685,522300
1505410800,134.210,134.230,134.210,134.230,690,530728
1505410860,134.210,134.230,134.210,134.230,686,530728
1505410920,134.240,134.250,134.240,134.250,686,530728
1505410980,134.270,134.270,134.270,134.270,686,530728
1505411040,134.280,134.280,134.280,134.280,686,530728
1505411100,134.280,134.280,134.280,134.280,780,534162
1505411160,134.310,134.310,134.310,134.310,778,534162
1505411220,134.290,134.260,134.250,134.290,778,534162
1505411280,134.270,134.290,134.270,134.290,778,534162
1505411340,134.280,134.280,134.280,134.280,778,534162
1505411400,134.280,134.280,134.280,134.280,170,538054
1505411460,134.310,134.310,134.310,134.310,168,538054
1505411520,134.310,134.310,134.310,134.310,168,538054
1505411580,134.310,134.310,134.310,134.310,168,538054
1505411640,134.310,134.310,134.310,134.310,168,538054
1505411700,134.320,134.350,134.320,134.350,1125,538896
1505411760,134.320,134.350,134.320,134.350,1125,538896
1505411820,134.350,134.350,134.350,134.350,1125,538896
1505411880,134.350,134.350,134.350,134.350,1125,538896
1505411940,134.340,134.350,134.340,134.350,1125,538896
1505412000,134.340,134.350,134.340,134.350,1273,544521
1505412060,134.340,134.350,134.340,134.350,1269,544521
1505412120,134.350,134.350,134.350,134.350,1269,544521
1505412180,134.350,134.350,134.350,134.350,1269,544521
1505412240,134.350,134.350,134.350,134.350,1269,544521
1505412300,134.350,134.360,134.350,134.360,1634,550870
1505412360,134.310,134.310,134.310,134.310,1632,550870
1505412420,134.310,134.310,134.310,134.310,1632,550870
1505412480,134.310,134.310,134.310,134.310,1632,550870
1505412540,134.280,134.270,134.270,134.280,1632,550870
1505412600,134.250,134.250,134.250,134.250,1048,559032
1505412660,134.270,134.300,134.270,134.300,1048,559032
1505412720,134.330,134.330,134.330,134.330,1048,559032
1505412780,134.300,134.330,134.300,134.330,1048,559032
1505412840,134.330,134.330,134.330,134.330,1048,559032
1505412900,134.340,134.350,134.340,134.370,2751,564272
1505412960,134.420,134.430,134.420,134.430,2748,564272
1505413020,134.450,134.550,134.430,134.550,2748,564272
1505413080,134.550,134.530,134.530,134.550,2748,564272
1505413140,134.490,134.510,134.490,134.530,2748,564272
1505413200,134.490,134.510,134.490,134.530,1506,578015
1505413260,134.530,134.530,134.530,134.530,1503,578015
1505413320,134.500,134.530,134.500,134.550,1503,578015
1505413380,134.510,134.510,134.510,134.510,1503,578015
1505413440,134.520,134.520,134.520,134.520,1503,578015
1505413500,134.450,134.420,134.420,134.450,1216,585533
1505413560,134.450,134.420,134.420,134.450,1214,585533
1505413620,134.430,134.410,134.390,134.430,1214,585533
1505413680,134.400,134.400,134.400,134.400,1214,585533
1505413740,134.450,134.470,134.450,134.470,1214,585533
1505413800,134.440,134.440,134.440,134.440,1239,591605
1505413860,134.440,134.440,134.440,134.440,1236,591605
1505413920,134.440,134.480,134.440,134.480,1236,591605
1505413980,134.490,134.480,134.480,134.490,1236,591605
1505414040,134.460,134.460,134.460,134.460,1236,591605
1505414100,134.460,134.460,134.460,134.460,493,597788
1505414160,134.460,134.460,134.460,134.460,493,597788
1505414220,134.490,134.470,134.470,134.490,493,597788
1505414280,134.490,134.470,134.470,134.490,493,597788
1505414340,134.450,134.420,134.420,134.450,493,597788
1505414400,134.380,134.400,134.380,134.400,869,600253
1505414460,134.420,134.410,134.410,134.430,868,600253
1505414520,134.420,134.430,134.420,134.430,868,600253
1505414580,134.430,134.440,134.430,134.440,868,600253
1505414640,134.430,134.440,134.430,134.440,868,600253
1505414700,134.430,134.430,134.430,134.430,39109,604594
1505414760,134.410,134.390,134.390,134.410,39106,604594
1505414820,134.340,134.340,134.340,134.350,39106,604594
1505414880,134.320,134.320,134.320,134.320,39106,604594
1505414940,134.320,134.330,134.310,134.330,39106,604594
1505415000,134.330,134.330,134.330,134.330,1161,800127
1505415060,134.300,134.340,134.300,134.340,1160,800127
1505415120,134.350,134.350,134.350,134.350,1160,800127
1505415180,134.360,134.310,134.310,134.360,1160,800127
1505415240,134.340,134.340,134.340,134.340,1160,800127
1505415300,134.320,134.260,134.260,134.320,1658,805928
1505415360,134.260,134.270,134.260,134.290,1658,805928
1505415420,134.260,134.270,134.260,134.290,1658,805928
1505415480,134.260,134.270,134.260,134.290,1658,805928
1505415540,134.280,134.270,134.270,134.280,1658,805928
1505415600,134.240,134.240,134.240,134.240,2443,814218
1505415660,134.250,134.170,134.170,134.250,2439,814218
1505415720,134.180,134.180,134.170,134.180,2439,814218
1505415780,134.180,134.190,134.180,134.190,2439,814218
1505415840,134.180,134.250,134.170,134.250,2439,814218
1505415900,134.240,134.240,134.240,134.240,932,826417
1505415960,134.280,134.300,134.280,134.300,929,826417
1505416020,134.300,134.270,134.270,134.300,929,826417
1505416080,134.300,134.270,134.270,134.300,929,826417
1505416140,134.320,134.320,134.320,134.320,929,826417
1505416200,134.270,134.270,134.270,134.270,930,831065
1505416260,134.270,134.270,134.270,134.270,926,831065
1505416320,134.270,134.270,134.260,134.270,926,831065
1505416380,134.260,134.270,134.260,134.270,926,831065
1505416440,134.260,134.270,134.260,134.270,926,831065
1505416500,134.280,134.280,134.260,134.280,11636,835699
1505416560,134.280,134.310,134.270,134.310,11633,835699
1505416620,134.310,134.290,134.290,134.310,11633,835699
1505416680,134.280,134.280,134.280,134.280,11633,835699
1505416740,134.200,134.220,134.200,134.230,11633,835699
1505416800,134.250,134.240,134.220,134.250,1707,893867
1505416860,134.250,134.250,134.250,134.250,1707,893867
1505416920,134.250,134.250,134.250,134.250,1707,893867
1505416980,134.220,134.200,134.200,134.220,1707,893867
1505417040,134.200,134.200,134.200,134.200,1707,893867
1505417100,134.180,134.150,134.150,134.180,558,902402
1505417160,134.180,134.150,134.150,134.180,555,902402
1505417220,134.170,134.180,134.150,134.180,555,902402
1505417280,134.160,134.150,134.150,134.160,555,902402
1505417340,134.170,134.170,134.170,134.170,555,902402
1505417400,134.190,134.200,134.190,134.200,1985,905180
1505417460,134.230,134.230,134.220,134.240,1981,905180
1505417520,134.170,134.210,134.170,134.210,1981,905180
1505417580,134.220,134.230,134.220,134.230,1981,905180
1505417640,134.230,134.240,134.230,134.240,1981,905180
1505417700,134.200,134.220,134.200,134.230,2256,915089
1505417760,134.230,134.230,134.230,134.230,2253,915089
1505417820,134.230,134.240,134.230,134.240,2253,915089
1505417880,134.250,134.270,134.250,134.270,2253,915089
1505417940,134.280,134.290,134.270,134.290,2253,915089
1505418000,134.310,134.280,134.280,134.310,2582,926357
1505418060,134.310,134.320,134.290,134.320,2581,926357
1505418120,134.310,134.320,134.290,134.320,2581,926357
1505418180,134.320,134.290,134.290,134.330,2581,926357
1505418240,134.220,134.280,134.220,134.280,2581,926357
1505418300,134.300,134.280,134.260,134.300,4658,939263
1505418360,134.220,134.200,134.200,134.230,4658,939263
1505418420,134.220,134.190,134.180,134.230,4658,939263
1505418480,134.150,134.190,134.150,134.190,4658,939263
1505418540,134.200,134.230,134.200,134.230,4658,939263
1505418600,134.240,134.230,134.220,134.240,5910,962553
1505418660,134.230,134.190,134.190,134.230,5910,962553
1505418720,134.180,134.160,134.150,134.180,5910,962553
1505418780,134.150,134.120,134.120,134.150,5910,962553
1505418840,134.130,134.100,134.040,134.130,5910,962553
1505418900,134.140,134.130,134.130,134.150,16639,992103
1505418960,134.130,134.160,134.120,134.160,16635,992103
1505419020,134.150,134.120,134.100,134.150,16635,992103
1505419080,134.110,134.110,134.090,134.130,16635,992103
1505419140,134.180,134.090,134.090,134.180,16635,992103
1505482200,134.490,134.460,134.460,134.490,65460,0
1505482260,134.490,134.060,134.060,134.710,65457,0
1505482320,134.030,133.950,133.950,134.030,65457,0
1505482380,134.160,134.160,134.160,134.160,65457,0
1505482440,134.230,134.650,134.230,134.650,65457,0
1505482500,134.650,134.430,134.300,134.650,2733,327288
1505482560,134.440,134.350,134.350,134.440,2733,327288
1505482620,134.440,134.350,134.350,134.440,2733,327288
1505482680,134.300,134.370,134.300,134.450,2733,327288
1505482740,134.440,134.430,134.430,134.440,2733,327288
1505482800,134.290,134.260,134.180,134.290,6394,340953
1505482860,134.310,134.280,134.150,134.310,6394,340953
1505482920,134.280,134.250,134.250,134.280,6394,340953
1505482980,134.120,134.150,134.120,134.160,6394,340953
1505483040,134.130,134.200,134.130,134.250,6394,340953
1505483100,134.200,134.200,134.200,134.200,1894,372923
1505483160,134.460,134.240,134.240,134.460,1892,372923
1505483220,134.290,134.250,134.250,134.380,1892,372923
1505483280,134.250,134.330,134.250,134.330,1892,372923
1505483340,134.240,134.240,134.240,134.240,1892,372923
1505483400,134.220,134.290,134.220,134.330,6765,382385
1505483460,134.250,134.270,134.210,134.380,6765,382385
1505483520,134.250,134.300,134.240,134.430,6765,382385
1505483580,134.380,134.460,134.380,134.530,6765,382385
1505483640,134.430,134.380,134.380,134.430,6765,382385
1505483700,134.380,134.320,134.300,134.380,7417,416210
1505483760,134.350,134.270,134.240,134.370,7414,416210
1505483820,134.320,134.240,134.210,134.320,7414,416210
1505483880,134.230,134.110,134.100,134.230,7414,416210
1505483940,134.060,134.040,134.040,134.060,7414,416210
1505484000,134.030,133.840,133.840,134.030,3805,453283
1505484060,133.910,133.990,133.910,134.000,3801,453283
1505484120,134.000,134.000,134.000,134.000,3801,453283
1505484180,134.040,134.030,134.030,134.040,3801,453283
1505484240,134.000,134.110,133.990,134.110,3801,453283
1505484300,134.050,134.030,134.030,134.050,2515,472292
1505484360,133.980,133.980,133.980,133.980,2511,472292
1505484420,133.920,133.950,133.920,133.970,2511,472292
1505484480,133.950,133.920,133.920,133.950,2511,472292
1505484540,133.900,133.890,133.880,133.900,2511,472292
1505484600,133.890,133.750,133.740,133.890,3856,484851
1505484660,133.770,133.730,133.730,133.790,3852,484851
1505484720,133.750,133.720,133.720,133.750,3852,484851
1505484780,133.770,133.770,133.770,133.800,3852,484851
1505484840,133.770,133.770,133.770,133.800,3852,484851
1505484900,133.790,133.890,133.790,133.890,1257,504115
1505484960,133.940,133.950,133.940,133.950,1254,504115
1505485020,133.890,133.830,133.830,133.890,1254,504115
1505485080,133.830,133.830,133.830,133.830,1254,504115
1505485140,133.800,133.800,133.800,133.800,1254,504115
1505485200,133.870,133.840,133.820,133.870,3777,510388
1505485260,133.790,133.810,133.790,133.810,3777,510388
1505485320,133.910,133.910,133.910,133.910,3777,510388
1505485380,133.890,133.860,133.810,133.890,3777,510388
1505485440,133.840,133.840,133.840,133.840,3777,510388
1505485500,133.870,133.920,133.870,133.920,1850,529273
1505485560,133.900,133.900,133.900,133.900,1848,529273
1505485620,133.880,133.810,133.810,133.880,1848,529273
1505485680,133.840,133.860,133.810,133.860,1848,529273
1505485740,133.860,133.860,133.820,133.860,1848,529273
1505485800,133.850,133.850,133.850,133.850,1880,538515
1505485860,133.880,133.930,133.880,133.950,1878,538515
1505485920,133.930,133.880,133.840,133.930,1878,538515
1505485980,133.880,133.870,133.870,133.880,1878,538515
1505486040,133.860,133.810,133.810,133.870,1878,538515
1505486100,133.770,133.770,133.770,133.770,2576,547907
1505486160,133.770,133.770,133.770,133.770,2575,547907
1505486220,133.750,133.750,133.750,133.750,2575,547907
1505486280,133.820,133.890,133.820,133.890,2575,547907
1505486340,133.890,133.910,133.890,133.910,2575,547907
1505486400,133.920,133.910,133.910,133.950,5722,560783
1505486460,133.890,133.810,133.810,133.890,5718,560783
1505486520,133.810,133.780,133.760,133.810,5718,560783
1505486580,133.800,133.770,133.770,133.800,5718,560783
1505486640,133.800,133.770,133.770,133.800,5718,560783
1505486700,133.780,133.750,133.750,133.780,910,589377
1505486760,133.780,133.780,133.780,133.780,908,589377
1505486820,133.790,133.860,133.790,133.860,908,589377
1505486880,133.920,133.920,133.920,133.920,908,589377
1505486940,133.930,133.990,133.930,133.990,908,589377
1505487000,134.010,134.010,134.010,134.010,4661,593919
1505487060,134.060,134.110,134.060,134.110,4660,593919
1505487120,134.090,133.920,133.920,134.090,4660,593919
1505487180,133.970,133.960,133.890,133.970,4660,593919
1505487240,133.890,133.920,133.890,133.930,4660,593919
1505487300,133.990,134.030,133.990,134.030,965,617220
1505487360,134.040,133.990,133.990,134.040,963,617220
1505487420,134.040,133.990,133.990,134.040,963,617220
1505487480,133.960,133.960,133.960,133.960,963,617220
1505487540,133.960,133.960,133.960,133.960,963,617220
1505487600,133.930,133.810,133.810,133.930,3796,622037
1505487660,133.840,133.840,133.840,133.840,3793,622037
1505487720,133.900,133.900,133.900,133.900,3793,622037
1505487780,133.970,133.980,133.970,133.980,3793,622037
1505487840,133.960,133.890,133.890,133.990,3793,622037
1505487900,133.890,133.850,133.780,133.910,2375,641005
1505487960,133.870,133.900,133.870,133.920,2374,641005
1505488020,133.900,133.960,133.890,133.960,2374,641005
1505488080,134.000,134.000,134.000,134.000,2374,641005
1505488140,134.000,134.000,134.000,134.000,2374,641005
1505488200,134.030,134.010,134.010,134.030,6010,652876
1505488260,133.990,133.960,133.930,133.990,6008,652876
1505488320,133.960,133.940,133.940,133.990,6008,652876
1505488380,133.940,133.910,133.880,133.960,6008,652876
1505488440,133.940,133.910,133.870,133.940,6008,652876
1505488500,133.840,133.860,133.820,133.890,4517,682918
1505488560,133.880,133.880,133.880,133.880,4517,682918
1505488620,133.930,134.000,133.930,134.000,4517,682918
1505488680,133.990,134.060,133.970,134.060,4517,682918
1505488740,134.040,134.000,134.000,134.040,4517,682918
1505488800,134.010,134.010,133.990,134.040,9977,705503
1505488860,134.000,134.010,133.930,134.060,9976,705503
1505488920,133.980,133.970,133.970,134.030,9976,705503
1505488980,133.950,133.930,133.900,133.960,9976,705503
1505489040,133.970,133.950,133.950,133.970,9976,705503
1505489100,133.970,133.940,133.940,133.980,2901,755384
1505489160,133.960,133.990,133.960,133.990,2897,755384
1505489220,133.970,133.970,133.970,133.970,2897,755384
1505489280,133.930,133.970,133.930,133.970,2897,755384
1505489340,133.930,133.940,133.930,133.990,2897,755384
1505489400,133.940,133.960,133.940,133.960,1894,769873
1505489460,134.000,133.950,133.950,134.000,1890,769873
1505489520,133.960,133.960,133.900,133.960,1890,769873
1505489580,133.990,133.940,133.940,133.990,1890,769873
1505489640,133.960,133.960,133.960,133.980,1890,769873
1505489700,133.970,134.010,133.970,134.060,13016,779327
1505489760,134.040,134.030,134.000,134.040,13012,779327
1505489820,133.970,133.980,133.950,133.980,13012,779327
1505489880,133.930,133.880,133.850,133.960,13012,779327
1505489940,133.940,133.930,133.930,133.950,13012,779327
1505490000,133.900,133.870,133.870,133.920,3389,844391
1505490060,133.870,133.940,133.870,133.940,3387,844391
1505490120,133.930,133.910,133.890,133.930,3387,844391
1505490180,133.910,133.910,133.910,133.910,3387,844391
1505490240,133.890,133.840,133.840,133.910,3387,844391
1505490300,133.820,133.750,133.730,133.820,7387,861328
1505490360,133.720,133.700,133.640,133.720,7385,861328
1505490420,133.750,133.660,133.590,133.750,7385,861328
1505490480,133.690,133.740,133.600,133.750,7385,861328
1505490540,133.770,133.660,133.660,133.780,7385,861328
1505490600,133.620,133.680,133.620,133.680,2954,898255
1505490660,133.690,133.600,133.600,133.690,2952,898255
1505490720,133.660,133.680,133.660,133.720,2952,898255
1505490780,133.660,133.680,133.660,133.720,2952,898255
1505490840,133.630,133.510,133.510,133.630,2952,898255
1505490900,133.570,133.690,133.570,133.700,2591,913017
1505490960,133.690,133.810,133.680,133.810,2590,913017
1505491020,133.860,133.850,133.810,133.870,2590,913017
1505491080,133.790,133.790,133.790,133.790,2590,913017
1505491140,133.840,133.840,133.840,133.840,2590,913017
1505491200,133.850,133.850,133.850,133.850,1184,925968
1505491260,133.850,133.850,133.850,133.850,1183,925968
1505491320,133.800,133.750,133.750,133.800,1183,925968
1505491380,133.770,133.740,133.740,133.770,1183,925968
1505491440,133.770,133.760,133.760,133.770,1183,925968
1505491500,133.730,133.760,133.710,133.760,3162,931884
1505491560,133.760,133.750,133.750,133.800,3158,931884
1505491620,133.750,133.750,133.750,133.750,3158,931884
1505491680,133.750,133.750,133.750,133.750,3158,931884
1505491740,133.750,133.810,133.750,133.810,3158,931884
1505491800,133.800,133.750,133.750,133.800,1058,947678
1505491860,133.730,133.790,133.730,133.790,1056,947678
1505491920,133.800,133.820,133.790,133.820,1056,947678
1505491980,133.840,133.820,133.820,133.860,1056,947678
1505492040,133.820,133.850,133.820,133.850,1056,947678
1505492100,133.820,133.820,133.820,133.820,1793,952960
1505492160,133.840,133.840,133.840,133.840,1791,952960
1505492220,133.840,133.820,133.750,133.840,1791,952960
1505492280,133.810,133.810,133.810,133.810,1791,952960
1505492340,133.860,133.860,133.860,133.860,1791,952960
1505492400,133.860,133.860,133.860,133.860,1050,961917
1505492460,133.820,133.820,133.820,133.820,1050,961917
1505492520,133.820,133.820,133.820,133.820,1050,961917
1505492580,133.900,133.880,133.880,133.900,1050,961917
1505492640,133.900,133.900,133.900,133.900,1050,961917
1505492700,133.900,133.900,133.900,133.900,6109,967167
1505492760,133.880,133.850,133.850,133.880,6108,967167
1505492820,133.830,133.810,133.800,133.830,6108,967167
1505492880,133.720,133.720,133.720,133.780,6108,967167
1505492940,133.730,133.710,133.710,133.770,6108,967167
1505493000,133.720,133.740,133.650,133.740,5054,997708
1505493060,133.720,133.820,133.720,133.820,5051,997708
1505493120,133.790,133.790,133.790,133.790,5051,997708
1505493180,133.810,133.790,133.790,133.810,5051,997708
1505493240,133.820,133.770,133.760,133.820,5051,997708
1505493300,133.790,133.790,133.790,133.790,641,1022966
1505493360,133.810,133.810,133.810,133.810,637,1022966
1505493420,133.790,133.760,133.740,133.790,637,1022966
1505493480,133.790,133.760,133.740,133.790,637,1022966
1505493540,133.780,133.800,133.780,133.800,637,1022966
1505493600,133.780,133.780,133.780,133.780,1502,1026155
1505493660,133.740,133.750,133.730,133.750,1502,1026155
1505493720,133.740,133.750,133.730,133.750,1502,1026155
1505493780,133.730,133.730,133.730,133.730,1502,1026155
1505493840,133.730,133.710,133.710,133.730,1502,1026155
1505493900,133.720,133.770,133.720,133.770,2307,1033665
1505493960,133.730,133.740,133.730,133.740,2307,1033665
1505494020,133.740,133.730,133.720,133.750,2307,1033665
1505494080,133.750,133.700,133.700,133.750,2307,1033665
1505494140,133.670,133.660,133.660,133.670,2307,1033665
1505494200,133.660,133.660,133.660,133.660,2334,1045200
1505494260,133.700,133.640,133.640,133.700,2334,1045200
1505494320,133.600,133.630,133.600,133.660,2334,1045200
1505494380,133.620,133.590,133.590,133.620,2334,1045200
1505494440,133.580,133.560,133.560,133.580,2334,1045200
1505494500,133.550,133.530,133.510,133.560,2851,1056870
1505494560,133.480,133.520,133.470,133.540,2850,1056870
1505494620,133.500,133.520,133.500,133.540,2850,1056870
1505494680,133.490,133.500,133.460,133.500,2850,1056870
1505494740,133.490,133.490,133.490,133.490,2850,1056870
1505494800,133.480,133.480,133.480,133.480,3009,1071121
1505494860,133.500,133.530,133.430,133.530,3009,1071121
1505494920,133.490,133.570,133.490,133.570,3009,1071121
1505494980,133.490,133.570,133.490,133.570,3009,1071121
1505495040,133.570,133.540,133.540,133.570,3009,1071121
1505495100,133.540,133.560,133.540,133.560,918,1086166
1505495160,133.590,133.590,133.590,133.590,918,1086166
1505495220,133.570,133.570,133.570,133.570,918,1086166
1505495280,133.640,133.630,133.630,133.660,918,1086166
1505495340,133.610,133.660,133.610,133.660,918,1086166
1505495400,133.650,133.690,133.640,133.690,1803,1090756
1505495460,133.690,133.630,133.630,133.720,1803,1090756
1505495520,133.630,133.640,133.630,133.640,1803,1090756
1505495580,133.630,133.640,133.630,133.640,1803,1090756
1505495640,133.610,133.610,133.610,133.610,1803,1090756
1505495700,133.610,133.610,133.610,133.610,807,1099771
1505495760,133.610,133.610,133.610,133.610,807,1099771
1505495820,133.590,133.590,133.590,133.590,807,1099771
1505495880,133.570,133.560,133.560,133.570,807,1099771
1505495940,133.560,133.520,133.520,133.560,807,1099771
1505496000,133.520,133.420,133.420,133.520,1009,1103806
1505496060,133.420,133.420,133.420,133.420,1006,1103806
1505496120,133.420,133.420,133.420,133.420,1006,1103806
1505496180,133.420,133.420,133.420,133.420,1006,1103806
1505496240,133.480,133.480,133.480,133.480,1006,1103806
1505496300,133.480,133.500,133.480,133.500,1677,1108839
1505496360,133.480,133.500,133.480,133.500,1677,1108839
1505496420,133.490,133.490,133.490,133.490,1677,1108839
1505496480,133.480,133.480,133.480,133.480,1677,1108839
1505496540,133.500,133.530,133.500,133.530,1677,1108839
1505496600,133.510,133.540,133.510,133.560,2588,1117224
1505496660,133.540,133.540,133.540,133.540,2588,1117224
1505496720,133.620,133.600,133.600,133.620,2588,1117224
1505496780,133.670,133.670,133.670,133.670,2588,1117224
1505496840,133.660,133.610,133.610,133.660,2588,1117224
1505496900,133.610,133.600,133.600,133.610,6595,1130164
1505496960,133.630,133.580,133.580,133.630,6594,1130164
1505497020,133.630,133.580,133.580,133.630,6594,1130164
1505497080,133.550,133.490,133.490,133.550,6594,1130164
1505497140,133.460,133.570,133.460,133.570,6594,1130164
1505497200,133.570,133.580,133.570,133.580,1709,1163135
1505497260,133.570,133.580,133.570,133.580,1709,1163135
1505497320,133.530,133.590,133.530,133.600,1709,1163135
1505497380,133.590,133.590,133.590,133.590,1709,1163135
1505497440,133.600,133.640,133.600,133.660,1709,1163135
1505497500,133.670,133.580,133.580,133.670,3242,1171680
1505497560,133.610,133.610,133.610,133.610,3241,1171680
1505497620,133.580,133.580,133.580,133.580,3241,1171680
1505497680,133.580,133.580,133.580,133.580,3241,1171680
1505497740,133.610,133.630,133.590,133.630,3241,1171680
1505497800,133.630,133.630,133.630,133.630,716,1187886
1505497860,133.710,133.710,133.710,133.710,713,1187886
1505497920,133.720,133.680,133.680,133.720,713,1187886
1505497980,133.720,133.680,133.680,133.720,713,1187886
1505498040,133.680,133.680,133.680,133.680,713,1187886
1505498100,133.680,133.680,133.680,133.680,1189,1191454
1505498160,133.680,133.660,133.650,133.680,1189,1191454
1505498220,133.670,133.670,133.670,133.670,1189,1191454
1505498280,133.650,133.650,133.650,133.670,1189,1191454
1505498340,133.600,133.640,133.600,133.640,1189,1191454
1505498400,133.670,133.670,133.670,133.670,1817,1197399
1505498460,133.680,133.680,133.680,133.680,1817,1197399
1505498520,133.680,133.650,133.650,133.680,1817,1197399
1505498580,133.680,133.730,133.680,133.730,1817,1197399
1505498640,133.730,133.730,133.730,133.730,1817,1197399
1505498700,133.750,133.750,133.750,133.750,1426,1206484
1505498760,133.720,133.690,133.690,133.720,1422,1206484
1505498820,133.710,133.690,133.690,133.730,1422,1206484
1505498880,133.700,133.730,133.700,133.730,1422,1206484
1505498940,133.730,133.760,133.710,133.760,1422,1206484
1505499000,133.720,133.670,133.670,133.720,1179,1213598
1505499060,133.660,133.660,133.660,133.660,1179,1213598
1505499120,133.640,133.690,133.640,133.690,1179,1213598
1505499180,133.640,133.690,133.640,133.690,1179,1213598
1505499240,133.640,133.690,133.640,133.690,1179,1213598
1505499300,133.720,133.680,133.680,133.720,505,1219493
1505499360,133.690,133.730,133.690,133.730,504,1219493
1505499420,133.690,133.690,133.690,133.690,504,1219493
1505499480,133.690,133.690,133.690,133.690,504,1219493
1505499540,133.690,133.690,133.690,133.690,504,1219493
1505499600,133.750,133.700,133.700,133.750,2341,1222014
1505499660,133.730,133.720,133.720,133.740,2340,1222014
1505499720,133.750,133.730,133.730,133.750,2340,1222014
1505499780,133.750,133.750,133.750,133.750,2340,1222014
1505499840,133.750,133.750,133.750,133.750,2340,1222014
1505499900,133.740,133.730,133.710,133.750,1016,1233715
1505499960,133.680,133.720,133.680,133.720,1016,1233715
1505500020,133.730,133.710,133.680,133.730,1016,1233715
1505500080,133.670,133.660,133.650,133.670,1016,1233715
1505500140,133.670,133.660,133.650,133.670,1016,1233715
1505500200,133.680,133.720,133.680,133.720,1084,1238795
1505500260,133.750,133.750,133.750,133.750,1084,1238795
1505500320,133.770,133.740,133.740,133.770,1084,1238795
1505500380,133.770,133.780,133.770,133.780,1084,1238795
1505500440,133.760,133.760,133.760,133.760,1084,1238795
1505500500,133.770,133.780,133.770,133.780,1722,1244215
1505500560,133.780,133.780,133.780,133.780,1721,1244215
1505500620,133.770,133.770,133.770,133.770,1721,1244215
1505500680,133.790,133.770,133.770,133.820,1721,1244215
1505500740,133.790,133.770,133.770,133.820,1721,1244215
1505500800,133.800,133.810,133.780,133.810,1162,1252821
1505500860,133.810,133.920,133.810,133.920,1159,1252821
1505500920,133.810,133.920,133.810,133.920,1159,1252821
1505500980,133.910,133.910,133.910,133.910,1159,1252821
1505501040,133.910,133.920,133.900,133.930,1159,1252821
1505501100,133.930,133.900,133.900,133.930,1284,1258619
1505501160,133.930,133.900,133.900,133.930,1282,1258619
1505501220,133.920,133.920,133.920,133.920,1282,1258619
1505501280,133.930,133.930,133.930,133.930,1282,1258619
1505501340,133.930,133.930,133.900,133.930,1282,1258619
1505501400,133.930,133.920,133.920,133.930,1190,1265031
1505501460,133.890,133.890,133.890,133.890,1190,1265031
1505501520,133.920,133.880,133.870,133.920,1190,1265031
1505501580,133.870,133.850,133.850,133.870,1190,1265031
1505501640,133.860,133.840,133.840,133.860,1190,1265031
1505501700,133.830,133.830,133.830,133.830,1614,1270981
1505501760,133.840,133.840,133.840,133.840,1611,1270981
1505501820,133.890,133.890,133.890,133.890,1611,1270981
1505501880,133.870,133.850,133.850,133.870,1611,1270981
1505501940,133.850,133.830,133.810,133.850,1611,1270981
1505502000,133.840,133.840,133.800,133.840,2525,1279039
1505502060,133.840,133.900,133.840,133.900,2521,1279039
1505502120,133.910,133.910,133.910,133.910,2521,1279039
1505502180,133.920,133.920,133.920,133.920,2521,1279039
1505502240,133.910,133.910,133.910,133.910,2521,1279039
1505502300,133.910,133.900,133.900,133.930,1647,1291648
1505502360,133.930,133.930,133.930,133.930,1643,1291648
1505502420,134.000,134.050,134.000,134.050,1643,1291648
1505502480,134.040,134.020,134.020,134.040,1643,1291648
1505502540,134.010,133.990,133.990,134.010,1643,1291648
1505502600,133.990,134.000,133.990,134.000,2784,1299867
1505502660,134.040,134.030,134.030,134.040,2780,1299867
1505502720,134.040,134.030,134.030,134.040,2780,1299867
1505502780,134.040,134.070,134.040,134.070,2780,1299867
1505502840,134.070,134.080,134.050,134.080,2780,1299867
1505502900,134.070,133.990,133.990,134.070,1504,1313771
1505502960,134.070,133.990,133.990,134.070,1500,1313771
1505503020,134.010,134.070,134.010,134.070,1500,1313771
1505503080,134.040,134.080,134.040,134.080,1500,1313771
1505503140,134.100,134.100,134.100,134.100,1500,1313771
1505503200,134.090,134.100,134.090,134.100,3458,1321275
1505503260,134.090,134.100,134.090,134.100,3456,1321275
1505503320,134.090,134.090,134.090,134.090,3456,1321275
1505503380,134.090,134.120,134.090,134.130,3456,1321275
1505503440,134.150,134.150,134.150,134.150,3456,1321275
1505503500,134.160,134.120,134.120,134.160,2279,1338557
1505503560,134.120,134.100,134.100,134.130,2279,1338557
1505503620,134.100,134.100,134.090,134.100,2279,1338557
1505503680,134.080,134.120,134.080,134.120,2279,1338557
1505503740,134.100,134.020,134.010,134.100,2279,1338557
1505503800,134.050,134.060,134.020,134.070,3088,1349952
1505503860,134.070,134.030,134.010,134.070,3084,1349952
1505503920,134.010,134.010,134.010,134.030,3084,1349952
1505503980,134.030,134.060,134.010,134.060,3084,1349952
1505504040,134.060,134.060,134.050,134.070,3084,1349952
1505504100,134.060,134.030,134.030,134.060,3149,1365376
1505504160,134.040,134.030,134.030,134.050,3145,1365376
1505504220,134.030,134.030,134.020,134.030,3145,1365376
1505504280,134.030,134.010,134.010,134.040,3145,1365376
1505504340,134.010,134.000,134.000,134.010,3145,1365376
1505504400,134.030,134.010,134.010,134.030,4789,1381105
1505504460,134.010,134.000,134.000,134.010,4786,1381105
1505504520,134.000,134.020,134.000,134.020,4786,1381105
1505504580,134.020,134.080,134.020,134.090,4786,1381105
1505504640,134.060,134.000,134.000,134.060,4786,1381105
1505504700,133.990,133.920,133.900,133.990,5208,1405038
1505504760,133.990,133.970,133.960,133.990,5207,1405038
1505504820,133.990,134.010,133.990,134.010,5207,1405038
1505504880,134.030,134.040,134.030,134.090,5207,1405038
1505504940,134.060,133.990,133.990,134.060,5207,1405038
1505505000,133.940,133.960,133.940,133.960,5587,1431074
1505505060,133.950,133.930,133.930,133.950,5587,1431074
1505505120,133.930,133.920,133.920,133.930,5587,1431074
1505505180,133.930,133.980,133.930,133.980,5587,1431074
1505505240,133.980,134.080,133.980,134.080,5587,1431074
1505505300,134.100,134.180,134.060,134.180,70185,1459009
1505505360,134.170,134.190,134.170,134.210,70184,1459009
1505505420,134.170,134.210,134.150,134.210,70184,1459009
1505505480,134.210,134.190,134.180,134.210,70184,1459009
1505505540,134.220,134.220,134.220,134.270,70184,1459009
1505741400,134.660,134.630,134.300,134.660,3988,0
1505741460,134.330,134.310,134.310,134.330,3985,0
1505741520,134.330,134.310,134.310,134.330,3985,0
1505741580,134.320,134.580,134.320,134.580,3985,0
1505741640,134.500,134.500,134.450,134.510,3985,0
1505741700,134.460,134.540,134.460,134.540,1627,19928
1505741760,134.530,134.470,134.470,134.530,1625,19928
1505741820,134.430,134.410,134.350,134.430,1625,19928
1505741880,134.420,134.460,134.420,134.460,1625,19928
1505741940,134.410,134.490,134.410,134.490,1625,19928
1505742000,134.480,134.480,134.480,134.480,2914,28055
1505742060,134.480,134.480,134.480,134.480,2914,28055
1505742120,134.670,134.620,134.620,134.670,2914,28055
1505742180,134.590,134.590,134.550,134.590,2914,28055
1505742240,134.460,134.500,134.460,134.500,2914,28055
1505742300,134.350,134.430,134.350,134.430,1066,42625
1505742360,134.340,134.340,134.340,134.340,1064,42625
1505742420,134.340,134.340,134.340,134.340,1064,42625
1505742480,134.280,134.240,134.240,134.280,1064,42625
1505742540,134.240,134.180,134.180,134.240,1064,42625
1505742600,134.180,134.140,134.140,134.180,1320,47947
1505742660,134.160,134.210,134.160,134.210,1317,47947
1505742720,134.150,134.110,134.110,134.150,1317,47947
1505742780,134.150,134.110,134.110,134.150,1317,47947
1505742840,134.120,134.120,134.120,134.120,1317,47947
1505742900,134.160,134.160,134.160,134.160,3093,54535
1505742960,134.120,134.110,134.110,134.120,3089,54535
1505743020,134.130,134.210,134.130,134.210,3089,54535
1505743080,134.220,134.260,134.220,134.260,3089,54535
1505743140,134.230,134.250,134.230,134.250,3089,54535
1505743200,134.230,134.230,134.230,134.230,1471,69984
1505743260,134.150,134.200,134.150,134.200,1470,69984
1505743320,134.150,134.200,134.150,134.200,1470,69984
1505743380,134.150,134.150,134.150,134.150,1470,69984
1505743440,134.150,134.150,134.150,134.150,1470,69984
1505743500,134.150,134.150,134.150,134.150,1205,77335
1505743560,134.150,134.160,134.150,134.160,1201,77335
1505743620,134.180,134.170,134.170,134.180,1201,77335
1505743680,134.150,134.150,134.150,134.150,1201,77335
1505743740,134.170,134.180,134.150,134.180,1201,77335
1505743800,134.170,134.180,134.150,134.180,1976,83344
1505743860,134.170,134.180,134.150,134.180,1975,83344
1505743920,134.220,134.220,134.220,134.220,1975,83344
1505743980,134.230,134.160,134.160,134.230,1975,83344
1505744040,134.200,134.200,134.200,134.200,1975,83344
1505744100,134.190,134.190,134.190,134.190,1410,93220
1505744160,134.210,134.210,134.210,134.210,1410,93220
1505744220,134.160,134.170,134.160,134.170,1410,93220
1505744280,134.110,134.110,134.110,134.110,1410,93220
1505744340,134.150,134.180,134.150,134.180,1410,93220
1505744400,134.100,134.100,134.100,134.100,2962,100270
1505744460,134.110,134.110,134.110,134.110,2958,100270
1505744520,134.100,134.110,134.100,134.110,2958,100270
1505744580,134.070,134.070,134.070,134.070,2958,100270
1505744640,134.000,134.030,134.000,134.030,2958,100270
1505744700,134.130,134.130,134.130,134.130,2474,115064
1505744760,134.090,134.040,134.040,134.090,2471,115064
1505744820,134.050,134.050,134.050,134.050,2471,115064
1505744880,134.070,134.050,134.000,134.070,2471,115064
1505744940,134.060,134.060,134.060,134.060,2471,115064
1505745000,134.040,134.060,134.040,134.060,3400,127422
1505745060,134.060,134.060,134.060,134.060,3397,127422
1505745120,134.060,134.020,134.020,134.060,3397,127422
1505745180,134.030,133.990,133.950,134.030,3397,127422
1505745240,133.930,133.930,133.930,133.970,3397,127422
1505745300,133.920,133.880,133.880,133.920,6092,144410
1505745360,133.850,133.850,133.850,133.870,6091,144410
1505745420,133.890,133.910,133.870,133.910,6091,144410
1505745480,133.970,134.060,133.960,134.060,6091,144410
1505745540,134.060,134.060,134.030,134.060,6091,144410
1505745600,134.030,134.030,134.010,134.040,1707,174866
1505745660,134.040,134.010,134.010,134.040,1703,174866
1505745720,133.990,134.010,133.990,134.010,1703,174866
1505745780,134.020,134.030,134.020,134.040,1703,174866
1505745840,134.020,134.030,134.020,134.040,1703,174866
1505745900,134.080,134.080,134.080,134.080,1331,183385
1505745960,134.060,134.060,134.060,134.060,1329,183385
1505746020,134.060,134.060,134.060,134.060,1329,183385
1505746080,134.090,134.090,134.070,134.090,1329,183385
1505746140,134.060,134.060,134.060,134.060,1329,183385
1505746200,134.070,134.070,134.070,134.070,1329,190032
1505746260,134.070,134.070,134.070,134.070,1325,190032
1505746320,134.060,134.090,134.060,134.090,1325,190032
1505746380,134.080,134.070,134.060,134.080,1325,190032
1505746440,134.120,134.160,134.120,134.160,1325,190032
1505746500,134.150,134.100,134.100,134.150,1241,196661
1505746560,134.090,134.100,134.090,134.100,1238,196661
1505746620,134.140,134.140,134.140,134.140,1238,196661
1505746680,134.150,134.150,134.150,134.150,1238,196661
1505746740,134.170,134.170,134.170,134.170,1238,196661
1505746800,134.250,134.240,134.240,134.290,5679,202854
1505746860,134.290,134.290,134.290,134.290,5679,202854
1505746920,134.290,134.340,134.290,134.340,5679,202854
1505746980,134.420,134.230,134.210,134.420,5679,202854
1505747040,134.160,134.100,134.100,134.160,5679,202854
1505747100,134.120,134.100,134.100,134.120,14152,231249
1505747160,134.070,134.090,134.070,134.120,14152,231249
1505747220,134.100,134.100,134.100,134.160,14152,231249
1505747280,134.100,134.130,134.100,134.130,14152,231249
1505747340,134.180,134.140,134.130,134.180,14152,231249
1505747400,134.120,134.260,134.120,134.280,7681,302009
1505747460,134.250,134.310,134.240,134.310,7677,302009
1505747520,134.280,134.340,134.280,134.340,7677,302009
1505747580,134.350,134.320,134.320,134.350,7677,302009
1505747640,134.340,134.330,134.300,134.340,7677,302009
1505747700,134.340,134.300,134.290,134.350,1992,340398
1505747760,134.310,134.310,134.310,134.310,1989,340398
1505747820,134.290,134.260,134.260,134.290,1989,340398
1505747880,134.290,134.290,134.280,134.290,1989,340398
1505747940,134.250,134.260,134.250,134.260,1989,340398
1505748000,134.250,134.290,134.240,134.290,3120,350346
1505748060,134.290,134.310,134.280,134.340,3117,350346
1505748120,134.330,134.330,134.280,134.330,3117,350346
1505748180,134.260,134.310,134.260,134.310,3117,350346
1505748240,134.280,134.220,134.200,134.280,3117,350346
1505748300,134.230,134.240,134.230,134.250,5458,365934
1505748360,134.230,134.250,134.220,134.280,5458,365934
1505748420,134.270,134.310,134.250,134.310,5458,365934
1505748480,134.310,134.380,134.310,134.380,5458,365934
1505748540,134.380,134.330,134.330,134.380,5458,365934
1505748600,134.330,134.350,134.330,134.350,3477,393224
1505748660,134.340,134.300,134.300,134.340,3476,393224
1505748720,134.280,134.270,134.260,134.280,3476,393224
1505748780,134.280,134.290,134.280,134.290,3476,393224
1505748840,134.280,134.270,134.250,134.280,3476,393224
1505748900,134.280,134.280,134.280,134.280,1479,410605
1505748960,134.300,134.320,134.300,134.320,1475,410605
1505749020,134.310,134.300,134.290,134.310,1475,410605
1505749080,134.310,134.300,134.290,134.310,1475,410605
1505749140,134.330,134.330,134.330,134.330,1475,410605
1505749200,134.340,134.340,134.340,134.340,760,417984
1505749260,134.330,134.330,134.330,134.330,756,417984
1505749320,134.370,134.370,134.370,134.370,756,417984
1505749380,134.370,134.370,134.370,134.370,756,417984
1505749440,134.330,134.310,134.310,134.330,756,417984
1505749500,134.330,134.310,134.310,134.330,3543,421768
1505749560,134.330,134.310,134.310,134.330,3543,421768
1505749620,134.280,134.290,134.250,134.290,3543,421768
1505749680,134.280,134.280,134.280,134.280,3543,421768
1505749740,134.300,134.300,134.300,134.300,3543,421768
1505749800,134.310,134.310,134.310,134.310,350,439483
1505749860,134.310,134.310,134.310,134.310,346,439483
1505749920,134.310,134.310,134.310,134.310,346,439483
1505749980,134.310,134.310,134.310,134.310,346,439483
1505750040,134.310,134.310,134.310,134.310,346,439483
1505750100,134.260,134.250,134.250,134.260,1901,441217
1505750160,134.260,134.250,134.250,134.260,1898,441217
1505750220,134.230,134.230,134.230,134.230,1898,441217
1505750280,134.250,134.250,134.250,134.260,1898,441217
1505750340,134.280,134.300,134.280,134.300,1898,441217
1505750400,134.280,134.280,134.280,134.280,388,450710
1505750460,134.280,134.280,134.280,134.280,386,450710
1505750520,134.280,134.280,134.280,134.280,386,450710
1505750580,134.310,134.310,134.310,134.310,386,450710
1505750640,134.330,134.330,134.330,134.330,386,450710
1505750700,134.310,134.310,134.300,134.310,3197,452642
1505750760,134.300,134.300,134.300,134.300,3194,452642
1505750820,134.300,134.300,134.300,134.300,3194,452642
1505750880,134.260,134.250,134.250,134.260,3194,452642
1505750940,134.250,134.280,134.240,134.310,3194,452642
1505751000,134.310,134.270,134.270,134.310,384,468615
1505751060,134.310,134.270,134.270,134.310,381,468615
1505751120,134.280,134.280,134.280,134.280,381,468615
1505751180,134.280,134.280,134.280,134.280,381,468615
1505751240,134.280,134.280,134.280,134.280,381,468615
1505751300,134.280,134.280,134.280,134.280,1265,470523
1505751360,134.260,134.260,134.260,134.260,1261,470523
1505751420,134.250,134.250,134.250,134.250,1261,470523
1505751480,134.260,134.270,134.260,134.290,1261,470523
1505751540,134.280,134.320,134.280,134.320,1261,470523
1505751600,134.280,134.320,134.280,134.320,761,476832
1505751660,134.310,134.310,134.310,134.310,758,476832
1505751720,134.330,134.320,134.320,134.330,758,476832
1505751780,134.330,134.320,134.320,134.330,758,476832
1505751840,134.340,134.340,134.340,134.340,758,476832
1505751900,134.330,134.300,134.300,134.330,1968,480625
1505751960,134.360,134.350,134.350,134.360,1965,480625
1505752020,134.370,134.340,134.330,134.370,1965,480625
1505752080,134.340,134.340,134.330,134.340,1965,480625
1505752140,134.330,134.330,134.330,134.330,1965,480625
1505752200,134.270,134.280,134.270,134.300,1450,490453
1505752260,134.290,134.290,134.290,134.290,1450,490453
1505752320,134.300,134.300,134.300,134.320,1450,490453
1505752380,134.300,134.310,134.290,134.310,1450,490453
1505752440,134.300,134.310,134.300,134.310,1450,490453
1505752500,134.290,134.290,134.290,134.290,979,497703
1505752560,134.300,134.260,134.260,134.300,976,497703
1505752620,134.300,134.260,134.260,134.300,976,497703
1505752680,134.280,134.280,134.280,134.280,976,497703
1505752740,134.280,134.280,134.280,134.280,976,497703
1505752800,134.280,134.280,134.280,134.280,1689,502586
1505752860,134.300,134.260,134.260,134.300,1687,502586
1505752920,134.260,134.280,134.260,134.280,1687,502586
1505752980,134.280,134.280,134.280,134.280,1687,502586
1505753040,134.300,134.300,134.300,134.300,1687,502586
1505753100,134.300,134.280,134.270,134.300,715,511023
1505753160,134.280,134.280,134.280,134.280,714,511023
1505753220,134.280,134.280,134.280,134.280,714,511023
1505753280,134.300,134.300,134.300,134.300,714,511023
1505753340,134.290,134.290,134.290,134.290,714,511023
1505753400,134.300,134.300,134.300,134.300,801,514594
1505753460,134.320,134.310,134.310,134.320,800,514594
1505753520,134.320,134.310,134.310,134.320,800,514594
1505753580,134.340,134.310,134.310,134.340,800,514594
1505753640,134.310,134.300,134.300,134.310,800,514594
1505753700,134.300,134.300,134.300,134.300,947,518595
1505753760,134.300,134.310,134.300,134.320,947,518595
1505753820,134.300,134.310,134.300,134.320,947,518595
1505753880,134.330,134.330,134.330,134.330,947,518595
1505753940,134.330,134.310,134.310,134.330,947,518595
1505754000,134.300,134.310,134.300,134.310,221,523330
1505754060,134.300,134.310,134.300,134.310,219,523330
1505754120,134.300,134.310,134.300,134.310,219,523330
1505754180,134.290,134.290,134.290,134.290,219,523330
1505754240,134.290,134.290,134.290,134.290,219,523330
1505754300,134.270,134.270,134.270,134.270,2284,524427
1505754360,134.280,134.290,134.280,134.290,2282,524427
1505754420,134.300,134.300,134.300,134.300,2282,524427
1505754480,134.300,134.290,134.290,134.300,2282,524427
1505754540,134.280,134.290,134.280,134.290,2282,524427
1505754600,134.290,134.280,134.280,134.290,2469,535839
1505754660,134.290,134.280,134.280,134.290,2466,535839
1505754720,134.290,134.290,134.280,134.290,2466,535839
1505754780,134.280,134.270,134.270,134.280,2466,535839
1505754840,134.280,134.320,134.280,134.320,2466,535839
1505754900,134.310,134.310,134.310,134.310,1109,548172
1505754960,134.310,134.310,134.310,134.310,1109,548172
1505755020,134.310,134.310,134.310,134.310,1109,548172
1505755080,134.290,134.300,134.290,134.310,1109,548172
1505755140,134.330,134.350,134.330,134.350,1109,548172
1505755200,134.350,134.350,134.350,134.350,2655,553717
1505755260,134.350,134.350,134.350,134.350,2651,553717
1505755320,134.350,134.400,134.350,134.400,2651,553717
1505755380,134.380,134.380,134.380,134.380,2651,553717
1505755440,134.390,134.370,134.360,134.390,2651,553717
1505755500,134.360,134.390,134.360,134.390,1276,566976
1505755560,134.390,134.360,134.360,134.390,1275,566976
1505755620,134.390,134.360,134.360,134.390,1275,566976
1505755680,134.390,134.360,134.360,134.390,1275,566976
1505755740,134.410,134.380,134.380,134.410,1275,566976
1505755800,134.380,134.400,134.380,134.400,325,573352
1505755860,134.370,134.370,134.370,134.370,324,573352
1505755920,134.370,134.370,134.370,134.370,324,573352
1505755980,134.370,134.370,134.370,134.370,324,573352
1505756040,134.370,134.370,134.370,134.370,324,573352
1505756100,134.410,134.390,134.390,134.410,2788,574973
1505756160,134.400,134.410,134.400,134.410,2784,574973
1505756220,134.410,134.420,134.410,134.420,2784,574973
1505756280,134.430,134.400,134.400,134.430,2784,574973
1505756340,134.450,134.450,134.450,134.450,2784,574973
1505756400,134.560,134.600,134.560,134.600,2162,588897
1505756460,134.610,134.610,134.610,134.610,2162,588897
1505756520,134.640,134.630,134.630,134.640,2162,588897
1505756580,134.630,134.630,134.630,134.630,2162,588897
1505756640,134.620,134.620,134.620,134.620,2162,588897
1505756700,134.620,134.620,134.620,134.620,476,599707
1505756760,134.630,134.630,134.630,134.630,472,599707
1505756820,134.630,134.630,134.630,134.630,472,599707
1505756880,134.610,134.580,134.580,134.610,472,599707
1505756940,134.610,134.580,134.580,134.610,472,599707
1505757000,134.590,134.580,134.580,134.590,677,602071
1505757060,134.550,134.550,134.550,134.550,674,602071
1505757120,134.550,134.510,134.510,134.550,674,602071
1505757180,134.550,134.510,134.510,134.550,674,602071
1505757240,134.550,134.510,134.510,134.550,674,602071
1505757300,134.550,134.510,134.510,134.550,880,605444
1505757360,134.520,134.550,134.520,134.550,877,605444
1505757420,134.550,134.550,134.550,134.550,877,605444
1505757480,134.550,134.560,134.550,134.560,877,605444
1505757540,134.560,134.570,134.550,134.570,877,605444
1505757600,134.560,134.570,134.550,134.570,1767,609832
1505757660,134.570,134.570,134.570,134.570,1763,609832
1505757720,134.580,134.570,134.560,134.580,1763,609832
1505757780,134.530,134.530,134.530,134.590,1763,609832
1505757840,134.540,134.510,134.510,134.540,1763,609832
1505757900,134.460,134.460,134.460,134.460,2414,618651
1505757960,134.400,134.400,134.400,134.400,2410,618651
1505758020,134.410,134.420,134.390,134.420,2410,618651
1505758080,134.420,134.420,134.400,134.420,2410,618651
1505758140,134.440,134.450,134.440,134.450,2410,618651
1505758200,134.420,134.440,134.420,134.450,735,630705
1505758260,134.470,134.440,134.440,134.470,735,630705
1505758320,134.450,134.450,134.450,134.450,735,630705
1505758380,134.450,134.450,134.450,134.450,735,630705
1505758440,134.450,134.450,134.450,134.450,735,630705
1505758500,134.470,134.460,134.460,134.470,1462,634380
1505758560,134.480,134.450,134.450,134.490,1461,634380
1505758620,134.480,134.450,134.450,134.490,1461,634380
1505758680,134.380,134.350,134.350,134.380,1461,634380
1505758740,134.360,134.400,134.330,134.400,1461,634380
1505758800,134.420,134.410,134.410,134.420,2132,641686
1505758860,134.430,134.420,134.420,134.430,2129,641686
1505758920,134.350,134.350,134.330,134.390,2129,641686
1505758980,134.360,134.390,134.360,134.390,2129,641686
1505759040,134.400,134.420,134.400,134.420,2129,641686
1505759100,134.420,134.420,134.420,134.420,1603,652334
1505759160,134.410,134.470,134.410,134.470,1599,652334
1505759220,134.490,134.550,134.490,134.550,1599,652334
1505759280,134.540,134.540,134.540,134.540,1599,652334
1505759340,134.540,134.510,134.510,134.540,1599,652334
1505759400,134.540,134.510,134.510,134.540,735,660333
1505759460,134.540,134.510,134.510,134.540,735,660333
1505759520,134.500,134.470,134.470,134.510,735,660333
1505759580,134.390,134.360,134.360,134.430,735,660333
1505759640,134.410,134.410,134.410,134.410,735,660333
1505759700,134.410,134.410,134.410,134.410,525,664008
1505759760,134.430,134.430,134.430,134.430,524,664008
1505759820,134.430,134.380,134.380,134.430,524,664008
1505759880,134.410,134.410,134.410,134.410,524,664008
1505759940,134.410,134.410,134.410,134.410,524,664008
1505760000,134.450,134.500,134.450,134.500,2426,666629
1505760060,134.450,134.500,134.450,134.500,2425,666629
1505760120,134.500,134.500,134.500,134.500,2425,666629
1505760180,134.570,134.570,134.570,134.570,2425,666629
1505760240,134.610,134.680,134.610,134.680,2425,666629
1505760300,134.670,134.670,134.670,134.670,2469,678755
1505760360,134.660,134.670,134.660,134.670,2468,678755
1505760420,134.660,134.670,134.660,134.670,2468,678755
1505760480,134.670,134.680,134.670,134.680,2468,678755
1505760540,134.670,134.670,134.670,134.670,2468,678755
1505760600,134.660,134.640,134.640,134.660,1737,691096
1505760660,134.650,134.680,134.650,134.680,1734,691096
1505760720,134.750,134.750,134.750,134.750,1734,691096
1505760780,134.750,134.750,134.750,134.750,1734,691096
1505760840,134.740,134.750,134.740,134.750,1734,691096
1505760900,134.720,134.700,134.700,134.720,1160,699769
1505760960,134.720,134.700,134.700,134.720,1156,699769
1505761020,134.800,134.800,134.800,134.800,1156,699769
1505761080,134.780,134.770,134.770,134.800,1156,699769
1505761140,134.780,134.780,134.780,134.780,1156,699769
1505761200,134.790,134.790,134.790,134.790,2472,705553
1505761260,134.760,134.740,134.740,134.760,2472,705553
1505761320,134.790,134.800,134.790,134.810,2472,705553
1505761380,134.780,134.780,134.780,134.780,2472,705553
1505761440,134.780,134.790,134.780,134.790,2472,705553
1505761500,134.780,134.780,134.780,134.780,1737,717913
1505761560,134.780,134.750,134.750,134.780,1734,717913
1505761620,134.770,134.770,134.770,134.770,1734,717913
1505761680,134.780,134.770,134.770,134.790,1734,717913
1505761740,134.750,134.810,134.750,134.810,1734,717913
1505761800,134.810,134.810,134.810,134.810,897,726586
1505761860,134.850,134.850,134.850,134.860,897,726586
1505761920,134.810,134.810,134.810,134.810,897,726586
1505761980,134.840,134.840,134.840,134.840,897,726586
1505762040,134.800,134.780,134.780,134.800,897,726586
1505762100,134.790,134.790,134.790,134.790,924,731071
1505762160,134.790,134.790,134.790,134.790,921,731071
1505762220,134.830,134.820,134.820,134.830,921,731071
1505762280,134.810,134.780,134.780,134.810,921,731071
1505762340,134.790,134.780,134.780,134.790,921,731071
1505762400,134.780,134.770,134.770,134.780,1425,735679
1505762460,134.760,134.750,134.740,134.760,1424,735679
1505762520,134.760,134.760,134.760,134.760,1424,735679
1505762580,134.760,134.760,134.760,134.760,1424,735679
1505762640,134.780,134.780,134.760,134.780,1424,735679
1505762700,134.770,134.790,134.770,134.790,1467,742800
1505762760,134.780,134.780,134.780,134.780,1464,742800
1505762820,134.800,134.800,134.790,134.800,1464,742800
1505762880,134.780,134.770,134.770,134.780,1464,742800
1505762940,134.800,134.800,134.790,134.800,1464,742800
1505763000,134.780,134.800,134.780,134.800,1975,750123
1505763060,134.790,134.870,134.790,134.870,1972,750123
1505763120,134.790,134.870,134.790,134.870,1972,750123
1505763180,134.940,134.940,134.940,134.940,1972,750123
1505763240,134.970,134.940,134.940,134.970,1972,750123
1505763300,134.940,134.960,134.940,134.960,2428,759986
1505763360,134.950,134.940,134.940,134.950,2424,759986
1505763420,134.940,134.930,134.930,134.940,2424,759986
1505763480,134.910,134.910,134.910,134.920,2424,759986
1505763540,134.840,134.870,134.840,134.870,2424,759986
1505763600,134.880,134.880,134.880,134.880,1400,772110
1505763660,134.890,134.890,134.890,134.890,1397,772110
1505763720,134.900,134.880,134.870,134.900,1397,772110
1505763780,134.870,134.840,134.840,134.870,1397,772110
1505763840,134.840,134.840,134.840,134.840,1397,772110
1505763900,134.820,134.840,134.820,134.840,3856,779098
1505763960,134.870,134.870,134.870,134.870,3855,779098
1505764020,134.900,134.900,134.890,134.910,3855,779098
1505764080,134.900,134.900,134.900,134.900,3855,779098
1505764140,134.880,134.880,134.830,134.880,3855,779098
1505764200,134.900,134.890,134.890,134.900,3572,798374
1505764260,134.900,134.900,134.890,134.900,3572,798374
1505764320,134.880,134.880,134.870,134.880,3572,798374
1505764380,134.880,134.820,134.820,134.880,3572,798374
1505764440,134.850,134.890,134.850,134.900,3572,798374
1505764500,134.880,134.880,134.860,134.890,42893,816234
1505764560,134.880,134.810,134.810,134.880,42893,816234
1505764620,134.840,134.840,134.810,134.840,42893,816234
1505764680,134.810,134.810,134.780,134.810,42893,816234
1505764740,134.790,134.740,134.740,134.820,42893,816234
1505827800,135.100,134.840,134.840,135.100,8130,0
1505827860,135.060,135.070,134.950,135.070,8130,0
1505827920,135.050,135.280,135.050,135.280,8130,0
1505827980,135.300,135.290,135.290,135.500,8130,0
1505828040,135.180,135.300,135.180,135.300,8130,0
1505828100,135.340,135.380,135.340,135.490,4210,40650
1505828160,135.470,135.470,135.470,135.470,4208,40650
1505828220,135.360,135.250,135.250,135.460,4208,40650
1505828280,135.300,135.300,135.240,135.300,4208,40650
1505828340,135.320,135.340,135.310,135.340,4208,40650
1505828400,135.310,135.310,135.280,135.310,3058,61692
1505828460,135.330,135.100,135.090,135.330,3057,61692
1505828520,135.100,135.290,135.100,135.330,3057,61692
1505828580,135.380,135.390,135.380,135.390,3057,61692
1505828640,135.390,135.410,135.390,135.420,3057,61692
1505828700,135.400,135.280,135.280,135.410,3515,76978
1505828760,135.150,135.110,135.110,135.150,3512,76978
1505828820,135.120,135.190,135.080,135.270,3512,76978
1505828880,135.190,135.190,135.190,135.190,3512,76978
1505828940,135.240,135.220,135.190,135.240,3512,76978
1505829000,135.270,135.290,135.270,135.330,4215,94541
1505829060,135.250,135.260,135.250,135.260,4214,94541
1505829120,135.240,135.190,135.180,135.250,4214,94541
1505829180,135.140,135.210,135.140,135.210,4214,94541
1505829240,135.230,135.230,135.230,135.230,4214,94541
1505829300,135.270,135.270,135.270,135.270,3690,115612
1505829360,135.270,135.270,135.270,135.270,3690,115612
1505829420,135.290,135.280,135.280,135.290,3690,115612
1505829480,135.270,135.300,135.260,135.300,3690,115612
1505829540,135.390,135.490,135.390,135.490,3690,115612
1505829600,135.430,135.440,135.430,135.470,4826,134062
1505829660,135.480,135.550,135.440,135.550,4823,134062
1505829720,135.550,135.530,135.530,135.550,4823,134062
1505829780,135.570,135.490,135.490,135.570,4823,134062
1505829840,135.480,135.370,135.370,135.480,4823,134062
1505829900,135.380,135.480,135.380,135.480,4771,158180
1505829960,135.490,135.500,135.490,135.500,4769,158180
1505830020,135.490,135.500,135.490,135.520,4769,158180
1505830080,135.470,135.520,135.460,135.520,4769,158180
1505830140,135.530,135.610,135.530,135.610,4769,158180
1505830200,135.570,135.680,135.570,135.680,3918,182027
1505830260,135.660,135.640,135.640,135.680,3918,182027
1505830320,135.510,135.500,135.500,135.510,3918,182027
1505830380,135.520,135.520,135.520,135.520,3918,182027
1505830440,135.490,135.500,135.490,135.520,3918,182027
1505830500,135.490,135.520,135.490,135.520,5081,201617
1505830560,135.510,135.560,135.490,135.560,5080,201617
1505830620,135.570,135.620,135.570,135.620,5080,201617
1505830680,135.620,135.620,135.590,135.620,5080,201617
1505830740,135.650,135.610,135.580,135.650,5080,201617
1505830800,135.620,135.690,135.610,135.690,7855,227018
1505830860,135.720,135.690,135.690,135.720,7852,227018
1505830920,135.660,135.660,135.610,135.680,7852,227018
1505830980,135.670,135.710,135.670,135.720,7852,227018
1505831040,135.710,135.720,135.710,135.790,7852,227018
1505831100,135.690,135.720,135.690,135.720,9811,266281
1505831160,135.700,135.630,135.630,135.740,9811,266281
1505831220,135.620,135.510,135.500,135.630,9811,266281
1505831280,135.510,135.490,135.460,135.530,9811,266281
1505831340,135.490,135.540,135.490,135.540,9811,266281
1505831400,135.520,135.500,135.500,135.530,9519,315336
1505831460,135.390,135.380,135.360,135.390,9519,315336
1505831520,135.340,135.340,135.340,135.340,9519,315336
1505831580,135.230,135.270,135.190,135.270,9519,315336
1505831640,135.320,135.320,135.320,135.370,9519,315336
1505831700,135.230,135.260,135.230,135.270,4031,362931
1505831760,135.270,135.280,135.270,135.290,4029,362931
1505831820,135.300,135.310,135.300,135.340,4029,362931
1505831880,135.320,135.340,135.320,135.340,4029,362931
1505831940,135.360,135.420,135.360,135.420,4029,362931
1505832000,135.420,135.400,135.400,135.420,8934,383078
1505832060,135.410,135.490,135.410,135.490,8930,383078
1505832120,135.490,135.450,135.450,135.490,8930,383078
1505832180,135.460,135.380,135.370,135.460,8930,383078
1505832240,135.330,135.350,135.330,135.350,8930,383078
1505832300,135.390,135.360,135.330,135.390,5411,427732
1505832360,135.350,135.440,135.350,135.440,5409,427732
1505832420,135.430,135.380,135.380,135.430,5409,427732
1505832480,135.370,135.360,135.360,135.370,5409,427732
1505832540,135.330,135.350,135.210,135.350,5409,427732
1505832600,135.350,135.360,135.320,135.360,17674,454779
1505832660,135.370,135.370,135.350,135.370,17672,454779
1505832720,135.350,135.350,135.350,135.350,17672,454779
1505832780,135.340,135.400,135.280,135.440,17672,454779
1505832840,135.410,135.390,135.390,135.420,17672,454779
1505832900,135.410,135.390,135.390,135.420,1664,543141
1505832960,135.350,135.320,135.320,135.350,1664,543141
1505833020,135.250,135.230,135.230,135.250,1664,543141
1505833080,135.220,135.190,135.190,135.220,1664,543141
1505833140,135.140,135.140,135.140,135.140,1664,543141
1505833200,135.110,134.870,134.870,135.110,3073,551461
1505833260,134.910,134.940,134.910,134.940,3072,551461
1505833320,134.940,135.120,134.940,135.120,3072,551461
1505833380,134.940,135.120,134.940,135.120,3072,551461
1505833440,135.170,135.220,135.170,135.220,3072,551461
1505833500,135.180,135.180,135.180,135.180,1647,566822
1505833560,135.180,135.180,135.180,135.180,1645,566822
1505833620,135.250,135.200,135.200,135.250,1645,566822
1505833680,135.210,135.180,135.180,135.210,1645,566822
1505833740,135.130,135.010,135.010,135.130,1645,566822
1505833800,135.110,135.080,135.080,135.130,6012,575049
1505833860,135.050,135.050,135.050,135.050,6010,575049
1505833920,135.060,135.050,135.030,135.060,6010,575049
1505833980,135.050,135.070,135.020,135.070,6010,575049
1505834040,135.050,135.010,135.010,135.050,6010,575049
1505834100,135.040,134.850,134.850,135.040,2970,605101
1505834160,134.870,134.870,134.870,134.870,2970,605101
1505834220,134.870,134.880,134.870,134.910,2970,605101
1505834280,134.900,134.890,134.890,134.900,2970,605101
1505834340,134.900,134.950,134.900,134.950,2970,605101
1505834400,134.910,134.950,134.890,134.950,2628,619951
1505834460,134.900,134.880,134.880,134.900,2628,619951
1505834520,134.880,134.850,134.850,134.880,2628,619951
1505834580,134.860,134.760,134.760,134.870,2628,619951
1505834640,134.710,134.780,134.710,134.780,2628,619951
1505834700,134.820,134.790,134.790,134.820,2030,633091
1505834760,134.760,134.760,134.760,134.760,2027,633091
1505834820,134.780,134.920,134.780,134.920,2027,633091
1505834880,134.890,134.850,134.850,134.890,2027,633091
1505834940,134.850,134.840,134.820,134.850,2027,633091
1505835000,134.810,134.810,134.810,134.810,2259,643229
1505835060,134.840,134.840,134.840,134.840,2259,643229
1505835120,134.790,134.810,134.730,134.810,2259,643229
1505835180,134.780,134.780,134.780,134.780,2259,643229
1505835240,134.750,134.760,134.750,134.830,2259,643229
1505835300,134.740,134.820,134.740,134.820,3371,654524
1505835360,134.790,134.790,134.790,134.790,3368,654524
1505835420,134.690,134.990,134.690,134.990,3368,654524
1505835480,134.940,135.020,134.940,135.020,3368,654524
1505835540,135.060,135.030,135.030,135.060,3368,654524
1505835600,135.060,135.050,135.050,135.060,1355,671367
1505835660,135.060,135.060,135.060,135.060,1352,671367
1505835720,135.090,135.140,135.090,135.140,1352,671367
1505835780,135.130,135.130,135.130,135.130,1352,671367
1505835840,135.140,135.140,135.140,135.140,1352,671367
1505835900,135.140,135.140,135.140,135.140,1560,678130
1505835960,135.160,135.160,135.160,135.160,1557,678130
1505836020,135.190,135.190,135.190,135.190,1557,678130
1505836080,135.230,135.280,135.230,135.280,1557,678130
1505836140,135.290,135.290,135.290,135.290,1557,678130
1505836200,135.260,135.260,135.260,135.260,901,685918
1505836260,135.300,135.300,135.300,135.300,901,685918
1505836320,135.300,135.300,135.300,135.300,901,685918
1505836380,135.280,135.200,135.200,135.280,901,685918
1505836440,135.200,135.200,135.200,135.200,901,685918
1505836500,135.270,135.250,135.250,135.270,37812,690423
1505836560,135.270,135.250,135.250,135.270,37810,690423
1505836620,135.350,135.380,135.350,135.380,37810,690423
1505836680,135.350,135.380,135.350,135.380,37810,690423
1505836740,135.320,135.260,135.260,135.320,37810,690423
1505836800,135.200,135.190,135.190,135.200,1924,879475
1505836860,135.280,135.320,135.230,135.400,1922,879475
1505836920,135.280,135.320,135.230,135.400,1922,879475
1505836980,135.370,135.230,135.180,135.370,1922,879475
1505837040,135.180,135.180,135.180,135.180,1922,879475
1505837100,135.180,135.180,135.180,135.180,936,889087
1505837160,135.180,135.180,135.180,135.180,932,889087
1505837220,135.110,135.110,135.110,135.110,932,889087
1505837280,135.040,135.040,135.040,135.040,932,889087
1505837340,135.110,135.150,135.110,135.150,932,889087
1505837400,135.140,135.180,135.140,135.180,1386,893751
1505837460,135.170,135.170,135.170,135.170,1383,893751
1505837520,135.070,135.090,135.070,135.090,1383,893751
1505837580,135.010,135.070,135.000,135.070,1383,893751
1505837640,135.000,135.180,135.000,135.180,1383,893751
1505837700,135.000,135.180,135.000,135.180,1883,900669
1505837760,135.140,135.240,135.140,135.240,1881,900669
1505837820,135.270,135.230,135.230,135.270,1881,900669
1505837880,135.240,135.240,135.240,135.240,1881,900669
1505837940,135.240,135.270,135.240,135.270,1881,900669
1505838000,135.280,135.340,135.280,135.340,975,910076
1505838060,135.350,135.340,135.340,135.350,973,910076
1505838120,135.340,135.320,135.320,135.340,973,910076
1505838180,135.320,135.320,135.320,135.320,973,910076
1505838240,135.320,135.350,135.320,135.350,973,910076
1505838300,135.320,135.400,135.320,135.400,1005,914943
1505838360,135.380,135.410,135.380,135.410,1004,914943
1505838420,135.410,135.410,135.410,135.410,1004,914943
1505838480,135.390,135.450,135.390,135.450,1004,914943
1505838540,135.400,135.400,135.400,135.400,1004,914943
1505838600,135.400,135.400,135.400,135.400,1230,919964
1505838660,135.400,135.400,135.400,135.400,1228,919964
1505838720,135.410,135.430,135.410,135.500,1228,919964
1505838780,135.430,135.430,135.430,135.460,1228,919964
1505838840,135.420,135.420,135.420,135.420,1228,919964
1505838900,135.460,135.460,135.460,135.460,1360,926106
1505838960,135.420,135.440,135.420,135.440,1357,926106
1505839020,135.480,135.500,135.480,135.500,1357,926106
1505839080,135.480,135.460,135.450,135.480,1357,926106
1505839140,135.430,135.420,135.420,135.430,1357,926106
1505839200,135.410,135.410,135.410,135.410,1498,932894
1505839260,135.410,135.410,135.410,135.410,1496,932894
1505839320,135.500,135.530,135.500,135.530,1496,932894
1505839380,135.500,135.530,135.500,135.530,1496,932894
1505839440,135.510,135.510,135.510,135.510,1496,932894
1505839500,135.510,135.510,135.510,135.510,504,940376
1505839560,135.510,135.510,135.510,135.510,504,940376
1505839620,135.480,135.480,135.480,135.480,504,940376
1505839680,135.420,135.500,135.420,135.500,504,940376
1505839740,135.420,135.500,135.420,135.500,504,940376
1505839800,135.490,135.490,135.490,135.490,991,942896
1505839860,135.490,135.490,135.490,135.490,987,942896
1505839920,135.440,135.440,135.440,135.440,987,942896
1505839980,135.450,135.440,135.440,135.450,987,942896
1505840040,135.440,135.420,135.420,135.440,987,942896
1505840100,135.460,135.470,135.460,135.470,1069,947835
1505840160,135.410,135.410,135.410,135.410,1066,947835
1505840220,135.400,135.360,135.360,135.400,1066,947835
1505840280,135.350,135.380,135.350,135.380,1066,947835
1505840340,135.350,135.350,135.350,135.350,1066,947835
1505840400,135.340,135.330,135.330,135.340,1298,953168
1505840460,135.300,135.310,135.300,135.310,1296,953168
1505840520,135.290,135.280,135.280,135.290,1296,953168
1505840580,135.280,135.290,135.270,135.290,1296,953168
1505840640,135.290,135.290,135.290,135.290,1296,953168
1505840700,135.290,135.290,135.290,135.290,793,959650
1505840760,135.280,135.280,135.280,135.280,790,959650
1505840820,135.270,135.270,135.270,135.270,790,959650
1505840880,135.270,135.270,135.270,135.270,790,959650
1505840940,135.270,135.270,135.270,135.270,790,959650
1505841000,135.270,135.270,135.270,135.270,2552,963603
1505841060,135.270,135.270,135.270,135.270,2548,963603
1505841120,135.300,135.300,135.300,135.300,2548,963603
1505841180,135.320,135.290,135.290,135.320,2548,963603
1505841240,135.280,135.280,135.260,135.280,2548,963603
1505841300,135.310,135.300,135.300,135.310,827,976347
1505841360,135.300,135.300,135.300,135.300,827,976347
1505841420,135.290,135.290,135.290,135.290,827,976347
1505841480,135.270,135.270,135.270,135.270,827,976347
1505841540,135.260,135.260,135.260,135.260,827,976347
1505841600,135.270,135.270,135.270,135.270,15842,980482
1505841660,135.320,135.310,135.310,135.320,15840,980482
1505841720,135.390,135.390,135.390,135.390,15840,980482
1505841780,135.390,135.410,135.390,135.410,15840,980482
1505841840,135.400,135.410,135.400,135.410,15840,980482
1505841900,135.410,135.560,135.410,135.560,2297,1059684
1505841960,135.570,135.710,135.570,135.710,2295,1059684
1505842020,135.710,135.720,135.700,135.720,2295,1059684
1505842080,135.720,135.720,135.700,135.720,2295,1059684
1505842140,135.720,135.720,135.700,135.720,2295,1059684
1505842200,135.710,135.720,135.710,135.720,2395,1071161
1505842260,135.700,135.680,135.680,135.720,2393,1071161
1505842320,135.740,135.780,135.740,135.780,2393,1071161
1505842380,135.830,135.830,135.830,135.830,2393,1071161
1505842440,135.840,135.840,135.840,135.840,2393,1071161
1505842500,135.900,135.900,135.880,135.910,5905,1083128
1505842560,135.890,135.890,135.890,135.890,5901,1083128
1505842620,135.890,135.900,135.880,135.920,5901,1083128
1505842680,135.910,135.900,135.900,135.930,5901,1083128
1505842740,135.900,135.900,135.900,135.930,5901,1083128
1505842800,135.920,135.880,135.880,135.920,4509,1112637
1505842860,135.870,135.880,135.850,135.900,4507,1112637
1505842920,135.880,135.840,135.840,135.880,4507,1112637
1505842980,135.860,135.870,135.860,135.870,4507,1112637
1505843040,135.870,135.880,135.870,135.890,4507,1112637
1505843100,135.890,135.910,135.890,135.910,12754,1135174
1505843160,135.910,135.950,135.910,135.960,12754,1135174
1505843220,135.960,135.920,135.920,135.960,12754,1135174
1505843280,135.930,135.930,135.930,135.930,12754,1135174
1505843340,135.890,135.910,135.890,135.910,12754,1135174
1505843400,135.930,135.930,135.930,135.930,2447,1198944
1505843460,135.930,135.910,135.910,135.930,2447,1198944
1505843520,135.890,135.910,135.880,135.920,2447,1198944
1505843580,135.880,135.930,135.880,135.930,2447,1198944
1505843640,135.940,135.940,135.940,135.940,2447,1198944
1505843700,135.930,135.970,135.930,135.970,3710,1211179
1505843760,136.020,135.960,135.960,136.020,3709,1211179
1505843820,135.930,135.930,135.930,135.930,3709,1211179
1505843880,135.930,135.910,135.910,135.930,3709,1211179
1505843940,135.930,135.910,135.910,135.930,3709,1211179
1505844000,135.890,135.890,135.890,135.890,1677,1229725
1505844060,135.840,135.820,135.820,135.840,1674,1229725
1505844120,135.840,135.820,135.820,135.840,1674,1229725
1505844180,135.750,135.820,135.750,135.820,1674,1229725
1505844240,135.820,135.820,135.820,135.820,1674,1229725
1505844300,135.880,135.850,135.850,135.880,1414,1238098
1505844360,135.870,135.900,135.850,135.900,1413,1238098
1505844420,135.870,135.860,135.850,135.870,1413,1238098
1505844480,135.870,135.860,135.850,135.870,1413,1238098
1505844540,135.870,135.870,135.870,135.870,1413,1238098
1505844600,135.850,135.880,135.840,135.880,3083,1245164
1505844660,135.920,135.920,135.920,135.970,3079,1245164
1505844720,135.950,135.950,135.930,135.950,3079,1245164
1505844780,135.940,135.950,135.940,135.950,3079,1245164
1505844840,135.950,135.980,135.950,135.980,3079,1245164
1505844900,135.990,135.940,135.940,135.990,2675,1260563
1505844960,135.950,135.950,135.950,135.950,2673,1260563
1505845020,135.950,135.960,135.950,135.960,2673,1260563
1505845080,135.960,135.980,135.960,135.980,2673,1260563
1505845140,135.970,135.950,135.950,135.970,2673,1260563
1505845200,135.940,135.940,135.940,135.960,2261,1273930
1505845260,135.950,135.960,135.940,135.960,2257,1273930
1505845320,135.970,135.950,135.950,135.970,2257,1273930
1505845380,135.940,135.940,135.940,135.940,2257,1273930
1505845440,135.940,135.960,135.930,135.960,2257,1273930
1505845500,135.960,135.940,135.930,135.960,1621,1285219
1505845560,135.940,135.930,135.930,135.940,1620,1285219
1505845620,135.950,135.940,135.940,135.960,1620,1285219
1505845680,135.930,135.930,135.930,135.930,1620,1285219
1505845740,135.940,135.930,135.920,135.950,1620,1285219
1505845800,135.920,135.920,135.920,135.940,2638,1293320
1505845860,135.930,135.930,135.930,135.940,2638,1293320
1505845920,135.940,135.850,135.850,135.940,2638,1293320
1505845980,135.880,135.870,135.870,135.880,2638,1293320
1505846040,135.870,135.870,135.870,135.870,2638,1293320
1505846100,135.870,135.870,135.870,135.870,635,1306510
1505846160,135.870,135.870,135.870,135.870,631,1306510
1505846220,135.850,135.820,135.820,135.850,631,1306510
1505846280,135.860,135.810,135.810,135.860,631,1306510
1505846340,135.860,135.810,135.810,135.860,631,1306510
1505846400,135.720,135.720,135.720,135.720,1534,1309669
1505846460,135.780,135.770,135.770,135.780,1534,1309669
1505846520,135.790,135.760,135.760,135.790,1534,1309669
1505846580,135.770,135.730,135.730,135.770,1534,1309669
1505846640,135.730,135.790,135.730,135.790,1534,1309669
1505846700,135.770,135.770,135.770,135.770,1259,1317339
1505846760,135.670,135.650,135.650,135.670,1258,1317339
1505846820,135.620,135.660,135.620,135.660,1258,1317339
1505846880,135.660,135.660,135.660,135.660,1258,1317339
1505846940,135.690,135.690,135.690,135.690,1258,1317339
1505847000,135.630,135.630,135.630,135.630,1066,1323630
1505847060,135.600,135.540,135.540,135.600,1065,1323630
1505847120,135.540,135.560,135.540,135.560,1065,1323630
1505847180,135.570,135.600,135.570,135.600,1065,1323630
1505847240,135.580,135.580,135.580,135.580,1065,1323630
1505847300,135.630,135.670,135.630,135.690,17861,1328956
1505847360,135.660,135.630,135.620,135.660,17861,1328956
1505847420,135.600,135.580,135.580,135.600,17861,1328956
1505847480,135.600,135.620,135.600,135.620,17861,1328956
1505847540,135.650,135.660,135.650,135.660,17861,1328956
1505847600,135.690,135.780,135.690,135.780,2012,1418261
1505847660,135.810,135.840,135.810,135.840,2011,1418261
1505847720,135.890,135.920,135.880,135.920,2011,1418261
1505847780,135.940,135.910,135.910,135.960,2011,1418261
1505847840,135.910,135.920,135.910,135.920,2011,1418261
1505847900,135.910,135.960,135.910,135.960,3214,1428317
1505847960,135.960,135.930,135.930,135.960,3210,1428317
1505848020,135.950,135.960,135.950,135.960,3210,1428317
1505848080,135.960,135.970,135.960,135.970,3210,1428317
1505848140,135.970,135.910,135.910,135.970,3210,1428317
1505848200,135.920,135.890,135.890,135.920,3437,1444371
1505848260,135.920,135.940,135.920,135.940,3436,1444371
1505848320,135.970,136.010,135.960,136.010,3436,1444371
1505848380,136.000,135.970,135.970,136.000,3436,1444371
1505848440,135.970,135.970,135.970,135.970,3436,1444371
1505848500,135.980,135.980,135.970,135.980,3950,1461552
1505848560,135.980,136.020,135.980,136.020,3946,1461552
1505848620,136.040,136.040,136.000,136.040,3946,1461552
1505848680,136.100,136.120,136.100,136.120,3946,1461552
1505848740,136.120,136.080,136.070,136.120,3946,1461552
1505848800,136.090,136.090,136.090,136.120,6335,1481286
1505848860,136.060,136.050,136.050,136.060,6332,1481286
1505848920,136.040,136.080,136.040,136.080,6332,1481286
1505848980,136.060,136.060,136.060,136.060,6332,1481286
1505849040,136.050,136.120,135.990,136.120,6332,1481286
1505849100,136.110,136.120,136.110,136.130,8150,1512949
1505849160,136.100,136.090,136.060,136.100,8150,1512949
1505849220,136.130,136.220,136.130,136.240,8150,1512949
1505849280,136.250,136.250,136.210,136.270,8150,1512949
1505849340,136.270,136.280,136.270,136.310,8150,1512949
1505849400,136.270,136.270,136.270,136.270,4482,1553699
1505849460,136.280,136.300,136.280,136.310,4480,1553699
1505849520,136.310,136.280,136.270,136.310,4480,1553699
1505849580,136.300,136.310,136.290,136.310,4480,1553699
1505849640,136.310,136.330,136.260,136.330,4480,1553699
1505849700,136.330,136.360,136.330,136.370,10504,1576101
1505849760,136.430,136.500,136.430,136.520,10500,1576101
1505849820,136.520,136.500,136.500,136.520,10500,1576101
1505849880,136.470,136.440,136.410,136.490,10500,1576101
1505849940,136.400,136.400,136.370,136.410,10500,1576101
1505850000,136.390,136.380,136.360,136.400,5030,1628605
1505850060,136.380,136.360,136.360,136.400,5027,1628605
1505850120,136.360,136.320,136.280,136.360,5027,1628605
1505850180,136.270,136.280,136.270,136.280,5027,1628605
1505850240,136.240,136.250,136.240,136.250,5027,1628605
1505850300,136.240,136.140,136.140,136.240,8758,1653743
1505850360,136.140,136.150,136.140,136.150,8755,1653743
1505850420,136.170,136.140,136.130,136.170,8755,1653743
1505850480,136.140,136.270,136.130,136.270,8755,1653743
1505850540,136.270,136.250,136.240,136.270,8755,1653743
1505850600,136.270,136.270,136.260,136.270,13045,1697521
1505850660,136.280,136.290,136.280,136.310,13042,1697521
1505850720,136.300,136.400,136.290,136.400,13042,1697521
1505850780,136.390,136.550,136.390,136.550,13042,1697521
1505850840,136.530,136.500,136.500,136.540,13042,1697521
1505850900,136.500,136.520,136.500,136.520,53449,1762734
1505850960,136.560,136.570,136.560,136.580,53448,1762734
1505851020,136.570,136.500,136.500,136.570,53448,1762734
1505851080,136.500,136.510,136.500,136.520,53448,1762734
1505851140,136.510,136.510,136.500,136.530,53448,1762734
1505914200,136.680,136.680,136.680,136.680,2687,0
1505914260,136.820,136.820,136.820,136.820,2684,0
1505914320,136.780,136.780,136.780,136.780,2684,0
1505914380,136.970,136.970,136.970,136.970,2684,0
1505914440,136.970,136.970,136.970,136.970,2684,0
1505914500,136.940,136.940,136.940,136.980,7847,13423
1505914560,136.850,136.850,136.850,136.850,7845,13423
1505914620,136.780,136.780,136.780,136.780,7845,13423
1505914680,136.810,136.710,136.710,136.810,7845,13423
1505914740,136.690,136.690,136.690,136.690,7845,13423
1505914800,136.780,136.780,136.780,136.780,546,52650
1505914860,136.780,136.780,136.780,136.780,546,52650
1505914920,136.780,136.780,136.780,136.780,546,52650
1505914980,136.750,136.820,136.750,136.820,546,52650
1505915040,136.710,136.710,136.710,136.710,546,52650
1505915100,136.710,136.700,136.700,136.710,2296,55380
1505915160,136.760,136.740,136.740,136.760,2292,55380
1505915220,136.820,136.820,136.820,136.820,2292,55380
1505915280,136.780,136.740,136.740,136.780,2292,55380
1505915340,136.780,136.810,136.780,136.810,2292,55380
1505915400,136.830,136.990,136.830,136.990,3045,66844
1505915460,136.910,136.920,136.810,136.920,3044,66844
1505915520,136.960,136.960,136.960,136.960,3044,66844
1505915580,136.960,137.030,136.920,137.060,3044,66844
1505915640,137.020,136.940,136.940,137.020,3044,66844
1505915700,136.840,136.840,136.840,136.840,3556,82065
1505915760,136.770,136.810,136.770,136.810,3556,82065
1505915820,136.730,136.870,136.720,136.920,3556,82065
1505915880,136.970,136.970,136.870,136.970,3556,82065
1505915940,136.980,137.000,136.980,137.250,3556,82065
1505916000,137.030,137.130,137.030,137.130,2733,99845
1505916060,137.040,137.030,137.030,137.040,2732,99845
1505916120,137.030,136.990,136.990,137.030,2732,99845
1505916180,137.000,137.000,137.000,137.000,2732,99845
1505916240,137.000,137.000,137.000,137.000,2732,99845
1505916300,136.990,136.990,136.990,136.990,7807,113506
1505916360,137.070,137.070,137.070,137.070,7807,113506
1505916420,137.070,137.090,137.070,137.090,7807,113506
1505916480,137.130,137.100,137.100,137.180,7807,113506
1505916540,137.100,137.160,137.100,137.160,7807,113506
1505916600,137.180,137.170,137.170,137.190,9694,152541
1505916660,137.160,137.160,137.160,137.160,9694,152541
1505916720,137.070,137.050,137.040,137.110,9694,152541
1505916780,137.070,137.050,137.040,137.110,9694,152541
1505916840,137.030,137.140,137.010,137.140,9694,152541
1505916900,137.130,137.100,137.100,137.130,5356,201011
1505916960,137.090,137.170,137.090,137.170,5354,201011
1505917020,137.170,137.170,137.160,137.170,5354,201011
1505917080,137.190,137.210,137.180,137.210,5354,201011
1505917140,137.210,137.370,137.210,137.370,5354,201011
1505917200,137.380,137.440,137.370,137.440,7956,227783
1505917260,137.450,137.550,137.450,137.590,7953,227783
1505917320,137.600,137.660,137.600,137.780,7953,227783
1505917380,137.750,137.750,137.740,137.750,7953,227783
1505917440,137.770,137.760,137.760,137.780,7953,227783
1505917500,137.730,137.830,137.730,137.830,5864,267551
1505917560,137.870,137.870,137.870,137.920,5864,267551
1505917620,137.960,138.070,137.960,138.080,5864,267551
1505917680,138.020,138.020,138.020,138.090,5864,267551
1505917740,138.000,137.920,137.900,138.000,5864,267551
1505917800,137.920,137.810,137.780,137.920,8990,296871
1505917860,137.800,137.740,137.740,137.800,8989,296871
1505917920,137.740,137.570,137.570,137.740,8989,296871
1505917980,137.620,137.680,137.620,137.680,8989,296871
1505918040,137.740,137.780,137.720,137.780,8989,296871
1505918100,137.770,137.750,137.750,137.770,3646,341817
1505918160,137.800,137.810,137.800,137.870,3646,341817
1505918220,137.810,137.870,137.780,137.870,3646,341817
1505918280,137.890,137.940,137.870,137.940,3646,341817
1505918340,137.940,137.940,137.940,137.940,3646,341817
1505918400,137.960,138.010,137.900,138.010,9001,360047
1505918460,138.040,137.970,137.970,138.040,8997,360047
1505918520,137.960,137.960,137.950,137.980,8997,360047
1505918580,137.980,137.990,137.950,137.990,8997,360047
1505918640,138.000,137.990,137.910,138.000,8997,360047
1505918700,137.960,137.990,137.920,137.990,7330,405036
1505918760,137.990,137.970,137.940,137.990,7328,405036
1505918820,137.970,137.970,137.970,137.970,7328,405036
1505918880,137.970,138.080,137.970,138.080,7328,405036
1505918940,138.090,138.130,138.010,138.130,7328,405036
1505919000,138.160,138.190,138.130,138.190,3377,441678
1505919060,138.150,138.110,138.110,138.150,3373,441678
1505919120,138.150,138.190,138.150,138.190,3373,441678
1505919180,138.160,138.170,138.160,138.190,3373,441678
1505919240,138.280,138.290,138.200,138.290,3373,441678
1505919300,138.180,138.180,138.180,138.260,5843,458547
1505919360,138.250,138.280,138.190,138.340,5841,458547
1505919420,138.290,138.290,138.270,138.300,5841,458547
1505919480,138.310,138.290,138.290,138.350,5841,458547
1505919540,138.300,138.330,138.260,138.330,5841,458547
1505919600,138.370,138.340,138.340,138.370,13655,487754
1505919660,138.310,138.260,138.220,138.310,13654,487754
1505919720,138.320,138.370,138.300,138.370,13654,487754
1505919780,138.370,138.390,138.370,138.420,13654,487754
1505919840,138.410,138.480,138.370,138.480,13654,487754
1505919900,138.450,138.510,138.440,138.510,5883,556025
1505919960,138.500,138.530,138.450,138.530,5880,556025
1505920020,138.550,138.540,138.540,138.550,5880,556025
1505920080,138.540,138.430,138.430,138.540,5880,556025
1505920140,138.450,138.370,138.370,138.450,5880,556025
1505920200,138.350,138.350,138.350,138.390,6643,585428
1505920260,138.340,138.300,138.300,138.340,6641,585428
1505920320,138.310,138.390,138.310,138.390,6641,585428
1505920380,138.370,138.480,138.330,138.500,6641,585428
1505920440,138.480,138.420,138.410,138.500,6641,585428
1505920500,138.500,138.360,138.360,138.500,4257,618635
1505920560,138.400,138.400,138.360,138.410,4253,618635
1505920620,138.400,138.300,138.300,138.400,4253,618635
1505920680,138.300,138.400,138.300,138.410,4253,618635
1505920740,138.420,138.380,138.370,138.440,4253,618635
1505920800,138.380,138.440,138.380,138.460,3550,639904
1505920860,138.460,138.440,138.440,138.470,3550,639904
1505920920,138.440,138.500,138.440,138.500,3550,639904
1505920980,138.480,138.390,138.390,138.500,3550,639904
1505921040,138.400,138.590,138.350,138.590,3550,639904
1505921100,138.460,138.490,138.460,138.490,2977,657654
1505921160,138.540,138.440,138.390,138.540,2975,657654
1505921220,138.410,138.420,138.410,138.530,2975,657654
1505921280,138.420,138.350,138.350,138.440,2975,657654
1505921340,138.350,138.320,138.310,138.350,2975,657654
1505921400,138.260,138.310,138.260,138.320,2741,672531
1505921460,138.310,138.300,138.280,138.310,2741,672531
1505921520,138.300,138.440,138.300,138.440,2741,672531
1505921580,138.480,138.420,138.400,138.480,2741,672531
1505921640,138.480,138.430,138.420,138.480,2741,672531
1505921700,138.470,138.440,138.440,138.470,2897,686236
1505921760,138.360,138.350,138.350,138.360,2893,686236
1505921820,138.310,138.380,138.310,138.400,2893,686236
1505921880,138.340,138.330,138.330,138.380,2893,686236
1505921940,138.330,138.310,138.310,138.330,2893,686236
1505922000,138.310,138.320,138.310,138.320,2681,700705
1505922060,138.340,138.250,138.250,138.340,2677,700705
1505922120,138.260,138.350,138.260,138.350,2677,700705
1505922180,138.340,138.310,138.310,138.350,2677,700705
1505922240,138.260,138.280,138.260,138.290,2677,700705
1505922300,138.300,138.310,138.300,138.330,3647,714094
1505922360,138.330,138.290,138.250,138.330,3645,714094
1505922420,138.290,138.260,138.260,138.310,3645,714094
1505922480,138.270,138.260,138.250,138.270,3645,714094
1505922540,138.230,138.250,138.230,138.260,3645,714094
1505922600,138.280,138.300,138.250,138.340,2250,732321
1505922660,138.300,138.430,138.280,138.430,2247,732321
1505922720,138.370,138.350,138.350,138.380,2247,732321
1505922780,138.350,138.340,138.340,138.450,2247,732321
1505922840,138.340,138.340,138.340,138.340,2247,732321
1505922900,138.340,138.340,138.340,138.340,1890,743559
1505922960,138.390,138.370,138.370,138.420,1889,743559
1505923020,138.370,138.370,138.370,138.400,1889,743559
1505923080,138.370,138.330,138.330,138.380,1889,743559
1505923140,138.340,138.360,138.340,138.430,1889,743559
1505923200,138.350,138.440,138.350,138.440,3835,753005
1505923260,138.440,138.620,138.440,138.620,3834,753005
1505923320,138.580,138.650,138.580,138.650,3834,753005
1505923380,138.620,138.720,138.620,138.720,3834,753005
1505923440,138.670,138.620,138.620,138.670,3834,753005
1505923500,138.590,138.660,138.590,138.660,774,772176
1505923560,138.640,138.640,138.640,138.640,771,772176
1505923620,138.610,138.610,138.610,138.610,771,772176
1505923680,138.630,138.630,138.630,138.630,771,772176
1505923740,138.630,138.630,138.630,138.630,771,772176
1505923800,138.600,138.560,138.560,138.630,1364,776034
1505923860,138.600,138.560,138.560,138.630,1362,776034
1505923920,138.550,138.510,138.510,138.550,1362,776034
1505923980,138.510,138.530,138.510,138.530,1362,776034
1505924040,138.560,138.540,138.540,138.560,1362,776034
1505924100,138.560,138.550,138.530,138.560,1482,782846
1505924160,138.550,138.550,138.550,138.550,1481,782846
1505924220,138.530,138.540,138.530,138.550,1481,782846
1505924280,138.560,138.560,138.560,138.560,1481,782846
1505924340,138.610,138.560,138.560,138.610,1481,782846
1505924400,138.560,138.520,138.520,138.560,2020,790252
1505924460,138.480,138.470,138.470,138.480,2017,790252
1505924520,138.450,138.440,138.440,138.460,2017,790252
1505924580,138.440,138.410,138.410,138.440,2017,790252
1505924640,138.430,138.430,138.430,138.430,2017,790252
1505924700,138.420,138.420,138.420,138.420,961,800340
1505924760,138.410,138.450,138.410,138.450,958,800340
1505924820,138.430,138.430,138.430,138.430,958,800340
1505924880,138.380,138.380,138.360,138.380,958,800340
1505924940,138.430,138.430,138.430,138.430,958,800340
1505925000,138.430,138.430,138.430,138.430,1507,805133
1505925060,138.390,138.410,138.390,138.430,1507,805133
1505925120,138.380,138.380,138.380,138.380,1507,805133
1505925180,138.380,138.420,138.380,138.420,1507,805133
1505925240,138.440,138.430,138.430,138.440,1507,805133
1505925300,138.430,138.430,138.430,138.430,1530,812668
1505925360,138.460,138.460,138.460,138.490,1528,812668
1505925420,138.460,138.460,138.460,138.460,1528,812668
1505925480,138.440,138.400,138.400,138.440,1528,812668
1505925540,138.390,138.390,138.390,138.410,1528,812668
1505925600,138.390,138.370,138.370,138.390,1314,820310
1505925660,138.390,138.380,138.380,138.390,1311,820310
1505925720,138.380,138.400,138.380,138.400,1311,820310
1505925780,138.390,138.370,138.370,138.390,1311,820310
1505925840,138.390,138.400,138.390,138.400,1311,820310
1505925900,138.390,138.380,138.380,138.410,1481,826868
1505925960,138.400,138.400,138.400,138.400,1479,826868
1505926020,138.400,138.400,138.400,138.400,1479,826868
1505926080,138.470,138.440,138.440,138.470,1479,826868
1505926140,138.470,138.440,138.440,138.470,1479,826868
1505926200,138.460,138.410,138.410,138.490,1777,834265
1505926260,138.400,138.430,138.400,138.450,1774,834265
1505926320,138.420,138.420,138.420,138.420,1774,834265
1505926380,138.440,138.430,138.430,138.440,1774,834265
1505926440,138.430,138.430,138.430,138.430,1774,834265
1505926500,138.430,138.430,138.430,138.430,1706,843138
1505926560,138.430,138.410,138.400,138.430,1706,843138
1505926620,138.420,138.430,138.420,138.440,1706,843138
1505926680,138.420,138.380,138.380,138.420,1706,843138
1505926740,138.370,138.370,138.370,138.370,1706,843138
1505926800,138.390,138.370,138.370,138.400,1442,851668
1505926860,138.370,138.370,138.370,138.370,1440,851668
1505926920,138.390,138.380,138.380,138.390,1440,851668
1505926980,138.360,138.390,138.360,138.390,1440,851668
1505927040,138.350,138.330,138.330,138.350,1440,851668
1505927100,138.310,138.260,138.260,138.310,2078,858870
1505927160,138.200,138.240,138.200,138.240,2078,858870
1505927220,138.240,138.290,138.240,138.290,2078,858870
1505927280,138.280,138.270,138.270,138.280,2078,858870
1505927340,138.250,138.250,138.250,138.250,2078,858870
1505927400,138.270,138.280,138.270,138.280,1235,869260
1505927460,138.270,138.280,138.270,138.280,1233,869260
1505927520,138.310,138.310,138.310,138.310,1233,869260
1505927580,138.260,138.320,138.260,138.320,1233,869260
1505927640,138.310,138.330,138.290,138.330,1233,869260
1505927700,138.310,138.330,138.290,138.330,2056,875427
1505927760,138.330,138.280,138.250,138.330,2056,875427
1505927820,138.270,138.240,138.240,138.270,2056,875427
1505927880,138.250,138.280,138.250,138.280,2056,875427
1505927940,138.290,138.290,138.290,138.290,2056,875427
1505928000,138.280,138.290,138.280,138.290,980,885707
1505928060,138.290,138.290,138.290,138.290,980,885707
1505928120,138.240,138.230,138.230,138.240,980,885707
1505928180,138.220,138.220,138.220,138.220,980,885707
1505928240,138.220,138.210,138.210,138.220,980,885707
1505928300,138.160,138.190,138.160,138.190,1422,890607
1505928360,138.180,138.170,138.160,138.200,1419,890607
1505928420,138.210,138.200,138.200,138.210,1419,890607
1505928480,138.200,138.210,138.190,138.210,1419,890607
1505928540,138.200,138.230,138.200,138.230,1419,890607
1505928600,138.250,138.210,138.210,138.250,1292,897705
1505928660,138.220,138.180,138.180,138.220,1290,897705
1505928720,138.180,138.160,138.160,138.180,1290,897705
1505928780,138.160,138.160,138.160,138.160,1290,897705
1505928840,138.130,138.150,138.130,138.150,1290,897705
1505928900,138.130,138.110,138.110,138.150,1654,904157
1505928960,138.100,138.090,138.090,138.100,1652,904157
1505929020,138.090,137.890,137.890,138.090,1652,904157
1505929080,137.910,137.950,137.910,137.950,1652,904157
1505929140,137.970,137.970,137.970,137.970,1652,904157
1505929200,137.970,138.040,137.970,138.040,1162,912419
1505929260,138.060,138.110,138.060,138.110,1162,912419
1505929320,138.140,138.140,138.140,138.160,1162,912419
1505929380,138.140,138.120,138.120,138.150,1162,912419
1505929440,138.150,138.180,138.150,138.180,1162,912419
1505929500,138.190,138.190,138.190,138.190,1574,918229
1505929560,138.190,138.190,138.170,138.190,1570,918229
1505929620,138.190,138.230,138.190,138.230,1570,918229
1505929680,138.230,138.230,138.230,138.230,1570,918229
1505929740,138.230,138.170,138.170,138.230,1570,918229
1505929800,138.160,138.160,138.160,138.180,2028,926083
1505929860,138.190,138.190,138.190,138.190,2024,926083
1505929920,138.180,138.240,138.180,138.240,2024,926083
1505929980,138.260,138.270,138.260,138.270,2024,926083
1505930040,138.280,138.320,138.280,138.320,2024,926083
1505930100,138.260,138.280,138.250,138.280,1765,936207
1505930160,138.280,138.280,138.280,138.280,1764,936207
1505930220,138.370,138.370,138.370,138.370,1764,936207
1505930280,138.360,138.360,138.360,138.360,1764,936207
1505930340,138.380,138.310,138.310,138.390,1764,936207
1505930400,138.290,138.290,138.290,138.290,2072,945028
1505930460,138.190,138.170,138.170,138.190,2068,945028
1505930520,138.140,138.100,138.090,138.150,2068,945028
1505930580,138.110,138.180,138.110,138.180,2068,945028
1505930640,138.220,138.230,138.220,138.230,2068,945028
1505930700,138.210,138.070,138.070,138.210,2731,955372
1505930760,138.000,137.960,137.960,138.000,2730,955372
1505930820,138.010,138.020,138.010,138.040,2730,955372
1505930880,138.050,138.080,138.050,138.080,2730,955372
1505930940,138.110,137.860,137.860,138.110,2730,955372
1505931000,137.870,137.900,137.870,137.900,2608,969023
1505931060,137.960,137.890,137.890,137.960,2606,969023
1505931120,137.930,138.030,137.930,138.030,2606,969023
1505931180,137.830,137.880,137.830,137.880,2606,969023
1505931240,137.880,137.910,137.860,137.910,2606,969023
1505931300,137.930,137.960,137.930,137.960,2404,982055
1505931360,137.930,137.970,137.930,137.970,2400,982055
1505931420,137.980,138.000,137.980,138.000,2400,982055
1505931480,137.960,137.970,137.910,138.000,2400,982055
1505931540,137.960,137.920,137.920,137.960,2400,982055
1505931600,137.900,137.650,137.650,137.910,5444,994059
1505931660,137.660,137.780,137.660,137.780,5440,994059
1505931720,137.720,137.620,137.620,137.780,5440,994059
1505931780,137.630,137.630,137.630,137.630,5440,994059
1505931840,137.650,137.710,137.650,137.710,5440,994059
1505931900,137.760,137.820,137.760,137.820,2355,1021263
1505931960,137.850,137.790,137.790,137.850,2354,1021263
1505932020,137.770,137.820,137.770,137.820,2354,1021263
1505932080,137.790,137.850,137.790,137.850,2354,1021263
1505932140,137.890,137.910,137.880,137.910,2354,1021263
1505932200,137.880,137.780,137.780,137.880,3815,1033034
1505932260,137.720,137.750,137.690,137.750,3812,1033034
1505932320,137.740,137.770,137.740,137.770,3812,1033034
1505932380,137.810,137.780,137.780,137.810,3812,1033034
1505932440,137.800,137.760,137.730,137.800,3812,1033034
1505932500,137.770,137.740,137.740,137.770,1934,1052097
1505932560,137.720,137.690,137.670,137.720,1933,1052097
1505932620,137.680,137.730,137.680,137.730,1933,1052097
1505932680,137.760,137.810,137.760,137.810,1933,1052097
1505932740,137.790,137.760,137.760,137.790,1933,1052097
1505932800,137.750,137.740,137.740,137.750,1904,1061763
1505932860,137.740,137.760,137.740,137.760,1903,1061763
1505932920,137.770,137.700,137.700,137.770,1903,1061763
1505932980,137.720,137.760,137.720,137.760,1903,1061763
1505933040,137.760,137.800,137.760,137.800,1903,1061763
1505933100,137.840,137.840,137.820,137.860,2542,1071279
1505933160,137.820,137.820,137.820,137.820,2538,1071279
1505933220,137.840,137.860,137.840,137.860,2538,1071279
1505933280,137.850,137.840,137.810,137.850,2538,1071279
1505933340,137.870,137.900,137.870,137.900,2538,1071279
1505933400,137.910,137.910,137.910,137.910,2193,1083973
1505933460,137.900,137.980,137.900,137.980,2191,1083973
1505933520,138.000,137.990,137.990,138.000,2191,1083973
1505933580,137.970,137.980,137.970,137.980,2191,1083973
1505933640,137.980,138.010,137.970,138.010,2191,1083973
1505933700,138.010,138.050,138.010,138.070,2505,1094930
1505933760,138.040,138.040,138.040,138.040,2503,1094930
1505933820,138.050,138.030,138.030,138.050,2503,1094930
1505933880,138.050,137.970,137.970,138.050,2503,1094930
1505933940,137.990,138.010,137.990,138.010,2503,1094930
1505934000,138.000,137.940,137.940,138.000,2395,1107447
1505934060,137.950,137.920,137.910,137.950,2391,1107447
1505934120,137.910,137.910,137.910,137.940,2391,1107447
1505934180,137.910,137.950,137.910,137.950,2391,1107447
1505934240,137.910,137.890,137.890,137.910,2391,1107447
1505934300,137.860,137.840,137.840,137.860,2813,1119406
1505934360,137.850,137.800,137.800,137.850,2809,1119406
1505934420,137.830,137.840,137.830,137.850,2809,1119406
1505934480,137.840,137.780,137.780,137.850,2809,1119406
1505934540,137.760,137.780,137.760,137.780,2809,1119406
1505934600,137.830,137.840,137.830,137.840,5913,1133455
1505934660,137.840,137.840,137.840,137.840,5912,1133455
1505934720,137.840,137.830,137.830,137.840,5912,1133455
1505934780,137.850,137.930,137.850,137.950,5912,1133455
1505934840,137.980,138.000,137.970,138.030,5912,1133455
1505934900,137.970,137.960,137.960,138.020,2409,1163016
1505934960,137.960,137.910,137.910,137.960,2409,1163016
1505935020,137.960,137.960,137.960,137.960,2409,1163016
1505935080,137.960,137.960,137.960,137.960,2409,1163016
1505935140,137.970,138.000,137.970,138.000,2409,1163016
1505935200,137.980,137.970,137.970,137.980,1923,1175061
1505935260,138.000,138.000,138.000,138.000,1922,1175061
1505935320,137.980,137.960,137.960,137.980,1922,1175061
1505935380,137.950,137.960,137.950,137.960,1922,1175061
1505935440,137.960,137.960,137.960,137.960,1922,1175061
1505935500,137.980,137.960,137.960,137.980,2338,1184672
1505935560,137.970,137.910,137.910,137.970,2334,1184672
1505935620,137.930,137.960,137.930,137.960,2334,1184672
1505935680,137.990,137.990,137.990,137.990,2334,1184672
1505935740,137.990,138.000,137.990,138.000,2334,1184672
1505935800,138.020,138.030,138.020,138.040,4903,1196346
1505935860,138.040,138.000,138.000,138.050,4900,1196346
1505935920,137.990,137.970,137.970,137.990,4900,1196346
1505935980,138.000,138.030,138.000,138.030,4900,1196346
1505936040,138.050,138.060,138.050,138.070,4900,1196346
1505936100,138.060,138.030,138.030,138.070,2793,1220849
1505936160,138.000,138.010,138.000,138.010,2792,1220849
1505936220,138.040,138.050,138.010,138.060,2792,1220849
1505936280,138.050,138.030,138.030,138.070,2792,1220849
1505936340,138.000,138.020,138.000,138.020,2792,1220849
1505936400,138.010,138.010,138.010,138.010,4632,1234810
1505936460,137.990,137.970,137.970,137.990,4628,1234810
1505936520,137.970,138.020,137.970,138.020,4628,1234810
1505936580,138.040,137.990,137.990,138.040,4628,1234810
1505936640,138.010,138.030,138.010,138.040,4628,1234810
1505936700,138.050,138.040,138.020,138.060,7997,1257954
1505936760,138.020,137.970,137.970,138.020,7993,1257954
1505936820,137.990,138.030,137.990,138.050,7993,1257954
1505936880,138.030,138.130,138.030,138.130,7993,1257954
1505936940,138.120,138.130,138.120,138.130,7993,1257954
1505937000,138.120,138.130,138.090,138.130,8901,1297923
1505937060,138.150,138.120,138.120,138.150,8898,1297923
1505937120,138.100,138.090,138.070,138.110,8898,1297923
1505937180,138.070,138.040,138.040,138.080,8898,1297923
1505937240,138.040,138.020,138.000,138.050,8898,1297923
1505937300,138.020,138.030,138.010,138.030,49235,1342416
1505937360,138.030,138.090,138.030,138.090,49234,1342416
1505937420,138.090,138.170,138.090,138.170,49234,1342416
1505937480,138.120,138.080,138.080,138.120,49234,1342416
1505937540,138.100,137.990,137.990,138.100,49234,1342416
1506000660,138.130,138.020,138.020,138.130,0,0
1506000720,138.020,137.900,137.900,138.020,0,0
1506000780,137.970,138.000,137.970,138.120,0,0
1506000840,138.030,138.030,138.030,138.030,0,0
1506000900,138.200,138.200,138.200,138.200,828,17140
1506000960,138.140,138.310,138.140,138.340,824,17140
1506001020,138.080,138.070,138.070,138.080,824,17140
1506001080,138.210,138.090,138.090,138.210,824,17140
1506001140,138.100,138.100,138.100,138.100,824,17140
1506001200,138.090,138.090,138.090,138.090,608,21264
1506001260,138.020,138.010,138.010,138.020,604,21264
1506001320,138.000,137.970,137.900,138.000,604,21264
1506001380,137.930,137.930,137.930,137.930,604,21264
1506001440,137.900,137.900,137.900,137.900,604,21264
1506001500,137.910,137.940,137.900,137.960,2328,24288
1506001560,137.970,138.090,137.970,138.220,2324,24288
1506001620,138.150,138.140,138.140,138.150,2324,24288
1506001680,138.070,137.960,137.960,138.070,2324,24288
1506001740,137.950,137.940,137.940,137.960,2324,24288
1506001800,137.940,137.990,137.940,137.990,1190,35912
1506001860,137.940,137.990,137.940,137.990,1190,35912
1506001920,137.890,137.930,137.890,137.950,1190,35912
1506001980,137.910,137.890,137.890,137.910,1190,35912
1506002040,137.910,137.910,137.910,137.910,1190,35912
1506002100,137.890,137.850,137.850,137.890,1227,41862
1506002160,137.850,137.900,137.850,137.900,1224,41862
1506002220,137.950,137.970,137.950,137.970,1224,41862
1506002280,137.970,137.930,137.930,137.990,1224,41862
1506002340,137.990,138.000,137.990,138.000,1224,41862
1506002400,138.050,138.180,138.010,138.180,2156,47985
1506002460,138.160,138.150,138.150,138.160,2156,47985
1506002520,138.160,138.220,138.160,138.230,2156,47985
1506002580,138.170,138.210,138.170,138.210,2156,47985
1506002640,138.260,138.360,138.260,138.380,2156,47985
1506002700,138.320,138.350,138.320,138.350,1326,58765
1506002760,138.310,138.280,138.280,138.310,1322,58765
1506002820,138.300,138.290,138.290,138.310,1322,58765
1506002880,138.310,138.310,138.310,138.310,1322,58765
1506002940,138.370,138.380,138.370,138.380,1322,58765
1506003000,138.380,138.500,138.380,138.500,5177,65379
1506003060,138.470,138.490,138.470,138.500,5177,65379
1506003120,138.490,138.500,138.490,138.510,5177,65379
1506003180,138.520,138.520,138.520,138.530,5177,65379
1506003240,138.500,138.490,138.490,138.510,5177,65379
1506003300,138.470,138.440,138.440,138.470,5147,91264
1506003360,138.440,138.440,138.440,138.440,5145,91264
1506003420,138.470,138.500,138.470,138.510,5145,91264
1506003480,138.480,138.480,138.480,138.480,5145,91264
1506003540,138.470,138.440,138.440,138.470,5145,91264
1506003600,138.460,138.480,138.460,138.480,1430,116991
1506003660,138.460,138.480,138.460,138.480,1426,116991
1506003720,138.490,138.440,138.440,138.490,1426,116991
1506003780,138.480,138.480,138.480,138.480,1426,116991
1506003840,138.450,138.450,138.420,138.450,1426,116991
1506003900,138.410,138.410,138.410,138.410,7096,124125
1506003960,138.480,138.480,138.480,138.480,7094,124125
1506004020,138.510,138.500,138.490,138.510,7094,124125
1506004080,138.510,138.600,138.510,138.600,7094,124125
1506004140,138.620,138.760,138.620,138.760,7094,124125
1506004200,138.730,138.730,138.730,138.730,2673,159597
1506004260,138.700,138.770,138.700,138.770,2671,159597
1506004320,138.750,138.700,138.700,138.750,2671,159597
1506004380,138.710,138.730,138.710,138.730,2671,159597
1506004440,138.720,138.600,138.510,138.720,2671,159597
1506004500,138.610,138.540,138.500,138.640,1541,172954
1506004560,138.610,138.610,138.610,138.610,1537,172954
1506004620,138.610,138.610,138.610,138.610,1537,172954
1506004680,138.600,138.550,138.550,138.600,1537,172954
1506004740,138.570,138.590,138.570,138.590,1537,172954
1506004800,138.640,138.640,138.640,138.640,960,180643
1506004860,138.660,138.660,138.660,138.660,959,180643
1506004920,138.660,138.610,138.610,138.660,959,180643
1506004980,138.590,138.580,138.580,138.590,959,180643
1506005040,138.600,138.620,138.600,138.620,959,180643
1506005100,138.660,138.660,138.660,138.660,1290,185439
1506005160,138.670,138.800,138.670,138.800,1287,185439
1506005220,138.870,138.910,138.870,138.910,1287,185439
1506005280,138.880,138.880,138.880,138.880,1287,185439
1506005340,138.880,138.790,138.790,138.880,1287,185439
1506005400,138.820,138.570,138.570,138.820,2757,191877
1506005460,138.630,138.780,138.630,138.780,2754,191877
1506005520,138.630,138.780,138.630,138.780,2754,191877
1506005580,138.840,138.840,138.840,138.840,2754,191877
1506005640,138.840,138.720,138.720,138.840,2754,191877
1506005700,138.580,138.630,138.580,138.630,1039,205650
1506005760,138.650,138.600,138.600,138.650,1037,205650
1506005820,138.640,138.640,138.640,138.640,1037,205650
1506005880,138.580,138.600,138.580,138.600,1037,205650
1506005940,138.620,138.590,138.590,138.630,1037,205650
1506006000,138.630,138.630,138.630,138.630,2271,210837
1506006060,138.670,138.630,138.630,138.670,2271,210837
1506006120,138.650,138.660,138.650,138.660,2271,210837
1506006180,138.630,138.670,138.630,138.670,2271,210837
1506006240,138.680,138.730,138.680,138.770,2271,210837
1506006300,138.680,138.730,138.680,138.770,952,222192
1506006360,138.750,138.740,138.740,138.750,950,222192
1506006420,138.730,138.710,138.710,138.730,950,222192
1506006480,138.720,138.780,138.720,138.780,950,222192
1506006540,138.720,138.780,138.720,138.780,950,222192
1506006600,138.860,138.840,138.840,138.860,1438,226944
1506006660,138.810,138.860,138.810,138.870,1437,226944
1506006720,138.780,138.780,138.780,138.780,1437,226944
1506006780,138.820,138.870,138.820,138.870,1437,226944
1506006840,138.830,138.830,138.830,138.830,1437,226944
1506006900,138.850,138.890,138.850,138.890,4370,234130
1506006960,138.860,138.900,138.860,138.900,4368,234130
1506007020,138.900,138.900,138.900,138.900,4368,234130
1506007080,138.940,138.820,138.820,138.940,4368,234130
1506007140,138.840,138.830,138.830,138.870,4368,234130
1506007200,138.830,138.830,138.830,138.830,1763,255972
1506007260,138.860,138.810,138.810,138.860,1763,255972
1506007320,138.850,138.860,138.850,138.860,1763,255972
1506007380,138.860,138.870,138.820,138.870,1763,255972
1506007440,138.870,138.860,138.810,138.870,1763,255972
1506007500,138.870,138.860,138.810,138.870,3103,264787
1506007560,138.870,138.840,138.820,138.870,3099,264787
1506007620,138.810,138.790,138.790,138.840,3099,264787
1506007680,138.810,138.710,138.710,138.810,3099,264787
1506007740,138.720,138.720,138.710,138.720,3099,264787
1506007800,138.680,138.680,138.680,138.680,1537,280286
1506007860,138.640,138.630,138.630,138.640,1534,280286
1506007920,138.610,138.600,138.600,138.610,1534,280286
1506007980,138.550,138.510,138.510,138.550,1534,280286
1506008040,138.600,138.580,138.580,138.640,1534,280286
1506008100,138.570,138.500,138.500,138.570,2979,287959
1506008160,138.490,138.490,138.490,138.490,2976,287959
1506008220,138.530,138.530,138.520,138.540,2976,287959
1506008280,138.500,138.500,138.500,138.500,2976,287959
1506008340,138.470,138.360,138.360,138.470,2976,287959
1506008400,138.310,138.310,138.310,138.310,1960,302842
1506008460,138.320,138.380,138.320,138.380,1960,302842
1506008520,138.380,138.380,138.380,138.380,1960,302842
1506008580,138.380,138.370,138.370,138.390,1960,302842
1506008640,138.330,138.330,138.330,138.330,1960,302842
1506008700,138.360,138.360,138.310,138.360,3059,312642
1506008760,138.340,138.370,138.340,138.370,3056,312642
1506008820,138.320,138.320,138.320,138.320,3056,312642
1506008880,138.350,138.370,138.340,138.370,3056,312642
1506008940,138.350,138.340,138.340,138.390,3056,312642
1506009000,138.400,138.340,138.340,138.400,974,327925
1506009060,138.360,138.380,138.360,138.380,972,327925
1506009120,138.360,138.380,138.360,138.380,972,327925
1506009180,138.350,138.350,138.350,138.350,972,327925
1506009240,138.350,138.350,138.350,138.350,972,327925
1506009300,138.320,138.370,138.320,138.370,2790,332787
1506009360,138.370,138.510,138.370,138.510,2790,332787
1506009420,138.470,138.510,138.470,138.510,2790,332787
1506009480,138.530,138.550,138.490,138.550,2790,332787
1506009540,138.540,138.500,138.500,138.540,2790,332787
1506009600,138.550,138.550,138.550,138.550,2597,346737
1506009660,138.540,138.570,138.540,138.570,2596,346737
1506009720,138.610,138.530,138.530,138.610,2596,346737
1506009780,138.500,138.500,138.500,138.500,2596,346737
1506009840,138.540,138.500,138.500,138.540,2596,346737
1506009900,138.510,138.510,138.510,138.510,615,359718
1506009960,138.480,138.510,138.480,138.510,614,359718
1506010020,138.480,138.510,138.480,138.510,614,359718
1506010080,138.530,138.530,138.530,138.530,614,359718
1506010140,138.530,138.530,138.530,138.530,614,359718
1506010200,138.500,138.500,138.500,138.500,917,362789
1506010260,138.490,138.530,138.490,138.530,913,362789
1506010320,138.480,138.500,138.480,138.500,913,362789
1506010380,138.480,138.450,138.450,138.530,913,362789
1506010440,138.480,138.430,138.430,138.480,913,362789
1506010500,138.400,138.410,138.400,138.410,1218,367358
1506010560,138.410,138.410,138.410,138.410,1218,367358
1506010620,138.380,138.400,138.380,138.400,1218,367358
1506010680,138.380,138.400,138.380,138.400,1218,367358
1506010740,138.420,138.520,138.420,138.520,1218,367358
1506010800,138.490,138.480,138.480,138.500,602,373448
1506010860,138.480,138.480,138.480,138.480,601,373448
1506010920,138.470,138.470,138.470,138.470,601,373448
1506010980,138.460,138.450,138.450,138.460,601,373448
1506011040,138.440,138.440,138.440,138.440,601,373448
1506011100,138.440,138.440,138.440,138.440,271,376454
1506011160,138.450,138.450,138.450,138.450,270,376454
1506011220,138.450,138.450,138.450,138.450,270,376454
1506011280,138.450,138.450,138.450,138.450,270,376454
1506011340,138.410,138.440,138.410,138.440,270,376454
1506011400,138.410,138.440,138.410,138.440,1015,377805
1506011460,138.410,138.440,138.410,138.440,1014,377805
1506011520,138.430,138.430,138.430,138.430,1014,377805
1506011580,138.410,138.540,138.410,138.540,1014,377805
1506011640,138.410,138.540,138.410,138.540,1014,377805
1506011700,138.530,138.520,138.520,138.530,459,382876
1506011760,138.530,138.490,138.490,138.530,456,382876
1506011820,138.530,138.490,138.490,138.530,456,382876
1506011880,138.500,138.500,138.500,138.500,456,382876
1506011940,138.500,138.500,138.500,138.500,456,382876
1506012000,138.480,138.480,138.480,138.480,2392,385159
1506012060,138.460,138.460,138.460,138.460,2390,385159
1506012120,138.440,138.450,138.440,138.450,2390,385159
1506012180,138.440,138.450,138.440,138.450,2390,385159
1506012240,138.470,138.480,138.470,138.480,2390,385159
1506012300,138.470,138.470,138.470,138.470,610,397111
1506012360,138.480,138.480,138.480,138.480,608,397111
1506012420,138.470,138.410,138.410,138.470,608,397111
1506012480,138.470,138.410,138.410,138.470,608,397111
1506012540,138.470,138.410,138.410,138.470,608,397111
1506012600,138.470,138.410,138.410,138.470,512,400153
1506012660,138.400,138.400,138.400,138.400,512,400153
1506012720,138.370,138.370,138.370,138.370,512,400153
1506012780,138.370,138.370,138.370,138.370,512,400153
1506012840,138.370,138.370,138.370,138.370,512,400153
1506012900,138.380,138.380,138.380,138.380,2265,402713
1506012960,138.380,138.380,138.380,138.380,2264,402713
1506013020,138.380,138.390,138.380,138.390,2264,402713
1506013080,138.410,138.370,138.360,138.410,2264,402713
1506013140,138.410,138.410,138.410,138.410,2264,402713
1506013200,138.410,138.410,138.410,138.410,702,414034
1506013260,138.410,138.410,138.410,138.410,700,414034
1506013320,138.390,138.430,138.390,138.430,700,414034
1506013380,138.390,138.400,138.390,138.400,700,414034
1506013440,138.420,138.420,138.420,138.420,700,414034
1506013500,138.420,138.420,138.420,138.420,2435,417536
1506013560,138.420,138.420,138.420,138.420,2431,417536
1506013620,138.460,138.470,138.450,138.470,2431,417536
1506013680,138.460,138.460,138.460,138.460,2431,417536
1506013740,138.440,138.440,138.440,138.440,2431,417536
1506013800,138.450,138.410,138.410,138.450,578,429695
1506013860,138.420,138.420,138.420,138.420,577,429695
1506013920,138.420,138.420,138.420,138.420,577,429695
1506013980,138.420,138.420,138.420,138.420,577,429695
1506014040,138.420,138.420,138.420,138.420,577,429695
1506014100,138.420,138.420,138.400,138.420,1751,432581
1506014160,138.410,138.420,138.410,138.420,1750,432581
1506014220,138.410,138.420,138.400,138.420,1750,432581
1506014280,138.410,138.420,138.400,138.420,1750,432581
1506014340,138.470,138.460,138.460,138.470,1750,432581
1506014400,138.490,138.490,138.490,138.490,2213,441332
1506014460,138.490,138.450,138.450,138.490,2211,441332
1506014520,138.490,138.490,138.490,138.490,2211,441332
1506014580,138.490,138.490,138.490,138.490,2211,441332
1506014640,138.580,138.600,138.580,138.600,2211,441332
1506014700,138.610,138.610,138.610,138.610,1156,452389
1506014760,138.610,138.610,138.610,138.610,1154,452389
1506014820,138.610,138.610,138.610,138.610,1154,452389
1506014880,138.590,138.590,138.590,138.590,1154,452389
1506014940,138.530,138.530,138.530,138.530,1154,452389
1506015000,138.540,138.510,138.510,138.540,1755,458161
1506015060,138.510,138.510,138.510,138.510,1754,458161
1506015120,138.520,138.530,138.520,138.530,1754,458161
1506015180,138.530,138.510,138.510,138.530,1754,458161
1506015240,138.510,138.510,138.510,138.510,1754,458161
1506015300,138.530,138.510,138.510,138.530,466,466932
1506015360,138.550,138.550,138.550,138.550,463,466932
1506015420,138.550,138.550,138.550,138.550,463,466932
1506015480,138.550,138.550,138.550,138.550,463,466932
1506015540,138.570,138.570,138.570,138.570,463,466932
1506015600,138.550,138.550,138.550,138.550,912,469250
1506015660,138.570,138.570,138.570,138.570,911,469250
1506015720,138.550,138.570,138.550,138.570,911,469250
1506015780,138.570,138.560,138.560,138.570,911,469250
1506015840,138.520,138.520,138.520,138.520,911,469250
1506015900,138.530,138.530,138.530,138.530,910,473806
1506015960,138.530,138.530,138.530,138.530,909,473806
1506016020,138.520,138.520,138.510,138.520,909,473806
1506016080,138.510,138.510,138.510,138.520,909,473806
1506016140,138.510,138.510,138.510,138.510,909,473806
1506016200,138.510,138.510,138.510,138.510,6274,478352
1506016260,138.500,138.500,138.500,138.500,6270,478352
1506016320,138.520,138.510,138.510,138.520,6270,478352
1506016380,138.510,138.520,138.510,138.520,6270,478352
1506016440,138.500,138.540,138.500,138.540,6270,478352
1506016500,138.530,138.550,138.530,138.550,744,509706
1506016560,138.540,138.540,138.540,138.540,741,509706
1506016620,138.560,138.530,138.530,138.560,741,509706
1506016680,138.560,138.530,138.530,138.560,741,509706
1506016740,138.540,138.520,138.520,138.540,741,509706
1506016800,138.540,138.530,138.530,138.540,760,513414
1506016860,138.540,138.530,138.530,138.540,759,513414
1506016920,138.530,138.530,138.530,138.530,759,513414
1506016980,138.530,138.530,138.530,138.530,759,513414
1506017040,138.550,138.550,138.550,138.550,759,513414
1506017100,138.550,138.550,138.550,138.550,1116,517210
1506017160,138.530,138.530,138.530,138.530,1114,517210
1506017220,138.530,138.560,138.530,138.560,1114,517210
1506017280,138.580,138.580,138.580,138.580,1114,517210
1506017340,138.540,138.540,138.540,138.540,1114,517210
1506017400,138.540,138.540,138.540,138.540,1168,522782
1506017460,138.560,138.560,138.560,138.560,1165,522782
1506017520,138.580,138.630,138.580,138.630,1165,522782
1506017580,138.640,138.590,138.590,138.640,1165,522782
1506017640,138.580,138.580,138.580,138.580,1165,522782
1506017700,138.570,138.570,138.550,138.570,696,528610
1506017760,138.570,138.570,138.570,138.570,692,528610
1506017820,138.560,138.560,138.560,138.560,692,528610
1506017880,138.560,138.560,138.560,138.560,692,528610
1506017940,138.560,138.560,138.560,138.560,692,528610
1506018000,138.560,138.550,138.550,138.560,744,532074
1506018060,138.560,138.540,138.540,138.560,742,532074
1506018120,138.560,138.540,138.540,138.560,742,532074
1506018180,138.560,138.540,138.540,138.560,742,532074
1506018240,138.560,138.540,138.540,138.560,742,532074
1506018300,138.520,138.520,138.520,138.520,2428,535786
1506018360,138.520,138.530,138.520,138.530,2425,535786
1506018420,138.530,138.560,138.520,138.560,2425,535786
1506018480,138.580,138.620,138.580,138.620,2425,535786
1506018540,138.580,138.620,138.580,138.620,2425,535786
1506018600,138.600,138.590,138.590,138.600,981,547914
1506018660,138.560,138.540,138.540,138.560,979,547914
1506018720,138.560,138.540,138.540,138.560,979,547914
1506018780,138.560,138.540,138.540,138.560,979,547914
1506018840,138.510,138.520,138.510,138.520,979,547914
1506018900,138.520,138.530,138.520,138.530,1385,552811
1506018960,138.530,138.530,138.530,138.530,1384,552811
1506019020,138.540,138.500,138.500,138.540,1384,552811
1506019080,138.540,138.500,138.500,138.540,1384,552811
1506019140,138.510,138.510,138.510,138.520,1384,552811
1506019200,138.520,138.520,138.520,138.520,1292,559732
1506019260,138.500,138.500,138.500,138.500,1291,559732
1506019320,138.530,138.500,138.500,138.530,1291,559732
1506019380,138.500,138.500,138.500,138.500,1291,559732
1506019440,138.500,138.500,138.500,138.500,1291,559732
1506019500,138.510,138.530,138.510,138.530,3941,566188
1506019560,138.500,138.530,138.500,138.530,3941,566188
1506019620,138.500,138.530,138.500,138.530,3941,566188
1506019680,138.510,138.510,138.510,138.510,3941,566188
1506019740,138.540,138.600,138.540,138.600,3941,566188
1506019800,138.580,138.580,138.550,138.580,1932,585893
1506019860,138.580,138.600,138.580,138.600,1932,585893
1506019920,138.650,138.650,138.650,138.650,1932,585893
1506019980,138.650,138.690,138.650,138.690,1932,585893
1506020040,138.670,138.720,138.670,138.720,1932,585893
1506020100,138.710,138.750,138.710,138.750,1362,595553
1506020160,138.730,138.710,138.710,138.730,1359,595553
1506020220,138.730,138.730,138.730,138.730,1359,595553
1506020280,138.730,138.730,138.730,138.730,1359,595553
1506020340,138.730,138.780,138.730,138.780,1359,595553
1506020400,138.780,138.790,138.780,138.790,1338,602351
1506020460,138.800,138.800,138.790,138.800,1336,602351
1506020520,138.790,138.780,138.780,138.790,1336,602351
1506020580,138.740,138.760,138.740,138.760,1336,602351
1506020640,138.760,138.750,138.750,138.760,1336,602351
1506020700,138.760,138.760,138.760,138.760,949,609033
1506020760,138.750,138.740,138.740,138.750,947,609033
1506020820,138.750,138.720,138.720,138.750,947,609033
1506020880,138.730,138.730,138.730,138.730,947,609033
1506020940,138.750,138.750,138.750,138.750,947,609033
1506021000,138.770,138.760,138.760,138.770,932,613770
1506021060,138.750,138.740,138.740,138.750,932,613770
1506021120,138.750,138.740,138.740,138.750,932,613770
1506021180,138.680,138.720,138.680,138.720,932,613770
1506021240,138.710,138.710,138.710,138.710,932,613770
1506021300,138.670,138.670,138.670,138.670,1153,618430
1506021360,138.690,138.690,138.690,138.690,1152,618430
1506021420,138.710,138.710,138.710,138.710,1152,618430
1506021480,138.710,138.710,138.710,138.710,1152,618430
1506021540,138.700,138.690,138.690,138.710,1152,618430
1506021600,138.700,138.690,138.690,138.710,1154,624191
1506021660,138.660,138.650,138.650,138.690,1151,624191
1506021720,138.670,138.670,138.670,138.670,1151,624191
1506021780,138.680,138.680,138.680,138.680,1151,624191
1506021840,138.700,138.700,138.700,138.700,1151,624191
1506021900,138.720,138.690,138.690,138.720,1925,629949
1506021960,138.690,138.690,138.690,138.690,1921,629949
1506022020,138.690,138.670,138.670,138.690,1921,629949
1506022080,138.680,138.670,138.650,138.680,1921,629949
1506022140,138.660,138.660,138.650,138.670,1921,629949
1506022200,138.660,138.650,138.650,138.660,2110,639558
1506022260,138.640,138.670,138.640,138.670,2107,639558
1506022320,138.680,138.640,138.640,138.680,2107,639558
1506022380,138.650,138.630,138.630,138.650,2107,639558
1506022440,138.630,138.630,138.630,138.630,2107,639558
1506022500,138.650,138.660,138.650,138.660,2036,650096
1506022560,138.640,138.640,138.640,138.650,2036,650096
1506022620,138.630,138.620,138.620,138.630,2036,650096
1506022680,138.630,138.620,138.620,138.630,2036,650096
1506022740,138.600,138.590,138.590,138.600,2036,650096
1506022800,138.590,138.610,138.590,138.610,2932,660276
1506022860,138.600,138.610,138.600,138.610,2928,660276
1506022920,138.620,138.590,138.590,138.620,2928,660276
1506022980,138.580,138.600,138.580,138.620,2928,660276
1506023040,138.600,138.580,138.580,138.600,2928,660276
1506023100,138.580,138.610,138.580,138.610,5383,674920
1506023160,138.600,138.670,138.590,138.680,5380,674920
1506023220,138.670,138.670,138.650,138.670,5380,674920
1506023280,138.690,138.630,138.630,138.690,5380,674920
1506023340,138.640,138.610,138.610,138.640,5380,674920
1506023400,138.580,138.590,138.580,138.600,7387,701823
1506023460,138.580,138.570,138.560,138.580,7383,701823
1506023520,138.560,138.560,138.560,138.570,7383,701823
1506023580,138.560,138.610,138.560,138.630,7383,701823
1506023640,138.600,138.600,138.600,138.630,7383,701823
1506023700,138.580,138.580,138.570,138.590,20322,738742
1506023760,138.570,138.590,138.560,138.590,20321,738742
1506023820,138.590,138.580,138.560,138.590,20321,738742
1506023880,138.570,138.540,138.500,138.570,20321,738742
1506023940,138.550,138.570,138.520,138.570,20321,738742
1506087000,138.480,138.480,138.480,138.480,2543,0
1506087060,138.480,138.480,138.480,138.480,2541,0
1506087120,138.480,138.480,138.480,138.480,2541,0
1506087180,138.360,138.210,138.210,138.360,2541,0
1506087240,138.060,138.060,138.060,138.060,2541,0
1506087300,138.080,138.190,138.080,138.190,3583,12707
1506087360,138.170,138.100,138.100,138.180,3579,12707
1506087420,138.110,138.010,138.010,138.110,3579,12707
1506087480,137.990,137.930,137.930,137.990,3579,12707
1506087540,137.940,137.990,137.940,137.990,3579,12707
1506087600,137.860,137.950,137.860,137.990,2216,30606
1506087660,137.860,137.950,137.860,137.990,2216,30606
1506087720,138.060,138.050,138.050,138.060,2216,30606
1506087780,138.040,138.040,138.040,138.040,2216,30606
1506087840,138.030,138.030,138.030,138.030,2216,30606
1506087900,138.010,138.000,138.000,138.010,2586,41686
1506087960,137.900,137.970,137.900,137.970,2583,41686
1506088020,137.910,137.870,137.870,137.910,2583,41686
1506088080,137.910,137.870,137.870,137.910,2583,41686
1506088140,137.910,137.910,137.910,137.910,2583,41686
1506088200,137.920,137.880,137.880,137.960,3469,54604
1506088260,137.740,137.740,137.740,137.740,3465,54604
1506088320,137.740,137.700,137.700,137.750,3465,54604
1506088380,137.630,137.820,137.630,137.820,3465,54604
1506088440,137.800,137.750,137.750,137.800,3465,54604
1506088500,137.790,137.800,137.790,137.800,2614,71933
1506088560,137.800,137.770,137.770,137.800,2613,71933
1506088620,137.770,137.800,137.770,137.810,2613,71933
1506088680,137.790,137.840,137.790,137.850,2613,71933
1506088740,137.720,137.720,137.720,137.720,2613,71933
1506088800,137.730,137.730,137.730,137.730,1892,84999
1506088860,137.770,137.760,137.760,137.800,1890,84999
1506088920,137.560,137.560,137.560,137.560,1890,84999
1506088980,137.680,137.690,137.680,137.690,1890,84999
1506089040,137.680,137.690,137.680,137.690,1890,84999
1506089100,137.800,137.790,137.790,137.800,1476,94451
1506089160,137.820,137.820,137.820,137.820,1476,94451
1506089220,137.790,137.790,137.790,137.790,1476,94451
1506089280,137.870,137.800,137.800,137.870,1476,94451
1506089340,137.790,137.790,137.790,137.790,1476,94451
1506089400,137.760,137.760,137.760,137.760,1611,101831
1506089460,137.750,137.720,137.720,137.770,1609,101831
1506089520,137.700,137.700,137.700,137.700,1609,101831
1506089580,137.660,137.660,137.660,137.660,1609,101831
1506089640,137.650,137.630,137.630,137.660,1609,101831
1506089700,137.680,137.750,137.680,137.750,476,109878
1506089760,137.680,137.750,137.680,137.750,475,109878
1506089820,137.730,137.730,137.730,137.730,475,109878
1506089880,137.730,137.730,137.730,137.730,475,109878
1506089940,137.730,137.730,137.730,137.730,475,109878
1506090000,137.800,137.840,137.800,137.840,2495,112254
1506090060,137.800,137.790,137.790,137.800,2493,112254
1506090120,137.800,137.860,137.800,137.860,2493,112254
1506090180,137.810,137.830,137.800,137.830,2493,112254
1506090240,137.830,137.830,137.830,137.830,2493,112254
1506090300,137.780,137.780,137.780,137.780,2355,124721
1506090360,137.780,137.740,137.740,137.780,2353,124721
1506090420,137.740,137.710,137.710,137.740,2353,124721
1506090480,137.710,137.760,137.710,137.760,2353,124721
1506090540,137.780,137.770,137.770,137.780,2353,124721
1506090600,137.790,137.790,137.790,137.790,1468,136488
1506090660,137.770,137.770,137.770,137.770,1464,136488
1506090720,137.780,137.780,137.780,137.780,1464,136488
1506090780,137.780,137.780,137.780,137.780,1464,136488
1506090840,137.780,137.780,137.770,137.780,1464,136488
1506090900,137.830,137.790,137.770,137.830,398,143812
1506090960,137.780,137.780,137.780,137.780,394,143812
1506091020,137.780,137.780,137.780,137.780,394,143812
1506091080,137.780,137.780,137.780,137.780,394,143812
1506091140,137.780,137.780,137.780,137.780,394,143812
1506091200,137.780,137.780,137.780,137.780,1867,145786
1506091260,137.840,137.870,137.840,137.870,1867,145786
1506091320,137.820,137.820,137.820,137.820,1867,145786
1506091380,137.810,137.870,137.810,137.870,1867,145786
1506091440,137.810,137.870,137.810,137.870,1867,145786
1506091500,137.910,137.990,137.910,137.990,1914,155121
1506091560,137.930,137.930,137.930,137.930,1914,155121
1506091620,137.930,137.930,137.930,137.930,1914,155121
1506091680,137.870,137.810,137.810,137.880,1914,155121
1506091740,137.840,137.790,137.790,137.870,1914,155121
1506091800,137.780,137.830,137.780,137.830,2605,164691
1506091860,137.840,137.900,137.840,137.900,2602,164691
1506091920,137.880,137.890,137.880,137.890,2602,164691
1506091980,138.010,138.010,138.010,138.010,2602,164691
1506092040,137.910,137.910,137.910,137.910,2602,164691
1506092100,137.890,137.900,137.890,137.900,4520,177704
1506092160,137.900,137.900,137.890,137.940,4520,177704
1506092220,137.900,137.900,137.890,137.940,4520,177704
1506092280,137.950,137.930,137.930,137.950,4520,177704
1506092340,137.900,137.900,137.870,137.900,4520,177704
1506092400,137.880,137.920,137.880,137.920,2756,200304
1506092460,137.920,137.900,137.900,137.920,2754,200304
1506092520,137.900,137.900,137.900,137.900,2754,200304
1506092580,137.920,137.880,137.880,137.920,2754,200304
1506092640,137.900,137.960,137.900,137.960,2754,200304
1506092700,137.940,137.900,137.900,137.940,1127,214076
1506092760,137.900,137.900,137.900,137.900,1123,214076
1506092820,137.900,137.900,137.880,137.900,1123,214076
1506092880,137.920,137.920,137.920,137.920,1123,214076
1506092940,137.880,137.860,137.860,137.880,1123,214076
1506093000,137.820,137.830,137.820,137.830,1265,219695
1506093060,137.810,137.860,137.810,137.860,1263,219695
1506093120,137.810,137.810,137.810,137.830,1263,219695
1506093180,137.810,137.810,137.810,137.830,1263,219695
1506093240,137.810,137.730,137.730,137.810,1263,219695
1506093300,137.740,137.740,137.740,137.740,2546,226012
1506093360,137.660,137.660,137.660,137.660,2544,226012
1506093420,137.680,137.620,137.620,137.680,2544,226012
1506093480,137.630,137.650,137.630,137.650,2544,226012
1506093540,137.580,137.600,137.580,137.600,2544,226012
1506093600,137.620,137.680,137.620,137.700,1506,238734
1506093660,137.620,137.680,137.620,137.700,1504,238734
1506093720,137.710,137.710,137.710,137.710,1504,238734
1506093780,137.660,137.660,137.660,137.660,1504,238734
1506093840,137.700,137.700,137.700,137.700,1504,238734
1506093900,137.700,137.640,137.640,137.700,2979,246256
1506093960,137.620,137.670,137.620,137.670,2976,246256
1506094020,137.620,137.620,137.610,137.620,2976,246256
1506094080,137.620,137.610,137.610,137.620,2976,246256
1506094140,137.610,137.610,137.610,137.610,2976,246256
1506094200,137.690,137.690,137.690,137.690,2927,261139
1506094260,137.750,137.750,137.750,137.750,2924,261139
1506094320,137.750,137.770,137.750,137.790,2924,261139
1506094380,137.780,137.780,137.780,137.780,2924,261139
1506094440,137.780,137.780,137.780,137.830,2924,261139
1506094500,137.770,137.740,137.740,137.770,2446,275762
1506094560,137.700,137.720,137.700,137.720,2442,275762
1506094620,137.770,137.760,137.760,137.770,2442,275762
1506094680,137.790,137.950,137.790,137.950,2442,275762
1506094740,137.890,137.890,137.890,137.890,2442,275762
1506094800,137.880,137.880,137.880,137.880,472,287976
1506094860,137.850,137.850,137.850,137.850,472,287976
1506094920,137.890,137.870,137.870,137.890,472,287976
1506094980,137.860,137.860,137.860,137.860,472,287976
1506095040,137.860,137.860,137.860,137.860,472,287976
1506095100,137.840,137.840,137.840,137.840,1268,290336
1506095160,137.810,137.810,137.810,137.810,1267,290336
1506095220,137.830,137.820,137.820,137.830,1267,290336
1506095280,137.820,137.850,137.820,137.850,1267,290336
1506095340,137.810,137.810,137.810,137.810,1267,290336
1506095400,137.850,137.750,137.750,137.850,532,296672
1506095460,137.750,137.750,137.750,137.750,531,296672
1506095520,137.730,137.740,137.730,137.740,531,296672
1506095580,137.740,137.740,137.740,137.740,531,296672
1506095640,137.740,137.740,137.740,137.740,531,296672
1506095700,137.760,137.750,137.750,137.760,1100,299328
1506095760,137.800,137.800,137.800,137.800,1100,299328
1506095820,137.780,137.850,137.780,137.850,1100,299328
1506095880,137.840,137.840,137.840,137.840,1100,299328
1506095940,137.870,137.870,137.870,137.870,1100,299328
1506096000,137.790,137.770,137.770,137.790,822,304828
1506096060,137.790,137.770,137.770,137.790,822,304828
1506096120,137.860,137.830,137.830,137.860,822,304828
1506096180,137.820,137.850,137.820,137.850,822,304828
1506096240,137.860,137.840,137.840,137.860,822,304828
1506096300,137.820,137.820,137.820,137.820,502,308938
1506096360,137.840,137.800,137.800,137.840,499,308938
1506096420,137.800,137.780,137.760,137.800,499,308938
1506096480,137.800,137.780,137.760,137.800,499,308938
1506096540,137.790,137.790,137.790,137.790,499,308938
1506096600,137.810,137.840,137.810,137.840,1026,311436
1506096660,137.810,137.820,137.810,137.820,1023,311436
1506096720,137.810,137.780,137.780,137.810,1023,311436
1506096780,137.820,137.810,137.810,137.820,1023,311436
1506096840,137.780,137.790,137.780,137.820,1023,311436
1506096900,137.790,137.820,137.790,137.820,2160,316554
1506096960,137.810,137.810,137.810,137.810,2158,316554
1506097020,137.780,137.740,137.740,137.780,2158,316554
1506097080,137.710,137.720,137.700,137.740,2158,316554
1506097140,137.640,137.680,137.640,137.680,2158,316554
1506097200,137.700,137.710,137.700,137.710,636,327346
1506097260,137.730,137.730,137.730,137.730,635,327346
1506097320,137.760,137.760,137.760,137.760,635,327346
1506097380,137.760,137.760,137.760,137.760,635,327346
1506097440,137.780,137.780,137.780,137.780,635,327346
1506097500,137.780,137.780,137.780,137.780,555,330522
1506097560,137.740,137.750,137.740,137.750,552,330522
1506097620,137.740,137.750,137.740,137.750,552,330522
1506097680,137.740,137.750,137.740,137.750,552,330522
1506097740,137.790,137.780,137.780,137.790,552,330522
1506097800,137.790,137.780,137.780,137.790,1037,333285
1506097860,137.810,137.780,137.780,137.810,1033,333285
1506097920,137.790,137.790,137.790,137.790,1033,333285
1506097980,137.780,137.780,137.780,137.780,1033,333285
1506098040,137.780,137.780,137.780,137.780,1033,333285
1506098100,137.780,137.780,137.780,137.780,723,338454
1506098160,137.800,137.770,137.770,137.800,723,338454
1506098220,137.800,137.770,137.770,137.800,723,338454
1506098280,137.700,137.700,137.700,137.700,723,338454
1506098340,137.700,137.700,137.700,137.700,723,338454
1506098400,137.700,137.700,137.700,137.700,462,342069
1506098460,137.710,137.710,137.710,137.710,461,342069
1506098520,137.710,137.710,137.710,137.710,461,342069
1506098580,137.710,137.710,137.710,137.710,461,342069
1506098640,137.720,137.670,137.670,137.720,461,342069
1506098700,137.660,137.660,137.660,137.660,1123,344375
1506098760,137.660,137.670,137.660,137.680,1121,344375
1506098820,137.660,137.670,137.660,137.680,1121,344375
1506098880,137.630,137.630,137.630,137.630,1121,344375
1506098940,137.650,137.650,137.650,137.650,1121,344375
1506099000,137.650,137.650,137.650,137.650,1377,349982
1506099060,137.650,137.650,137.650,137.650,1375,349982
1506099120,137.650,137.650,137.650,137.650,1375,349982
1506099180,137.650,137.640,137.620,137.650,1375,349982
1506099240,137.660,137.670,137.660,137.670,1375,349982
1506099300,137.670,137.660,137.650,137.670,815,356859
1506099360,137.680,137.690,137.670,137.690,811,356859
1506099420,137.700,137.700,137.700,137.700,811,356859
1506099480,137.710,137.690,137.680,137.710,811,356859
1506099540,137.690,137.700,137.690,137.700,811,356859
1506099600,137.710,137.710,137.710,137.710,602,360918
1506099660,137.710,137.710,137.710,137.710,601,360918
1506099720,137.690,137.690,137.690,137.690,601,360918
1506099780,137.690,137.690,137.690,137.690,601,360918
1506099840,137.650,137.650,137.650,137.650,601,360918
1506099900,137.610,137.630,137.610,137.630,329,363924
1506099960,137.620,137.620,137.620,137.620,325,363924
1506100020,137.620,137.620,137.620,137.620,325,363924
1506100080,137.620,137.620,137.620,137.620,325,363924
1506100140,137.620,137.620,137.620,137.620,325,363924
1506100200,137.650,137.570,137.570,137.650,1195,365553
1506100260,137.550,137.550,137.550,137.550,1195,365553
1506100320,137.530,137.440,137.440,137.530,1195,365553
1506100380,137.530,137.440,137.440,137.530,1195,365553
1506100440,137.480,137.470,137.440,137.480,1195,365553
1506100500,137.480,137.500,137.480,137.500,1116,371528
1506100560,137.490,137.520,137.490,137.520,1115,371528
1506100620,137.490,137.520,137.490,137.520,1115,371528
1506100680,137.490,137.520,137.490,137.520,1115,371528
1506100740,137.520,137.500,137.500,137.530,1115,371528
1506100800,137.500,137.540,137.500,137.540,592,377104
1506100860,137.530,137.530,137.530,137.530,590,377104
1506100920,137.520,137.510,137.510,137.520,590,377104
1506100980,137.520,137.510,137.510,137.520,590,377104
1506101040,137.540,137.540,137.540,137.540,590,377104
1506101100,137.540,137.540,137.540,137.540,511,380056
1506101160,137.540,137.540,137.540,137.540,507,380056
1506101220,137.630,137.630,137.630,137.630,507,380056
1506101280,137.600,137.630,137.600,137.630,507,380056
1506101340,137.630,137.610,137.590,137.630,507,380056
1506101400,137.610,137.610,137.610,137.610,445,382595
1506101460,137.590,137.590,137.590,137.590,444,382595
1506101520,137.610,137.610,137.610,137.610,444,382595
1506101580,137.610,137.610,137.610,137.610,444,382595
1506101640,137.610,137.610,137.610,137.610,444,382595
1506101700,137.630,137.630,137.630,137.630,808,384816
1506101760,137.640,137.600,137.600,137.640,805,384816
1506101820,137.640,137.600,137.600,137.640,805,384816
1506101880,137.580,137.560,137.560,137.580,805,384816
1506101940,137.540,137.540,137.540,137.540,805,384816
1506102000,137.600,137.670,137.600,137.740,4253,388844
1506102060,137.700,137.680,137.680,137.700,4249,388844
1506102120,137.700,137.680,137.680,137.700,4249,388844
1506102180,137.740,137.730,137.730,137.740,4249,388844
1506102240,137.740,137.740,137.740,137.740,4249,388844
1506102300,137.740,137.740,137.740,137.740,1430,410093
1506102360,137.730,137.710,137.710,137.730,1429,410093
1506102420,137.750,137.770,137.750,137.770,1429,410093
1506102480,137.750,137.770,137.750,137.770,1429,410093
1506102540,137.780,137.780,137.780,137.780,1429,410093
1506102600,137.780,137.780,137.780,137.780,427,417239
1506102660,137.780,137.780,137.780,137.780,425,417239
1506102720,137.690,137.680,137.680,137.690,425,417239
1506102780,137.640,137.640,137.640,137.640,425,417239
1506102840,137.640,137.640,137.640,137.640,425,417239
1506102900,137.640,137.640,137.640,137.640,1000,419366
1506102960,137.640,137.640,137.640,137.640,997,419366
1506103020,137.640,137.640,137.640,137.640,997,419366
1506103080,137.520,137.540,137.490,137.540,997,419366
1506103140,137.560,137.560,137.560,137.560,997,419366
1506103200,137.520,137.470,137.460,137.520,929,424354
1506103260,137.520,137.470,137.460,137.520,929,424354
1506103320,137.460,137.440,137.440,137.460,929,424354
1506103380,137.440,137.450,137.440,137.450,929,424354
1506103440,137.430,137.430,137.430,137.430,929,424354
1506103500,137.470,137.470,137.470,137.470,677,428999
1506103560,137.440,137.440,137.440,137.440,673,428999
1506103620,137.400,137.400,137.400,137.400,673,428999
1506103680,137.360,137.390,137.360,137.400,673,428999
1506103740,137.370,137.370,137.370,137.370,673,428999
1506103800,137.350,137.360,137.350,137.360,774,432368
1506103860,137.330,137.330,137.330,137.330,774,432368
1506103920,137.360,137.360,137.360,137.360,774,432368
1506103980,137.360,137.360,137.360,137.360,774,432368
1506104040,137.340,137.340,137.340,137.340,774,432368
1506104100,137.340,137.340,137.340,137.340,1056,436238
1506104160,137.330,137.370,137.330,137.370,1055,436238
1506104220,137.330,137.370,137.330,137.370,1055,436238
1506104280,137.380,137.310,137.310,137.380,1055,436238
1506104340,137.380,137.310,137.310,137.380,1055,436238
1506104400,137.380,137.310,137.310,137.380,936,441514
1506104460,137.280,137.250,137.250,137.280,933,441514
1506104520,137.310,137.310,137.310,137.310,933,441514
1506104580,137.320,137.310,137.310,137.320,933,441514
1506104640,137.320,137.310,137.310,137.320,933,441514
1506104700,137.260,137.280,137.260,137.280,854,446182
1506104760,137.260,137.260,137.260,137.260,850,446182
1506104820,137.290,137.290,137.290,137.290,850,446182
1506104880,137.320,137.320,137.320,137.320,850,446182
1506104940,137.360,137.320,137.320,137.360,850,446182
1506105000,137.330,137.360,137.330,137.360,1156,450436
1506105060,137.350,137.350,137.350,137.350,1152,450436
1506105120,137.350,137.350,137.350,137.350,1152,450436
1506105180,137.400,137.380,137.380,137.400,1152,450436
1506105240,137.380,137.420,137.380,137.430,1152,450436
1506105300,137.410,137.410,137.410,137.410,561,456200
1506105360,137.410,137.400,137.400,137.410,560,456200
1506105420,137.420,137.420,137.420,137.420,560,456200
1506105480,137.450,137.450,137.450,137.450,560,456200
1506105540,137.380,137.400,137.380,137.400,560,456200
1506105600,137.380,137.400,137.380,137.400,981,459001
1506105660,137.380,137.440,137.380,137.440,977,459001
1506105720,137.410,137.430,137.410,137.430,977,459001
1506105780,137.440,137.440,137.440,137.440,977,459001
1506105840,137.440,137.440,137.440,137.440,977,459001
1506105900,137.410,137.410,137.410,137.410,1061,463890
1506105960,137.410,137.410,137.410,137.410,1061,463890
1506106020,137.360,137.360,137.360,137.360,1061,463890
1506106080,137.360,137.360,137.360,137.360,1061,463890
1506106140,137.360,137.360,137.360,137.360,1061,463890
1506106200,137.360,137.360,137.360,137.360,560,469195
1506106260,137.360,137.360,137.360,137.360,559,469195
1506106320,137.340,137.350,137.340,137.350,559,469195
1506106380,137.360,137.340,137.340,137.360,559,469195
1506106440,137.360,137.340,137.340,137.360,559,469195
1506106500,137.370,137.370,137.370,137.390,1704,471991
1506106560,137.390,137.400,137.390,137.400,1702,471991
1506106620,137.410,137.400,137.400,137.410,1702,471991
1506106680,137.420,137.420,137.420,137.420,1702,471991
1506106740,137.400,137.380,137.380,137.400,1702,471991
1506106800,137.400,137.380,137.380,137.400,594,480503
1506106860,137.390,137.390,137.390,137.390,591,480503
1506106920,137.390,137.390,137.390,137.390,591,480503
1506106980,137.390,137.390,137.390,137.390,591,480503
1506107040,137.380,137.380,137.380,137.380,591,480503
1506107100,137.360,137.380,137.360,137.380,1523,483461
1506107160,137.390,137.440,137.390,137.440,1523,483461
1506107220,137.450,137.450,137.450,137.450,1523,483461
1506107280,137.460,137.470,137.460,137.480,1523,483461
1506107340,137.440,137.440,137.440,137.440,1523,483461
1506107400,137.450,137.450,137.450,137.450,961,491076
1506107460,137.450,137.450,137.450,137.450,961,491076
1506107520,137.450,137.450,137.450,137.450,961,491076
1506107580,137.440,137.470,137.440,137.470,961,491076
1506107640,137.500,137.510,137.500,137.510,961,491076
1506107700,137.520,137.540,137.520,137.560,964,495881
1506107760,137.560,137.560,137.560,137.560,962,495881
1506107820,137.610,137.630,137.610,137.630,962,495881
1506107880,137.600,137.600,137.600,137.600,962,495881
1506107940,137.580,137.600,137.580,137.600,962,495881
1506108000,137.600,137.610,137.600,137.610,1428,500693
1506108060,137.600,137.600,137.600,137.600,1425,500693
1506108120,137.600,137.600,137.600,137.600,1425,500693
1506108180,137.620,137.590,137.590,137.620,1425,500693
1506108240,137.610,137.610,137.610,137.610,1425,500693
1506108300,137.620,137.590,137.580,137.620,1066,507821
1506108360,137.560,137.560,137.560,137.560,1063,507821
1506108420,137.560,137.560,137.560,137.560,1063,507821
1506108480,137.590,137.560,137.560,137.590,1063,507821
1506108540,137.550,137.560,137.550,137.560,1063,507821
1506108600,137.550,137.550,137.550,137.560,2472,513139
1506108660,137.550,137.540,137.540,137.580,2469,513139
1506108720,137.530,137.540,137.520,137.540,2469,513139
1506108780,137.570,137.640,137.570,137.640,2469,513139
1506108840,137.650,137.620,137.620,137.650,2469,513139
1506108900,137.620,137.620,137.620,137.620,2846,525487
1506108960,137.570,137.560,137.560,137.580,2846,525487
1506109020,137.560,137.560,137.560,137.560,2846,525487
1506109080,137.560,137.540,137.540,137.560,2846,525487
1506109140,137.530,137.510,137.510,137.530,2846,525487
1506109200,137.490,137.510,137.490,137.510,2521,539717
1506109260,137.490,137.490,137.490,137.490,2521,539717
1506109320,137.500,137.490,137.490,137.500,2521,539717
1506109380,137.480,137.460,137.460,137.480,2521,539717
1506109440,137.460,137.440,137.440,137.460,2521,539717
1506109500,137.480,137.490,137.470,137.490,2933,552322
1506109560,137.500,137.560,137.500,137.560,2930,552322
1506109620,137.560,137.550,137.550,137.570,2930,552322
1506109680,137.570,137.560,137.560,137.570,2930,552322
1506109740,137.560,137.580,137.540,137.590,2930,552322
1506109800,137.580,137.600,137.580,137.600,3142,566975
1506109860,137.580,137.600,137.580,137.600,3142,566975
1506109920,137.600,137.600,137.600,137.600,3142,566975
1506109980,137.610,137.620,137.600,137.630,3142,566975
1506110040,137.610,137.590,137.590,137.610,3142,566975
1506110100,137.600,137.640,137.600,137.640,28747,582685
1506110160,137.660,137.740,137.650,137.740,28745,582685
1506110220,137.730,137.710,137.680,137.730,28745,582685
1506110280,137.740,137.770,137.730,137.770,28745,582685
1506110340,137.760,137.600,137.600,137.760,28745,582685
1506346200,136.890,136.640,136.640,136.890,4487,0
1506346260,136.700,136.700,136.700,136.700,4485,0
1506346320,136.670,136.670,136.670,136.670,4485,0
1506346380,136.670,136.670,136.670,136.670,4485,0
1506346440,136.670,136.670,136.670,136.670,4485,0
1506346500,136.800,136.750,136.700,136.840,2699,22427
1506346560,136.650,136.780,136.650,136.780,2696,22427
1506346620,136.680,136.700,136.680,136.700,2696,22427
1506346680,136.700,136.620,136.620,136.700,2696,22427
1506346740,136.620,136.650,136.620,136.650,2696,22427
1506346800,136.690,136.650,136.620,136.690,2645,35910
1506346860,136.670,136.530,136.530,136.670,2643,35910
1506346920,136.670,136.530,136.530,136.670,2643,35910
1506346980,136.530,136.540,136.530,136.540,2643,35910
1506347040,136.560,136.560,136.560,136.560,2643,35910
1506347100,136.570,136.550,136.540,136.570,2125,49127
1506347160,136.550,136.550,136.550,136.550,2124,49127
1506347220,136.590,136.660,136.590,136.660,2124,49127
1506347280,136.590,136.660,136.590,136.660,2124,49127
1506347340,136.650,136.650,136.650,136.650,2124,49127
1506347400,136.740,136.740,136.740,136.740,1861,59748
1506347460,136.720,136.730,136.720,136.730,1860,59748
1506347520,136.740,136.710,136.690,136.740,1860,59748
1506347580,136.680,136.730,136.680,136.730,1860,59748
1506347640,136.740,136.760,136.740,136.760,1860,59748
1506347700,136.760,136.730,136.730,136.760,4635,69049
1506347760,136.760,136.750,136.700,136.760,4635,69049
1506347820,136.750,136.750,136.750,136.750,4635,69049
1506347880,136.750,136.780,136.750,136.780,4635,69049
1506347940,136.750,136.740,136.740,136.750,4635,69049
1506348000,136.760,136.770,136.740,136.780,5470,92224
1506348060,136.760,136.760,136.750,136.780,5467,92224
1506348120,136.760,136.760,136.760,136.760,5467,92224
1506348180,136.780,136.750,136.750,136.780,5467,92224
1506348240,136.780,136.740,136.740,136.780,5467,92224
1506348300,136.750,136.770,136.740,136.770,2530,119562
1506348360,136.740,136.740,136.730,136.740,2530,119562
1506348420,136.770,136.820,136.760,136.820,2530,119562
1506348480,136.840,136.820,136.820,136.840,2530,119562
1506348540,136.940,136.880,136.880,136.940,2530,119562
1506348600,136.940,136.940,136.940,136.940,1420,132212
1506348660,136.940,136.910,136.910,136.960,1417,132212
1506348720,136.920,136.940,136.920,136.940,1417,132212
1506348780,136.920,136.930,136.920,136.950,1417,132212
1506348840,136.920,136.880,136.880,136.920,1417,132212
1506348900,136.910,136.800,136.800,136.910,2042,139300
1506348960,136.800,136.820,136.800,136.820,2041,139300
1506349020,136.810,136.820,136.810,136.820,2041,139300
1506349080,136.840,136.810,136.810,136.840,2041,139300
1506349140,136.790,136.850,136.780,136.850,2041,139300
1506349200,136.820,136.820,136.820,136.820,40946,149506
1506349260,136.720,136.740,136.710,136.740,40943,149506
1506349320,136.720,136.640,136.640,136.720,40943,149506
1506349380,136.640,136.640,136.630,136.660,40943,149506
1506349440,136.630,136.530,136.530,136.630,40943,149506
1506349500,136.540,136.560,136.540,136.560,5788,354224
1506349560,136.590,136.590,136.590,136.610,5787,354224
1506349620,136.590,136.610,136.590,136.620,5787,354224
1506349680,136.650,136.670,136.630,136.670,5787,354224
1506349740,136.710,136.740,136.710,136.840,5787,354224
1506349800,136.750,136.770,136.750,136.800,1864,383160
1506349860,136.780,136.810,136.770,136.810,1861,383160
1506349920,136.840,136.800,136.780,136.850,1861,383160
1506349980,136.750,136.660,136.660,136.750,1861,383160
1506350040,136.660,136.750,136.660,136.750,1861,383160
1506350100,136.750,136.620,136.620,136.750,1576,392468
1506350160,136.710,136.710,136.710,136.710,1573,392468
1506350220,136.620,136.620,136.620,136.620,1573,392468
1506350280,136.590,136.590,136.590,136.590,1573,392468
1506350340,136.560,136.580,136.560,136.580,1573,392468
1506350400,136.560,136.530,136.530,136.560,3464,400336
1506350460,136.540,136.530,136.530,136.540,3460,400336
1506350520,136.570,136.580,136.570,136.620,3460,400336
1506350580,136.560,136.560,136.560,136.560,3460,400336
1506350640,136.570,136.600,136.570,136.600,3460,400336
1506350700,136.610,136.540,136.540,136.610,1384,417640
1506350760,136.590,136.590,136.590,136.590,1381,417640
1506350820,136.520,136.520,136.520,136.520,1381,417640
1506350880,136.520,136.520,136.520,136.520,1381,417640
1506350940,136.530,136.520,136.520,136.530,1381,417640
1506351000,136.540,136.520,136.510,136.540,1144,424548
1506351060,136.540,136.530,136.530,136.540,1142,424548
1506351120,136.500,136.550,136.500,136.550,1142,424548
1506351180,136.520,136.520,136.520,136.540,1142,424548
1506351240,136.550,136.530,136.530,136.550,1142,424548
1506351300,136.500,136.500,136.480,136.550,1671,430260
1506351360,136.550,136.500,136.500,136.560,1670,430260
1506351420,136.510,136.470,136.470,136.510,1670,430260
1506351480,136.450,136.460,136.440,136.470,1670,430260
1506351540,136.460,136.440,136.440,136.500,1670,430260
1506351600,136.420,136.450,136.420,136.470,3295,438611
1506351660,136.440,136.390,136.370,136.450,3292,438611
1506351720,136.420,136.420,136.420,136.460,3292,438611
1506351780,136.430,136.400,136.400,136.440,3292,438611
1506351840,136.400,136.300,136.300,136.400,3292,438611
1506351900,136.400,136.460,136.310,136.460,6855,455074
1506351960,136.450,136.490,136.410,136.500,6853,455074
1506352020,136.560,136.790,136.560,136.800,6853,455074
1506352080,136.780,136.740,136.740,136.780,6853,455074
1506352140,136.740,136.750,136.670,136.760,6853,455074
1506352200,136.840,136.680,136.680,136.840,4974,489341
1506352260,136.810,136.770,136.750,136.840,4971,489341
1506352320,136.790,136.820,136.790,136.820,4971,489341
1506352380,136.920,136.890,136.890,136.920,4971,489341
1506352440,136.940,136.840,136.840,136.940,4971,489341
1506352500,136.840,136.850,136.840,136.910,1950,514199
1506352560,136.840,136.880,136.840,136.880,1947,514199
1506352620,136.890,136.930,136.890,136.930,1947,514199
1506352680,136.930,136.810,136.810,136.950,1947,514199
1506352740,136.810,136.820,136.810,136.870,1947,514199
1506352800,136.820,136.870,136.820,136.870,2139,523937
1506352860,136.690,136.830,136.690,136.870,2135,523937
1506352920,136.840,136.830,136.790,136.840,2135,523937
1506352980,136.850,136.810,136.800,136.890,2135,523937
1506353040,136.810,136.880,136.810,136.880,2135,523937
1506353100,136.960,136.940,136.940,136.970,2696,534616
1506353160,137.000,136.980,136.970,137.000,2693,534616
1506353220,136.990,136.980,136.970,136.990,2693,534616
1506353280,136.980,136.980,136.980,136.980,2693,534616
1506353340,136.970,137.070,136.970,137.070,2693,534616
1506353400,137.010,136.930,136.930,137.010,1586,548084
1506353460,136.940,136.890,136.860,136.940,1583,548084
1506353520,136.970,136.970,136.970,136.970,1583,548084
1506353580,136.990,137.000,136.990,137.010,1583,548084
1506353640,137.000,137.020,137.000,137.020,1583,548084
1506353700,137.020,137.030,136.990,137.030,1319,556002
1506353760,137.040,136.980,136.980,137.040,1315,556002
1506353820,136.980,137.000,136.980,137.030,1315,556002
1506353880,137.000,137.000,137.000,137.030,1315,556002
1506353940,137.030,137.000,137.000,137.030,1315,556002
1506354000,137.000,137.070,137.000,137.070,1349,562581
1506354060,137.050,137.050,137.050,137.060,1347,562581
1506354120,137.060,137.040,137.000,137.060,1347,562581
1506354180,137.020,137.020,137.020,137.030,1347,562581
1506354240,137.020,137.020,137.020,137.020,1347,562581
1506354300,137.020,137.040,136.980,137.040,1400,569318
1506354360,137.050,137.050,137.050,137.050,1397,569318
1506354420,137.130,137.130,137.130,137.130,1397,569318
1506354480,137.140,137.120,137.120,137.140,1397,569318
1506354540,137.120,137.150,137.120,137.150,1397,569318
1506354600,137.160,137.160,137.160,137.180,751,576306
1506354660,137.190,137.160,137.160,137.190,748,576306
1506354720,137.160,137.210,137.160,137.210,748,576306
1506354780,137.170,137.230,137.170,137.230,748,576306
1506354840,137.240,137.310,137.240,137.310,748,576306
1506354900,137.310,137.400,137.310,137.410,2083,580049
1506354960,137.390,137.280,137.280,137.390,2080,580049
1506355020,137.280,137.280,137.280,137.280,2080,580049
1506355080,137.280,137.290,137.280,137.290,2080,580049
1506355140,137.310,137.300,137.290,137.320,2080,580049
1506355200,137.310,137.310,137.310,137.320,1192,590452
1506355260,137.310,137.200,137.160,137.310,1191,590452
1506355320,137.200,137.250,137.200,137.250,1191,590452
1506355380,137.240,137.220,137.220,137.240,1191,590452
1506355440,137.220,137.230,137.220,137.230,1191,590452
1506355500,137.230,137.210,137.190,137.230,1200,596408
1506355560,137.220,137.220,137.220,137.220,1197,596408
1506355620,137.200,137.200,137.200,137.210,1197,596408
1506355680,137.180,137.170,137.170,137.180,1197,596408
1506355740,137.170,137.150,137.120,137.170,1197,596408
1506355800,137.180,137.190,137.180,137.190,643,602396
1506355860,137.210,137.200,137.200,137.210,639,602396
1506355920,137.240,137.240,137.240,137.240,639,602396
1506355980,137.240,137.240,137.240,137.240,639,602396
1506356040,137.170,137.220,137.170,137.220,639,602396
1506356100,137.170,137.170,137.170,137.170,782,605595
1506356160,137.220,137.220,137.220,137.220,779,605595
1506356220,137.250,137.200,137.200,137.250,779,605595
1506356280,137.250,137.310,137.250,137.310,779,605595
1506356340,137.250,137.310,137.250,137.310,779,605595
1506356400,137.310,137.270,137.270,137.310,1003,609493
1506356460,137.270,137.270,137.270,137.270,999,609493
1506356520,137.320,137.320,137.320,137.320,999,609493
1506356580,137.290,137.360,137.290,137.360,999,609493
1506356640,137.330,137.360,137.300,137.360,999,609493
1506356700,137.380,137.350,137.350,137.380,1360,614492
1506356760,137.340,137.360,137.340,137.360,1359,614492
1506356820,137.350,137.350,137.350,137.350,1359,614492
1506356880,137.350,137.350,137.350,137.350,1359,614492
1506356940,137.330,137.360,137.330,137.360,1359,614492
1506357000,137.330,137.360,137.330,137.360,193,621288
1506357060,137.310,137.340,137.310,137.340,189,621288
1506357120,137.360,137.360,137.360,137.360,189,621288
1506357180,137.360,137.360,137.360,137.360,189,621288
1506357240,137.360,137.360,137.360,137.360,189,621288
1506357300,137.360,137.360,137.360,137.360,518,622237
1506357360,137.360,137.350,137.350,137.360,518,622237
1506357420,137.360,137.350,137.350,137.360,518,622237
1506357480,137.410,137.410,137.410,137.410,518,622237
1506357540,137.470,137.470,137.470,137.470,518,622237
1506357600,137.480,137.480,137.480,137.480,1144,624827
1506357660,137.430,137.430,137.430,137.430,1143,624827
1506357720,137.430,137.490,137.430,137.490,1143,624827
1506357780,137.430,137.490,137.430,137.490,1143,624827
1506357840,137.510,137.470,137.470,137.510,1143,624827
1506357900,137.430,137.430,137.430,137.430,347,630543
1506357960,137.460,137.370,137.370,137.460,344,630543
1506358020,137.460,137.370,137.370,137.460,344,630543
1506358080,137.460,137.370,137.370,137.460,344,630543
1506358140,137.380,137.380,137.380,137.380,344,630543
1506358200,137.380,137.410,137.340,137.410,1275,632266
1506358260,137.440,137.490,137.440,137.490,1274,632266
1506358320,137.490,137.490,137.490,137.490,1274,632266
1506358380,137.510,137.510,137.510,137.510,1274,632266
1506358440,137.520,137.520,137.520,137.520,1274,632266
1506358500,137.550,137.550,137.550,137.550,543,638637
1506358560,137.590,137.590,137.590,137.590,543,638637
1506358620,137.590,137.540,137.540,137.590,543,638637
1506358680,137.590,137.540,137.540,137.590,543,638637
1506358740,137.590,137.540,137.540,137.590,543,638637
1506358800,137.380,137.380,137.380,137.380,1469,641352
1506358860,137.410,137.410,137.410,137.410,1465,641352
1506358920,137.440,137.440,137.440,137.440,1465,641352
1506358980,137.400,137.440,137.400,137.440,1465,641352
1506359040,137.420,137.310,137.310,137.420,1465,641352
1506359100,137.350,137.350,137.350,137.350,947,648681
1506359160,137.350,137.350,137.350,137.350,943,648681
1506359220,137.390,137.360,137.350,137.390,943,648681
1506359280,137.390,137.360,137.350,137.390,943,648681
1506359340,137.330,137.330,137.330,137.330,943,648681
1506359400,137.330,137.380,137.330,137.380,772,653400
1506359460,137.330,137.380,137.330,137.380,769,653400
1506359520,137.330,137.380,137.330,137.380,769,653400
1506359580,137.430,137.430,137.430,137.430,769,653400
1506359640,137.450,137.490,137.450,137.490,769,653400
1506359700,137.470,137.490,137.470,137.490,912,657248
1506359760,137.490,137.540,137.490,137.540,912,657248
1506359820,137.500,137.520,137.490,137.520,912,657248
1506359880,137.500,137.520,137.490,137.520,912,657248
1506359940,137.460,137.460,137.460,137.460,912,657248
1506360000,137.480,137.480,137.480,137.480,348,661808
1506360060,137.450,137.450,137.450,137.450,347,661808
1506360120,137.420,137.420,137.420,137.420,347,661808
1506360180,137.420,137.420,137.420,137.420,347,661808
1506360240,137.420,137.420,137.420,137.420,347,661808
1506360300,137.400,137.460,137.400,137.460,1059,663544
1506360360,137.400,137.460,137.400,137.460,1058,663544
1506360420,137.400,137.460,137.400,137.460,1058,663544
1506360480,137.440,137.430,137.430,137.470,1058,663544
1506360540,137.440,137.430,137.430,137.470,1058,663544
1506360600,137.440,137.430,137.430,137.470,1133,668835
1506360660,137.410,137.490,137.410,137.490,1129,668835
1506360720,137.500,137.450,137.450,137.500,1129,668835
1506360780,137.500,137.450,137.450,137.500,1129,668835
1506360840,137.430,137.460,137.430,137.460,1129,668835
1506360900,137.490,137.490,137.490,137.490,654,674484
1506360960,137.490,137.490,137.490,137.490,650,674484
1506361020,137.530,137.530,137.530,137.530,650,674484
1506361080,137.530,137.530,137.530,137.530,650,674484
1506361140,137.530,137.560,137.530,137.560,650,674484
1506361200,137.530,137.560,137.530,137.560,2029,677738
1506361260,137.560,137.560,137.560,137.560,2029,677738
1506361320,137.560,137.560,137.560,137.560,2029,677738
1506361380,137.510,137.520,137.510,137.530,2029,677738
1506361440,137.480,137.390,137.390,137.480,2029,677738
1506361500,137.400,137.350,137.350,137.410,5704,687883
1506361560,137.350,137.310,137.260,137.350,5701,687883
1506361620,137.310,137.300,137.300,137.360,5701,687883
1506361680,137.290,137.290,137.260,137.290,5701,687883
1506361740,137.300,137.300,137.300,137.300,5701,687883
1506361800,137.300,137.280,137.280,137.350,4838,716391
1506361860,137.320,137.330,137.280,137.330,4837,716391
1506361920,137.320,137.320,137.320,137.350,4837,716391
1506361980,137.330,137.390,137.300,137.390,4837,716391
1506362040,137.380,137.370,137.360,137.410,4837,716391
1506362100,137.420,137.310,137.310,137.420,3077,740577
1506362160,137.340,137.340,137.340,137.340,3076,740577
1506362220,137.330,137.370,137.330,137.370,3076,740577
1506362280,137.310,137.300,137.240,137.310,3076,740577
1506362340,137.330,137.350,137.320,137.350,3076,740577
1506362400,137.370,137.370,137.370,137.370,743,755958
1506362460,137.370,137.370,137.370,137.370,739,755958
1506362520,137.420,137.440,137.420,137.470,739,755958
1506362580,137.450,137.470,137.450,137.470,739,755958
1506362640,137.450,137.480,137.450,137.480,739,755958
1506362700,137.480,137.450,137.450,137.480,1013,759657
1506362760,137.460,137.460,137.450,137.460,1010,759657
1506362820,137.460,137.460,137.460,137.460,1010,759657
1506362880,137.460,137.460,137.460,137.460,1010,759657
1506362940,137.420,137.420,137.420,137.420,1010,759657
1506363000,137.420,137.400,137.400,137.420,612,764710
1506363060,137.410,137.440,137.410,137.440,611,764710
1506363120,137.460,137.460,137.460,137.460,611,764710
1506363180,137.470,137.480,137.470,137.480,611,764710
1506363240,137.470,137.480,137.470,137.480,611,764710
1506363300,137.530,137.540,137.530,137.540,1177,767766
1506363360,137.530,137.540,137.530,137.540,1175,767766
1506363420,137.550,137.550,137.550,137.550,1175,767766
1506363480,137.550,137.550,137.550,137.550,1175,767766
1506363540,137.540,137.500,137.500,137.540,1175,767766
1506363600,137.450,137.490,137.450,137.490,1222,773643
1506363660,137.450,137.450,137.450,137.450,1218,773643
1506363720,137.450,137.460,137.450,137.460,1218,773643
1506363780,137.460,137.460,137.460,137.460,1218,773643
1506363840,137.460,137.460,137.460,137.460,1218,773643
1506363900,137.450,137.450,137.430,137.450,1856,779737
1506363960,137.440,137.430,137.430,137.440,1852,779737
1506364020,137.420,137.440,137.420,137.440,1852,779737
1506364080,137.440,137.440,137.440,137.440,1852,779737
1506364140,137.440,137.410,137.410,137.440,1852,779737
1506364200,137.410,137.410,137.410,137.440,1748,789001
1506364260,137.440,137.430,137.410,137.440,1748,789001
1506364320,137.440,137.460,137.440,137.460,1748,789001
1506364380,137.460,137.450,137.450,137.460,1748,789001
1506364440,137.430,137.450,137.430,137.450,1748,789001
1506364500,137.430,137.450,137.430,137.450,1112,797741
1506364560,137.460,137.470,137.460,137.470,1112,797741
1506364620,137.460,137.470,137.460,137.470,1112,797741
1506364680,137.460,137.470,137.460,137.470,1112,797741
1506364740,137.470,137.390,137.390,137.470,1112,797741
1506364800,137.410,137.420,137.410,137.420,671,803301
1506364860,137.410,137.420,137.410,137.420,671,803301
1506364920,137.460,137.470,137.450,137.470,671,803301
1506364980,137.490,137.480,137.480,137.490,671,803301
1506365040,137.490,137.480,137.480,137.490,671,803301
1506365100,137.470,137.470,137.470,137.470,1340,806656
1506365160,137.470,137.470,137.470,137.470,1340,806656
1506365220,137.420,137.450,137.420,137.470,1340,806656
1506365280,137.490,137.490,137.490,137.490,1340,806656
1506365340,137.490,137.490,137.490,137.490,1340,806656
1506365400,137.430,137.460,137.430,137.460,465,813356
1506365460,137.480,137.500,137.480,137.500,464,813356
1506365520,137.530,137.530,137.530,137.530,464,813356
1506365580,137.530,137.530,137.530,137.530,464,813356
1506365640,137.500,137.500,137.500,137.500,464,813356
1506365700,137.540,137.570,137.540,137.570,1660,815677
1506365760,137.570,137.510,137.510,137.570,1656,815677
1506365820,137.570,137.510,137.510,137.570,1656,815677
1506365880,137.560,137.560,137.560,137.560,1656,815677
1506365940,137.550,137.480,137.480,137.550,1656,815677
1506366000,137.500,137.520,137.500,137.520,1567,823961
1506366060,137.590,137.590,137.590,137.590,1563,823961
1506366120,137.640,137.660,137.640,137.660,1563,823961
1506366180,137.700,137.710,137.690,137.710,1563,823961
1506366240,137.650,137.650,137.650,137.650,1563,823961
1506366300,137.680,137.700,137.680,137.720,1712,831780
1506366360,137.690,137.690,137.690,137.690,1712,831780
1506366420,137.710,137.710,137.710,137.710,1712,831780
1506366480,137.680,137.760,137.680,137.760,1712,831780
1506366540,137.680,137.760,137.680,137.760,1712,831780
1506366600,137.790,137.760,137.760,137.790,1691,840340
1506366660,137.760,137.760,137.760,137.760,1687,840340
1506366720,137.730,137.680,137.680,137.730,1687,840340
1506366780,137.710,137.700,137.690,137.710,1687,840340
1506366840,137.720,137.710,137.710,137.720,1687,840340
1506366900,137.630,137.600,137.600,137.630,1959,848779
1506366960,137.600,137.610,137.600,137.610,1958,848779
1506367020,137.640,137.640,137.640,137.640,1958,848779
1506367080,137.640,137.640,137.640,137.640,1958,848779
1506367140,137.660,137.690,137.660,137.690,1958,848779
1506367200,137.670,137.670,137.670,137.670,1343,858570
1506367260,137.670,137.670,137.670,137.670,1342,858570
1506367320,137.700,137.700,137.700,137.700,1342,858570
1506367380,137.720,137.720,137.720,137.750,1342,858570
1506367440,137.730,137.780,137.730,137.780,1342,858570
1506367500,137.770,137.760,137.740,137.800,1239,865281
1506367560,137.750,137.750,137.750,137.750,1237,865281
1506367620,137.760,137.780,137.760,137.800,1237,865281
1506367680,137.790,137.790,137.790,137.790,1237,865281
1506367740,137.790,137.790,137.790,137.790,1237,865281
1506367800,137.790,137.790,137.790,137.790,3702,871468
1506367860,137.750,137.770,137.750,137.770,3700,871468
1506367920,137.750,137.700,137.700,137.750,3700,871468
1506367980,137.670,137.700,137.670,137.700,3700,871468
1506368040,137.710,137.670,137.670,137.710,3700,871468
1506368100,137.680,137.680,137.680,137.680,1511,889970
1506368160,137.670,137.620,137.620,137.690,1508,889970
1506368220,137.640,137.660,137.640,137.660,1508,889970
1506368280,137.690,137.690,137.690,137.690,1508,889970
1506368340,137.700,137.710,137.700,137.710,1508,889970
1506368400,137.700,137.670,137.670,137.700,2943,897513
1506368460,137.650,137.650,137.600,137.650,2940,897513
1506368520,137.630,137.630,137.630,137.630,2940,897513
1506368580,137.650,137.640,137.630,137.650,2940,897513
1506368640,137.620,137.620,137.620,137.620,2940,897513
1506368700,137.600,137.610,137.600,137.620,4115,912216
1506368760,137.630,137.680,137.630,137.680,4113,912216
1506368820,137.690,137.760,137.690,137.760,4113,912216
1506368880,137.770,137.750,137.750,137.770,4113,912216
1506368940,137.780,137.800,137.780,137.810,4113,912216
1506369000,137.760,137.750,137.750,137.760,4269,932783
1506369060,137.730,137.750,137.730,137.750,4267,932783
1506369120,137.750,137.760,137.750,137.760,4267,932783
1506369180,137.770,137.710,137.710,137.770,4267,932783
1506369240,137.700,137.660,137.610,137.710,4267,932783
1506369300,137.700,137.680,137.680,137.700,36012,954120
1506369360,137.680,137.740,137.660,137.740,36009,954120
1506369420,137.740,137.740,137.710,137.740,36009,954120
1506369480,137.740,137.660,137.660,137.740,36009,954120
1506369540,137.690,137.700,137.680,137.730,36009,954120
1506432660,138.490,138.690,138.440,138.690,0,0
1506432720,138.660,138.790,138.660,138.790,0,0
1506432780,138.900,138.570,138.570,138.900,0,0
1506432840,138.720,138.680,138.680,138.720,0,0
1506432900,138.720,138.640,138.610,138.810,8803,29762
1506432960,138.810,138.850,138.700,138.860,8799,29762
1506433020,138.710,138.700,138.620,138.720,8799,29762
1506433080,138.850,138.710,138.710,138.930,8799,29762
1506433140,138.790,138.930,138.790,138.940,8799,29762
1506433200,138.940,138.870,138.840,138.940,8141,73761
1506433260,138.880,138.940,138.800,139.010,8138,73761
1506433320,138.880,138.780,138.780,138.880,8138,73761
1506433380,138.760,138.820,138.760,138.820,8138,73761
1506433440,138.990,139.200,138.990,139.200,8138,73761
1506433500,139.040,139.170,139.040,139.220,7165,114454
1506433560,139.250,139.290,139.250,139.290,7161,114454
1506433620,139.250,139.450,139.250,139.450,7161,114454
1506433680,139.460,139.490,139.460,139.560,7161,114454
1506433740,139.410,139.430,139.410,139.430,7161,114454
1506433800,139.450,139.440,139.380,139.450,8100,150263
1506433860,139.500,139.500,139.500,139.500,8097,150263
1506433920,139.500,139.480,139.480,139.500,8097,150263
1506433980,139.580,139.560,139.560,139.580,8097,150263
1506434040,139.540,139.630,139.540,139.630,8097,150263
1506434100,139.610,139.690,139.570,139.690,29073,190751
1506434160,139.710,139.860,139.710,139.860,29070,190751
1506434220,139.800,139.920,139.800,139.930,29070,190751
1506434280,139.930,139.950,139.910,139.950,29070,190751
1506434340,139.960,140.500,139.960,140.560,29070,190751
1506434400,140.480,140.070,140.070,140.480,7057,336104
1506434460,140.050,140.060,140.040,140.120,7057,336104
1506434520,139.980,140.040,139.980,140.070,7057,336104
1506434580,139.910,139.670,139.670,139.910,7057,336104
1506434640,139.660,139.740,139.660,139.740,7057,336104
1506434700,139.670,139.410,139.410,139.670,4627,371389
1506434760,139.350,139.450,139.350,139.450,4625,371389
1506434820,139.230,139.200,139.200,139.230,4625,371389
1506434880,139.160,139.200,139.160,139.200,4625,371389
1506434940,139.190,139.220,139.190,139.220,4625,371389
1506435000,139.220,139.220,139.220,139.220,3049,394516
1506435060,139.190,139.200,139.190,139.200,3046,394516
1506435120,139.170,139.030,139.030,139.170,3046,394516
1506435180,139.030,139.030,139.030,139.030,3046,394516
1506435240,139.020,139.140,139.020,139.160,3046,394516
1506435300,139.050,139.050,139.050,139.050,2579,409749
1506435360,139.080,139.090,139.070,139.090,2579,409749
1506435420,139.060,139.060,139.060,139.060,2579,409749
1506435480,138.920,138.920,138.920,138.920,2579,409749
1506435540,138.950,138.890,138.850,138.950,2579,409749
1506435600,138.910,138.930,138.910,138.930,4881,422644
1506435660,138.870,138.780,138.710,138.870,4879,422644
1506435720,138.820,138.890,138.820,138.970,4879,422644
1506435780,138.750,138.740,138.680,138.830,4879,422644
1506435840,138.760,138.800,138.760,138.850,4879,422644
1506435900,138.800,138.700,138.700,138.840,4836,447041
1506435960,138.700,138.670,138.550,138.720,4835,447041
1506436020,138.640,138.730,138.640,138.790,4835,447041
1506436080,138.770,138.680,138.660,138.780,4835,447041
1506436140,138.680,138.670,138.620,138.680,4835,447041
1506436200,138.700,138.790,138.690,138.790,2028,471217
1506436260,138.750,138.750,138.750,138.790,2024,471217
1506436320,138.680,138.680,138.680,138.680,2024,471217
1506436380,138.670,138.630,138.630,138.720,2024,471217
1506436440,138.670,138.630,138.630,138.720,2024,471217
1506436500,138.570,138.590,138.570,138.590,3379,481341
1506436560,138.560,138.560,138.560,138.560,3375,481341
1506436620,138.620,138.770,138.620,138.770,3375,481341
1506436680,138.850,138.780,138.780,138.880,3375,481341
1506436740,138.850,138.850,138.850,138.850,3375,481341
1506436800,138.850,138.790,138.790,138.850,3433,498220
1506436860,138.780,138.780,138.780,138.780,3431,498220
1506436920,138.720,138.690,138.680,138.720,3431,498220
1506436980,138.680,138.660,138.600,138.680,3431,498220
1506437040,138.590,138.460,138.460,138.590,3431,498220
1506437100,138.510,138.540,138.510,138.540,1970,515377
1506437160,138.570,138.560,138.560,138.570,1970,515377
1506437220,138.440,138.460,138.430,138.460,1970,515377
1506437280,138.540,138.500,138.490,138.540,1970,515377
1506437340,138.540,138.500,138.490,138.540,1970,515377
1506437400,138.490,138.490,138.490,138.490,2081,525227
1506437460,138.530,138.530,138.530,138.530,2080,525227
1506437520,138.610,138.610,138.610,138.610,2080,525227
1506437580,138.590,138.330,138.330,138.590,2080,525227
1506437640,138.330,138.350,138.330,138.360,2080,525227
1506437700,138.300,138.300,138.300,138.300,1738,535628
1506437760,138.200,138.230,138.200,138.230,1737,535628
1506437820,138.210,138.250,138.210,138.250,1737,535628
1506437880,138.320,138.290,138.290,138.320,1737,535628
1506437940,138.260,138.310,138.260,138.310,1737,535628
1506438000,138.310,138.400,138.310,138.400,2315,544314
1506438060,138.440,138.460,138.440,138.460,2315,544314
1506438120,138.470,138.470,138.470,138.500,2315,544314
1506438180,138.440,138.490,138.440,138.490,2315,544314
1506438240,138.500,138.530,138.500,138.530,2315,544314
1506438300,138.620,138.600,138.600,138.620,3067,555889
1506438360,138.600,138.560,138.560,138.600,3066,555889
1506438420,138.640,138.620,138.620,138.640,3066,555889
1506438480,138.660,138.530,138.530,138.660,3066,555889
1506438540,138.480,138.470,138.470,138.480,3066,555889
1506438600,138.450,138.420,138.420,138.450,3001,571220
1506438660,138.390,138.410,138.380,138.420,2999,571220
1506438720,138.380,138.470,138.380,138.470,2999,571220
1506438780,138.490,138.490,138.490,138.490,2999,571220
1506438840,138.460,138.450,138.440,138.460,2999,571220
1506438900,138.400,138.380,138.380,138.430,6931,586217
1506438960,138.370,138.230,138.230,138.370,6927,586217
1506439020,138.260,138.170,138.150,138.260,6927,586217
1506439080,138.170,138.070,138.070,138.220,6927,586217
1506439140,138.090,138.190,138.070,138.190,6927,586217
1506439200,138.180,138.170,138.160,138.180,2603,620856
1506439260,138.180,138.220,138.180,138.220,2599,620856
1506439320,138.250,138.140,138.140,138.250,2599,620856
1506439380,138.080,137.960,137.940,138.080,2599,620856
1506439440,137.970,138.150,137.970,138.150,2599,620856
1506439500,138.120,138.100,138.100,138.120,2368,633855
1506439560,138.070,138.070,138.070,138.090,2368,633855
1506439620,138.070,138.050,138.000,138.070,2368,633855
1506439680,138.050,138.040,138.040,138.050,2368,633855
1506439740,138.040,138.170,138.040,138.170,2368,633855
1506439800,138.250,138.250,138.250,138.250,737,645695
1506439860,138.250,138.340,138.240,138.340,735,645695
1506439920,138.250,138.340,138.240,138.340,735,645695
1506439980,138.400,138.400,138.400,138.400,735,645695
1506440040,138.390,138.440,138.390,138.440,735,645695
1506440100,138.390,138.440,138.390,138.440,3129,649372
1506440160,138.440,138.440,138.440,138.440,3126,649372
1506440220,138.400,138.220,138.220,138.400,3126,649372
1506440280,138.200,138.190,138.190,138.260,3126,649372
1506440340,138.230,138.230,138.230,138.230,3126,649372
1506440400,138.190,138.160,138.160,138.190,1796,665005
1506440460,138.110,138.110,138.110,138.110,1793,665005
1506440520,138.070,138.100,138.070,138.110,1793,665005
1506440580,138.120,138.120,138.120,138.120,1793,665005
1506440640,138.110,138.110,138.110,138.110,1793,665005
1506440700,138.110,138.110,138.110,138.110,1119,673973
1506440760,138.110,138.110,138.110,138.110,1118,673973
1506440820,138.270,138.270,138.270,138.270,1118,673973
1506440880,138.280,138.310,138.280,138.310,1118,673973
1506440940,138.250,138.250,138.250,138.250,1118,673973
1506441000,138.320,138.320,138.320,138.320,690,679564
1506441060,138.310,138.300,138.300,138.310,689,679564
1506441120,138.310,138.300,138.300,138.310,689,679564
1506441180,138.310,138.300,138.300,138.310,689,679564
1506441240,138.310,138.300,138.300,138.310,689,679564
1506441300,138.220,138.170,138.170,138.220,626,683010
1506441360,138.220,138.170,138.170,138.220,625,683010
1506441420,138.190,138.230,138.190,138.230,625,683010
1506441480,138.240,138.240,138.240,138.240,625,683010
1506441540,138.210,138.210,138.210,138.210,625,683010
1506441600,138.210,138.210,138.210,138.210,765,686136
1506441660,138.230,138.230,138.230,138.230,761,686136
1506441720,138.250,138.420,138.250,138.420,761,686136
1506441780,138.250,138.420,138.250,138.420,761,686136
1506441840,138.250,138.420,138.250,138.420,761,686136
1506441900,138.250,138.420,138.250,138.420,2477,689945
1506441960,138.460,138.490,138.460,138.490,2474,689945
1506442020,138.480,138.480,138.480,138.480,2474,689945
1506442080,138.370,138.370,138.370,138.370,2474,689945
1506442140,138.350,138.350,138.350,138.350,2474,689945
1506442200,138.380,138.380,138.380,138.380,761,702318
1506442260,138.380,138.380,138.380,138.380,757,702318
1506442320,138.390,138.410,138.390,138.410,757,702318
1506442380,138.420,138.420,138.420,138.420,757,702318
1506442440,138.420,138.420,138.420,138.420,757,702318
1506442500,138.410,138.370,138.370,138.410,1763,706107
1506442560,138.390,138.390,138.390,138.390,1762,706107
1506442620,138.390,138.390,138.390,138.390,1762,706107
1506442680,138.380,138.340,138.340,138.380,1762,706107
1506442740,138.340,138.340,138.340,138.340,1762,706107
1506442800,138.410,138.410,138.410,138.410,1121,714918
1506442860,138.410,138.410,138.410,138.410,1117,714918
1506442920,138.450,138.410,138.410,138.450,1117,714918
1506442980,138.450,138.410,138.410,138.450,1117,714918
1506443040,138.410,138.410,138.410,138.410,1117,714918
1506443100,138.460,138.480,138.430,138.480,1651,720507
1506443160,138.430,138.480,138.430,138.480,1647,720507
1506443220,138.480,138.440,138.430,138.480,1647,720507
1506443280,138.440,138.510,138.440,138.510,1647,720507
1506443340,138.530,138.550,138.530,138.570,1647,720507
1506443400,138.570,138.530,138.530,138.570,1732,728746
1506443460,138.570,138.530,138.530,138.570,1728,728746
1506443520,138.500,138.500,138.500,138.520,1728,728746
1506443580,138.530,138.590,138.510,138.590,1728,728746
1506443640,138.590,138.580,138.580,138.610,1728,728746
1506443700,138.590,138.580,138.580,138.610,1662,737390
1506443760,138.530,138.500,138.500,138.530,1661,737390
1506443820,138.530,138.500,138.500,138.530,1661,737390
1506443880,138.460,138.440,138.440,138.460,1661,737390
1506443940,138.430,138.400,138.400,138.430,1661,737390
1506444000,138.390,138.390,138.390,138.390,1961,745696
1506444060,138.360,138.450,138.360,138.460,1958,745696
1506444120,138.440,138.420,138.410,138.440,1958,745696
1506444180,138.460,138.460,138.460,138.460,1958,745696
1506444240,138.490,138.490,138.490,138.490,1958,745696
1506444300,138.500,138.500,138.500,138.500,1896,755489
1506444360,138.490,138.480,138.480,138.490,1893,755489
1506444420,138.480,138.430,138.430,138.480,1893,755489
1506444480,138.460,138.460,138.460,138.460,1893,755489
1506444540,138.550,138.560,138.550,138.560,1893,755489
1506444600,138.550,138.560,138.550,138.560,585,764957
1506444660,138.550,138.560,138.550,138.560,584,764957
1506444720,138.550,138.560,138.550,138.560,584,764957
1506444780,138.590,138.590,138.590,138.590,584,764957
1506444840,138.590,138.590,138.590,138.590,584,764957
1506444900,138.660,138.590,138.580,138.660,969,767878
1506444960,138.620,138.620,138.620,138.620,967,767878
1506445020,138.620,138.620,138.620,138.620,967,767878
1506445080,138.560,138.560,138.560,138.560,967,767878
1506445140,138.550,138.550,138.550,138.550,967,767878
1506445200,138.540,138.570,138.540,138.570,1657,772715
1506445260,138.570,138.570,138.570,138.570,1654,772715
1506445320,138.500,138.500,138.500,138.500,1654,772715
1506445380,138.500,138.500,138.500,138.500,1654,772715
1506445440,138.480,138.500,138.470,138.500,1654,772715
1506445500,138.470,138.480,138.470,138.480,970,780988
1506445560,138.450,138.430,138.430,138.450,966,780988
1506445620,138.450,138.430,138.430,138.450,966,780988
1506445680,138.480,138.460,138.460,138.480,966,780988
1506445740,138.460,138.480,138.460,138.480,966,780988
1506445800,138.430,138.450,138.430,138.450,1802,785822
1506445860,138.480,138.510,138.480,138.510,1800,785822
1506445920,138.510,138.530,138.510,138.530,1800,785822
1506445980,138.630,138.660,138.630,138.720,1800,785822
1506446040,138.730,138.660,138.660,138.730,1800,785822
1506446100,138.650,138.680,138.650,138.680,1689,794824
1506446160,138.640,138.620,138.620,138.640,1685,794824
1506446220,138.640,138.620,138.620,138.640,1685,794824
1506446280,138.640,138.620,138.620,138.640,1685,794824
1506446340,138.630,138.630,138.630,138.630,1685,794824
1506446400,138.680,138.640,138.630,138.680,1912,803253
1506446460,138.650,138.650,138.650,138.650,1908,803253
1506446520,138.670,138.670,138.670,138.670,1908,803253
1506446580,138.750,138.750,138.750,138.750,1908,803253
1506446640,138.760,138.770,138.730,138.770,1908,803253
1506446700,138.770,138.760,138.760,138.770,1707,812797
1506446760,138.750,138.690,138.690,138.750,1704,812797
1506446820,138.670,138.670,138.670,138.670,1704,812797
1506446880,138.730,138.740,138.730,138.750,1704,812797
1506446940,138.720,138.720,138.720,138.720,1704,812797
1506447000,138.720,138.720,138.720,138.720,1764,821320
1506447060,138.730,138.730,138.720,138.740,1762,821320
1506447120,138.740,138.730,138.710,138.740,1762,821320
1506447180,138.730,138.690,138.690,138.730,1762,821320
1506447240,138.690,138.720,138.690,138.720,1762,821320
1506447300,138.700,138.720,138.700,138.720,1536,830132
1506447360,138.700,138.720,138.700,138.720,1535,830132
1506447420,138.670,138.630,138.630,138.670,1535,830132
1506447480,138.650,138.650,138.650,138.650,1535,830132
1506447540,138.610,138.640,138.610,138.640,1535,830132
1506447600,138.620,138.640,138.620,138.640,1632,837808
1506447660,138.630,138.650,138.630,138.660,1628,837808
1506447720,138.660,138.650,138.650,138.660,1628,837808
1506447780,138.650,138.640,138.640,138.650,1628,837808
1506447840,138.640,138.720,138.640,138.730,1628,837808
1506447900,138.710,138.710,138.710,138.710,1760,845952
1506447960,138.720,138.720,138.720,138.720,1757,845952
1506448020,138.800,138.800,138.800,138.800,1757,845952
1506448080,138.770,138.790,138.770,138.790,1757,845952
1506448140,138.810,138.860,138.810,138.860,1757,845952
1506448200,138.860,138.860,138.860,138.860,3269,854740
1506448260,138.860,138.860,138.860,138.900,3265,854740
1506448320,138.880,138.870,138.870,138.880,3265,854740
1506448380,138.840,138.790,138.790,138.850,3265,854740
1506448440,138.860,138.870,138.860,138.870,3265,854740
1506448500,138.840,138.850,138.810,138.850,1039,871069
1506448560,138.860,138.860,138.860,138.860,1039,871069
1506448620,138.860,138.870,138.850,138.870,1039,871069
1506448680,138.870,138.870,138.870,138.870,1039,871069
1506448740,138.870,138.870,138.850,138.870,1039,871069
1506448800,138.850,138.680,138.680,138.850,2025,876264
1506448860,138.610,138.610,138.610,138.610,2022,876264
1506448920,138.630,138.630,138.630,138.630,2022,876264
1506448980,138.620,138.620,138.620,138.620,2022,876264
1506449040,138.600,138.600,138.600,138.600,2022,876264
1506449100,138.560,138.580,138.560,138.580,771,886377
1506449160,138.560,138.580,138.560,138.580,769,886377
1506449220,138.560,138.580,138.560,138.580,769,886377
1506449280,138.560,138.550,138.550,138.560,769,886377
1506449340,138.580,138.580,138.580,138.580,769,886377
1506449400,138.620,138.620,138.620,138.620,1595,890224
1506449460,138.640,138.640,138.640,138.640,1595,890224
1506449520,138.640,138.640,138.640,138.640,1595,890224
1506449580,138.650,138.660,138.650,138.660,1595,890224
1506449640,138.610,138.600,138.600,138.610,1595,890224
1506449700,138.610,138.600,138.600,138.610,1286,898199
1506449760,138.610,138.600,138.600,138.610,1285,898199
1506449820,138.650,138.650,138.650,138.650,1285,898199
1506449880,138.650,138.640,138.640,138.650,1285,898199
1506449940,138.630,138.630,138.630,138.630,1285,898199
1506450000,138.640,138.620,138.620,138.640,2377,904625
1506450060,138.640,138.620,138.620,138.640,2373,904625
1506450120,138.650,138.540,138.540,138.650,2373,904625
1506450180,138.650,138.540,138.540,138.650,2373,904625
1506450240,138.530,138.550,138.510,138.550,2373,904625
1506450300,138.560,138.500,138.500,138.560,1937,916494
1506450360,138.480,138.510,138.480,138.520,1934,916494
1506450420,138.520,138.550,138.520,138.580,1934,916494
1506450480,138.520,138.550,138.520,138.580,1934,916494
1506450540,138.520,138.550,138.520,138.580,1934,916494
1506450600,138.530,138.530,138.530,138.530,1392,926167
1506450660,138.560,138.540,138.540,138.560,1390,926167
1506450720,138.540,138.540,138.540,138.540,1390,926167
1506450780,138.540,138.540,138.540,138.540,1390,926167
1506450840,138.550,138.550,138.550,138.550,1390,926167
1506450900,138.550,138.550,138.530,138.550,3051,933119
1506450960,138.560,138.600,138.560,138.620,3049,933119
1506451020,138.600,138.630,138.600,138.640,3049,933119
1506451080,138.650,138.640,138.640,138.660,3049,933119
1506451140,138.660,138.660,138.660,138.660,3049,933119
1506451200,138.690,138.680,138.680,138.690,741,948366
1506451260,138.670,138.670,138.670,138.670,740,948366
1506451320,138.690,138.650,138.650,138.690,740,948366
1506451380,138.660,138.660,138.660,138.660,740,948366
1506451440,138.660,138.660,138.660,138.660,740,948366
1506451500,138.680,138.760,138.680,138.760,2313,952067
1506451560,138.780,138.750,138.730,138.780,2311,952067
1506451620,138.780,138.750,138.730,138.780,2311,952067
1506451680,138.770,138.810,138.770,138.820,2311,952067
1506451740,138.820,138.850,138.820,138.860,2311,952067
1506451800,138.870,138.850,138.850,138.870,1532,963624
1506451860,138.800,138.830,138.800,138.830,1530,963624
1506451920,138.830,138.830,138.830,138.830,1530,963624
1506451980,138.870,138.870,138.870,138.870,1530,963624
1506452040,138.880,138.880,138.840,138.880,1530,963624
1506452100,138.880,138.870,138.870,138.880,2275,971276
1506452160,138.880,138.870,138.870,138.880,2272,971276
1506452220,138.910,138.840,138.840,138.910,2272,971276
1506452280,138.810,138.890,138.810,138.890,2272,971276
1506452340,138.810,138.890,138.810,138.890,2272,971276
1506452400,138.930,138.890,138.890,138.930,4942,982639
1506452460,138.910,138.960,138.910,138.960,4940,982639
1506452520,138.930,138.910,138.910,138.940,4940,982639
1506452580,138.950,138.900,138.900,138.950,4940,982639
1506452640,138.910,138.980,138.910,138.980,4940,982639
1506452700,138.980,138.960,138.960,138.980,2294,1007341
1506452760,138.860,138.860,138.860,138.860,2292,1007341
1506452820,138.790,138.790,138.790,138.790,2292,1007341
1506452880,138.780,138.850,138.780,138.860,2292,1007341
1506452940,138.850,138.850,138.850,138.850,2292,1007341
1506453000,138.820,138.800,138.790,138.820,1604,1018803
1506453060,138.820,138.800,138.790,138.820,1602,1018803
1506453120,138.800,138.790,138.790,138.800,1602,1018803
1506453180,138.790,138.790,138.790,138.790,1602,1018803
1506453240,138.800,138.750,138.750,138.800,1602,1018803
1506453300,138.750,138.770,138.730,138.770,3796,1026815
1506453360,138.760,138.750,138.740,138.760,3793,1026815
1506453420,138.770,138.790,138.770,138.790,3793,1026815
1506453480,138.810,138.810,138.810,138.810,3793,1026815
1506453540,138.860,138.840,138.840,138.860,3793,1026815
1506453600,138.870,138.880,138.870,138.880,3891,1045783
1506453660,138.900,138.900,138.890,138.910,3888,1045783
1506453720,138.880,138.870,138.870,138.910,3888,1045783
1506453780,138.910,138.910,138.910,138.930,3888,1045783
1506453840,138.900,138.920,138.900,138.920,3888,1045783
1506453900,138.890,138.870,138.870,138.890,2635,1065226
1506453960,138.860,138.850,138.850,138.890,2635,1065226
1506454020,138.860,138.850,138.850,138.890,2635,1065226
1506454080,138.770,138.800,138.770,138.800,2635,1065226
1506454140,138.810,138.860,138.810,138.870,2635,1065226
1506454200,138.880,138.840,138.840,138.880,4793,1078401
1506454260,138.800,138.830,138.800,138.830,4789,1078401
1506454320,138.850,138.830,138.830,138.870,4789,1078401
1506454380,138.850,138.880,138.850,138.880,4789,1078401
1506454440,138.880,138.870,138.870,138.900,4789,1078401
1506454500,138.880,138.890,138.880,138.890,4956,1102350
1506454560,138.860,138.840,138.840,138.900,4953,1102350
1506454620,138.840,138.780,138.780,138.880,4953,1102350
1506454680,138.790,138.810,138.770,138.810,4953,1102350
1506454740,138.790,138.780,138.780,138.800,4953,1102350
1506454800,138.790,138.770,138.770,138.790,3236,1127118
1506454860,138.790,138.810,138.790,138.810,3233,1127118
1506454920,138.800,138.800,138.800,138.810,3233,1127118
1506454980,138.810,138.810,138.810,138.810,3233,1127118
1506455040,138.820,138.820,138.820,138.820,3233,1127118
1506455100,138.810,138.780,138.760,138.810,5806,1143286
1506455160,138.780,138.760,138.760,138.780,5802,1143286
1506455220,138.760,138.750,138.750,138.760,5802,1143286
1506455280,138.760,138.760,138.750,138.760,5802,1143286
1506455340,138.750,138.740,138.740,138.770,5802,1143286
1506455400,138.730,138.690,138.690,138.750,7253,1172300
1506455460,138.680,138.690,138.660,138.690,7250,1172300
1506455520,138.680,138.670,138.670,138.700,7250,1172300
1506455580,138.670,138.670,138.640,138.670,7250,1172300
1506455640,138.670,138.650,138.630,138.670,7250,1172300
1506455700,138.630,138.540,138.540,138.630,56351,1208553
1506455760,138.530,138.490,138.490,138.530,56348,1208553
1506455820,138.470,138.460,138.440,138.470,56348,1208553
1506455880,138.450,138.430,138.430,138.450,56348,1208553
1506455940,138.430,138.430,138.400,138.430,56348,1208553
1506456000,138.430,138.430,138.400,138.430,56348,1208553
1506456060,138.430,138.430,138.400,138.430,56348,1208553
1506456120,138.430,138.430,138.400,138.430,56348,1208553
1506456180,138.430,138.430,138.400,138.430,56348,1208553
1506456240,138.430,138.430,138.400,138.430,56348,1208553
1506456300,138.430,138.430,138.400,138.430,56348,1208553
1506456360,138.430,138.430,138.400,138.430,56348,1208553
1506456420,138.430,138.430,138.400,138.430,56348,1208553
1506456480,138.430,138.430,138.400,138.430,56348,1208553
1506456540,138.430,138.430,138.400,138.430,56348,1208553
1506456600,138.430,138.430,138.400,138.430,56348,1208553
1506456660,138.430,138.430,138.400,138.430,56348,1208553
1506456720,138.430,138.430,138.400,138.430,56348,1208553
1506456780,138.430,138.430,138.400,138.430,56348,1208553
1506456840,138.430,138.430,138.400,138.430,56348,1208553
1506456900,138.430,138.430,138.400,138.430,56348,1208553
1506456960,138.430,138.430,138.400,138.430,56348,1208553
1506457020,138.430,138.430,138.400,138.430,56348,1208553
1506457080,138.430,138.430,138.400,138.430,56348,1208553
1506457140,138.430,138.430,138.400,138.430,56348,1208553
1506457200,138.430,138.430,138.400,138.430,56348,1208553
1506457260,138.430,138.430,138.400,138.430,56348,1208553
1506457320,138.430,138.430,138.400,138.430,56348,1208553
1506457380,138.430,138.430,138.400,138.430,56348,1208553
1506457440,138.430,138.430,138.400,138.430,56348,1208553
1506457500,138.430,138.430,138.400,138.430,56348,1208553
1506457560,138.430,138.430,138.400,138.430,56348,1208553
1506457620,138.430,138.430,138.400,138.430,56348,1208553
1506457680,138.430,138.430,138.400,138.430,56348,1208553
1506457740,138.430,138.430,138.400,138.430,56348,1208553
1506457800,138.430,138.430,138.400,138.430,56348,1208553
1506457860,138.430,138.430,138.400,138.430,56348,1208553
1506457920,138.430,138.430,138.400,138.430,56348,1208553
1506457980,138.430,138.430,138.400,138.430,56348,1208553
1506458040,138.430,138.430,138.400,138.430,56348,1208553
1506458100,138.430,138.430,138.400,138.430,56348,1208553
1506458160,138.430,138.430,138.400,138.430,56348,1208553
1506458220,138.430,138.430,138.400,138.430,56348,1208553
1506458280,138.430,138.430,138.400,138.430,56348,1208553
1506458340,138.430,138.430,138.400,138.430,56348,1208553
1506458400,138.430,138.430,138.400,138.430,56348,1208553
1506458460,138.430,138.430,138.400,138.430,56348,1208553
1506458520,138.430,138.430,138.400,138.430,56348,1208553
1506458580,138.430,138.430,138.400,138.430,56348,1208553
1506458640,138.430,138.430,138.400,138.430,56348,1208553
1506458700,138.430,138.430,138.400,138.430,56348,1208553
1506458760,138.430,138.430,138.400,138.430,56348,1208553
1506458820,138.430,138.430,138.400,138.430,56348,1208553
1506458880,138.430,138.430,138.400,138.430,56348,1208553
1506458940,138.430,138.430,138.400,138.430,56348,1208553
1506459000,138.430,138.430,138.400,138.430,56348,1208553
1506459060,138.430,138.430,138.400,138.430,56348,1208553
1506459120,138.430,138.430,138.400,138.430,56348,1208553
1506459180,138.430,138.430,138.400,138.430,56348,1208553
1506459240,138.430,138.430,138.400,138.430,56348,1208553
1506459300,138.430,138.430,138.400,138.430,56348,1208553
1506459360,138.430,138.430,138.400,138.430,56348,1208553
1506459420,138.430,138.430,138.400,138.430,56348,1208553
1506459480,138.430,138.430,138.400,138.430,56348,1208553
1506459540,138.430,138.430,138.400,138.430,56348,1208553
1506459600,138.430,138.430,138.400,138.430,56348,1208553
1506459660,138.430,138.430,138.400,138.430,56348,1208553
1506459720,138.430,138.430,138.400,138.430,56348,1208553
1506459780,138.430,138.430,138.400,138.430,56348,1208553
1506459840,138.430,138.430,138.400,138.430,56348,1208553
1506459900,138.430,138.430,138.400,138.430,56348,1208553
1506459960,138.430,138.430,138.400,138.430,56348,1208553
1506460020,138.430,138.430,138.400,138.430,56348,1208553
1506460080,138.430,138.430,138.400,138.430,56348,1208553
1506460140,138.430,138.430,138.400,138.430,56348,1208553
1506460200,138.430,138.430,138.400,138.430,56348,1208553
1506460260,138.430,138.430,138.400,138.430,56348,1208553
1506460320,138.430,138.430,138.400,138.430,56348,1208553
1506460380,138.430,138.430,138.400,138.430,56348,1208553
1506460440,138.430,138.430,138.400,138.430,56348,1208553
1506460500,138.430,138.430,138.400,138.430,56348,1208553
1506460560,138.430,138.430,138.400,138.430,56348,1208553
1506460620,138.430,138.430,138.400,138.430,56348,1208553
1506460680,138.430,138.430,138.400,138.430,56348,1208553
1506460740,138.430,138.430,138.400,138.430,56348,1208553
1506460800,138.430,138.430,138.400,138.430,56348,1208553
1506460860,138.430,138.430,138.400,138.430,56348,1208553
1506460920,138.430,138.430,138.400,138.430,56348,1208553
1506460980,138.430,138.430,138.400,138.430,56348,1208553
1506461040,138.430,138.430,138.400,138.430,56348,1208553
1506461100,138.430,138.430,138.400,138.430,56348,1208553
1506461160,138.430,138.430,138.400,138.430,56348,1208553
1506461220,138.430,138.430,138.400,138.430,56348,1208553
1506461280,138.430,138.430,138.400,138.430,56348,1208553
1506461340,138.430,138.430,138.400,138.430,56348,1208553
1506461400,138.430,138.430,138.400,138.430,56348,1208553
1506461460,138.430,138.430,138.400,138.430,56348,1208553
1506461520,138.430,138.430,138.400,138.430,56348,1208553
1506461580,138.430,138.430,138.400,138.430,56348,1208553
1506461640,138.430,138.430,138.400,138.430,56348,1208553
1506461700,138.430,138.430,138.400,138.430,56348,1208553
1506461760,138.430,138.430,138.400,138.430,56348,1208553
1506461820,138.430,138.430,138.400,138.430,56348,1208553
1506461880,138.430,138.430,138.400,138.430,56348,1208553
1506461940,138.430,138.430,138.400,138.430,56348,1208553
1506462000,138.430,138.430,138.400,138.430,56348,1208553
1506462060,138.430,138.430,138.400,138.430,56348,1208553
1506462120,138.430,138.430,138.400,138.430,56348,1208553
1506462180,138.430,138.430,138.400,138.430,56348,1208553
1506462240,138.430,138.430,138.400,138.430,56348,1208553
1506462300,138.430,138.430,138.400,138.430,56348,1208553
1506462360,138.430,138.430,138.400,138.430,56348,1208553
1506462420,138.430,138.430,138.400,138.430,56348,1208553
1506462480,138.430,138.430,138.400,138.430,56348,1208553
1506462540,138.430,138.430,138.400,138.430,56348,1208553
1506462600,138.430,138.430,138.400,138.430,56348,1208553
1506462660,138.430,138.430,138.400,138.430,56348,1208553
1506462720,138.430,138.430,138.400,138.430,56348,1208553
1506462780,138.430,138.430,138.400,138.430,56348,1208553
1506462840,138.430,138.430,138.400,138.430,56348,1208553
1506462900,138.430,138.430,138.400,138.430,56348,1208553
1506462960,138.430,138.430,138.400,138.430,56348,1208553
1506463020,138.430,138.430,138.400,138.430,56348,1208553
1506463080,138.430,138.430,138.400,138.430,56348,1208553
1506463140,138.430,138.430,138.400,138.430,56348,1208553
1506463200,138.430,138.430,138.400,138.430,56348,1208553
1506463260,138.430,138.430,138.400,138.430,56348,1208553
1506463320,138.430,138.430,138.400,138.430,56348,1208553
1506463380,138.430,138.430,138.400,138.430,56348,1208553
1506463440,138.430,138.430,138.400,138.430,56348,1208553
1506463500,138.430,138.430,138.400,138.430,56348,1208553
1506463560,138.430,138.430,138.400,138.430,56348,1208553
1506463620,138.430,138.430,138.400,138.430,56348,1208553
1506463680,138.430,138.430,138.400,138.430,56348,1208553
1506463740,138.430,138.430,138.400,138.430,56348,1208553
1506463800,138.430,138.430,138.400,138.430,56348,1208553
1506463860,138.430,138.430,138.400,138.430,56348,1208553
1506463920,138.430,138.430,138.400,138.430,56348,1208553
1506463980,138.430,138.430,138.400,138.430,56348,1208553
1506464040,138.430,138.430,138.400,138.430,56348,1208553
1506464100,138.430,138.430,138.400,138.430,56348,1208553
1506464160,138.430,138.430,138.400,138.430,56348,1208553
1506464220,138.430,138.430,138.400,138.430,56348,1208553
1506464280,138.430,138.430,138.400,138.430,56348,1208553
1506464340,138.430,138.430,138.400,138.430,56348,1208553
1506464400,138.430,138.430,138.400,138.430,56348,1208553
1506464460,138.430,138.430,138.400,138.430,56348,1208553
1506464520,138.430,138.430,138.400,138.430,56348,1208553
1506464580,138.430,138.430,138.400,138.430,56348,1208553
1506464640,138.430,138.430,138.400,138.430,56348,1208553
1506464700,138.430,138.430,138.400,138.430,56348,1208553
1506464760,138.430,138.430,138.400,138.430,56348,1208553
1506464820,138.430,138.430,138.400,138.430,56348,1208553
1506464880,138.430,138.430,138.400,138.430,56348,1208553
1506464940,138.430,138.430,138.400,138.430,56348,1208553
1506465000,138.430,138.430,138.400,138.430,56348,1208553
1506465060,138.430,138.430,138.400,138.430,56348,1208553
1506465120,138.430,138.430,138.400,138.430,56348,1208553
1506465180,138.430,138.430,138.400,138.430,56348,1208553
1506465240,138.430,138.430,138.400,138.430,56348,1208553
1506465300,138.430,138.430,138.400,138.430,56348,1208553
1506465360,138.430,138.430,138.400,138.430,56348,1208553
1506465420,138.430,138.430,138.400,138.430,56348,1208553
1506465480,138.430,138.430,138.400,138.430,56348,1208553
1506465540,138.430,138.430,138.400,138.430,56348,1208553
1506465600,138.430,138.430,138.400,138.430,56348,1208553
1506465660,138.430,138.430,138.400,138.430,56348,1208553
1506465720,138.430,138.430,138.400,138.430,56348,1208553
1506465780,138.430,138.430,138.400,138.430,56348,1208553
1506465840,138.430,138.430,138.400,138.430,56348,1208553
1506465900,138.430,138.430,138.400,138.430,56348,1208553
1506465960,138.430,138.430,138.400,138.430,56348,1208553
1506466020,138.430,138.430,138.400,138.430,56348,1208553
1506466080,138.430,138.430,138.400,138.430,56348,1208553
1506466140,138.430,138.430,138.400,138.430,56348,1208553
1506466200,138.430,138.430,138.400,138.430,56348,1208553
1506466260,138.430,138.430,138.400,138.430,56348,1208553
1506466320,138.430,138.430,138.400,138.430,56348,1208553
1506466380,138.430,138.430,138.400,138.430,56348,1208553
1506466440,138.430,138.430,138.400,138.430,56348,1208553
1506466500,138.430,138.430,138.400,138.430,56348,1208553
1506466560,138.430,138.430,138.400,138.430,56348,1208553
1506466620,138.430,138.430,138.400,138.430,56348,1208553
1506466680,138.430,138.430,138.400,138.430,56348,1208553
1506466740,138.430,138.430,138.400,138.430,56348,1208553
1506466800,138.430,138.430,138.400,138.430,56348,1208553
1506466860,138.430,138.430,138.400,138.430,56348,1208553
1506466920,138.430,138.430,138.400,138.430,56348,1208553
1506466980,138.430,138.430,138.400,138.430,56348,1208553
1506467040,138.430,138.430,138.400,138.430,56348,1208553
1506467100,138.430,138.430,138.400,138.430,56348,1208553
1506467160,138.430,138.430,138.400,138.430,56348,1208553
1506467220,138.430,138.430,138.400,138.430,56348,1208553
1506467280,138.430,138.430,138.400,138.430,56348,1208553
1506467340,138.430,138.430,138.400,138.430,56348,1208553
1506467400,138.430,138.430,138.400,138.430,56348,1208553
1506467460,138.430,138.430,138.400,138.430,56348,1208553
1506467520,138.430,138.430,138.400,138.430,56348,1208553
1506467580,138.430,138.430,138.400,138.430,56348,1208553
1506467640,138.430,138.430,138.400,138.430,56348,1208553
1506467700,138.430,138.430,138.400,138.430,56348,1208553
1506467760,138.430,138.430,138.400,138.430,56348,1208553
1506467820,138.430,138.430,138.400,138.430,56348,1208553
1506467880,138.430,138.430,138.400,138.430,56348,1208553
1506467940,138.430,138.430,138.400,138.430,56348,1208553
1506468000,138.430,138.430,138.400,138.430,56348,1208553
1506468060,138.430,138.430,138.400,138.430,56348,1208553
1506468120,138.430,138.430,138.400,138.430,56348,1208553
1506468180,138.430,138.430,138.400,138.430,56348,1208553
1506468240,138.430,138.430,138.400,138.430,56348,1208553
1506468300,138.430,138.430,138.400,138.430,56348,1208553
1506468360,138.430,138.430,138.400,138.430,56348,1208553
1506468420,138.430,138.430,138.400,138.430,56348,1208553
1506468480,138.430,138.430,138.400,138.430,56348,1208553
1506468540,138.430,138.430,138.400,138.430,56348,1208553
1506468600,138.430,138.430,138.400,138.430,56348,1208553
1506468660,138.430,138.430,138.400,138.430,56348,1208553
1506468720,138.430,138.430,138.400,138.430,56348,1208553
1506468780,138.430,138.430,138.400,138.430,56348,1208553
1506468840,138.430,138.430,138.400,138.430,56348,1208553
1506468900,138.430,138.430,138.400,138.430,56348,1208553
1506468960,138.430,138.430,138.400,138.430,56348,1208553
1506469020,138.430,138.430,138.400,138.430,56348,1208553
1506469080,138.430,138.430,138.400,138.430,56348,1208553
1506469140,138.430,138.430,138.400,138.430,56348,1208553
1506469200,138.430,138.430,138.400,138.430,56348,1208553
1506469260,138.430,138.430,138.400,138.430,56348,1208553
1506469320,138.430,138.430,138.400,138.430,56348,1208553
1506469380,138.430,138.430,138.400,138.430,56348,1208553
1506469440,138.430,138.430,138.400,138.430,56348,1208553
1506469500,138.430,138.430,138.400,138.430,56348,1208553
1506469560,138.430,138.430,138.400,138.430,56348,1208553
1506469620,138.430,138.430,138.400,138.430,56348,1208553
1506469680,138.430,138.430,138.400,138.430,56348,1208553
1506469740,138.430,138.430,138.400,138.430,56348,1208553
1506469800,138.430,138.430,138.400,138.430,56348,1208553
1506469860,138.430,138.430,138.400,138.430,56348,1208553
1506469920,138.430,138.430,138.400,138.430,56348,1208553
1506469980,138.430,138.430,138.400,138.430,56348,1208553
1506470040,138.430,138.430,138.400,138.430,56348,1208553
1506470100,138.430,138.430,138.400,138.430,56348,1208553
1506470160,138.430,138.430,138.400,138.430,56348,1208553
1506470220,138.430,138.430,138.400,138.430,56348,1208553
1506470280,138.430,138.430,138.400,138.430,56348,1208553
1506470340,138.430,138.430,138.400,138.430,56348,1208553
1506470400,138.430,138.430,138.400,138.430,56348,1208553
1506470460,138.430,138.430,138.400,138.430,56348,1208553
1506470520,138.430,138.430,138.400,138.430,56348,1208553
1506470580,138.430,138.430,138.400,138.430,56348,1208553
1506470640,138.430,138.430,138.400,138.430,56348,1208553
1506470700,138.430,138.430,138.400,138.430,56348,1208553
1506470760,138.430,138.430,138.400,138.430,56348,1208553
1506470820,138.430,138.430,138.400,138.430,56348,1208553
1506470880,138.430,138.430,138.400,138.430,56348,1208553
1506470940,138.430,138.430,138.400,138.430,56348,1208553
1506471000,138.430,138.430,138.400,138.430,56348,1208553
1506471060,138.430,138.430,138.400,138.430,56348,1208553
1506471120,138.430,138.430,138.400,138.430,56348,1208553
1506471180,138.430,138.430,138.400,138.430,56348,1208553
1506471240,138.430,138.430,138.400,138.430,56348,1208553
1506471300,138.430,138.430,138.400,138.430,56348,1208553
1506471360,138.430,138.430,138.400,138.430,56348,1208553
1506471420,138.430,138.430,138.400,138.430,56348,1208553
1506471480,138.430,138.430,138.400,138.430,56348,1208553
1506471540,138.430,138.430,138.400,138.430,56348,1208553
1506471600,138.430,138.430,138.400,138.430,56348,1208553
1506471660,138.430,138.430,138.400,138.430,56348,1208553
1506471720,138.430,138.430,138.400,138.430,56348,1208553
1506471780,138.430,138.430,138.400,138.430,56348,1208553
1506471840,138.430,138.430,138.400,138.430,56348,1208553
1506471900,138.430,138.430,138.400,138.430,56348,1208553
1506471960,138.430,138.430,138.400,138.430,56348,1208553
1506472020,138.430,138.430,138.400,138.430,56348,1208553
1506472080,138.430,138.430,138.400,138.430,56348,1208553
1506472140,138.430,138.430,138.400,138.430,56348,1208553
1506472200,138.430,138.430,138.400,138.430,56348,1208553
1506472260,138.430,138.430,138.400,138.430,56348,1208553
1506472320,138.430,138.430,138.400,138.430,56348,1208553
1506472380,138.430,138.430,138.400,138.430,56348,1208553
1506472440,138.430,138.430,138.400,138.430,56348,1208553
1506472500,138.430,138.430,138.400,138.430,56348,1208553
1506472560,138.430,138.430,138.400,138.430,56348,1208553
1506472620,138.430,138.430,138.400,138.430,56348,1208553
1506472680,138.430,138.430,138.400,138.430,56348,1208553
1506472740,138.430,138.430,138.400,138.430,56348,1208553
1506472800,138.430,138.430,138.400,138.430,56348,1208553
1506472860,138.430,138.430,138.400,138.430,56348,1208553
1506472920,138.430,138.430,138.400,138.430,56348,1208553
1506472980,138.430,138.430,138.400,138.430,56348,1208553
1506473040,138.430,138.430,138.400,138.430,56348,1208553
1506473100,138.430,138.430,138.400,138.430,56348,1208553
1506473160,138.430,138.430,138.400,138.430,56348,1208553
1506473220,138.430,138.430,138.400,138.430,56348,1208553
1506473280,138.430,138.430,138.400,138.430,56348,1208553
1506473340,138.430,138.430,138.400,138.430,56348,1208553
1506473400,138.430,138.430,138.400,138.430,56348,1208553
1506473460,138.430,138.430,138.400,138.430,56348,1208553
1506473520,138.430,138.430,138.400,138.430,56348,1208553
1506473580,138.430,138.430,138.400,138.430,56348,1208553
1506473640,138.430,138.430,138.400,138.430,56348,1208553
1506473700,138.430,138.430,138.400,138.430,56348,1208553
1506473760,138.430,138.430,138.400,138.430,56348,1208553
1506473820,138.430,138.430,138.400,138.430,56348,1208553
1506473880,138.430,138.430,138.400,138.430,56348,1208553
1506473940,138.430,138.430,138.400,138.430,56348,1208553
1506474000,138.430,138.430,138.400,138.430,56348,1208553
1506474060,138.430,138.430,138.400,138.430,56348,1208553
1506474120,138.430,138.430,138.400,138.430,56348,1208553
1506474180,138.430,138.430,138.400,138.430,56348,1208553
1506474240,138.430,138.430,138.400,138.430,56348,1208553
1506474300,138.430,138.430,138.400,138.430,56348,1208553
1506474360,138.430,138.430,138.400,138.430,56348,1208553
1506474420,138.430,138.430,138.400,138.430,56348,1208553
1506474480,138.430,138.430,138.400,138.430,56348,1208553
1506474540,138.430,138.430,138.400,138.430,56348,1208553
1506474600,138.430,138.430,138.400,138.430,56348,1208553
1506474660,138.430,138.430,138.400,138.430,56348,1208553
1506474720,138.430,138.430,138.400,138.430,56348,1208553
1506474780,138.430,138.430,138.400,138.430,56348,1208553
1506474840,138.430,138.430,138.400,138.430,56348,1208553
1506474900,138.430,138.430,138.400,138.430,56348,1208553
1506474960,138.430,138.430,138.400,138.430,56348,1208553
1506475020,138.430,138.430,138.400,138.430,56348,1208553
1506475080,138.430,138.430,138.400,138.430,56348,1208553
1506475140,138.430,138.430,138.400,138.430,56348,1208553
1506475200,138.430,138.430,138.400,138.430,56348,1208553
1506475260,138.430,138.430,138.400,138.430,56348,1208553
1506475320,138.430,138.430,138.400,138.430,56348,1208553
1506475380,138.430,138.430,138.400,138.430,56348,1208553
1506475440,138.430,138.430,138.400,138.430,56348,1208553
1506475500,138.430,138.430,138.400,138.430,56348,1208553
1506475560,138.430,138.430,138.400,138.430,56348,1208553
1506475620,138.430,138.430,138.400,138.430,56348,1208553
1506475680,138.430,138.430,138.400,138.430,56348,1208553
1506475740,138.430,138.430,138.400,138.430,56348,1208553
1506475800,138.430,138.430,138.400,138.430,56348,1208553
1506475860,138.430,138.430,138.400,138.430,56348,1208553
1506475920,138.430,138.430,138.400,138.430,56348,1208553
1506475980,138.430,138.430,138.400,138.430,56348,1208553
1506476040,138.430,138.430,138.400,138.430,56348,1208553
1506476100,138.430,138.430,138.400,138.430,56348,1208553
1506476160,138.430,138.430,138.400,138.430,56348,1208553
1506476220,138.430,138.430,138.400,138.430,56348,1208553
1506476280,138.430,138.430,138.400,138.430,56348,1208553
1506476340,138.430,138.430,138.400,138.430,56348,1208553
1506476400,138.430,138.430,138.400,138.430,56348,1208553
1506476460,138.430,138.430,138.400,138.430,56348,1208553
1506476520,138.430,138.430,138.400,138.430,56348,1208553
1506476580,138.430,138.430,138.400,138.430,56348,1208553
1506476640,138.430,138.430,138.400,138.430,56348,1208553
1506476700,138.430,138.430,138.400,138.430,56348,1208553
1506476760,138.430,138.430,138.400,138.430,56348,1208553
1506476820,138.430,138.430,138.400,138.430,56348,1208553
1506476880,138.430,138.430,138.400,138.430,56348,1208553
1506476940,138.430,138.430,138.400,138.430,56348,1208553
1506477000,138.430,138.430,138.400,138.430,56348,1208553
1506477060,138.430,138.430,138.400,138.430,56348,1208553
1506477120,138.430,138.430,138.400,138.430,56348,1208553
1506477180,138.430,138.430,138.400,138.430,56348,1208553
1506477240,138.430,138.430,138.400,138.430,56348,1208553
1506477300,138.430,138.430,138.400,138.430,56348,1208553
1506477360,138.430,138.430,138.400,138.430,56348,1208553
1506477420,138.430,138.430,138.400,138.430,56348,1208553
1506477480,138.430,138.430,138.400,138.430,56348,1208553
1506477540,138.430,138.430,138.400,138.430,56348,1208553
1506477600,138.430,138.430,138.400,138.430,56348,1208553
1506477660,138.430,138.430,138.400,138.430,56348,1208553
1506477720,138.430,138.430,138.400,138.430,56348,1208553
1506477780,138.430,138.430,138.400,138.430,56348,1208553
1506477840,138.430,138.430,138.400,138.430,56348,1208553
1506477900,138.430,138.430,138.400,138.430,56348,1208553
1506477960,138.430,138.430,138.400,138.430,56348,1208553
1506478020,138.430,138.430,138.400,138.430,56348,1208553
1506478080,138.430,138.430,138.400,138.430,56348,1208553
1506478140,138.430,138.430,138.400,138.430,56348,1208553
1506478200,138.430,138.430,138.400,138.430,56348,1208553
1506478260,138.430,138.430,138.400,138.430,56348,1208553
1506478320,138.430,138.430,138.400,138.430,56348,1208553
1506478380,138.430,138.430,138.400,138.430,56348,1208553
1506478440,138.430,138.430,138.400,138.430,56348,1208553
1506478500,138.430,138.430,138.400,138.430,56348,1208553
1506478560,138.430,138.430,138.400,138.430,56348,1208553
1506478620,138.430,138.430,138.400,138.430,56348,1208553
1506478680,138.430,138.430,138.400,138.430,56348,1208553
1506478740,138.430,138.430,138.400,138.430,56348,1208553
1506478800,138.430,138.430,138.400,138.430,56348,1208553
1506478860,138.430,138.430,138.400,138.430,56348,1208553
1506478920,138.430,138.430,138.400,138.430,56348,1208553
1506478980,138.430,138.430,138.400,138.430,56348,1208553
1506479040,138.430,138.430,138.400,138.430,56348,1208553
1506479100,138.430,138.430,138.400,138.430,56348,1208553
1506479160,138.430,138.430,138.400,138.430,56348,1208553
1506479220,138.430,138.430,138.400,138.430,56348,1208553
1506479280,138.430,138.430,138.400,138.430,56348,1208553
1506479340,138.430,138.430,138.400,138.430,56348,1208553
1506479400,138.430,138.430,138.400,138.430,56348,1208553
1506479460,138.430,138.430,138.400,138.430,56348,1208553
1506479520,138.430,138.430,138.400,138.430,56348,1208553
1506479580,138.430,138.430,138.400,138.430,56348,1208553
1506479640,138.430,138.430,138.400,138.430,56348,1208553
1506479700,138.430,138.430,138.400,138.430,56348,1208553
1506479760,138.430,138.430,138.400,138.430,56348,1208553
1506479820,138.430,138.430,138.400,138.430,56348,1208553
1506479880,138.430,138.430,138.400,138.430,56348,1208553
1506479940,138.430,138.430,138.400,138.430,56348,1208553
1506480000,138.430,138.430,138.400,138.430,56348,1208553
1506480060,138.430,138.430,138.400,138.430,56348,1208553
1506480120,138.430,138.430,138.400,138.430,56348,1208553
1506480180,138.430,138.430,138.400,138.430,56348,1208553
1506480240,138.430,138.430,138.400,138.430,56348,1208553
1506480300,138.430,138.430,138.400,138.430,56348,1208553
1506480360,138.430,138.430,138.400,138.430,56348,1208553
1506480420,138.430,138.430,138.400,138.430,56348,1208553
1506480480,138.430,138.430,138.400,138.430,56348,1208553
1506480540,138.430,138.430,138.400,138.430,56348,1208553
1506480600,138.430,138.430,138.400,138.430,56348,1208553
1506480660,138.430,138.430,138.400,138.430,56348,1208553
1506480720,138.430,138.430,138.400,138.430,56348,1208553
1506480780,138.430,138.430,138.400,138.430,56348,1208553
1506480840,138.430,138.430,138.400,138.430,56348,1208553
1506480900,138.430,138.430,138.400,138.430,56348,1208553
1506480960,138.430,138.430,138.400,138.430,56348,1208553
1506481020,138.430,138.430,138.400,138.430,56348,1208553
1506481080,138.430,138.430,138.400,138.430,56348,1208553
1506481140,138.430,138.430,138.400,138.430,56348,1208553
1506481200,138.430,138.430,138.400,138.430,56348,1208553
1506481260,138.430,138.430,138.400,138.430,56348,1208553
1506481320,138.430,138.430,138.400,138.430,56348,1208553
1506481380,138.430,138.430,138.400,138.430,56348,1208553
1506481440,138.430,138.430,138.400,138.430,56348,1208553
1506481500,138.430,138.430,138.400,138.430,56348,1208553
1506481560,138.430,138.430,138.400,138.430,56348,1208553
1506481620,138.430,138.430,138.400,138.430,56348,1208553
1506481680,138.430,138.430,138.400,138.430,56348,1208553
1506481740,138.430,138.430,138.400,138.430,56348,1208553
1506481800,138.430,138.430,138.400,138.430,56348,1208553
1506481860,138.430,138.430,138.400,138.430,56348,1208553
1506481920,138.430,138.430,138.400,138.430,56348,1208553
1506481980,138.430,138.430,138.400,138.430,56348,1208553
1506482040,138.430,138.430,138.400,138.430,56348,1208553
1506482100,138.430,138.430,138.400,138.430,56348,1208553
1506482160,138.430,138.430,138.400,138.430,56348,1208553
1506482220,138.430,138.430,138.400,138.430,56348,1208553
1506482280,138.430,138.430,138.400,138.430,56348,1208553
1506482340,138.430,138.430,138.400,138.430,56348,1208553
1506482400,138.430,138.430,138.400,138.430,56348,1208553
1506482460,138.430,138.430,138.400,138.430,56348,1208553
1506482520,138.430,138.430,138.400,138.430,56348,1208553
1506482580,138.430,138.430,138.400,138.430,56348,1208553
1506482640,138.430,138.430,138.400,138.430,56348,1208553
1506482700,138.430,138.430,138.400,138.430,56348,1208553
1506482760,138.430,138.430,138.400,138.430,56348,1208553
1506482820,138.430,138.430,138.400,138.430,56348,1208553
1506482880,138.430,138.430,138.400,138.430,56348,1208553
1506482940,138.430,138.430,138.400,138.430,56348,1208553
1506483000,138.430,138.430,138.400,138.430,56348,1208553
1506483060,138.430,138.430,138.400,138.430,56348,1208553
1506483120,138.430,138.430,138.400,138.430,56348,1208553
1506483180,138.430,138.430,138.400,138.430,56348,1208553
1506483240,138.430,138.430,138.400,138.430,56348,1208553
1506483300,138.430,138.430,138.400,138.430,56348,1208553
1506483360,138.430,138.430,138.400,138.430,56348,1208553
1506483420,138.430,138.430,138.400,138.430,56348,1208553
1506483480,138.430,138.430,138.400,138.430,56348,1208553
1506483540,138.430,138.430,138.400,138.430,56348,1208553
1506483600,138.430,138.430,138.400,138.430,56348,1208553
1506483660,138.430,138.430,138.400,138.430,56348,1208553
1506483720,138.430,138.430,138.400,138.430,56348,1208553
1506483780,138.430,138.430,138.400,138.430,56348,1208553
1506483840,138.430,138.430,138.400,138.430,56348,1208553
1506483900,138.430,138.430,138.400,138.430,56348,1208553
1506483960,138.430,138.430,138.400,138.430,56348,1208553
1506484020,138.430,138.430,138.400,138.430,56348,1208553
1506484080,138.430,138.430,138.400,138.430,56348,1208553
1506484140,138.430,138.430,138.400,138.430,56348,1208553
1506484200,138.430,138.430,138.400,138.430,56348,1208553
1506484260,138.430,138.430,138.400,138.430,56348,1208553
1506484320,138.430,138.430,138.400,138.430,56348,1208553
1506484380,138.430,138.430,138.400,138.430,56348,1208553
1506484440,138.430,138.430,138.400,138.430,56348,1208553
1506484500,138.430,138.430,138.400,138.430,56348,1208553
1506484560,138.430,138.430,138.400,138.430,56348,1208553
1506484620,138.430,138.430,138.400,138.430,56348,1208553
1506484680,138.430,138.430,138.400,138.430,56348,1208553
1506484740,138.430,138.430,138.400,138.430,56348,1208553
1506484800,138.430,138.430,138.400,138.430,56348,1208553
1506484860,138.430,138.430,138.400,138.430,56348,1208553
1506484920,138.430,138.430,138.400,138.430,56348,1208553
1506484980,138.430,138.430,138.400,138.430,56348,1208553
1506485040,138.430,138.430,138.400,138.430,56348,1208553
1506485100,138.430,138.430,138.400,138.430,56348,1208553
1506485160,138.430,138.430,138.400,138.430,56348,1208553
1506485220,138.430,138.430,138.400,138.430,56348,1208553
1506485280,138.430,138.430,138.400,138.430,56348,1208553
1506485340,138.430,138.430,138.400,138.430,56348,1208553
1506485400,138.430,138.430,138.400,138.430,56348,1208553
1506485460,138.430,138.430,138.400,138.430,56348,1208553
1506485520,138.430,138.430,138.400,138.430,56348,1208553
1506485580,138.430,138.430,138.400,138.430,56348,1208553
1506485640,138.430,138.430,138.400,138.430,56348,1208553
1506485700,138.430,138.430,138.400,138.430,56348,1208553
1506485760,138.430,138.430,138.400,138.430,56348,1208553
1506485820,138.430,138.430,138.400,138.430,56348,1208553
1506485880,138.430,138.430,138.400,138.430,56348,1208553
1506485940,138.430,138.430,138.400,138.430,56348,1208553
1506486000,138.430,138.430,138.400,138.430,56348,1208553
1506486060,138.430,138.430,138.400,138.430,56348,1208553
1506486120,138.430,138.430,138.400,138.430,56348,1208553
1506486180,138.430,138.430,138.400,138.430,56348,1208553
1506486240,138.430,138.430,138.400,138.430,56348,1208553
1506486300,138.430,138.430,138.400,138.430,56348,1208553
1506486360,138.430,138.430,138.400,138.430,56348,1208553
1506486420,138.430,138.430,138.400,138.430,56348,1208553
1506486480,138.430,138.430,138.400,138.430,56348,1208553
1506486540,138.430,138.430,138.400,138.430,56348,1208553
1506486600,138.430,138.430,138.400,138.430,56348,1208553
1506486660,138.430,138.430,138.400,138.430,56348,1208553
1506486720,138.430,138.430,138.400,138.430,56348,1208553
1506486780,138.430,138.430,138.400,138.430,56348,1208553
1506486840,138.430,138.430,138.400,138.430,56348,1208553
1506486900,138.430,138.430,138.400,138.430,56348,1208553
1506486960,138.430,138.430,138.400,138.430,56348,1208553
1506487020,138.430,138.430,138.400,138.430,56348,1208553
1506487080,138.430,138.430,138.400,138.430,56348,1208553
1506487140,138.430,138.430,138.400,138.430,56348,1208553
1506487200,138.430,138.430,138.400,138.430,56348,1208553
1506487260,138.430,138.430,138.400,138.430,56348,1208553
1506487320,138.430,138.430,138.400,138.430,56348,1208553
1506487380,138.430,138.430,138.400,138.430,56348,1208553
1506487440,138.430,138.430,138.400,138.430,56348,1208553
1506487500,138.430,138.430,138.400,138.430,56348,1208553
1506487560,138.430,138.430,138.400,138.430,56348,1208553
1506487620,138.430,138.430,138.400,138.430,56348,1208553
1506487680,138.430,138.430,138.400,138.430,56348,1208553
1506487740,138.430,138.430,138.400,138.430,56348,1208553
1506487800,138.430,138.430,138.400,138.430,56348,1208553
1506487860,138.430,138.430,138.400,138.430,56348,1208553
1506487920,138.430,138.430,138.400,138.430,56348,1208553
1506487980,138.430,138.430,138.400,138.430,56348,1208553
1506488040,138.430,138.430,138.400,138.430,56348,1208553
1506488100,138.430,138.430,138.400,138.430,56348,1208553
1506488160,138.430,138.430,138.400,138.430,56348,1208553
1506488220,138.430,138.430,138.400,138.430,56348,1208553
1506488280,138.430,138.430,138.400,138.430,56348,1208553
1506488340,138.430,138.430,138.400,138.430,56348,1208553
1506488400,138.430,138.430,138.400,138.430,56348,1208553
1506488460,138.430,138.430,138.400,138.430,56348,1208553
1506488520,138.430,138.430,138.400,138.430,56348,1208553
1506488580,138.430,138.430,138.400,138.430,56348,1208553
1506488640,138.430,138.430,138.400,138.430,56348,1208553
1506488700,138.430,138.430,138.400,138.430,56348,1208553
1506488760,138.430,138.430,138.400,138.430,56348,1208553
1506488820,138.430,138.430,138.400,138.430,56348,1208553
1506488880,138.430,138.430,138.400,138.430,56348,1208553
1506488940,138.430,138.430,138.400,138.430,56348,1208553
1506489000,138.430,138.430,138.400,138.430,56348,1208553
1506489060,138.430,138.430,138.400,138.430,56348,1208553
1506489120,138.430,138.430,138.400,138.430,56348,1208553
1506489180,138.430,138.430,138.400,138.430,56348,1208553
1506489240,138.430,138.430,138.400,138.430,56348,1208553
1506489300,138.430,138.430,138.400,138.430,56348,1208553
1506489360,138.430,138.430,138.400,138.430,56348,1208553
1506489420,138.430,138.430,138.400,138.430,56348,1208553
1506489480,138.430,138.430,138.400,138.430,56348,1208553
1506489540,138.430,138.430,138.400,138.430,56348,1208553
1506489600,138.430,138.430,138.400,138.430,56348,1208553
1506489660,138.430,138.430,138.400,138.430,56348,1208553
1506489720,138.430,138.430,138.400,138.430,56348,1208553
1506489780,138.430,138.430,138.400,138.430,56348,1208553
1506489840,138.430,138.430,138.400,138.430,56348,1208553
1506489900,138.430,138.430,138.400,138.430,56348,1208553
1506489960,138.430,138.430,138.400,138.430,56348,1208553
1506490020,138.430,138.430,138.400,138.430,56348,1208553
1506490080,138.430,138.430,138.400,138.430,56348,1208553
1506490140,138.430,138.430,138.400,138.430,56348,1208553
1506490200,138.430,138.430,138.400,138.430,56348,1208553
1506490260,138.430,138.430,138.400,138.430,56348,1208553
1506490320,138.430,138.430,138.400,138.430,56348,1208553
1506490380,138.430,138.430,138.400,138.430,56348,1208553
1506490440,138.430,138.430,138.400,138.430,56348,1208553
1506490500,138.430,138.430,138.400,138.430,56348,1208553
1506490560,138.430,138.430,138.400,138.430,56348,1208553
1506490620,138.430,138.430,138.400,138.430,56348,1208553
1506490680,138.430,138.430,138.400,138.430,56348,1208553
1506490740,138.430,138.430,138.400,138.430,56348,1208553
1506490800,138.430,138.430,138.400,138.430,56348,1208553
1506490860,138.430,138.430,138.400,138.430,56348,1208553
1506490920,138.430,138.430,138.400,138.430,56348,1208553
1506490980,138.430,138.430,138.400,138.430,56348,1208553
1506491040,138.430,138.430,138.400,138.430,56348,1208553
1506491100,138.430,138.430,138.400,138.430,56348,1208553
1506491160,138.430,138.430,138.400,138.430,56348,1208553
1506491220,138.430,138.430,138.400,138.430,56348,1208553
1506491280,138.430,138.430,138.400,138.430,56348,1208553
1506491340,138.430,138.430,138.400,138.430,56348,1208553
1506491400,138.430,138.430,138.400,138.430,56348,1208553
1506491460,138.430,138.430,138.400,138.430,56348,1208553
1506491520,138.430,138.430,138.400,138.430,56348,1208553
1506491580,138.430,138.430,138.400,138.430,56348,1208553
1506491640,138.430,138.430,138.400,138.430,56348,1208553
1506491700,138.430,138.430,138.400,138.430,56348,1208553
1506491760,138.430,138.430,138.400,138.430,56348,1208553
1506491820,138.430,138.430,138.400,138.430,56348,1208553
1506491880,138.430,138.430,138.400,138.430,56348,1208553
1506491940,138.430,138.430,138.400,138.430,56348,1208553
1506492000,138.430,138.430,138.400,138.430,56348,1208553
1506492060,138.430,138.430,138.400,138.430,56348,1208553
1506492120,138.430,138.430,138.400,138.430,56348,1208553
1506492180,138.430,138.430,138.400,138.430,56348,1208553
1506492240,138.430,138.430,138.400,138.430,56348,1208553
1506492300,138.430,138.430,138.400,138.430,56348,1208553
1506492360,138.430,138.430,138.400,138.430,56348,1208553
1506492420,138.430,138.430,138.400,138.430,56348,1208553
1506492480,138.430,138.430,138.400,138.430,56348,1208553
1506492540,138.430,138.430,138.400,138.430,56348,1208553
1506492600,138.430,138.430,138.400,138.430,56348,1208553
1506492660,138.430,138.430,138.400,138.430,56348,1208553
1506492720,138.430,138.430,138.400,138.430,56348,1208553
1506492780,138.430,138.430,138.400,138.430,56348,1208553
1506492840,138.430,138.430,138.400,138.430,56348,1208553
1506492900,138.430,138.430,138.400,138.430,56348,1208553
1506492960,138.430,138.430,138.400,138.430,56348,1208553
1506493020,138.430,138.430,138.400,138.430,56348,1208553
1506493080,138.430,138.430,138.400,138.430,56348,1208553
1506493140,138.430,138.430,138.400,138.430,56348,1208553
1506493200,138.430,138.430,138.400,138.430,56348,1208553
1506493260,138.430,138.430,138.400,138.430,56348,1208553
1506493320,138.430,138.430,138.400,138.430,56348,1208553
1506493380,138.430,138.430,138.400,138.430,56348,1208553
1506493440,138.430,138.430,138.400,138.430,56348,1208553
1506493500,138.430,138.430,138.400,138.430,56348,1208553
1506493560,138.430,138.430,138.400,138.430,56348,1208553
1506493620,138.430,138.430,138.400,138.430,56348,1208553
1506493680,138.430,138.430,138.400,138.430,56348,1208553
1506493740,138.430,138.430,138.400,138.430,56348,1208553
1506493800,138.430,138.430,138.400,138.430,56348,1208553
1506493860,138.430,138.430,138.400,138.430,56348,1208553
1506493920,138.430,138.430,138.400,138.430,56348,1208553
1506493980,138.430,138.430,138.400,138.430,56348,1208553
1506494040,138.430,138.430,138.400,138.430,56348,1208553
1506494100,138.430,138.430,138.400,138.430,56348,1208553
1506494160,138.430,138.430,138.400,138.430,56348,1208553
1506494220,138.430,138.430,138.400,138.430,56348,1208553
1506494280,138.430,138.430,138.400,138.430,56348,1208553
1506494340,138.430,138.430,138.400,138.430,56348,1208553
1506494400,138.430,138.430,138.400,138.430,56348,1208553
1506494460,138.430,138.430,138.400,138.430,56348,1208553
1506494520,138.430,138.430,138.400,138.430,56348,1208553
1506494580,138.430,138.430,138.400,138.430,56348,1208553
1506494640,138.430,138.430,138.400,138.430,56348,1208553
1506494700,138.430,138.430,138.400,138.430,56348,1208553
1506494760,138.430,138.430,138.400,138.430,56348,1208553
1506494820,138.430,138.430,138.400,138.430,56348,1208553
1506494880,138.430,138.430,138.400,138.430,56348,1208553
1506494940,138.430,138.430,138.400,138.430,56348,1208553
1506495000,138.430,138.430,138.400,138.430,56348,1208553
1506495060,138.430,138.430,138.400,138.430,56348,1208553
1506495120,138.430,138.430,138.400,138.430,56348,1208553
1506495180,138.430,138.430,138.400,138.430,56348,1208553
1506495240,138.430,138.430,138.400,138.430,56348,1208553
1506495300,138.430,138.430,138.400,138.430,56348,1208553
1506495360,138.430,138.430,138.400,138.430,56348,1208553
1506495420,138.430,138.430,138.400,138.430,56348,1208553
1506495480,138.430,138.430,138.400,138.430,56348,1208553
1506495540,138.430,138.430,138.400,138.430,56348,1208553
1506495600,138.430,138.430,138.400,138.430,56348,1208553
1506495660,138.430,138.430,138.400,138.430,56348,1208553
1506495720,138.430,138.430,138.400,138.430,56348,1208553
1506495780,138.430,138.430,138.400,138.430,56348,1208553
1506495840,138.430,138.430,138.400,138.430,56348,1208553
1506495900,138.430,138.430,138.400,138.430,56348,1208553
1506495960,138.430,138.430,138.400,138.430,56348,1208553
1506496020,138.430,138.430,138.400,138.430,56348,1208553
1506496080,138.430,138.430,138.400,138.430,56348,1208553
1506496140,138.430,138.430,138.400,138.430,56348,1208553
1506496200,138.430,138.430,138.400,138.430,56348,1208553
1506496260,138.430,138.430,138.400,138.430,56348,1208553
1506496320,138.430,138.430,138.400,138.430,56348,1208553
1506496380,138.430,138.430,138.400,138.430,56348,1208553
1506496440,138.430,138.430,138.400,138.430,56348,1208553
1506496500,138.430,138.430,138.400,138.430,56348,1208553
1506496560,138.430,138.430,138.400,138.430,56348,1208553
1506496620,138.430,138.430,138.400,138.430,56348,1208553
1506496680,138.430,138.430,138.400,138.430,56348,1208553
1506496740,138.430,138.430,138.400,138.430,56348,1208553
1506496800,138.430,138.430,138.400,138.430,56348,1208553
1506496860,138.430,138.430,138.400,138.430,56348,1208553
1506496920,138.430,138.430,138.400,138.430,56348,1208553
1506496980,138.430,138.430,138.400,138.430,56348,1208553
1506497040,138.430,138.430,138.400,138.430,56348,1208553
1506497100,138.430,138.430,138.400,138.430,56348,1208553
1506497160,138.430,138.430,138.400,138.430,56348,1208553
1506497220,138.430,138.430,138.400,138.430,56348,1208553
1506497280,138.430,138.430,138.400,138.430,56348,1208553
1506497340,138.430,138.430,138.400,138.430,56348,1208553
1506497400,138.430,138.430,138.400,138.430,56348,1208553
1506497460,138.430,138.430,138.400,138.430,56348,1208553
1506497520,138.430,138.430,138.400,138.430,56348,1208553
1506497580,138.430,138.430,138.400,138.430,56348,1208553
1506497640,138.430,138.430,138.400,138.430,56348,1208553
1506497700,138.430,138.430,138.400,138.430,56348,1208553
1506497760,138.430,138.430,138.400,138.430,56348,1208553
1506497820,138.430,138.430,138.400,138.430,56348,1208553
1506497880,138.430,138.430,138.400,138.430,56348,1208553
1506497940,138.430,138.430,138.400,138.430,56348,1208553
1506498000,138.430,138.430,138.400,138.430,56348,1208553
1506498060,138.430,138.430,138.400,138.430,56348,1208553
1506498120,138.430,138.430,138.400,138.430,56348,1208553
1506498180,138.430,138.430,138.400,138.430,56348,1208553
1506498240,138.430,138.430,138.400,138.430,56348,1208553
1506498300,138.430,138.430,138.400,138.430,56348,1208553
1506498360,138.430,138.430,138.400,138.430,56348,1208553
1506498420,138.430,138.430,138.400,138.430,56348,1208553
1506498480,138.430,138.430,138.400,138.430,56348,1208553
1506498540,138.430,138.430,138.400,138.430,56348,1208553
1506498600,138.430,138.430,138.400,138.430,56348,1208553
1506498660,138.430,138.430,138.400,138.430,56348,1208553
1506498720,138.430,138.430,138.400,138.430,56348,1208553
1506498780,138.430,138.430,138.400,138.430,56348,1208553
1506498840,138.430,138.430,138.400,138.430,56348,1208553
1506498900,138.430,138.430,138.400,138.430,56348,1208553
1506498960,138.430,138.430,138.400,138.430,56348,1208553
1506499020,138.430,138.430,138.400,138.430,56348,1208553
1506499080,138.430,138.430,138.400,138.430,56348,1208553
1506499140,138.430,138.430,138.400,138.430,56348,1208553
1506499200,138.430,138.430,138.400,138.430,56348,1208553
1506499260,138.430,138.430,138.400,138.430,56348,1208553
1506499320,138.430,138.430,138.400,138.430,56348,1208553
1506499380,138.430,138.430,138.400,138.430,56348,1208553
1506499440,138.430,138.430,138.400,138.430,56348,1208553
1506499500,138.430,138.430,138.400,138.430,56348,1208553
1506499560,138.430,138.430,138.400,138.430,56348,1208553
1506499620,138.430,138.430,138.400,138.430,56348,1208553
1506499680,138.430,138.430,138.400,138.430,56348,1208553
1506499740,138.430,138.430,138.400,138.430,56348,1208553
1506499800,138.430,138.430,138.400,138.430,56348,1208553
1506499860,138.430,138.430,138.400,138.430,56348,1208553
1506499920,138.430,138.430,138.400,138.430,56348,1208553
1506499980,138.430,138.430,138.400,138.430,56348,1208553
1506500040,138.430,138.430,138.400,138.430,56348,1208553
1506500100,138.430,138.430,138.400,138.430,56348,1208553
1506500160,138.430,138.430,138.400,138.430,56348,1208553
1506500220,138.430,138.430,138.400,138.430,56348,1208553
1506500280,138.430,138.430,138.400,138.430,56348,1208553
1506500340,138.430,138.430,138.400,138.430,56348,1208553
1506500400,138.430,138.430,138.400,138.430,56348,1208553
1506500460,138.430,138.430,138.400,138.430,56348,1208553
1506500520,138.430,138.430,138.400,138.430,56348,1208553
1506500580,138.430,138.430,138.400,138.430,56348,1208553
1506500640,138.430,138.430,138.400,138.430,56348,1208553
1506500700,138.430,138.430,138.400,138.430,56348,1208553
1506500760,138.430,138.430,138.400,138.430,56348,1208553
1506500820,138.430,138.430,138.400,138.430,56348,1208553
1506500880,138.430,138.430,138.400,138.430,56348,1208553
1506500940,138.430,138.430,138.400,138.430,56348,1208553
1506501000,138.430,138.430,138.400,138.430,56348,1208553
1506501060,138.430,138.430,138.400,138.430,56348,1208553
1506501120,138.430,138.430,138.400,138.430,56348,1208553
1506501180,138.430,138.430,138.400,138.430,56348,1208553
1506501240,138.430,138.430,138.400,138.430,56348,1208553
1506501300,138.430,138.430,138.400,138.430,56348,1208553
1506501360,138.430,138.430,138.400,138.430,56348,1208553
1506501420,138.430,138.430,138.400,138.430,56348,1208553
1506501480,138.430,138.430,138.400,138.430,56348,1208553
1506501540,138.430,138.430,138.400,138.430,56348,1208553
1506501600,138.430,138.430,138.400,138.430,56348,1208553
1506501660,138.430,138.430,138.400,138.430,56348,1208553
1506501720,138.430,138.430,138.400,138.430,56348,1208553
1506501780,138.430,138.430,138.400,138.430,56348,1208553
1506501840,138.430,138.430,138.400,138.430,56348,1208553
1506501900,138.430,138.430,138.400,138.430,56348,1208553
1506501960,138.430,138.430,138.400,138.430,56348,1208553
1506502020,138.430,138.430,138.400,138.430,56348,1208553
1506502080,138.430,138.430,138.400,138.430,56348,1208553
1506502140,138.430,138.430,138.400,138.430,56348,1208553
1506502200,138.430,138.430,138.400,138.430,56348,1208553
1506502260,138.430,138.430,138.400,138.430,56348,1208553
1506502320,138.430,138.430,138.400,138.430,56348,1208553
1506502380,138.430,138.430,138.400,138.430,56348,1208553
1506502440,138.430,138.430,138.400,138.430,56348,1208553
1506502500,138.430,138.430,138.400,138.430,56348,1208553
1506502560,138.430,138.430,138.400,138.430,56348,1208553
1506502620,138.430,138.430,138.400,138.430,56348,1208553
1506502680,138.430,138.430,138.400,138.430,56348,1208553
1506502740,138.430,138.430,138.400,138.430,56348,1208553
1506502800,138.430,138.430,138.400,138.430,56348,1208553
1506502860,138.430,138.430,138.400,138.430,56348,1208553
1506502920,138.430,138.430,138.400,138.430,56348,1208553
1506502980,138.430,138.430,138.400,138.430,56348,1208553
1506503040,138.430,138.430,138.400,138.430,56348,1208553
1506503100,138.430,138.430,138.400,138.430,56348,1208553
1506503160,138.430,138.430,138.400,138.430,56348,1208553
1506503220,138.430,138.430,138.400,138.430,56348,1208553
1506503280,138.430,138.430,138.400,138.430,56348,1208553
1506503340,138.430,138.430,138.400,138.430,56348,1208553
1506503400,138.430,138.430,138.400,138.430,56348,1208553
1506503460,138.430,138.430,138.400,138.430,56348,1208553
1506503520,138.430,138.430,138.400,138.430,56348,1208553
1506503580,138.430,138.430,138.400,138.430,56348,1208553
1506503640,138.430,138.430,138.400,138.430,56348,1208553
1506503700,138.430,138.430,138.400,138.430,56348,1208553
1506503760,138.430,138.430,138.400,138.430,56348,1208553
1506503820,138.430,138.430,138.400,138.430,56348,1208553
1506503880,138.430,138.430,138.400,138.430,56348,1208553
1506503940,138.430,138.430,138.400,138.430,56348,1208553
1506504000,138.430,138.430,138.400,138.430,56348,1208553
1506504060,138.430,138.430,138.400,138.430,56348,1208553
1506504120,138.430,138.430,138.400,138.430,56348,1208553
1506504180,138.430,138.430,138.400,138.430,56348,1208553
1506504240,138.430,138.430,138.400,138.430,56348,1208553
1506504300,138.430,138.430,138.400,138.430,56348,1208553
1506504360,138.430,138.430,138.400,138.430,56348,1208553
1506504420,138.430,138.430,138.400,138.430,56348,1208553
1506504480,138.430,138.430,138.400,138.430,56348,1208553
1506504540,138.430,138.430,138.400,138.430,56348,1208553
1506504600,138.430,138.430,138.400,138.430,56348,1208553
1506504660,138.430,138.430,138.400,138.430,56348,1208553
1506504720,138.430,138.430,138.400,138.430,56348,1208553
1506504780,138.430,138.430,138.400,138.430,56348,1208553
1506504840,138.430,138.430,138.400,138.430,56348,1208553
1506504900,138.430,138.430,138.400,138.430,56348,1208553
1506504960,138.430,138.430,138.400,138.430,56348,1208553
1506505020,138.430,138.430,138.400,138.430,56348,1208553
1506505080,138.430,138.430,138.400,138.430,56348,1208553
1506505140,138.430,138.430,138.400,138.430,56348,1208553
1506505200,138.430,138.430,138.400,138.430,56348,1208553
1506505260,138.430,138.430,138.400,138.430,56348,1208553
1506505320,138.430,138.430,138.400,138.430,56348,1208553
1506505380,138.430,138.430,138.400,138.430,56348,1208553
1506505440,138.430,138.430,138.400,138.430,56348,1208553
1506505500,138.430,138.430,138.400,138.430,56348,1208553
1506505560,138.430,138.430,138.400,138.430,56348,1208553
1506505620,138.430,138.430,138.400,138.430,56348,1208553
1506505680,138.430,138.430,138.400,138.430,56348,1208553
1506505740,138.430,138.430,138.400,138.430,56348,1208553
1506505800,138.430,138.430,138.400,138.430,56348,1208553
1506505860,138.430,138.430,138.400,138.430,56348,1208553
1506505920,138.430,138.430,138.400,138.430,56348,1208553
1506505980,138.430,138.430,138.400,138.430,56348,1208553
1506506040,138.430,138.430,138.400,138.430,56348,1208553
1506506100,138.430,138.430,138.400,138.430,56348,1208553
1506506160,138.430,138.430,138.400,138.430,56348,1208553
1506506220,138.430,138.430,138.400,138.430,56348,1208553
1506506280,138.430,138.430,138.400,138.430,56348,1208553
1506506340,138.430,138.430,138.400,138.430,56348,1208553
1506506400,138.430,138.430,138.400,138.430,56348,1208553
1506506460,138.430,138.430,138.400,138.430,56348,1208553
1506506520,138.430,138.430,138.400,138.430,56348,1208553
1506506580,138.430,138.430,138.400,138.430,56348,1208553
1506506640,138.430,138.430,138.400,138.430,56348,1208553
1506506700,138.430,138.430,138.400,138.430,56348,1208553
1506506760,138.430,138.430,138.400,138.430,56348,1208553
1506506820,138.430,138.430,138.400,138.430,56348,1208553
1506506880,138.430,138.430,138.400,138.430,56348,1208553
1506506940,138.430,138.430,138.400,138.430,56348,1208553
1506507000,138.430,138.430,138.400,138.430,56348,1208553
1506507060,138.430,138.430,138.400,138.430,56348,1208553
1506507120,138.430,138.430,138.400,138.430,56348,1208553
1506507180,138.430,138.430,138.400,138.430,56348,1208553
1506507240,138.430,138.430,138.400,138.430,56348,1208553
1506507300,138.430,138.430,138.400,138.430,56348,1208553
1506507360,138.430,138.430,138.400,138.430,56348,1208553
1506507420,138.430,138.430,138.400,138.430,56348,1208553
1506507480,138.430,138.430,138.400,138.430,56348,1208553
1506507540,138.430,138.430,138.400,138.430,56348,1208553
1506507600,138.430,138.430,138.400,138.430,56348,1208553
1506507660,138.430,138.430,138.400,138.430,56348,1208553
1506507720,138.430,138.430,138.400,138.430,56348,1208553
1506507780,138.430,138.430,138.400,138.430,56348,1208553
1506507840,138.430,138.430,138.400,138.430,56348,1208553
1506507900,138.430,138.430,138.400,138.430,56348,1208553
1506507960,138.430,138.430,138.400,138.430,56348,1208553
1506508020,138.430,138.430,138.400,138.430,56348,1208553
1506508080,138.430,138.430,138.400,138.430,56348,1208553
1506508140,138.430,138.430,138.400,138.430,56348,1208553
1506508200,138.430,138.430,138.400,138.430,56348,1208553
1506508260,138.430,138.430,138.400,138.430,56348,1208553
1506508320,138.430,138.430,138.400,138.430,56348,1208553
1506508380,138.430,138.430,138.400,138.430,56348,1208553
1506508440,138.430,138.430,138.400,138.430,56348,1208553
1506508500,138.430,138.430,138.400,138.430,56348,1208553
1506508560,138.430,138.430,138.400,138.430,56348,1208553
1506508620,138.430,138.430,138.400,138.430,56348,1208553
1506508680,138.430,138.430,138.400,138.430,56348,1208553
1506508740,138.430,138.430,138.400,138.430,56348,1208553
1506508800,138.430,138.430,138.400,138.430,56348,1208553
1506508860,138.430,138.430,138.400,138.430,56348,1208553
1506508920,138.430,138.430,138.400,138.430,56348,1208553
1506508980,138.430,138.430,138.400,138.430,56348,1208553
1506509040,138.430,138.430,138.400,138.430,56348,1208553
1506509100,138.430,138.430,138.400,138.430,56348,1208553
1506509160,138.430,138.430,138.400,138.430,56348,1208553
1506509220,138.430,138.430,138.400,138.430,56348,1208553
1506509280,138.430,138.430,138.400,138.430,56348,1208553
1506509340,138.430,138.430,138.400,138.430,56348,1208553
1506509400,138.430,138.430,138.400,138.430,56348,1208553
1506509460,138.430,138.430,138.400,138.430,56348,1208553
1506509520,138.430,138.430,138.400,138.430,56348,1208553
1506509580,138.430,138.430,138.400,138.430,56348,1208553
1506509640,138.430,138.430,138.400,138.430,56348,1208553
1506509700,138.430,138.430,138.400,138.430,56348,1208553
1506509760,138.430,138.430,138.400,138.430,56348,1208553
1506509820,138.430,138.430,138.400,138.430,56348,1208553
1506509880,138.430,138.430,138.400,138.430,56348,1208553
1506509940,138.430,138.430,138.400,138.430,56348,1208553
1506510000,138.430,138.430,138.400,138.430,56348,1208553
1506510060,138.430,138.430,138.400,138.430,56348,1208553
1506510120,138.430,138.430,138.400,138.430,56348,1208553
1506510180,138.430,138.430,138.400,138.430,56348,1208553
1506510240,138.430,138.430,138.400,138.430,56348,1208553
1506510300,138.430,138.430,138.400,138.430,56348,1208553
1506510360,138.430,138.430,138.400,138.430,56348,1208553
1506510420,138.430,138.430,138.400,138.430,56348,1208553
1506510480,138.430,138.430,138.400,138.430,56348,1208553
1506510540,138.430,138.430,138.400,138.430,56348,1208553
1506510600,138.430,138.430,138.400,138.430,56348,1208553
1506510660,138.430,138.430,138.400,138.430,56348,1208553
1506510720,138.430,138.430,138.400,138.430,56348,1208553
1506510780,138.430,138.430,138.400,138.430,56348,1208553
1506510840,138.430,138.430,138.400,138.430,56348,1208553
1506510900,138.430,138.430,138.400,138.430,56348,1208553
1506510960,138.430,138.430,138.400,138.430,56348,1208553
1506511020,138.430,138.430,138.400,138.430,56348,1208553
1506511080,138.430,138.430,138.400,138.430,56348,1208553
1506511140,138.430,138.430,138.400,138.430,56348,1208553
1506511200,138.430,138.430,138.400,138.430,56348,1208553
1506511260,138.430,138.430,138.400,138.430,56348,1208553
1506511320,138.430,138.430,138.400,138.430,56348,1208553
1506511380,138.430,138.430,138.400,138.430,56348,1208553
1506511440,138.430,138.430,138.400,138.430,56348,1208553
1506511500,138.430,138.430,138.400,138.430,56348,1208553
1506511560,138.430,138.430,138.400,138.430,56348,1208553
1506511620,138.430,138.430,138.400,138.430,56348,1208553
1506511680,138.430,138.430,138.400,138.430,56348,1208553
1506511740,138.430,138.430,138.400,138.430,56348,1208553
1506511800,138.430,138.430,138.400,138.430,56348,1208553
1506511860,138.430,138.430,138.400,138.430,56348,1208553
1506511920,138.430,138.430,138.400,138.430,56348,1208553
1506511980,138.430,138.430,138.400,138.430,56348,1208553
1506512040,138.430,138.430,138.400,138.430,56348,1208553
1506512100,138.430,138.430,138.400,138.430,56348,1208553
1506512160,138.430,138.430,138.400,138.430,56348,1208553
1506512220,138.430,138.430,138.400,138.430,56348,1208553
1506512280,138.430,138.430,138.400,138.430,56348,1208553
1506512340,138.430,138.430,138.400,138.430,56348,1208553
1506512400,138.430,138.430,138.400,138.430,56348,1208553
1506512460,138.430,138.430,138.400,138.430,56348,1208553
1506512520,138.430,138.430,138.400,138.430,56348,1208553
1506512580,138.430,138.430,138.400,138.430,56348,1208553
1506512640,138.430,138.430,138.400,138.430,56348,1208553
1506512700,138.430,138.430,138.400,138.430,56348,1208553
1506512760,138.430,138.430,138.400,138.430,56348,1208553
1506512820,138.430,138.430,138.400,138.430,56348,1208553
1506512880,138.430,138.430,138.400,138.430,56348,1208553
1506512940,138.430,138.430,138.400,138.430,56348,1208553
1506513000,138.430,138.430,138.400,138.430,56348,1208553
1506513060,138.430,138.430,138.400,138.430,56348,1208553
1506513120,138.430,138.430,138.400,138.430,56348,1208553
1506513180,138.430,138.430,138.400,138.430,56348,1208553
1506513240,138.430,138.430,138.400,138.430,56348,1208553
1506513300,138.430,138.430,138.400,138.430,56348,1208553
1506513360,138.430,138.430,138.400,138.430,56348,1208553
1506513420,138.430,138.430,138.400,138.430,56348,1208553
1506513480,138.430,138.430,138.400,138.430,56348,1208553
1506513540,138.430,138.430,138.400,138.430,56348,1208553
1506513600,138.430,138.430,138.400,138.430,56348,1208553
1506513660,138.430,138.430,138.400,138.430,56348,1208553
1506513720,138.430,138.430,138.400,138.430,56348,1208553
1506513780,138.430,138.430,138.400,138.430,56348,1208553
1506513840,138.430,138.430,138.400,138.430,56348,1208553
1506513900,138.430,138.430,138.400,138.430,56348,1208553
1506513960,138.430,138.430,138.400,138.430,56348,1208553
1506514020,138.430,138.430,138.400,138.430,56348,1208553
1506514080,138.430,138.430,138.400,138.430,56348,1208553
1506514140,138.430,138.430,138.400,138.430,56348,1208553
1506514200,138.430,138.430,138.400,138.430,56348,1208553
1506514260,138.430,138.430,138.400,138.430,56348,1208553
1506514320,138.430,138.430,138.400,138.430,56348,1208553
1506514380,138.430,138.430,138.400,138.430,56348,1208553
1506514440,138.430,138.430,138.400,138.430,56348,1208553
1506514500,138.430,138.430,138.400,138.430,56348,1208553
1506514560,138.430,138.430,138.400,138.430,56348,1208553
1506514620,138.430,138.430,138.400,138.430,56348,1208553
1506514680,138.430,138.430,138.400,138.430,56348,1208553
1506514740,138.430,138.430,138.400,138.430,56348,1208553
1506514800,138.430,138.430,138.400,138.430,56348,1208553
1506514860,138.430,138.430,138.400,138.430,56348,1208553
1506514920,138.430,138.430,138.400,138.430,56348,1208553
1506514980,138.430,138.430,138.400,138.430,56348,1208553
1506515040,138.430,138.430,138.400,138.430,56348,1208553
1506515100,138.430,138.430,138.400,138.430,56348,1208553
1506515160,138.430,138.430,138.400,138.430,56348,1208553
1506515220,138.430,138.430,138.400,138.430,56348,1208553
1506515280,138.430,138.430,138.400,138.430,56348,1208553
1506515340,138.430,138.430,138.400,138.430,56348,1208553
1506515400,138.430,138.430,138.400,138.430,56348,1208553
1506515460,138.430,138.430,138.400,138.430,56348,1208553
1506515520,138.430,138.430,138.400,138.430,56348,1208553
1506515580,138.430,138.430,138.400,138.430,56348,1208553
1506515640,138.430,138.430,138.400,138.430,56348,1208553
1506515700,138.430,138.430,138.400,138.430,56348,1208553
1506515760,138.430,138.430,138.400,138.430,56348,1208553
1506515820,138.430,138.430,138.400,138.430,56348,1208553
1506515880,138.430,138.430,138.400,138.430,56348,1208553
1506515940,138.430,138.430,138.400,138.430,56348,1208553
1506516000,138.430,138.430,138.400,138.430,56348,1208553
1506516060,138.430,138.430,138.400,138.430,56348,1208553
1506516120,138.430,138.430,138.400,138.430,56348,1208553
1506516180,138.430,138.430,138.400,138.430,56348,1208553
1506516240,138.430,138.430,138.400,138.430,56348,1208553
1506516300,138.430,138.430,138.400,138.430,56348,1208553
1506516360,138.430,138.430,138.400,138.430,56348,1208553
1506516420,138.430,138.430,138.400,138.430,56348,1208553
1506516480,138.430,138.430,138.400,138.430,56348,1208553
1506516540,138.430,138.430,138.400,138.430,56348,1208553
1506516600,138.430,138.430,138.400,138.430,56348,1208553
1506516660,138.430,138.430,138.400,138.430,56348,1208553
1506516720,138.430,138.430,138.400,138.430,56348,1208553
1506516780,138.430,138.430,138.400,138.430,56348,1208553
1506516840,138.430,138.430,138.400,138.430,56348,1208553
1506516900,138.430,138.430,138.400,138.430,56348,1208553
1506516960,138.430,138.430,138.400,138.430,56348,1208553
1506517020,138.430,138.430,138.400,138.430,56348,1208553
1506517080,138.430,138.430,138.400,138.430,56348,1208553
1506517140,138.430,138.430,138.400,138.430,56348,1208553
1506517200,138.430,138.430,138.400,138.430,56348,1208553
1506517260,138.430,138.430,138.400,138.430,56348,1208553
1506517320,138.430,138.430,138.400,138.430,56348,1208553
1506517380,138.430,138.430,138.400,138.430,56348,1208553
1506517440,138.430,138.430,138.400,138.430,56348,1208553
1506517500,138.430,138.430,138.400,138.430,56348,1208553
1506517560,138.430,138.430,138.400,138.430,56348,1208553
1506517620,138.430,138.430,138.400,138.430,56348,1208553
1506517680,138.430,138.430,138.400,138.430,56348,1208553
1506517740,138.430,138.430,138.400,138.430,56348,1208553
1506517800,138.430,138.430,138.400,138.430,56348,1208553
1506517860,138.430,138.430,138.400,138.430,56348,1208553
1506517920,138.430,138.430,138.400,138.430,56348,1208553
1506517980,138.430,138.430,138.400,138.430,56348,1208553
1506518040,138.430,138.430,138.400,138.430,56348,1208553
1506518100,138.430,138.430,138.400,138.430,56348,1208553
1506518160,138.430,138.430,138.400,138.430,56348,1208553
1506518220,138.430,138.430,138.400,138.430,56348,1208553
1506518280,138.430,138.430,138.400,138.430,56348,1208553
1506518340,138.430,138.430,138.400,138.430,56348,1208553
1506518400,138.430,138.430,138.400,138.430,56348,1208553
1506518460,138.430,138.430,138.400,138.430,56348,1208553
1506518520,138.430,138.430,138.400,138.430,56348,1208553
1506518580,138.430,138.430,138.400,138.430,56348,1208553
1506518640,138.430,138.430,138.400,138.430,56348,1208553
1506518700,138.430,138.430,138.400,138.430,56348,1208553
1506518760,138.430,138.430,138.400,138.430,56348,1208553
1506518820,138.430,138.430,138.400,138.430,56348,1208553
1506518880,138.430,138.430,138.400,138.430,56348,1208553
1506518940,138.430,138.430,138.400,138.430,56348,1208553
1506519000,139.210,139.210,139.210,139.210,10455,0
1506519060,139.210,139.210,139.210,139.210,10453,0
1506519120,139.310,139.630,139.310,139.630,10453,0
1506519180,139.770,139.800,139.770,139.880,10453,0
1506519240,139.690,139.700,139.690,139.700,10453,0
1506519300,139.580,139.500,139.500,139.580,3639,52267
1506519360,139.480,139.300,139.300,139.480,3638,52267
1506519420,139.300,139.400,139.300,139.400,3638,52267
1506519480,139.590,139.610,139.590,139.610,3638,52267
1506519540,139.560,139.390,139.320,139.560,3638,52267
1506519600,139.400,139.400,139.400,139.400,4480,70458
1506519660,139.370,139.400,139.370,139.400,4478,70458
1506519720,139.400,139.310,139.310,139.400,4478,70458
1506519780,139.220,139.070,139.070,139.220,4478,70458
1506519840,139.140,139.160,139.130,139.170,4478,70458
1506519900,139.220,139.220,139.220,139.230,6650,92850
1506519960,139.250,138.920,138.920,139.250,6646,92850
1506520020,138.920,138.850,138.850,138.930,6646,92850
1506520080,138.810,138.680,138.680,138.820,6646,92850
1506520140,138.650,138.750,138.610,138.750,6646,92850
1506520200,138.710,138.740,138.700,138.740,2932,126084
1506520260,138.670,138.610,138.610,138.670,2930,126084
1506520320,138.670,138.610,138.610,138.670,2930,126084
1506520380,138.500,138.600,138.500,138.600,2930,126084
1506520440,138.540,138.590,138.540,138.650,2930,126084
1506520500,138.570,138.500,138.500,138.570,3619,140736
1506520560,138.540,138.560,138.540,138.560,3615,140736
1506520620,138.520,138.520,138.520,138.520,3615,140736
1506520680,138.510,138.480,138.480,138.510,3615,140736
1506520740,138.500,138.300,138.300,138.500,3615,140736
1506520800,138.310,138.290,138.230,138.310,3746,158815
1506520860,138.300,138.240,138.240,138.300,3744,158815
1506520920,138.200,138.180,138.150,138.250,3744,158815
1506520980,138.280,138.350,138.280,138.350,3744,158815
1506521040,138.350,138.320,138.290,138.350,3744,158815
1506521100,138.320,138.350,138.320,138.400,3388,177537
1506521160,138.410,138.410,138.380,138.410,3387,177537
1506521220,138.380,138.380,138.380,138.380,3387,177537
1506521280,138.380,138.370,138.370,138.380,3387,177537
1506521340,138.370,138.360,138.350,138.430,3387,177537
1506521400,138.320,138.300,138.300,138.320,3158,194473
1506521460,138.280,138.310,138.250,138.310,3155,194473
1506521520,138.330,138.300,138.260,138.330,3155,194473
1506521580,138.280,138.200,138.170,138.280,3155,194473
1506521640,138.220,138.310,138.220,138.310,3155,194473
1506521700,138.290,138.290,138.290,138.290,2577,210251
1506521760,138.280,138.210,138.190,138.280,2575,210251
1506521820,138.240,138.250,138.220,138.250,2575,210251
1506521880,138.230,138.220,138.220,138.230,2575,210251
1506521940,138.150,138.350,138.150,138.350,2575,210251
1506522000,138.330,138.330,138.330,138.330,2111,223128
1506522060,138.270,138.320,138.270,138.320,2108,223128
1506522120,138.330,138.370,138.330,138.370,2108,223128
1506522180,138.390,138.450,138.390,138.450,2108,223128
1506522240,138.450,138.450,138.450,138.450,2108,223128
1506522300,138.450,138.450,138.450,138.470,3237,233671
1506522360,138.420,138.350,138.290,138.420,3233,233671
1506522420,138.350,138.300,138.250,138.350,3233,233671
1506522480,138.290,138.320,138.290,138.320,3233,233671
1506522540,138.270,138.160,138.160,138.270,3233,233671
1506522600,138.170,138.180,138.170,138.200,2484,249840
1506522660,138.200,138.210,138.190,138.210,2484,249840
1506522720,138.200,138.110,138.110,138.200,2484,249840
1506522780,138.060,138.060,138.060,138.060,2484,249840
1506522840,138.030,138.030,138.030,138.030,2484,249840
1506522900,138.050,138.030,138.010,138.050,3481,262260
1506522960,137.990,138.020,137.990,138.020,3477,262260
1506523020,138.010,137.960,137.920,138.010,3477,262260
1506523080,137.990,137.980,137.980,137.990,3477,262260
1506523140,138.030,138.030,138.030,138.030,3477,262260
1506523200,137.990,137.850,137.850,137.990,4084,279649
1506523260,137.910,137.910,137.910,137.910,4084,279649
1506523320,137.870,137.790,137.790,137.870,4084,279649
1506523380,137.800,137.850,137.800,137.850,4084,279649
1506523440,137.760,137.810,137.710,137.810,4084,279649
1506523500,137.830,137.830,137.830,137.830,2810,300069
1506523560,137.810,137.840,137.780,137.840,2808,300069
1506523620,137.860,137.890,137.860,137.890,2808,300069
1506523680,137.920,137.950,137.920,137.950,2808,300069
1506523740,137.940,137.820,137.820,137.940,2808,300069
1506523800,137.820,137.780,137.780,137.820,3776,314111
1506523860,137.800,137.770,137.770,137.800,3772,314111
1506523920,137.670,137.670,137.670,137.730,3772,314111
1506523980,137.610,137.680,137.610,137.680,3772,314111
1506524040,137.660,137.790,137.660,137.790,3772,314111
1506524100,137.790,137.790,137.790,137.850,3324,332975
1506524160,137.830,137.840,137.830,137.840,3321,332975
1506524220,137.930,137.940,137.930,137.940,3321,332975
1506524280,137.930,137.900,137.870,137.930,3321,332975
1506524340,137.860,137.890,137.860,137.890,3321,332975
1506524400,137.820,137.860,137.820,137.860,3379,349583
1506524460,137.830,137.790,137.790,137.830,3375,349583
1506524520,137.690,137.690,137.690,137.690,3375,349583
1506524580,137.690,137.630,137.630,137.710,3375,349583
1506524640,137.560,137.690,137.540,137.690,3375,349583
1506524700,137.730,137.670,137.670,137.730,2500,366462
1506524760,137.700,137.700,137.700,137.700,2500,366462
1506524820,137.660,137.660,137.660,137.660,2500,366462
1506524880,137.650,137.650,137.650,137.650,2500,366462
1506524940,137.770,137.770,137.770,137.770,2500,366462
1506525000,137.770,137.800,137.760,137.800,4600,378962
1506525060,137.820,137.890,137.820,137.910,4600,378962
1506525120,137.910,137.930,137.900,137.930,4600,378962
1506525180,137.930,137.910,137.910,137.930,4600,378962
1506525240,137.930,137.940,137.920,137.940,4600,378962
1506525300,137.940,137.920,137.920,137.940,3922,401962
1506525360,137.950,137.930,137.930,137.950,3921,401962
1506525420,137.890,137.780,137.780,137.890,3921,401962
1506525480,137.740,137.790,137.730,137.790,3921,401962
1506525540,137.780,137.750,137.750,137.810,3921,401962
1506525600,137.660,137.700,137.660,137.700,4686,421568
1506525660,137.700,137.680,137.680,137.710,4683,421568
1506525720,137.640,137.590,137.590,137.640,4683,421568
1506525780,137.550,137.460,137.450,137.550,4683,421568
1506525840,137.450,137.490,137.450,137.490,4683,421568
1506525900,137.520,137.650,137.520,137.650,4472,444986
1506525960,137.580,137.530,137.530,137.580,4469,444986
1506526020,137.590,137.570,137.570,137.590,4469,444986
1506526080,137.550,137.560,137.510,137.570,4469,444986
1506526140,137.510,137.460,137.320,137.510,4469,444986
1506526200,137.520,137.520,137.520,137.520,542,467334
1506526260,137.650,137.650,137.650,137.650,538,467334
1506526320,137.670,137.630,137.630,137.670,538,467334
1506526380,137.660,137.700,137.660,137.700,538,467334
1506526440,137.660,137.700,137.660,137.700,538,467334
1506526500,137.830,137.850,137.830,137.850,1683,470028
1506526560,137.910,137.960,137.910,138.000,1681,470028
1506526620,137.890,137.890,137.890,137.890,1681,470028
1506526680,137.880,137.880,137.880,137.880,1681,470028
1506526740,137.970,137.970,137.970,137.970,1681,470028
1506526800,137.980,138.100,137.980,138.100,1914,478435
1506526860,138.080,138.090,138.080,138.090,1911,478435
1506526920,138.100,138.090,138.070,138.100,1911,478435
1506526980,138.090,138.210,138.090,138.210,1911,478435
1506527040,138.150,138.180,138.150,138.180,1911,478435
1506527100,138.150,138.180,138.150,138.180,1033,487993
1506527160,138.150,138.180,138.150,138.180,1029,487993
1506527220,138.120,138.040,138.020,138.120,1029,487993
1506527280,138.110,138.100,138.100,138.110,1029,487993
1506527340,138.110,138.100,138.100,138.110,1029,487993
1506527400,138.140,138.140,138.140,138.140,1736,493142
1506527460,138.150,138.150,138.150,138.150,1733,493142
1506527520,138.140,138.210,138.140,138.210,1733,493142
1506527580,138.180,138.180,138.180,138.180,1733,493142
1506527640,138.180,138.180,138.180,138.180,1733,493142
1506527700,138.180,138.230,138.180,138.230,570,501810
1506527760,138.220,138.180,138.180,138.220,570,501810
1506527820,138.220,138.180,138.180,138.220,570,501810
1506527880,138.220,138.180,138.180,138.220,570,501810
1506527940,138.220,138.180,138.180,138.220,570,501810
1506528000,138.210,138.180,138.180,138.210,1833,504660
1506528060,138.230,138.210,138.210,138.230,1832,504660
1506528120,138.170,138.200,138.130,138.200,1832,504660
1506528180,138.210,138.210,138.210,138.210,1832,504660
1506528240,138.210,138.210,138.210,138.210,1832,504660
1506528300,138.080,137.910,137.910,138.080,932,513821
1506528360,138.080,137.910,137.910,138.080,929,513821
1506528420,137.920,137.920,137.920,137.920,929,513821
1506528480,137.910,137.910,137.910,137.910,929,513821
1506528540,137.920,137.980,137.920,137.980,929,513821
1506528600,137.920,137.980,137.920,137.980,685,518469
1506528660,137.990,137.840,137.840,137.990,683,518469
1506528720,137.990,137.840,137.840,137.990,683,518469
1506528780,137.840,137.840,137.840,137.840,683,518469
1506528840,137.810,137.810,137.810,137.810,683,518469
1506528900,137.790,137.790,137.790,137.790,1015,521886
1506528960,137.790,137.790,137.790,137.790,1015,521886
1506529020,137.810,137.810,137.810,137.810,1015,521886
1506529080,137.840,137.840,137.840,137.840,1015,521886
1506529140,137.800,137.800,137.800,137.800,1015,521886
1506529200,137.830,137.830,137.830,137.830,895,526961
1506529260,137.830,137.750,137.750,137.830,893,526961
1506529320,137.730,137.730,137.730,137.730,893,526961
1506529380,137.730,137.730,137.730,137.730,893,526961
1506529440,137.690,137.710,137.680,137.710,893,526961
1506529500,137.690,137.780,137.690,137.820,921,531428
1506529560,137.820,137.820,137.820,137.820,917,531428
1506529620,137.790,137.790,137.790,137.790,917,531428
1506529680,137.840,137.840,137.840,137.840,917,531428
1506529740,137.870,137.870,137.870,137.870,917,531428
1506529800,137.840,137.910,137.840,137.910,1140,536017
1506529860,137.860,137.860,137.860,137.860,1139,536017
1506529920,137.700,137.700,137.700,137.700,1139,536017
1506529980,137.700,137.700,137.700,137.700,1139,536017
1506530040,137.700,137.700,137.700,137.700,1139,536017
1506530100,137.600,137.600,137.600,137.600,1209,541713
1506530160,137.570,137.720,137.570,137.720,1209,541713
1506530220,137.630,137.650,137.630,137.650,1209,541713
1506530280,137.600,137.600,137.600,137.600,1209,541713
1506530340,137.630,137.630,137.630,137.630,1209,541713
1506530400,137.630,137.750,137.630,137.750,763,547758
1506530460,137.790,137.790,137.790,137.790,761,547758
1506530520,137.730,137.770,137.730,137.770,761,547758
1506530580,137.790,137.910,137.790,137.910,761,547758
1506530640,137.790,137.910,137.790,137.910,761,547758
1506530700,137.950,137.930,137.930,137.950,1557,551565
1506530760,137.950,137.930,137.930,137.950,1553,551565
1506530820,137.960,137.960,137.960,137.960,1553,551565
1506530880,137.930,137.930,137.930,137.930,1553,551565
1506530940,137.940,137.990,137.940,137.990,1553,551565
1506531000,137.940,137.990,137.940,137.990,528,559334
1506531060,137.940,137.990,137.940,137.990,527,559334
1506531120,138.070,138.090,138.070,138.090,527,559334
1506531180,138.090,138.090,138.090,138.090,527,559334
1506531240,138.110,138.140,138.110,138.140,527,559334
1506531300,138.090,138.120,138.090,138.120,2210,561970
1506531360,138.090,138.120,138.090,138.120,2208,561970
1506531420,138.210,138.210,138.210,138.210,2208,561970
1506531480,138.260,138.260,138.260,138.280,2208,561970
1506531540,138.260,138.260,138.260,138.280,2208,561970
1506531600,138.270,138.270,138.270,138.270,1777,573012
1506531660,138.240,138.330,138.240,138.330,1773,573012
1506531720,138.330,138.330,138.330,138.330,1773,573012
1506531780,138.290,138.290,138.290,138.290,1773,573012
1506531840,138.340,138.340,138.340,138.340,1773,573012
1506531900,138.370,138.370,138.370,138.370,1295,581881
1506531960,138.380,138.380,138.380,138.380,1292,581881
1506532020,138.420,138.390,138.390,138.420,1292,581881
1506532080,138.370,138.340,138.340,138.370,1292,581881
1506532140,138.370,138.340,138.340,138.370,1292,581881
1506532200,138.360,138.300,138.300,138.360,1494,588344
1506532260,138.250,138.210,138.210,138.250,1490,588344
1506532320,138.240,138.260,138.240,138.260,1490,588344
1506532380,138.240,138.240,138.240,138.240,1490,588344
1506532440,138.240,138.280,138.240,138.290,1490,588344
1506532500,138.320,138.320,138.320,138.320,845,595798
1506532560,138.300,138.300,138.300,138.300,845,595798
1506532620,138.250,138.250,138.250,138.250,845,595798
1506532680,138.250,138.250,138.250,138.250,845,595798
1506532740,138.170,138.170,138.170,138.170,845,595798
1506532800,138.160,138.170,138.160,138.170,647,600023
1506532860,138.160,138.160,138.160,138.160,645,600023
1506532920,138.160,138.230,138.160,138.230,645,600023
1506532980,138.280,138.280,138.280,138.280,645,600023
1506533040,138.280,138.280,138.280,138.280,645,600023
1506533100,138.280,138.280,138.280,138.280,873,603250
1506533160,138.280,138.280,138.280,138.280,869,603250
1506533220,138.290,138.210,138.210,138.290,869,603250
1506533280,138.290,138.210,138.210,138.290,869,603250
1506533340,138.190,138.190,138.190,138.190,869,603250
1506533400,138.160,138.190,138.160,138.190,363,607599
1506533460,138.160,138.190,138.160,138.190,359,607599
1506533520,138.190,138.190,138.190,138.190,359,607599
1506533580,138.190,138.190,138.190,138.190,359,607599
1506533640,138.200,138.200,138.200,138.200,359,607599
1506533700,138.200,138.260,138.200,138.260,1188,609398
1506533760,138.270,138.280,138.270,138.280,1184,609398
1506533820,138.300,138.320,138.300,138.320,1184,609398
1506533880,138.350,138.350,138.350,138.350,1184,609398
1506533940,138.370,138.370,138.370,138.370,1184,609398
1506534000,138.360,138.360,138.360,138.360,2484,615322
1506534060,138.360,138.360,138.360,138.360,2480,615322
1506534120,138.350,138.350,138.350,138.350,2480,615322
1506534180,138.400,138.360,138.360,138.400,2480,615322
1506534240,138.390,138.390,138.390,138.390,2480,615322
1506534300,138.370,138.370,138.370,138.370,573,627726
1506534360,138.380,138.380,138.380,138.380,570,627726
1506534420,138.380,138.380,138.380,138.380,570,627726
1506534480,138.380,138.380,138.380,138.380,570,627726
1506534540,138.380,138.380,138.380,138.380,570,627726
1506534600,138.380,138.380,138.380,138.380,593,630579
1506534660,138.360,138.360,138.360,138.360,593,630579
1506534720,138.380,138.380,138.380,138.380,593,630579
1506534780,138.360,138.410,138.360,138.410,593,630579
1506534840,138.360,138.410,138.360,138.410,593,630579
1506534900,138.430,138.440,138.430,138.440,1081,633544
1506534960,138.440,138.440,138.440,138.440,1081,633544
1506535020,138.440,138.440,138.440,138.440,1081,633544
1506535080,138.500,138.470,138.470,138.500,1081,633544
1506535140,138.490,138.490,138.490,138.490,1081,633544
1506535200,138.500,138.500,138.490,138.500,2707,638949
1506535260,138.490,138.450,138.450,138.490,2706,638949
1506535320,138.480,138.530,138.480,138.530,2706,638949
1506535380,138.480,138.530,138.480,138.530,2706,638949
1506535440,138.570,138.570,138.570,138.570,2706,638949
1506535500,138.560,138.560,138.560,138.560,1820,652480
1506535560,138.560,138.560,138.560,138.560,1818,652480
1506535620,138.580,138.580,138.580,138.580,1818,652480
1506535680,138.590,138.560,138.560,138.590,1818,652480
1506535740,138.580,138.680,138.580,138.680,1818,652480
1506535800,138.680,138.670,138.670,138.690,2026,661572
1506535860,138.660,138.690,138.630,138.690,2026,661572
1506535920,138.700,138.670,138.670,138.700,2026,661572
1506535980,138.660,138.660,138.660,138.660,2026,661572
1506536040,138.540,138.540,138.540,138.540,2026,661572
1506536100,138.600,138.600,138.600,138.600,1850,671702
1506536160,138.660,138.660,138.660,138.660,1846,671702
1506536220,138.680,138.730,138.680,138.730,1846,671702
1506536280,138.770,138.770,138.770,138.770,1846,671702
1506536340,138.830,138.730,138.730,138.830,1846,671702
1506536400,138.830,138.730,138.730,138.830,1022,680936
1506536460,138.710,138.670,138.670,138.710,1020,680936
1506536520,138.690,138.690,138.690,138.690,1020,680936
1506536580,138.690,138.690,138.690,138.690,1020,680936
1506536640,138.690,138.690,138.690,138.690,1020,680936
1506536700,138.710,138.710,138.710,138.710,1238,686038
1506536760,138.710,138.710,138.710,138.710,1235,686038
1506536820,138.720,138.710,138.710,138.720,1235,686038
1506536880,138.720,138.720,138.720,138.720,1235,686038
1506536940,138.720,138.740,138.720,138.740,1235,686038
1506537000,138.750,138.730,138.720,138.750,2656,692216
1506537060,138.730,138.730,138.730,138.730,2652,692216
1506537120,138.740,138.740,138.740,138.740,2652,692216
1506537180,138.730,138.730,138.710,138.730,2652,692216
1506537240,138.710,138.710,138.710,138.710,2652,692216
1506537300,138.710,138.710,138.710,138.710,1400,705480
1506537360,138.700,138.730,138.700,138.730,1398,705480
1506537420,138.720,138.730,138.720,138.730,1398,705480
1506537480,138.720,138.690,138.690,138.720,1398,705480
1506537540,138.710,138.710,138.700,138.710,1398,705480
1506537600,138.720,138.750,138.720,138.750,2273,712472
1506537660,138.720,138.750,138.720,138.750,2273,712472
1506537720,138.740,138.740,138.740,138.740,2273,712472
1506537780,138.740,138.750,138.740,138.770,2273,712472
1506537840,138.750,138.760,138.740,138.760,2273,712472
1506537900,138.760,138.740,138.740,138.760,1606,723837
1506537960,138.760,138.760,138.760,138.760,1604,723837
1506538020,138.750,138.740,138.740,138.750,1604,723837
1506538080,138.730,138.760,138.730,138.760,1604,723837
1506538140,138.770,138.780,138.770,138.780,1604,723837
1506538200,138.780,138.790,138.780,138.790,2077,731859
1506538260,138.780,138.780,138.780,138.780,2076,731859
1506538320,138.800,138.800,138.800,138.800,2076,731859
1506538380,138.790,138.790,138.790,138.790,2076,731859
1506538440,138.810,138.820,138.780,138.820,2076,731859
1506538500,138.820,138.820,138.800,138.820,2118,742240
1506538560,138.790,138.790,138.790,138.790,2114,742240
1506538620,138.780,138.780,138.780,138.790,2114,742240
1506538680,138.790,138.860,138.790,138.860,2114,742240
1506538740,138.870,138.870,138.870,138.870,2114,742240
1506538800,138.890,138.950,138.890,138.950,3054,752814
1506538860,138.920,138.920,138.920,138.920,3054,752814
1506538920,138.930,138.920,138.920,138.940,3054,752814
1506538980,138.920,138.910,138.870,138.920,3054,752814
1506539040,138.870,138.870,138.870,138.870,3054,752814
1506539100,138.880,138.930,138.880,138.930,3378,768084
1506539160,138.950,138.930,138.920,138.950,3376,768084
1506539220,138.920,138.840,138.820,138.950,3376,768084
1506539280,138.840,138.830,138.810,138.840,3376,768084
1506539340,138.850,138.850,138.850,138.850,3376,768084
1506539400,138.870,138.850,138.840,138.870,1917,784966
1506539460,138.870,138.880,138.870,138.880,1914,784966
1506539520,138.880,138.910,138.870,138.910,1914,784966
1506539580,138.900,138.840,138.840,138.900,1914,784966
1506539640,138.800,138.800,138.800,138.820,1914,784966
1506539700,138.820,138.810,138.770,138.820,5109,794539
1506539760,138.810,138.820,138.810,138.830,5106,794539
1506539820,138.850,138.870,138.850,138.870,5106,794539
1506539880,138.890,138.890,138.890,138.890,5106,794539
1506539940,138.880,138.880,138.880,138.890,5106,794539
1506540000,138.910,138.920,138.910,138.920,3224,820072
1506540060,138.910,138.900,138.890,138.910,3224,820072
1506540120,138.910,138.830,138.830,138.910,3224,820072
1506540180,138.840,138.860,138.840,138.860,3224,820072
1506540240,138.870,138.840,138.840,138.880,3224,820072
1506540300,138.860,138.880,138.860,138.880,2537,836192
1506540360,138.910,138.900,138.880,138.910,2536,836192
1506540420,138.910,138.900,138.890,138.910,2536,836192
1506540480,138.910,138.910,138.910,138.910,2536,836192
1506540540,138.900,138.890,138.860,138.900,2536,836192
1506540600,138.870,138.880,138.870,138.890,4092,848873
1506540660,138.860,138.890,138.860,138.890,4091,848873
1506540720,138.930,138.920,138.900,138.930,4091,848873
1506540780,138.930,138.990,138.930,138.990,4091,848873
1506540840,138.990,139.010,138.990,139.020,4091,848873
1506540900,138.990,139.010,138.990,139.010,3361,869329
1506540960,138.990,138.970,138.970,138.990,3360,869329
1506541020,138.970,138.970,138.970,138.980,3360,869329
1506541080,138.930,138.930,138.920,138.930,3360,869329
1506541140,138.930,138.910,138.910,138.940,3360,869329
1506541200,138.940,138.940,138.940,138.940,3127,886130
1506541260,138.950,138.900,138.900,138.950,3126,886130
1506541320,138.880,138.830,138.830,138.880,3126,886130
1506541380,138.800,138.780,138.780,138.800,3126,886130
1506541440,138.730,138.710,138.710,138.730,3126,886130
1506541500,138.720,138.720,138.690,138.720,4905,901761
1506541560,138.710,138.670,138.670,138.730,4904,901761
1506541620,138.610,138.650,138.610,138.650,4904,901761
1506541680,138.660,138.650,138.630,138.660,4904,901761
1506541740,138.620,138.600,138.600,138.640,4904,901761
1506541800,138.600,138.660,138.600,138.680,4879,926282
1506541860,138.650,138.650,138.630,138.650,4878,926282
1506541920,138.640,138.650,138.640,138.650,4878,926282
1506541980,138.640,138.610,138.590,138.640,4878,926282
1506542040,138.600,138.670,138.600,138.680,4878,926282
1506542100,138.660,138.600,138.600,138.670,14965,950673
1506542160,138.580,138.620,138.580,138.620,14961,950673
1506542220,138.630,138.710,138.630,138.710,14961,950673
1506542280,138.690,138.720,138.690,138.750,14961,950673
1506542340,138.720,138.710,138.590,138.720,14961,950673
1506605400,138.320,138.100,138.100,138.320,10401,0
1506605460,138.310,138.370,138.310,138.370,10401,0
1506605520,138.310,138.370,138.310,138.370,10401,0
1506605580,138.330,138.500,138.330,138.500,10401,0
1506605640,138.600,138.590,138.470,138.600,10401,0
1506605700,138.600,138.590,138.590,138.600,4456,52005
1506605760,138.570,138.550,138.550,138.570,4453,52005
1506605820,138.440,138.400,138.400,138.500,4453,52005
1506605880,138.430,138.680,138.430,138.680,4453,52005
1506605940,138.660,138.760,138.570,138.760,4453,52005
1506606000,138.860,138.750,138.750,138.860,2736,74273
1506606060,138.710,138.590,138.440,138.710,2736,74273
1506606120,138.550,138.540,138.540,138.560,2736,74273
1506606180,138.430,138.430,138.430,138.430,2736,74273
1506606240,138.420,138.480,138.420,138.480,2736,74273
1506606300,138.450,138.410,138.400,138.450,3997,87953
1506606360,138.420,138.490,138.400,138.490,3997,87953
1506606420,138.510,138.640,138.510,138.650,3997,87953
1506606480,138.600,138.520,138.520,138.600,3997,87953
1506606540,138.530,138.530,138.530,138.530,3997,87953
1506606600,138.510,138.500,138.500,138.510,2766,107938
1506606660,138.450,138.430,138.430,138.450,2764,107938
1506606720,138.490,138.500,138.490,138.520,2764,107938
1506606780,138.430,138.480,138.430,138.480,2764,107938
1506606840,138.450,138.500,138.430,138.500,2764,107938
1506606900,138.460,138.540,138.460,138.540,2713,121760
1506606960,138.600,138.650,138.600,138.650,2712,121760
1506607020,138.680,138.700,138.660,138.700,2712,121760
1506607080,138.650,138.610,138.610,138.690,2712,121760
1506607140,138.620,138.620,138.620,138.690,2712,121760
1506607200,138.680,138.630,138.630,138.700,2949,135321
1506607260,138.630,138.530,138.500,138.630,2949,135321
1506607320,138.460,138.420,138.380,138.560,2949,135321
1506607380,138.420,138.410,138.410,138.420,2949,135321
1506607440,138.400,138.430,138.400,138.430,2949,135321
1506607500,138.430,138.450,138.430,138.450,2371,150066
1506607560,138.490,138.490,138.490,138.490,2370,150066
1506607620,138.480,138.480,138.480,138.480,2370,150066
1506607680,138.410,138.510,138.410,138.510,2370,150066
1506607740,138.560,138.550,138.540,138.560,2370,150066
1506607800,138.530,138.430,138.430,138.530,1405,161917
1506607860,138.410,138.370,138.370,138.410,1403,161917
1506607920,138.370,138.450,138.370,138.450,1403,161917
1506607980,138.480,138.500,138.480,138.500,1403,161917
1506608040,138.480,138.500,138.480,138.500,1403,161917
1506608100,138.590,138.620,138.580,138.620,2306,168934
1506608160,138.540,138.530,138.530,138.540,2302,168934
1506608220,138.500,138.600,138.500,138.600,2302,168934
1506608280,138.570,138.480,138.480,138.570,2302,168934
1506608340,138.530,138.520,138.460,138.530,2302,168934
1506608400,138.510,138.490,138.460,138.510,2824,180448
1506608460,138.430,138.410,138.390,138.430,2822,180448
1506608520,138.400,138.400,138.400,138.460,2822,180448
1506608580,138.390,138.490,138.390,138.490,2822,180448
1506608640,138.500,138.540,138.470,138.540,2822,180448
1506608700,138.520,138.560,138.520,138.570,2766,194560
1506608760,138.510,138.560,138.510,138.560,2762,194560
1506608820,138.460,138.500,138.450,138.500,2762,194560
1506608880,138.550,138.550,138.550,138.550,2762,194560
1506608940,138.530,138.530,138.530,138.530,2762,194560
1506609000,138.530,138.560,138.500,138.560,2399,208374
1506609060,138.560,138.650,138.560,138.740,2399,208374
1506609120,138.680,138.670,138.630,138.680,2399,208374
1506609180,138.690,138.780,138.690,138.780,2399,208374
1506609240,138.820,138.780,138.770,138.840,2399,208374
1506609300,138.780,138.920,138.780,138.920,2858,220369
1506609360,138.820,138.930,138.820,138.930,2857,220369
1506609420,138.920,139.000,138.920,139.000,2857,220369
1506609480,139.000,138.970,138.970,139.000,2857,220369
1506609540,138.990,138.940,138.940,138.990,2857,220369
1506609600,138.880,138.940,138.880,138.940,2901,234655
1506609660,139.000,138.960,138.960,139.000,2899,234655
1506609720,138.960,138.910,138.910,138.960,2899,234655
1506609780,138.900,138.940,138.900,138.940,2899,234655
1506609840,138.940,138.970,138.940,138.970,2899,234655
1506609900,138.990,138.990,138.990,138.990,2254,249152
1506609960,138.980,138.930,138.930,138.980,2254,249152
1506610020,138.950,138.950,138.950,138.950,2254,249152
1506610080,138.950,139.040,138.860,139.040,2254,249152
1506610140,139.080,139.120,139.080,139.130,2254,249152
1506610200,139.120,139.230,139.090,139.230,4757,260422
1506610260,139.240,139.230,139.230,139.240,4754,260422
1506610320,139.170,139.220,139.170,139.230,4754,260422
1506610380,139.220,139.230,139.200,139.240,4754,260422
1506610440,139.290,139.230,139.230,139.290,4754,260422
1506610500,139.250,139.280,139.250,139.280,4259,284195
1506610560,139.280,139.290,139.230,139.350,4255,284195
1506610620,139.300,139.340,139.270,139.340,4255,284195
1506610680,139.210,139.200,139.180,139.210,4255,284195
1506610740,139.200,139.300,139.200,139.300,4255,284195
1506610800,139.390,139.360,139.340,139.400,3638,305474
1506610860,139.380,139.560,139.380,139.560,3637,305474
1506610920,139.550,139.540,139.480,139.550,3637,305474
1506610980,139.540,139.660,139.510,139.660,3637,305474
1506611040,139.650,139.650,139.650,139.650,3637,305474
1506611100,139.620,139.640,139.580,139.640,4710,323660
1506611160,139.590,139.570,139.550,139.590,4710,323660
1506611220,139.530,139.590,139.520,139.590,4710,323660
1506611280,139.600,139.600,139.550,139.600,4710,323660
1506611340,139.620,139.700,139.610,139.760,4710,323660
1506611400,139.630,139.660,139.630,139.660,4805,347210
1506611460,139.640,139.600,139.600,139.670,4802,347210
1506611520,139.620,139.610,139.610,139.620,4802,347210
1506611580,139.620,139.590,139.590,139.620,4802,347210
1506611640,139.590,139.610,139.590,139.610,4802,347210
1506611700,139.590,139.570,139.570,139.620,4531,371223
1506611760,139.590,139.600,139.590,139.620,4531,371223
1506611820,139.560,139.580,139.520,139.580,4531,371223
1506611880,139.600,139.550,139.550,139.600,4531,371223
1506611940,139.560,139.570,139.560,139.580,4531,371223
1506612000,139.570,139.620,139.570,139.620,3507,393878
1506612060,139.600,139.600,139.600,139.600,3504,393878
1506612120,139.600,139.660,139.580,139.670,3504,393878
1506612180,139.690,139.720,139.680,139.720,3504,393878
1506612240,139.790,139.760,139.750,139.790,3504,393878
1506612300,139.750,139.860,139.740,139.860,3970,411401
1506612360,139.880,139.890,139.880,139.900,3970,411401
1506612420,139.890,139.900,139.860,139.900,3970,411401
1506612480,139.860,139.950,139.860,139.970,3970,411401
1506612540,139.970,140.020,139.960,140.020,3970,411401
1506612600,140.060,140.030,140.000,140.060,2712,431251
1506612660,140.030,139.990,139.970,140.030,2711,431251
1506612720,139.980,140.010,139.980,140.020,2711,431251
1506612780,140.070,140.090,140.070,140.090,2711,431251
1506612840,140.090,140.120,140.080,140.120,2711,431251
1506612900,140.140,140.020,139.970,140.140,3110,444807
1506612960,140.050,140.050,140.030,140.050,3109,444807
1506613020,140.050,140.080,140.040,140.080,3109,444807
1506613080,140.080,140.050,140.010,140.080,3109,444807
1506613140,140.050,140.040,140.030,140.050,3109,444807
1506613200,140.070,140.040,140.040,140.070,1746,460353
1506613260,140.070,140.120,140.070,140.120,1745,460353
1506613320,140.100,140.140,140.100,140.140,1745,460353
1506613380,140.140,140.200,140.140,140.200,1745,460353
1506613440,140.210,140.220,140.200,140.220,1745,460353
1506613500,140.220,140.230,140.200,140.280,1882,469079
1506613560,140.230,140.290,140.230,140.290,1882,469079
1506613620,140.300,140.300,140.300,140.300,1882,469079
1506613680,140.300,140.180,140.180,140.300,1882,469079
1506613740,140.140,140.140,140.140,140.140,1882,469079
1506613800,140.160,140.170,140.150,140.170,1324,478489
1506613860,140.170,140.220,140.130,140.220,1322,478489
1506613920,140.220,140.150,140.140,140.220,1322,478489
1506613980,140.180,140.230,140.180,140.230,1322,478489
1506614040,140.230,140.230,140.230,140.230,1322,478489
1506614100,140.270,140.260,140.260,140.270,2454,485101
1506614160,140.290,140.330,140.290,140.330,2451,485101
1506614220,140.360,140.440,140.360,140.440,2451,485101
1506614280,140.430,140.440,140.370,140.440,2451,485101
1506614340,140.440,140.420,140.420,140.440,2451,485101
1506614400,140.430,140.270,140.270,140.430,3235,497359
1506614460,140.250,140.190,140.170,140.250,3231,497359
1506614520,140.190,140.200,140.150,140.200,3231,497359
1506614580,140.160,140.220,140.160,140.220,3231,497359
1506614640,140.370,140.340,140.340,140.380,3231,497359
1506614700,140.370,140.330,140.330,140.370,2031,513518
1506614760,140.310,140.310,140.280,140.310,2027,513518
1506614820,140.360,140.390,140.360,140.390,2027,513518
1506614880,140.390,140.340,140.330,140.390,2027,513518
1506614940,140.340,140.390,140.340,140.390,2027,513518
1506615000,140.400,140.480,140.400,140.480,2007,523657
1506615060,140.480,140.520,140.480,140.520,2004,523657
1506615120,140.500,140.490,140.490,140.540,2004,523657
1506615180,140.540,140.500,140.500,140.540,2004,523657
1506615240,140.530,140.540,140.530,140.540,2004,523657
1506615300,140.530,140.520,140.520,140.540,3919,533680
1506615360,140.530,140.530,140.480,140.540,3915,533680
1506615420,140.530,140.580,140.530,140.580,3915,533680
1506615480,140.580,140.620,140.580,140.620,3915,533680
1506615540,140.640,140.650,140.620,140.670,3915,533680
1506615600,140.650,140.670,140.650,140.670,2530,553259
1506615660,140.690,140.680,140.640,140.690,2530,553259
1506615720,140.680,140.660,140.600,140.680,2530,553259
1506615780,140.660,140.640,140.620,140.660,2530,553259
1506615840,140.610,140.500,140.500,140.610,2530,553259
1506615900,140.580,140.600,140.580,140.600,3269,565909
1506615960,140.580,140.550,140.550,140.600,3269,565909
1506616020,140.550,140.560,140.550,140.580,3269,565909
1506616080,140.530,140.550,140.530,140.550,3269,565909
1506616140,140.540,140.560,140.540,140.560,3269,565909
1506616200,140.530,140.600,140.530,140.600,2870,582254
1506616260,140.550,140.570,140.550,140.570,2869,582254
1506616320,140.550,140.520,140.520,140.550,2869,582254
1506616380,140.470,140.580,140.470,140.580,2869,582254
1506616440,140.590,140.590,140.590,140.590,2869,582254
1506616500,140.580,140.560,140.550,140.580,2340,596600
1506616560,140.560,140.610,140.550,140.610,2339,596600
1506616620,140.560,140.610,140.550,140.610,2339,596600
1506616680,140.600,140.600,140.600,140.600,2339,596600
1506616740,140.600,140.620,140.600,140.620,2339,596600
1506616800,140.640,140.640,140.640,140.640,5395,608296
1506616860,140.630,140.640,140.600,140.640,5392,608296
1506616920,140.640,140.640,140.620,140.640,5392,608296
1506616980,140.620,140.620,140.620,140.620,5392,608296
1506617040,140.560,140.550,140.510,140.560,5392,608296
1506617100,140.530,140.530,140.530,140.530,2559,635259
1506617160,140.480,140.460,140.460,140.530,2558,635259
1506617220,140.440,140.460,140.440,140.460,2558,635259
1506617280,140.470,140.430,140.430,140.470,2558,635259
1506617340,140.430,140.450,140.430,140.450,2558,635259
1506617400,140.450,140.450,140.450,140.450,1977,648050
1506617460,140.440,140.470,140.440,140.470,1974,648050
1506617520,140.470,140.470,140.470,140.470,1974,648050
1506617580,140.460,140.490,140.460,140.520,1974,648050
1506617640,140.500,140.500,140.500,140.500,1974,648050
1506617700,140.500,140.500,140.500,140.500,2364,657923
1506617760,140.620,140.600,140.600,140.620,2360,657923
1506617820,140.600,140.590,140.590,140.600,2360,657923
1506617880,140.550,140.570,140.540,140.570,2360,657923
1506617940,140.590,140.620,140.590,140.620,2360,657923
1506618000,140.600,140.590,140.590,140.630,3498,669727
1506618060,140.600,140.590,140.590,140.600,3497,669727
1506618120,140.620,140.730,140.620,140.730,3497,669727
1506618180,140.770,140.780,140.770,140.780,3497,669727
1506618240,140.810,140.860,140.800,140.860,3497,669727
1506618300,140.800,140.800,140.800,140.800,1925,687213
1506618360,140.800,140.800,140.800,140.800,1921,687213
1506618420,140.800,140.800,140.800,140.800,1921,687213
1506618480,140.750,140.620,140.620,140.750,1921,687213
1506618540,140.580,140.680,140.580,140.700,1921,687213
1506618600,140.650,140.680,140.650,140.680,3824,696822
1506618660,140.650,140.650,140.650,140.650,3820,696822
1506618720,140.650,140.650,140.650,140.650,3820,696822
1506618780,140.660,140.640,140.640,140.660,3820,696822
1506618840,140.710,140.710,140.700,140.740,3820,696822
1506618900,140.700,140.700,140.700,140.700,1432,715926
1506618960,140.690,140.690,140.680,140.690,1431,715926
1506619020,140.690,140.670,140.670,140.690,1431,715926
1506619080,140.680,140.670,140.670,140.680,1431,715926
1506619140,140.640,140.620,140.620,140.640,1431,715926
1506619200,140.640,140.640,140.640,140.660,2044,723082
1506619260,140.640,140.690,140.630,140.690,2043,723082
1506619320,140.660,140.650,140.640,140.660,2043,723082
1506619380,140.640,140.650,140.620,140.650,2043,723082
1506619440,140.650,140.660,140.650,140.660,2043,723082
1506619500,140.680,140.680,140.680,140.680,3073,733298
1506619560,140.660,140.620,140.620,140.680,3070,733298
1506619620,140.660,140.620,140.620,140.680,3070,733298
1506619680,140.620,140.650,140.620,140.650,3070,733298
1506619740,140.620,140.620,140.620,140.620,3070,733298
1506619800,140.630,140.630,140.620,140.630,1958,748651
1506619860,140.620,140.610,140.610,140.620,1958,748651
1506619920,140.570,140.570,140.570,140.570,1958,748651
1506619980,140.570,140.570,140.570,140.570,1958,748651
1506620040,140.550,140.570,140.550,140.570,1958,748651
1506620100,140.570,140.590,140.570,140.590,1207,758441
1506620160,140.580,140.580,140.580,140.580,1205,758441
1506620220,140.590,140.590,140.590,140.590,1205,758441
1506620280,140.580,140.560,140.560,140.580,1205,758441
1506620340,140.530,140.560,140.530,140.560,1205,758441
1506620400,140.530,140.560,140.530,140.560,1322,764468
1506620460,140.560,140.540,140.540,140.560,1319,764468
1506620520,140.570,140.570,140.570,140.570,1319,764468
1506620580,140.590,140.650,140.590,140.650,1319,764468
1506620640,140.640,140.640,140.640,140.660,1319,764468
1506620700,140.640,140.660,140.630,140.660,3142,771066
1506620760,140.680,140.660,140.660,140.680,3139,771066
1506620820,140.620,140.580,140.580,140.620,3139,771066
1506620880,140.580,140.590,140.580,140.590,3139,771066
1506620940,140.580,140.590,140.580,140.590,3139,771066
1506621000,140.520,140.520,140.520,140.520,1833,786764
1506621060,140.520,140.520,140.520,140.520,1829,786764
1506621120,140.490,140.500,140.490,140.500,1829,786764
1506621180,140.450,140.450,140.450,140.450,1829,786764
1506621240,140.470,140.530,140.470,140.550,1829,786764
1506621300,140.530,140.550,140.530,140.570,1140,795913
1506621360,140.530,140.550,140.530,140.570,1136,795913
1506621420,140.530,140.550,140.530,140.570,1136,795913
1506621480,140.530,140.550,140.530,140.570,1136,795913
1506621540,140.570,140.520,140.510,140.570,1136,795913
1506621600,140.540,140.610,140.540,140.610,2349,801597
1506621660,140.620,140.630,140.620,140.640,2349,801597
1506621720,140.680,140.630,140.630,140.680,2349,801597
1506621780,140.620,140.630,140.620,140.630,2349,801597
1506621840,140.640,140.650,140.640,140.660,2349,801597
1506621900,140.680,140.610,140.610,140.690,2278,813342
1506621960,140.620,140.620,140.620,140.620,2274,813342
1506622020,140.610,140.610,140.610,140.610,2274,813342
1506622080,140.560,140.560,140.560,140.560,2274,813342
1506622140,140.530,140.500,140.470,140.530,2274,813342
1506622200,140.520,140.590,140.520,140.590,1835,824716
1506622260,140.580,140.560,140.560,140.580,1834,824716
1506622320,140.560,140.560,140.560,140.560,1834,824716
1506622380,140.580,140.590,140.580,140.590,1834,824716
1506622440,140.610,140.610,140.610,140.610,1834,824716
1506622500,140.600,140.680,140.600,140.680,1630,833887
1506622560,140.650,140.620,140.620,140.650,1629,833887
1506622620,140.660,140.660,140.660,140.660,1629,833887
1506622680,140.630,140.570,140.570,140.630,1629,833887
1506622740,140.560,140.560,140.560,140.560,1629,833887
1506622800,140.560,140.610,140.560,140.610,2753,842033
1506622860,140.610,140.590,140.580,140.610,2751,842033
1506622920,140.580,140.560,140.560,140.580,2751,842033
1506622980,140.560,140.530,140.530,140.560,2751,842033
1506623040,140.510,140.530,140.510,140.530,2751,842033
1506623100,140.570,140.630,140.570,140.630,1808,855790
1506623160,140.610,140.610,140.610,140.610,1807,855790
1506623220,140.570,140.570,140.570,140.620,1807,855790
1506623280,140.610,140.580,140.580,140.610,1807,855790
1506623340,140.570,140.580,140.570,140.580,1807,855790
1506623400,140.570,140.570,140.570,140.570,1641,864826
1506623460,140.620,140.640,140.600,140.640,1638,864826
1506623520,140.630,140.660,140.630,140.660,1638,864826
1506623580,140.650,140.650,140.650,140.660,1638,864826
1506623640,140.670,140.670,140.670,140.670,1638,864826
1506623700,140.700,140.710,140.700,140.710,2536,873019
1506623760,140.710,140.700,140.680,140.710,2534,873019
1506623820,140.690,140.740,140.690,140.740,2534,873019
1506623880,140.730,140.710,140.710,140.730,2534,873019
1506623940,140.710,140.710,140.710,140.710,2534,873019
1506624000,140.720,140.720,140.720,140.720,1591,885691
1506624060,140.720,140.740,140.720,140.740,1590,885691
1506624120,140.740,140.700,140.700,140.740,1590,885691
1506624180,140.700,140.700,140.700,140.700,1590,885691
1506624240,140.690,140.670,140.670,140.690,1590,885691
1506624300,140.660,140.630,140.630,140.660,1655,893642
1506624360,140.630,140.640,140.630,140.640,1655,893642
1506624420,140.630,140.600,140.600,140.630,1655,893642
1506624480,140.600,140.640,140.590,140.640,1655,893642
1506624540,140.600,140.640,140.590,140.640,1655,893642
1506624600,140.650,140.640,140.640,140.660,1632,901917
1506624660,140.690,140.690,140.690,140.690,1630,901917
1506624720,140.700,140.700,140.670,140.700,1630,901917
1506624780,140.710,140.730,140.710,140.730,1630,901917
1506624840,140.740,140.750,140.720,140.750,1630,901917
1506624900,140.740,140.770,140.740,140.770,2447,910069
1506624960,140.780,140.750,140.750,140.780,2445,910069
1506625020,140.710,140.650,140.650,140.710,2445,910069
1506625080,140.710,140.710,140.670,140.710,2445,910069
1506625140,140.710,140.740,140.710,140.740,2445,910069
1506625200,140.760,140.760,140.760,140.760,2514,922296
1506625260,140.720,140.700,140.700,140.720,2513,922296
1506625320,140.680,140.700,140.670,140.700,2513,922296
1506625380,140.740,140.740,140.720,140.740,2513,922296
1506625440,140.740,140.740,140.720,140.740,2513,922296
1506625500,140.710,140.700,140.690,140.710,2540,934862
1506625560,140.730,140.710,140.710,140.730,2536,934862
1506625620,140.730,140.710,140.710,140.730,2536,934862
1506625680,140.730,140.800,140.730,140.800,2536,934862
1506625740,140.810,140.790,140.790,140.810,2536,934862
1506625800,140.760,140.750,140.730,140.790,1494,947546
1506625860,140.760,140.750,140.730,140.790,1494,947546
1506625920,140.750,140.750,140.750,140.750,1494,947546
1506625980,140.800,140.780,140.780,140.810,1494,947546
1506626040,140.810,140.810,140.810,140.810,1494,947546
1506626100,140.790,140.810,140.790,140.810,3064,955016
1506626160,140.790,140.750,140.740,140.790,3062,955016
1506626220,140.750,140.740,140.740,140.750,3062,955016
1506626280,140.760,140.760,140.760,140.760,3062,955016
1506626340,140.750,140.780,140.750,140.780,3062,955016
1506626400,140.770,140.770,140.760,140.780,3835,970328
1506626460,140.780,140.780,140.770,140.810,3831,970328
1506626520,140.790,140.800,140.790,140.800,3831,970328
1506626580,140.800,140.820,140.800,140.840,3831,970328
1506626640,140.800,140.770,140.770,140.810,3831,970328
1506626700,140.780,140.690,140.690,140.780,3339,989487
1506626760,140.700,140.680,140.680,140.700,3335,989487
1506626820,140.650,140.710,140.650,140.710,3335,989487
1506626880,140.710,140.710,140.710,140.740,3335,989487
1506626940,140.720,140.760,140.720,140.760,3335,989487
1506627000,140.760,140.730,140.680,140.760,5009,1006166
1506627060,140.720,140.710,140.700,140.730,5008,1006166
1506627120,140.710,140.710,140.710,140.720,5008,1006166
1506627180,140.710,140.740,140.710,140.740,5008,1006166
1506627240,140.750,140.790,140.750,140.790,5008,1006166
1506627300,140.780,140.710,140.710,140.790,5372,1031207
1506627360,140.720,140.760,140.710,140.760,5371,1031207
1506627420,140.750,140.770,140.740,140.770,5371,1031207
1506627480,140.760,140.770,140.760,140.770,5371,1031207
1506627540,140.790,140.820,140.790,140.820,5371,1031207
1506627600,140.840,140.800,140.800,140.840,5561,1058063
1506627660,140.800,140.830,140.800,140.830,5560,1058063
1506627720,140.820,140.850,140.810,140.850,5560,1058063
1506627780,140.860,140.890,140.860,140.900,5560,1058063
1506627840,140.890,140.910,140.890,140.910,5560,1058063
1506627900,140.910,140.930,140.890,140.950,8504,1085864
1506627960,140.890,140.900,140.890,140.900,8502,1085864
1506628020,140.890,140.900,140.890,140.900,8502,1085864
1506628080,140.900,140.910,140.900,140.910,8502,1085864
1506628140,140.930,140.970,140.930,140.980,8502,1085864
1506628200,140.950,140.960,140.950,140.980,12755,1128376
1506628260,140.970,141.000,140.960,141.000,12751,1128376
1506628320,141.000,141.000,141.000,141.010,12751,1128376
1506628380,140.980,140.980,140.950,140.980,12751,1128376
1506628440,140.990,141.010,140.990,141.010,12751,1128376
1506628500,141.010,141.000,140.920,141.010,43422,1192135
1506628560,141.020,141.020,141.020,141.030,43420,1192135
1506628620,141.030,141.010,140.970,141.030,43420,1192135
1506628680,141.010,141.010,141.010,141.020,43420,1192135
1506628740,141.040,141.060,141.030,141.060,43420,1192135
1506691800,141.450,141.220,141.150,141.450,14649,0
1506691860,141.060,140.890,140.890,141.060,14646,0
1506691920,140.890,140.850,140.850,140.890,14646,0
1506691980,140.850,140.670,140.600,140.850,14646,0
1506692040,140.720,140.560,140.560,140.820,14646,0
1506692100,140.620,140.540,140.520,140.620,6156,73233
1506692160,140.480,140.500,140.480,140.500,6154,73233
1506692220,140.380,140.180,140.180,140.380,6154,73233
1506692280,140.220,139.970,139.970,140.220,6154,73233
1506692340,140.150,140.110,140.110,140.190,6154,73233
1506692400,140.160,140.260,140.110,140.260,5891,104005
1506692460,140.270,140.270,140.270,140.270,5890,104005
1506692520,140.200,140.200,140.200,140.200,5890,104005
1506692580,139.950,139.930,139.770,139.950,5890,104005
1506692640,140.000,140.260,140.000,140.260,5890,104005
1506692700,140.130,140.460,140.130,140.460,4396,133456
1506692760,140.130,140.460,140.130,140.460,4394,133456
1506692820,140.310,140.320,140.250,140.320,4394,133456
1506692880,140.290,140.460,140.290,140.460,4394,133456
1506692940,140.440,140.330,140.330,140.440,4394,133456
1506693000,140.360,140.330,140.330,140.360,3336,155428
1506693060,140.210,140.220,140.210,140.270,3335,155428
1506693120,140.350,140.320,140.320,140.350,3335,155428
1506693180,140.290,140.290,140.250,140.290,3335,155428
1506693240,140.340,140.340,140.340,140.340,3335,155428
1506693300,140.390,140.390,140.390,140.390,2581,172104
1506693360,140.330,140.370,140.330,140.370,2578,172104
1506693420,140.410,140.460,140.410,140.460,2578,172104
1506693480,140.480,140.530,140.480,140.530,2578,172104
1506693540,140.560,140.590,140.560,140.730,2578,172104
1506693600,140.630,140.620,140.610,140.670,1875,184997
1506693660,140.580,140.510,140.510,140.580,1872,184997
1506693720,140.530,140.530,140.530,140.530,1872,184997
1506693780,140.550,140.460,140.460,140.550,1872,184997
1506693840,140.390,140.390,140.390,140.390,1872,184997
1506693900,140.410,140.410,140.410,140.410,1933,194360
1506693960,140.510,140.530,140.500,140.530,1931,194360
1506694020,140.580,140.580,140.580,140.580,1931,194360
1506694080,140.570,140.520,140.520,140.570,1931,194360
1506694140,140.470,140.520,140.470,140.520,1931,194360
1506694200,140.540,140.590,140.540,140.590,1932,204017
1506694260,140.600,140.670,140.600,140.670,1931,204017
1506694320,140.650,140.470,140.470,140.650,1931,204017
1506694380,140.570,140.560,140.520,140.570,1931,204017
1506694440,140.550,140.600,140.550,140.600,1931,204017
1506694500,140.550,140.600,140.550,140.600,1475,213673
1506694560,140.610,140.640,140.610,140.640,1471,213673
1506694620,140.610,140.630,140.590,140.630,1471,213673
1506694680,140.610,140.630,140.610,140.630,1471,213673
1506694740,140.610,140.530,140.490,140.610,1471,213673
1506694800,140.610,140.530,140.490,140.610,709,221032
1506694860,140.610,140.530,140.490,140.610,709,221032
1506694920,140.560,140.560,140.560,140.560,709,221032
1506694980,140.560,140.560,140.560,140.560,709,221032
1506695040,140.560,140.650,140.550,140.650,709,221032
1506695100,140.600,140.540,140.530,140.600,1778,224577
1506695160,140.570,140.570,140.570,140.570,1774,224577
1506695220,140.560,140.560,140.560,140.560,1774,224577
1506695280,140.560,140.560,140.560,140.560,1774,224577
1506695340,140.600,140.640,140.590,140.640,1774,224577
1506695400,140.740,140.790,140.740,140.790,1998,233451
1506695460,140.740,140.790,140.740,140.790,1998,233451
1506695520,140.730,140.640,140.640,140.730,1998,233451
1506695580,140.580,140.680,140.580,140.690,1998,233451
1506695640,140.650,140.630,140.620,140.650,1998,233451
1506695700,140.590,140.680,140.590,140.680,4333,243441
1506695760,140.690,140.830,140.690,140.830,4329,243441
1506695820,140.740,140.910,140.740,140.910,4329,243441
1506695880,140.870,140.870,140.860,140.870,4329,243441
1506695940,140.870,140.920,140.870,140.920,4329,243441
1506696000,140.960,140.940,140.870,140.960,1161,265090
1506696060,140.940,140.910,140.900,140.940,1159,265090
1506696120,140.890,141.010,140.890,141.010,1159,265090
1506696180,141.020,141.020,141.020,141.020,1159,265090
1506696240,141.020,141.020,141.020,141.020,1159,265090
1506696300,140.940,140.840,140.810,140.940,3837,270887
1506696360,140.800,140.720,140.720,140.800,3836,270887
1506696420,140.690,140.690,140.690,140.700,3836,270887
1506696480,140.720,140.720,140.720,140.720,3836,270887
1506696540,140.670,140.700,140.670,140.700,3836,270887
1506696600,140.750,140.700,140.700,140.750,1527,290068
1506696660,140.700,140.720,140.700,140.720,1526,290068
1506696720,140.720,140.690,140.690,140.720,1526,290068
1506696780,140.750,140.790,140.750,140.790,1526,290068
1506696840,140.730,140.730,140.730,140.730,1526,290068
1506696900,140.750,140.690,140.660,140.750,4425,297699
1506696960,140.660,140.610,140.610,140.660,4422,297699
1506697020,140.690,140.700,140.690,140.720,4422,297699
1506697080,140.750,140.750,140.690,140.750,4422,297699
1506697140,140.720,140.850,140.720,140.870,4422,297699
1506697200,140.910,140.880,140.880,140.910,3187,319812
1506697260,140.860,140.750,140.710,140.860,3184,319812
1506697320,140.780,140.740,140.740,140.820,3184,319812
1506697380,140.780,140.800,140.780,140.820,3184,319812
1506697440,140.730,140.700,140.700,140.840,3184,319812
1506697500,140.780,140.790,140.780,140.790,2870,335735
1506697560,140.730,140.710,140.710,140.750,2869,335735
1506697620,140.690,140.690,140.690,140.690,2869,335735
1506697680,140.730,140.850,140.720,140.850,2869,335735
1506697740,140.800,140.790,140.770,140.810,2869,335735
1506697800,140.790,140.810,140.790,140.840,2154,350081
1506697860,140.740,140.740,140.740,140.740,2153,350081
1506697920,140.790,140.770,140.730,140.790,2153,350081
1506697980,140.750,140.770,140.720,140.770,2153,350081
1506698040,140.750,140.750,140.710,140.770,2153,350081
1506698100,140.710,140.740,140.710,140.740,6393,360847
1506698160,140.790,140.820,140.790,140.830,6393,360847
1506698220,140.840,140.730,140.710,140.840,6393,360847
1506698280,140.750,140.720,140.720,140.790,6393,360847
1506698340,140.750,140.690,140.660,140.770,6393,360847
1506698400,140.710,140.720,140.710,140.780,7431,392812
1506698460,140.760,140.820,140.750,140.820,7427,392812
1506698520,140.790,140.820,140.790,140.850,7427,392812
1506698580,140.750,140.800,140.750,140.820,7427,392812
1506698640,140.760,140.760,140.760,140.800,7427,392812
1506698700,140.780,140.870,140.720,140.870,5503,429951
1506698760,140.880,140.830,140.830,140.880,5501,429951
1506698820,140.910,140.850,140.850,140.910,5501,429951
1506698880,140.890,140.950,140.890,140.950,5501,429951
1506698940,140.940,141.020,140.940,141.100,5501,429951
1506699000,140.910,140.910,140.910,141.040,1510,457458
1506699060,140.970,140.810,140.810,140.970,1510,457458
1506699120,140.810,140.800,140.800,140.810,1510,457458
1506699180,140.810,140.720,140.720,140.810,1510,457458
1506699240,140.780,140.720,140.720,140.780,1510,457458
1506699300,140.720,140.850,140.710,140.850,2794,465008
1506699360,140.820,140.800,140.780,140.830,2790,465008
1506699420,140.780,140.770,140.770,140.780,2790,465008
1506699480,140.810,140.810,140.790,140.820,2790,465008
1506699540,140.780,140.820,140.780,140.820,2790,465008
1506699600,140.780,140.760,140.760,140.830,2845,478962
1506699660,140.760,140.760,140.750,140.760,2843,478962
1506699720,140.760,140.760,140.760,140.760,2843,478962
1506699780,140.760,140.760,140.760,140.760,2843,478962
1506699840,140.760,140.640,140.640,140.760,2843,478962
1506699900,140.640,140.650,140.640,140.650,1788,493179
1506699960,140.650,140.150,140.150,140.650,1786,493179
1506700020,140.260,140.260,140.260,140.260,1786,493179
1506700080,140.260,140.410,140.260,140.410,1786,493179
1506700140,140.260,140.410,140.260,140.410,1786,493179
1506700200,140.380,140.440,140.380,140.440,824,502111
1506700260,140.380,140.440,140.380,140.440,820,502111
1506700320,140.430,140.440,140.430,140.440,820,502111
1506700380,140.430,140.350,140.350,140.430,820,502111
1506700440,140.310,140.310,140.310,140.310,820,502111
1506700500,140.300,140.250,140.250,140.300,2837,506215
1506700560,140.230,140.230,140.230,140.240,2834,506215
1506700620,140.230,140.310,140.230,140.310,2834,506215
1506700680,140.250,140.290,140.230,140.310,2834,506215
1506700740,140.250,140.290,140.230,140.310,2834,506215
1506700800,140.310,140.240,140.240,140.310,1945,520388
1506700860,140.270,140.320,140.270,140.320,1944,520388
1506700920,140.220,140.240,140.220,140.240,1944,520388
1506700980,140.280,140.280,140.280,140.280,1944,520388
1506701040,140.270,140.270,140.270,140.270,1944,520388
1506701100,140.270,140.260,140.260,140.320,3414,530109
1506701160,140.190,140.190,140.190,140.190,3410,530109
1506701220,140.110,140.110,140.110,140.110,3410,530109
1506701280,140.120,140.130,140.120,140.140,3410,530109
1506701340,140.150,140.170,140.150,140.170,3410,530109
1506701400,140.150,140.150,140.150,140.150,1912,547163
1506701460,140.100,140.010,140.010,140.100,1908,547163
1506701520,140.010,140.010,140.010,140.010,1908,547163
1506701580,139.920,139.850,139.850,139.920,1908,547163
1506701640,139.950,139.920,139.920,139.950,1908,547163
1506701700,139.920,139.940,139.890,139.950,2280,556707
1506701760,139.860,139.960,139.860,139.960,2280,556707
1506701820,139.910,139.910,139.910,139.910,2280,556707
1506701880,139.910,139.910,139.910,139.910,2280,556707
1506701940,139.900,139.900,139.880,139.900,2280,556707
1506702000,139.910,139.900,139.870,139.930,3049,568107
1506702060,139.900,139.910,139.900,139.920,3047,568107
1506702120,139.980,140.060,139.960,140.060,3047,568107
1506702180,139.980,140.060,139.960,140.060,3047,568107
1506702240,140.060,140.000,140.000,140.060,3047,568107
1506702300,140.060,140.000,140.000,140.060,876,583344
1506702360,140.060,140.030,140.030,140.060,875,583344
1506702420,140.000,140.030,140.000,140.030,875,583344
1506702480,140.030,140.050,140.030,140.050,875,583344
1506702540,140.060,140.070,140.020,140.080,875,583344
1506702600,140.040,140.040,140.040,140.040,4520,587720
1506702660,140.020,140.020,140.020,140.020,4518,587720
1506702720,140.000,139.940,139.940,140.000,4518,587720
1506702780,139.930,139.810,139.810,139.930,4518,587720
1506702840,139.800,139.750,139.710,139.800,4518,587720
1506702900,139.710,139.710,139.710,139.770,1400,610312
1506702960,139.720,139.710,139.710,139.720,1397,610312
1506703020,139.760,139.790,139.760,139.800,1397,610312
1506703080,139.760,139.790,139.760,139.800,1397,610312
1506703140,139.760,139.790,139.760,139.800,1397,610312
1506703200,139.740,139.720,139.720,139.740,1176,617300
1506703260,139.740,139.720,139.720,139.740,1174,617300
1506703320,139.790,139.720,139.720,139.790,1174,617300
1506703380,139.720,139.720,139.720,139.720,1174,617300
1506703440,139.730,139.770,139.730,139.770,1174,617300
1506703500,139.750,139.760,139.750,139.770,1393,623172
1506703560,139.750,139.710,139.710,139.790,1391,623172
1506703620,139.710,139.710,139.710,139.770,1391,623172
1506703680,139.740,139.740,139.740,139.740,1391,623172
1506703740,139.740,139.710,139.710,139.740,1391,623172
1506703800,139.710,139.720,139.710,139.720,1439,630129
1506703860,139.730,139.750,139.730,139.750,1437,630129
1506703920,139.770,139.720,139.720,139.770,1437,630129
1506703980,139.770,139.720,139.720,139.770,1437,630129
1506704040,139.730,139.760,139.720,139.760,1437,630129
1506704100,139.780,139.780,139.780,139.780,1058,637316
1506704160,139.730,139.730,139.730,139.730,1058,637316
1506704220,139.730,139.720,139.720,139.730,1058,637316
1506704280,139.730,139.730,139.730,139.730,1058,637316
1506704340,139.770,139.710,139.710,139.800,1058,637316
1506704400,139.680,139.660,139.660,139.700,1345,642606
1506704460,139.650,139.570,139.550,139.650,1344,642606
1506704520,139.650,139.610,139.610,139.670,1344,642606
1506704580,139.650,139.610,139.610,139.670,1344,642606
1506704640,139.640,139.690,139.640,139.690,1344,642606
1506704700,139.710,139.750,139.710,139.750,1158,649327
1506704760,139.770,139.770,139.770,139.770,1158,649327
1506704820,139.780,139.750,139.750,139.780,1158,649327
1506704880,139.800,139.830,139.800,139.830,1158,649327
1506704940,139.810,139.800,139.800,139.810,1158,649327
1506705000,139.770,139.810,139.770,139.810,1058,655117
1506705060,139.800,139.780,139.780,139.800,1057,655117
1506705120,139.760,139.750,139.750,139.760,1057,655117
1506705180,139.720,139.720,139.720,139.720,1057,655117
1506705240,139.720,139.720,139.720,139.720,1057,655117
1506705300,139.690,139.720,139.690,139.740,1236,660403
1506705360,139.740,139.760,139.740,139.760,1235,660403
1506705420,139.740,139.760,139.740,139.760,1235,660403
1506705480,139.780,139.750,139.750,139.780,1235,660403
1506705540,139.830,139.810,139.810,139.830,1235,660403
1506705600,139.800,139.790,139.790,139.800,806,666579
1506705660,139.840,139.760,139.760,139.840,806,666579
1506705720,139.790,139.790,139.790,139.790,806,666579
1506705780,139.810,139.750,139.750,139.810,806,666579
1506705840,139.760,139.760,139.760,139.760,806,666579
1506705900,139.780,139.780,139.780,139.780,3441,670609
1506705960,139.760,139.760,139.760,139.760,3438,670609
1506706020,139.800,139.760,139.760,139.810,3438,670609
1506706080,139.730,139.730,139.730,139.730,3438,670609
1506706140,139.710,139.670,139.670,139.710,3438,670609
1506706200,139.670,139.730,139.670,139.730,2677,687802
1506706260,139.730,139.730,139.720,139.730,2673,687802
1506706320,139.790,139.790,139.790,139.840,2673,687802
1506706380,139.830,139.830,139.830,139.830,2673,687802
1506706440,139.830,139.810,139.810,139.830,2673,687802
1506706500,139.850,139.900,139.850,139.900,1585,701171
1506706560,139.890,139.880,139.870,139.890,1584,701171
1506706620,139.890,139.890,139.890,139.890,1584,701171
1506706680,139.880,139.900,139.880,139.900,1584,701171
1506706740,139.940,139.900,139.900,139.940,1584,701171
1506706800,139.940,139.930,139.930,139.940,998,709092
1506706860,139.940,139.930,139.930,139.940,994,709092
1506706920,139.900,139.930,139.900,139.930,994,709092
1506706980,139.850,139.850,139.850,139.850,994,709092
1506707040,139.850,139.850,139.850,139.850,994,709092
1506707100,139.900,139.890,139.890,139.900,1651,714066
1506707160,139.920,139.950,139.910,139.950,1650,714066
1506707220,139.860,139.920,139.860,139.920,1650,714066
1506707280,139.900,139.900,139.900,139.900,1650,714066
1506707340,139.870,139.870,139.870,139.870,1650,714066
1506707400,139.860,139.860,139.860,139.860,2228,722317
1506707460,139.910,139.910,139.910,139.910,2227,722317
1506707520,139.850,139.850,139.850,139.850,2227,722317
1506707580,139.770,139.720,139.720,139.770,2227,722317
1506707640,139.760,139.780,139.760,139.800,2227,722317
1506707700,139.760,139.700,139.700,139.760,2355,733453
1506707760,139.650,139.570,139.570,139.650,2355,733453
1506707820,139.640,139.640,139.640,139.640,2355,733453
1506707880,139.700,139.660,139.660,139.700,2355,733453
1506707940,139.730,139.730,139.730,139.730,2355,733453
1506708000,139.740,139.740,139.740,139.740,1103,745228
1506708060,139.740,139.740,139.740,139.740,1099,745228
1506708120,139.720,139.670,139.670,139.720,1099,745228
1506708180,139.660,139.660,139.660,139.660,1099,745228
1506708240,139.700,139.710,139.700,139.710,1099,745228
1506708300,139.600,139.550,139.550,139.600,1104,750727
1506708360,139.550,139.600,139.550,139.600,1101,750727
1506708420,139.550,139.600,139.550,139.600,1101,750727
1506708480,139.620,139.620,139.620,139.620,1101,750727
1506708540,139.620,139.620,139.620,139.620,1101,750727
1506708600,139.640,139.650,139.640,139.650,1203,756235
1506708660,139.660,139.670,139.660,139.670,1203,756235
1506708720,139.690,139.650,139.650,139.690,1203,756235
1506708780,139.620,139.600,139.590,139.620,1203,756235
1506708840,139.630,139.620,139.620,139.630,1203,756235
1506708900,139.640,139.640,139.640,139.660,1104,762250
1506708960,139.670,139.670,139.620,139.670,1104,762250
1506709020,139.660,139.660,139.660,139.660,1104,762250
1506709080,139.660,139.660,139.660,139.660,1104,762250
1506709140,139.700,139.710,139.700,139.710,1104,762250
1506709200,139.700,139.740,139.690,139.740,4523,767770
1506709260,139.700,139.720,139.700,139.730,4521,767770
1506709320,139.730,139.720,139.720,139.730,4521,767770
1506709380,139.710,139.760,139.690,139.760,4521,767770
1506709440,139.770,139.840,139.770,139.840,4521,767770
1506709500,139.820,139.820,139.800,139.820,3363,790377
1506709560,139.790,139.810,139.770,139.810,3361,790377
1506709620,139.790,139.790,139.790,139.790,3361,790377
1506709680,139.790,139.800,139.790,139.800,3361,790377
1506709740,139.790,139.710,139.710,139.790,3361,790377
1506709800,139.700,139.730,139.700,139.730,1277,807184
1506709860,139.700,139.730,139.700,139.730,1277,807184
1506709920,139.750,139.750,139.750,139.750,1277,807184
1506709980,139.740,139.730,139.700,139.740,1277,807184
1506710040,139.720,139.730,139.720,139.730,1277,807184
1506710100,139.740,139.740,139.740,139.740,911,813569
1506710160,139.730,139.730,139.730,139.730,908,813569
1506710220,139.730,139.680,139.660,139.730,908,813569
1506710280,139.680,139.660,139.660,139.680,908,813569
1506710340,139.640,139.620,139.620,139.640,908,813569
1506710400,139.580,139.580,139.580,139.580,1835,818112
1506710460,139.620,139.600,139.600,139.630,1831,818112
1506710520,139.570,139.560,139.560,139.570,1831,818112
1506710580,139.520,139.460,139.460,139.530,1831,818112
1506710640,139.470,139.430,139.430,139.480,1831,818112
1506710700,139.450,139.500,139.430,139.530,2170,827271
1506710760,139.550,139.550,139.550,139.550,2167,827271
1506710820,139.540,139.610,139.540,139.620,2167,827271
1506710880,139.640,139.620,139.620,139.640,2167,827271
1506710940,139.600,139.620,139.590,139.620,2167,827271
1506711000,139.630,139.600,139.600,139.630,1313,838109
1506711060,139.600,139.630,139.600,139.630,1312,838109
1506711120,139.610,139.570,139.570,139.610,1312,838109
1506711180,139.570,139.620,139.570,139.620,1312,838109
1506711240,139.570,139.620,139.570,139.620,1312,838109
1506711300,139.650,139.630,139.630,139.650,1784,844670
1506711360,139.620,139.630,139.620,139.630,1784,844670
1506711420,139.600,139.600,139.600,139.600,1784,844670
1506711480,139.620,139.650,139.610,139.700,1784,844670
1506711540,139.660,139.680,139.660,139.680,1784,844670
1506711600,139.640,139.580,139.570,139.640,2581,853590
1506711660,139.570,139.570,139.570,139.570,2577,853590
1506711720,139.610,139.700,139.610,139.740,2577,853590
1506711780,139.740,139.730,139.720,139.740,2577,853590
1506711840,139.730,139.730,139.710,139.730,2577,853590
1506711900,139.760,139.790,139.760,139.790,2134,866479
1506711960,139.780,139.740,139.740,139.780,2133,866479
1506712020,139.750,139.750,139.750,139.750,2133,866479
1506712080,139.750,139.730,139.720,139.750,2133,866479
1506712140,139.720,139.770,139.720,139.770,2133,866479
1506712200,139.730,139.720,139.700,139.750,2302,877145
1506712260,139.720,139.740,139.720,139.770,2300,877145
1506712320,139.810,139.800,139.760,139.810,2300,877145
1506712380,139.810,139.850,139.810,139.860,2300,877145
1506712440,139.870,139.890,139.870,139.890,2300,877145
1506712500,139.990,139.920,139.920,139.990,2436,888647
1506712560,139.940,139.920,139.920,139.940,2435,888647
1506712620,139.920,139.870,139.870,139.930,2435,888647
1506712680,139.810,139.810,139.810,139.810,2435,888647
1506712740,139.820,139.860,139.820,139.860,2435,888647
1506712800,139.830,139.800,139.800,139.830,2539,900823
1506712860,139.820,139.790,139.790,139.830,2537,900823
1506712920,139.780,139.750,139.730,139.780,2537,900823
1506712980,139.750,139.820,139.750,139.820,2537,900823
1506713040,139.830,139.770,139.740,139.830,2537,900823
1506713100,139.790,139.790,139.790,139.790,2250,913510
1506713160,139.820,139.770,139.770,139.820,2246,913510
1506713220,139.770,139.790,139.770,139.790,2246,913510
1506713280,139.770,139.760,139.750,139.770,2246,913510
1506713340,139.760,139.780,139.740,139.780,2246,913510
1506713400,139.810,139.760,139.760,139.810,3083,924744
1506713460,139.760,139.790,139.740,139.790,3079,924744
1506713520,139.820,139.800,139.800,139.850,3079,924744
1506713580,139.770,139.810,139.770,139.810,3079,924744
1506713640,139.790,139.790,139.780,139.800,3079,924744
1506713700,139.810,139.840,139.810,139.840,3864,940143
1506713760,139.830,139.930,139.830,139.930,3863,940143
1506713820,139.910,139.860,139.860,139.910,3863,940143
1506713880,139.840,139.870,139.840,139.880,3863,940143
1506713940,139.850,139.850,139.850,139.860,3863,940143
1506714000,139.870,139.870,139.860,139.890,5408,959459
1506714060,139.880,139.910,139.880,139.960,5404,959459
1506714120,139.940,139.950,139.920,139.950,5404,959459
1506714180,139.920,139.930,139.920,139.940,5404,959459
1506714240,139.960,139.920,139.880,139.960,5404,959459
1506714300,139.910,139.880,139.880,139.910,5294,986483
1506714360,139.910,139.850,139.850,139.910,5292,986483
1506714420,139.860,139.860,139.820,139.860,5292,986483
1506714480,139.850,139.840,139.840,139.850,5292,986483
1506714540,139.840,139.820,139.820,139.860,5292,986483
1506714600,139.790,139.800,139.770,139.800,5402,1012945
1506714660,139.820,139.830,139.820,139.840,5401,1012945
1506714720,139.810,139.740,139.740,139.810,5401,1012945
1506714780,139.730,139.700,139.700,139.730,5401,1012945
1506714840,139.700,139.690,139.690,139.700,5401,1012945
1506714900,139.710,139.730,139.710,139.760,51925,1039951
1506714960,139.730,139.650,139.650,139.740,51924,1039951
1506715020,139.660,139.640,139.630,139.680,51924,1039951
1506715080,139.650,139.710,139.650,139.720,51924,1039951
1506715140,139.740,139.740,139.740,139.740,51924,1039951
