1522675800,18.650,18.650,18.650,18.650,0,0
1522675920,18.650,18.650,18.650,18.650,0,0
1522676100,18.860,18.860,18.860,18.860,3990,0
1522676220,18.860,18.860,18.860,18.860,0,0
1522676280,18.860,18.860,18.860,18.860,0,0
1522676700,18.770,18.760,18.760,18.770,2632,3990
1522676820,18.770,18.760,18.760,18.770,0,0
1522676880,18.680,18.710,18.680,18.710,0,0
1522677000,18.700,18.700,18.700,18.700,383,6622
1522677180,18.710,18.710,18.710,18.710,0,0
1522677240,18.680,18.680,18.680,18.680,0,0
1522677300,18.720,18.720,18.720,18.720,101,7005
1522677360,18.720,18.720,18.720,18.720,0,0
1522677600,18.680,18.680,18.680,18.680,1869,7106
1522677660,18.680,18.680,18.680,18.680,0,0
1522677780,18.640,18.650,18.640,18.650,0,0
1522677900,18.630,18.630,18.630,18.630,1600,8975
1522678020,18.630,18.630,18.630,18.630,0,0
1522678080,18.600,18.600,18.600,18.600,0,0
1522678200,18.600,18.600,18.600,18.600,940,10575
1522678260,18.570,18.570,18.570,18.570,0,0
1522678500,18.550,18.550,18.550,18.550,828,11515
1522678740,18.550,18.550,18.550,18.550,0,0
1522678800,18.550,18.540,18.540,18.550,3868,12343
1522678860,18.550,18.540,18.540,18.550,0,0
1522678920,18.550,18.550,18.550,18.550,0,0
1522679100,18.580,18.580,18.580,18.580,2410,16211
1522679340,18.510,18.510,18.510,18.510,0,0
1522679400,18.510,18.490,18.490,18.510,2931,18621
1522679520,18.510,18.490,18.490,18.510,0,0
1522679700,18.490,18.400,18.400,18.490,3022,21552
1522679760,18.450,18.450,18.450,18.450,0,0
1522679820,18.460,18.460,18.460,18.460,0,0
1522679880,18.460,18.440,18.440,18.460,0,0
1522679940,18.490,18.490,18.490,18.490,0,0
1522680000,18.550,18.550,18.550,18.550,2369,24574
1522680180,18.510,18.510,18.510,18.510,0,0
1522680240,18.530,18.530,18.530,18.530,0,0
1522680300,18.520,18.500,18.500,18.520,1056,26943
1522680540,18.460,18.460,18.460,18.460,0,0
1522680600,18.450,18.450,18.450,18.450,1404,27999
1522680780,18.430,18.430,18.430,18.430,0,0
1522680900,18.420,18.420,18.420,18.420,1202,29403
1522680960,18.430,18.430,18.430,18.430,0,0
1522681080,18.440,18.440,18.440,18.440,0,0
1522681200,18.440,18.440,18.440,18.440,1530,30605
1522681260,18.470,18.470,18.470,18.470,0,0
1522681320,18.430,18.470,18.430,18.470,0,0
1522681500,18.450,18.440,18.440,18.450,1852,32135
1522681560,18.440,18.440,18.440,18.440,0,0
1522681620,18.420,18.420,18.420,18.420,0,0
1522681740,18.440,18.440,18.440,18.440,0,0
1522682100,18.440,18.440,18.440,18.440,2100,33987
1522682160,18.450,18.450,18.450,18.450,0,0
1522682220,18.480,18.470,18.470,18.480,0,0
1522682280,18.460,18.460,18.460,18.460,0,0
1522682340,18.440,18.470,18.440,18.470,0,0
1522682400,18.450,18.450,18.450,18.450,1701,36087
1522682460,18.450,18.450,18.450,18.450,0,0
1522682520,18.410,18.410,18.410,18.410,0,0
1522682640,18.460,18.460,18.460,18.460,0,0
1522682700,18.410,18.410,18.410,18.410,10782,37788
1522682940,18.420,18.450,18.420,18.450,0,0
1522683000,18.400,18.400,18.400,18.400,26512,48570
1522683120,18.400,18.400,18.400,18.400,0,0
1522683240,18.400,18.340,18.310,18.400,0,0
1522683300,18.360,18.340,18.340,18.360,4870,75082
1522683360,18.320,18.320,18.320,18.320,0,0
1522683420,18.300,18.300,18.300,18.300,0,0
1522683540,18.280,18.300,18.280,18.300,0,0
1522683600,18.240,18.270,18.240,18.270,5546,79952
1522683660,18.240,18.270,18.240,18.270,0,0
1522683780,18.310,18.310,18.310,18.310,0,0
1522683840,18.240,18.230,18.230,18.250,0,0
1522683900,18.280,18.320,18.280,18.320,400,85498
1522684080,18.280,18.320,18.280,18.320,0,0
1522684200,18.310,18.300,18.300,18.310,16582,85898
1522684260,18.310,18.300,18.300,18.310,0,0
1522684320,18.280,18.260,18.260,18.280,0,0
1522684500,18.320,18.320,18.320,18.320,967,102480
1522684620,18.320,18.320,18.320,18.320,0,0
1522684740,18.300,18.300,18.300,18.300,0,0
1522684800,18.330,18.330,18.330,18.330,1932,103447
1522684920,18.290,18.290,18.290,18.290,0,0
1522685040,18.280,18.290,18.280,18.290,0,0
1522685100,18.260,18.260,18.260,18.260,1214,105379
1522685160,18.260,18.260,18.260,18.260,0,0
1522685220,18.250,18.250,18.250,18.250,0,0
1522685280,18.260,18.260,18.260,18.260,0,0
1522685340,18.260,18.260,18.260,18.260,0,0
1522685400,18.280,18.250,18.250,18.280,2213,106593
1522685520,18.240,18.240,18.240,18.240,0,0
1522685700,18.230,18.230,18.230,18.230,5948,108806
1522685820,18.230,18.230,18.230,18.230,0,0
1522685940,18.250,18.250,18.250,18.250,0,0
1522686000,18.260,18.260,18.260,18.260,6427,114754
1522686060,18.270,18.270,18.270,18.270,0,0
1522686180,18.280,18.280,18.280,18.280,0,0
1522686300,18.290,18.300,18.290,18.300,701,121181
1522686480,18.290,18.300,18.290,18.300,0,0
1522686600,18.320,18.350,18.320,18.350,953,121882
1522686660,18.320,18.350,18.320,18.350,0,0
1522686720,18.350,18.350,18.350,18.350,0,0
1522686900,18.410,18.420,18.410,18.420,1011,122835
1522687020,18.410,18.420,18.410,18.420,0,0
1522687140,18.410,18.410,18.410,18.410,0,0
1522687200,18.390,18.390,18.390,18.390,902,123846
1522687320,18.380,18.380,18.380,18.380,0,0
1522687380,18.410,18.410,18.410,18.410,0,0
1522687500,18.430,18.430,18.430,18.430,1569,124748
1522687560,18.400,18.400,18.400,18.400,0,0
1522687680,18.390,18.390,18.390,18.390,0,0
1522687800,18.380,18.380,18.380,18.380,1007,126317
1522687860,18.380,18.380,18.380,18.380,0,0
1522687920,18.380,18.380,18.380,18.380,0,0
1522688040,18.380,18.430,18.380,18.430,0,0
1522688100,18.400,18.400,18.400,18.400,200,127324
1522688160,18.400,18.400,18.400,18.400,0,0
1522688400,18.440,18.440,18.440,18.440,951,127524
1522688520,18.420,18.420,18.420,18.420,0,0
1522688700,18.410,18.410,18.410,18.410,1300,128475
1522689000,18.410,18.410,18.410,18.410,1009,129775
1522689060,18.410,18.410,18.410,18.410,0,0
1522689240,18.390,18.390,18.390,18.390,0,0
1522689300,18.370,18.370,18.370,18.370,306,130784
1522689420,18.370,18.370,18.370,18.370,0,0
1522689600,18.340,18.340,18.340,18.340,324,131090
1522689660,18.340,18.340,18.340,18.340,0,0
1522689900,18.330,18.330,18.330,18.330,917,131414
1522690080,18.230,18.230,18.230,18.230,0,0
1522690200,18.310,18.310,18.310,18.310,790,132331
1522690320,18.310,18.310,18.310,18.310,0,0
1522690440,18.300,18.300,18.300,18.300,0,0
1522690500,18.280,18.290,18.280,18.290,1890,133121
1522690740,18.280,18.290,18.280,18.290,0,0
1522690800,18.250,18.250,18.250,18.250,2526,135011
1522690860,18.250,18.250,18.250,18.250,0,0
1522690920,18.240,18.230,18.230,18.240,0,0
1522691100,18.210,18.210,18.210,18.210,1728,137537
1522691160,18.180,18.180,18.180,18.180,0,0
1522691220,18.220,18.220,18.220,18.220,0,0
1522691280,18.220,18.220,18.220,18.220,0,0
1522691340,18.220,18.220,18.220,18.220,0,0
1522691400,18.200,18.200,18.200,18.200,2006,139265
1522691460,18.210,18.210,18.210,18.210,0,0
1522691520,18.210,18.210,18.210,18.210,0,0
1522691580,18.240,18.240,18.240,18.240,0,0
1522691700,18.160,18.160,18.160,18.160,619,141271
1522691880,18.160,18.160,18.160,18.160,0,0
1522691940,18.200,18.200,18.200,18.200,0,0
1522692000,18.170,18.170,18.170,18.170,2881,141890
1522692060,18.180,18.180,18.180,18.180,0,0
1522692120,18.150,18.150,18.150,18.150,0,0
1522692180,18.120,18.120,18.120,18.120,0,0
1522692240,18.110,18.110,18.110,18.110,0,0
1522692300,18.110,18.140,18.110,18.140,608,144771
1522692360,18.110,18.140,18.110,18.140,0,0
1522692420,18.130,18.130,18.130,18.130,0,0
1522692600,18.150,18.150,18.150,18.150,1336,145379
1522692660,18.140,18.140,18.140,18.140,0,0
1522692720,18.130,18.130,18.130,18.130,0,0
1522692780,18.150,18.150,18.150,18.150,0,0
1522692900,18.180,18.200,18.180,18.200,666,146715
1522693140,18.180,18.200,18.180,18.200,0,0
1522693200,18.260,18.240,18.240,18.260,1288,147381
1522693380,18.260,18.240,18.240,18.260,0,0
1522693440,18.220,18.210,18.210,18.220,0,0
1522693500,18.180,18.180,18.180,18.180,1199,148669
1522693560,18.180,18.180,18.180,18.180,0,0
1522693620,18.160,18.160,18.160,18.160,0,0
1522693680,18.160,18.160,18.160,18.160,0,0
1522693740,18.180,18.180,18.180,18.180,0,0
1522693800,18.200,18.210,18.200,18.210,920,149868
1522693860,18.200,18.210,18.200,18.210,0,0
1522693920,18.200,18.200,18.200,18.200,0,0
1522693980,18.210,18.210,18.210,18.210,0,0
1522694040,18.210,18.210,18.210,18.210,0,0
1522694100,18.210,18.210,18.210,18.210,1741,150788
1522694160,18.220,18.200,18.200,18.220,0,0
1522694220,18.180,18.190,18.180,18.190,0,0
1522694400,18.180,18.150,18.150,18.180,1020,152529
1522694460,18.140,18.140,18.140,18.140,0,0
1522694700,18.170,18.170,18.170,18.170,701,153549
1522694760,18.170,18.170,18.170,18.170,0,0
1522694940,18.230,18.250,18.230,18.250,0,0
1522695000,18.250,18.230,18.230,18.250,1819,154250
1522695060,18.270,18.270,18.270,18.270,0,0
1522695120,18.250,18.280,18.250,18.280,0,0
1522695240,18.260,18.260,18.260,18.260,0,0
1522695300,18.260,18.260,18.260,18.260,2191,156069
1522695420,18.270,18.270,18.270,18.270,0,0
1522695480,18.270,18.270,18.270,18.270,0,0
1522695540,18.260,18.260,18.260,18.260,0,0
1522695600,18.270,18.290,18.270,18.290,1000,158260
1522695780,18.270,18.290,18.270,18.290,0,0
1522695840,18.290,18.290,18.290,18.290,0,0
1522695900,18.280,18.260,18.260,18.280,1267,159260
1522695960,18.260,18.260,18.260,18.260,0,0
1522696080,18.290,18.290,18.290,18.290,0,0
1522696200,18.270,18.270,18.270,18.270,1388,160527
1522696260,18.280,18.280,18.280,18.280,0,0
1522696440,18.300,18.320,18.300,18.320,0,0
1522696500,18.310,18.310,18.310,18.310,2617,161915
1522696560,18.300,18.300,18.300,18.300,0,0
1522696620,18.320,18.320,18.320,18.320,0,0
1522696680,18.320,18.320,18.320,18.320,0,0
1522696740,18.320,18.330,18.320,18.330,0,0
1522696800,18.330,18.300,18.300,18.330,2485,164532
1522696860,18.280,18.280,18.280,18.280,0,0
1522696920,18.270,18.270,18.270,18.270,0,0
1522696980,18.270,18.270,18.270,18.270,0,0
1522697100,18.270,18.250,18.250,18.270,486,167017
1522697220,18.250,18.250,18.250,18.250,0,0
1522697280,18.250,18.250,18.250,18.250,0,0
1522697400,18.270,18.290,18.270,18.290,2468,167503
1522697460,18.280,18.280,18.280,18.280,0,0
1522697520,18.250,18.250,18.250,18.250,0,0
1522697580,18.240,18.240,18.240,18.240,0,0
1522697640,18.200,18.200,18.200,18.200,0,0
1522697700,18.230,18.220,18.220,18.230,2131,169971
1522697760,18.220,18.220,18.220,18.220,0,0
1522697820,18.220,18.230,18.220,18.230,0,0
1522697880,18.210,18.210,18.210,18.210,0,0
1522697940,18.200,18.170,18.170,18.200,0,0
1522698000,18.180,18.190,18.180,18.190,9439,172102
1522698180,18.240,18.240,18.240,18.240,0,0
1522698240,18.280,18.240,18.240,18.280,0,0
1522698300,18.260,18.290,18.260,18.290,1581,181541
1522698360,18.260,18.290,18.260,18.290,0,0
1522698600,18.290,18.330,18.290,18.330,6044,183122
1522698660,18.330,18.330,18.330,18.330,0,0
1522698780,18.320,18.340,18.320,18.340,0,0
1522698840,18.350,18.350,18.350,18.350,0,0
1522698900,18.340,18.330,18.330,18.340,31274,189166
1522698960,18.320,18.320,18.320,18.320,0,0
1522699020,18.290,18.290,18.290,18.290,0,0
1522699080,18.290,18.280,18.280,18.290,0,0
1522699140,18.280,18.240,18.230,18.300,0,0
1522762200,18.340,18.340,18.340,18.340,0,0
1522762500,18.400,18.280,18.280,18.400,1897,0
1522762800,18.370,18.370,18.370,18.370,530,1897
1522762860,18.370,18.370,18.370,18.370,0,0
1522762980,18.320,18.320,18.320,18.320,0,0
1522763100,18.320,18.360,18.320,18.360,745,2427
1522763400,18.340,18.370,18.340,18.370,1431,3172
1522763700,18.330,18.330,18.330,18.330,310,4603
1522763760,18.330,18.330,18.330,18.330,0,0
1522764000,18.390,18.430,18.370,18.430,806,4913
1522764240,18.390,18.430,18.370,18.430,0,0
1522764300,18.360,18.360,18.360,18.360,1150,5719
1522764360,18.360,18.360,18.360,18.360,0,0
1522764420,18.360,18.360,18.360,18.360,0,0
1522764540,18.350,18.350,18.350,18.350,0,0
1522764900,18.330,18.330,18.330,18.330,2027,6869
1522765080,18.370,18.370,18.370,18.370,0,0
1522765140,18.360,18.310,18.310,18.360,0,0
1522765200,18.380,18.380,18.380,18.380,410,8896
1522765320,18.380,18.380,18.380,18.380,0,0
1522765500,18.330,18.330,18.330,18.330,1523,9306
1522765620,18.310,18.320,18.310,18.320,0,0
1522765680,18.310,18.340,18.300,18.340,0,0
1522765800,18.370,18.370,18.370,18.370,701,10829
1522765860,18.370,18.370,18.370,18.370,0,0
1522765920,18.390,18.390,18.390,18.390,0,0
1522766100,18.440,18.450,18.440,18.450,1784,11530
1522766220,18.400,18.400,18.400,18.400,0,0
1522766280,18.410,18.410,18.410,18.410,0,0
1522766340,18.430,18.430,18.430,18.430,0,0
1522766400,18.490,18.490,18.490,18.490,520,13314
1522766580,18.470,18.470,18.470,18.470,0,0
1522766700,18.460,18.510,18.460,18.510,1023,13834
1522767000,18.520,18.520,18.520,18.520,1913,14857
1522767120,18.520,18.520,18.520,18.520,0,0
1522767180,18.520,18.520,18.520,18.520,0,0
1522767240,18.470,18.470,18.470,18.470,0,0
1522767300,18.490,18.490,18.490,18.490,1099,16770
1522767420,18.500,18.500,18.500,18.500,0,0
1522767600,18.530,18.530,18.530,18.530,406,17869
1522767720,18.560,18.560,18.560,18.560,0,0
1522767900,18.550,18.540,18.540,18.550,1140,18275
1522767960,18.560,18.560,18.560,18.560,0,0
1522768200,18.560,18.540,18.540,18.560,2625,19415
1522768260,18.510,18.510,18.510,18.510,0,0
1522768500,18.480,18.480,18.480,18.480,633,22040
1522768620,18.480,18.480,18.480,18.480,0,0
1522768740,18.490,18.490,18.490,18.490,0,0
1522768800,18.470,18.470,18.470,18.470,574,22673
1522768860,18.490,18.490,18.490,18.490,0,0
1522769100,18.500,18.500,18.500,18.500,1504,23247
1522769160,18.500,18.500,18.500,18.500,0,0
1522769220,18.520,18.570,18.520,18.570,0,0
1522769400,18.540,18.520,18.520,18.540,2448,24751
1522769520,18.540,18.520,18.520,18.540,0,0
1522769700,18.560,18.560,18.560,18.560,1933,27199
1522769820,18.510,18.530,18.510,18.530,0,0
1522769880,18.510,18.530,18.510,18.530,0,0
1522770000,18.520,18.520,18.520,18.520,600,29132
1522770120,18.520,18.520,18.520,18.520,0,0
1522770180,18.510,18.510,18.510,18.510,0,0
1522770300,18.510,18.510,18.510,18.510,2003,29732
1522770480,18.550,18.550,18.550,18.550,0,0
1522770540,18.550,18.540,18.540,18.550,0,0
1522770600,18.530,18.530,18.530,18.530,500,31735
1522770660,18.530,18.530,18.530,18.530,0,0
1522770720,18.540,18.540,18.540,18.540,0,0
1522770900,18.540,18.550,18.540,18.550,822,32235
1522771080,18.560,18.560,18.560,18.560,0,0
1522771140,18.550,18.550,18.550,18.550,0,0
1522771200,18.570,18.570,18.570,18.570,731,33057
1522771260,18.590,18.590,18.590,18.590,0,0
1522771320,18.590,18.600,18.590,18.600,0,0
1522771380,18.600,18.600,18.600,18.600,0,0
1522771500,18.600,18.600,18.600,18.600,1056,33788
1522771620,18.600,18.600,18.600,18.600,0,0
1522771680,18.590,18.610,18.590,18.610,0,0
1522771800,18.590,18.590,18.590,18.590,240,34844
1522771860,18.590,18.590,18.590,18.590,0,0
1522772100,18.600,18.600,18.600,18.600,2526,35084
1522772160,18.600,18.600,18.600,18.600,0,0
1522772220,18.580,18.570,18.570,18.580,0,0
1522772400,18.560,18.560,18.560,18.560,1800,37610
1522772460,18.560,18.560,18.560,18.560,0,0
1522772520,18.560,18.560,18.560,18.560,0,0
1522772580,18.530,18.520,18.520,18.530,0,0
1522772700,18.570,18.570,18.570,18.570,508,39410
1522773000,18.530,18.530,18.530,18.530,1016,39918
1522773180,18.560,18.560,18.560,18.560,0,0
1522773300,18.560,18.560,18.560,18.560,310,40934
1522773360,18.560,18.560,18.560,18.560,0,0
1522773420,18.560,18.560,18.560,18.560,0,0
1522773600,18.570,18.570,18.570,18.570,2385,41244
1522773660,18.560,18.560,18.560,18.560,0,0
1522773720,18.590,18.590,18.590,18.590,0,0
1522773900,18.570,18.570,18.570,18.570,1750,43629
1522773960,18.570,18.570,18.570,18.570,0,0
1522774020,18.560,18.560,18.560,18.560,0,0
1522774080,18.540,18.520,18.520,18.540,0,0
1522774200,18.520,18.520,18.520,18.520,1485,45379
1522774260,18.520,18.520,18.520,18.520,0,0
1522774320,18.510,18.510,18.510,18.510,0,0
1522774380,18.510,18.520,18.510,18.520,0,0
1522774440,18.500,18.500,18.500,18.500,0,0
1522774500,18.510,18.510,18.510,18.510,1290,46864
1522774740,18.510,18.510,18.510,18.510,0,0
1522774800,18.480,18.480,18.480,18.480,546,48154
1522774860,18.480,18.480,18.480,18.480,0,0
1522775100,18.500,18.500,18.500,18.500,210,48700
1522775160,18.500,18.500,18.500,18.500,0,0
1522775400,18.470,18.470,18.470,18.470,730,48910
1522775580,18.470,18.470,18.470,18.470,0,0
1522775700,18.480,18.480,18.480,18.480,450,49640
1522775880,18.480,18.480,18.480,18.480,0,0
1522776000,18.470,18.470,18.470,18.470,562,50090
1522776180,18.500,18.500,18.500,18.500,0,0
1522776600,18.560,18.580,18.560,18.580,905,50652
1522776660,18.560,18.580,18.560,18.580,0,0
1522776720,18.570,18.570,18.570,18.570,0,0
1522776840,18.580,18.580,18.580,18.580,0,0
1522776900,18.500,18.500,18.500,18.500,1859,51557
1522776960,18.500,18.500,18.500,18.500,0,0
1522777080,18.500,18.500,18.500,18.500,0,0
1522777200,18.500,18.500,18.500,18.500,511,53416
1522777320,18.520,18.520,18.520,18.520,0,0
1522777500,18.510,18.510,18.510,18.510,2186,53927
1522777560,18.510,18.510,18.510,18.510,0,0
1522777680,18.470,18.470,18.470,18.470,0,0
1522777740,18.460,18.460,18.460,18.460,0,0
1522777800,18.470,18.470,18.470,18.470,907,56113
1522777920,18.470,18.470,18.470,18.470,0,0
1522778040,18.470,18.470,18.470,18.470,0,0
1522778100,18.500,18.500,18.500,18.500,100,57020
1522778280,18.470,18.470,18.470,18.470,0,0
1522778400,18.500,18.490,18.490,18.500,1270,57120
1522778460,18.500,18.490,18.490,18.500,0,0
1522778700,18.520,18.510,18.510,18.530,2489,58390
1522778760,18.520,18.510,18.510,18.530,0,0
1522778820,18.500,18.500,18.500,18.500,0,0
1522778940,18.520,18.520,18.520,18.520,0,0
1522779300,18.520,18.520,18.520,18.520,832,60879
1522779360,18.520,18.520,18.520,18.520,0,0
1522779420,18.520,18.520,18.520,18.520,0,0
1522779900,18.500,18.510,18.500,18.510,1749,61711
1522780020,18.500,18.510,18.500,18.510,0,0
1522780080,18.500,18.500,18.500,18.500,0,0
1522780200,18.480,18.480,18.480,18.480,2052,63460
1522780260,18.480,18.490,18.480,18.490,0,0
1522780320,18.480,18.480,18.480,18.480,0,0
1522780380,18.470,18.470,18.470,18.470,0,0
1522780500,18.480,18.480,18.480,18.480,1501,65512
1522780560,18.480,18.480,18.480,18.480,0,0
1522780680,18.490,18.490,18.490,18.490,0,0
1522780740,18.490,18.480,18.480,18.490,0,0
1522780800,18.500,18.500,18.500,18.500,1801,67013
1522781040,18.480,18.460,18.460,18.480,0,0
1522781100,18.460,18.460,18.460,18.460,2216,68814
1522781220,18.460,18.480,18.460,18.480,0,0
1522781280,18.480,18.490,18.480,18.490,0,0
1522781340,18.480,18.520,18.480,18.520,0,0
1522781400,18.510,18.510,18.510,18.510,601,71030
1522781460,18.510,18.510,18.510,18.510,0,0
1522781700,18.500,18.500,18.500,18.500,1514,71631
1522781760,18.550,18.550,18.550,18.550,0,0
1522781880,18.570,18.570,18.570,18.570,0,0
1522782000,18.580,18.580,18.580,18.580,2373,73145
1522782060,18.580,18.580,18.580,18.580,0,0
1522782120,18.580,18.580,18.580,18.580,0,0
1522782180,18.590,18.590,18.590,18.590,0,0
1522782300,18.620,18.620,18.620,18.620,4192,75518
1522782360,18.640,18.640,18.640,18.640,0,0
1522782480,18.680,18.680,18.680,18.680,0,0
1522782540,18.680,18.680,18.680,18.680,0,0
1522782600,18.700,18.680,18.680,18.700,2856,79710
1522782660,18.680,18.710,18.680,18.710,0,0
1522782720,18.700,18.690,18.690,18.700,0,0
1522782780,18.660,18.640,18.640,18.660,0,0
1522782900,18.640,18.640,18.640,18.640,1589,82566
1522783020,18.650,18.650,18.650,18.650,0,0
1522783080,18.670,18.670,18.670,18.670,0,0
1522783140,18.700,18.700,18.700,18.700,0,0
1522783200,18.710,18.710,18.710,18.710,2189,84155
1522783260,18.690,18.680,18.680,18.690,0,0
1522783380,18.680,18.680,18.680,18.680,0,0
1522783500,18.710,18.710,18.710,18.710,587,86344
1522783680,18.710,18.710,18.710,18.710,0,0
1522783740,18.720,18.730,18.720,18.730,0,0
1522783800,18.720,18.710,18.710,18.720,9899,86931
1522783860,18.690,18.690,18.690,18.690,0,0
1522783980,18.660,18.640,18.640,18.660,0,0
1522784040,18.630,18.610,18.610,18.630,0,0
1522784100,18.610,18.580,18.580,18.610,7535,96830
1522784160,18.550,18.580,18.550,18.580,0,0
1522784220,18.560,18.560,18.560,18.560,0,0
1522784280,18.590,18.610,18.590,18.610,0,0
1522784400,18.620,18.620,18.620,18.620,3242,104365
1522784460,18.620,18.610,18.610,18.620,0,0
1522784640,18.600,18.600,18.600,18.600,0,0
1522784700,18.620,18.610,18.610,18.620,6426,107607
1522784760,18.620,18.620,18.620,18.620,0,0
1522784880,18.590,18.580,18.570,18.590,0,0
1522784940,18.590,18.590,18.590,18.590,0,0
1522785000,18.590,18.600,18.570,18.620,3478,114033
1522785060,18.610,18.600,18.600,18.640,0,0
1522785300,18.610,18.600,18.600,18.610,16009,117511
1522785360,18.610,18.600,18.600,18.610,0,0
1522785420,18.610,18.600,18.600,18.610,0,0
1522785480,18.610,18.610,18.610,18.610,0,0
1522785540,18.610,18.640,18.610,18.640,0,0
1522848600,18.360,18.360,18.360,18.360,0,0
1522848900,18.430,18.430,18.430,18.430,1225,0
1522848960,18.430,18.430,18.430,18.430,0,0
1522849020,18.480,18.480,18.480,18.480,0,0
1522849200,18.710,18.710,18.710,18.710,100,1225
1522849440,18.710,18.710,18.710,18.710,0,0
1522849500,18.720,18.710,18.710,18.720,2901,1325
1522849560,18.710,18.710,18.710,18.710,0,0
1522849620,18.630,18.630,18.630,18.630,0,0
1522849680,18.620,18.620,18.620,18.620,0,0
1522849800,18.580,18.580,18.580,18.580,2429,4226
1522849860,18.580,18.580,18.580,18.580,0,0
1522850040,18.640,18.690,18.640,18.690,0,0
1522850100,18.700,18.700,18.700,18.700,300,6655
1522850340,18.750,18.750,18.750,18.750,0,0
1522850400,18.720,18.820,18.720,18.820,2893,6955
1522850460,18.830,18.780,18.780,18.830,0,0
1522850580,18.740,18.710,18.710,18.740,0,0
1522850700,18.710,18.710,18.710,18.710,1752,9848
1522850820,18.700,18.700,18.700,18.700,0,0
1522850880,18.700,18.700,18.700,18.700,0,0
1522850940,18.680,18.680,18.680,18.680,0,0
1522851000,18.640,18.680,18.640,18.680,1722,11600
1522851060,18.680,18.680,18.680,18.680,0,0
1522851120,18.720,18.720,18.720,18.720,0,0
1522851180,18.650,18.650,18.650,18.650,0,0
1522851300,18.670,18.670,18.670,18.670,1683,13322
1522851360,18.660,18.660,18.660,18.660,0,0
1522851420,18.660,18.590,18.590,18.660,0,0
1522851600,18.550,18.550,18.550,18.550,1410,15005
1522851660,18.550,18.570,18.550,18.570,0,0
1522851720,18.520,18.520,18.520,18.520,0,0
1522851840,18.600,18.600,18.600,18.600,0,0
1522851900,18.510,18.510,18.510,18.510,1853,16415
1522852020,18.600,18.600,18.600,18.600,0,0
1522852080,18.580,18.580,18.580,18.580,0,0
1522852200,18.610,18.610,18.610,18.610,3009,18268
1522852260,18.610,18.610,18.610,18.610,0,0
1522852320,18.700,18.700,18.700,18.700,0,0
1522852500,18.650,18.650,18.650,18.650,2430,21277
1522852560,18.650,18.650,18.650,18.650,0,0
1522852740,18.670,18.730,18.670,18.730,0,0
1522852800,18.720,18.720,18.720,18.720,200,23707
1522852980,18.720,18.720,18.720,18.720,0,0
1522853100,18.710,18.710,18.710,18.710,1802,23907
1522853160,18.760,18.770,18.760,18.770,0,0
1522853220,18.810,18.750,18.750,18.810,0,0
1522853400,18.750,18.750,18.750,18.750,1866,25709
1522853460,18.720,18.720,18.720,18.720,0,0
1522853700,18.690,18.690,18.690,18.690,1775,27575
1522853760,18.710,18.760,18.710,18.760,0,0
1522853940,18.720,18.720,18.720,18.720,0,0
1522854000,18.700,18.690,18.690,18.700,3844,29350
1522854060,18.700,18.690,18.690,18.700,0,0
1522854180,18.680,18.670,18.670,18.680,0,0
1522854300,18.680,18.670,18.670,18.680,793,33194
1522854360,18.680,18.670,18.670,18.680,0,0
1522854420,18.680,18.680,18.680,18.680,0,0
1522854600,18.680,18.710,18.680,18.710,4086,33987
1522854660,18.680,18.710,18.680,18.710,0,0
1522854780,18.660,18.650,18.650,18.660,0,0
1522854840,18.650,18.650,18.650,18.650,0,0
1522854900,18.710,18.680,18.680,18.710,4076,38073
1522854960,18.720,18.720,18.720,18.720,0,0
1522855200,18.750,18.750,18.750,18.750,2903,42149
1522855260,18.750,18.750,18.750,18.750,0,0
1522855380,18.780,18.780,18.780,18.780,0,0
1522855440,18.790,18.790,18.790,18.790,0,0
1522855500,18.800,18.800,18.800,18.800,315,45052
1522855620,18.790,18.790,18.790,18.790,0,0
1522855800,18.750,18.750,18.750,18.750,2102,45367
1522855860,18.780,18.810,18.780,18.810,0,0
1522855980,18.800,18.800,18.800,18.800,0,0
1522856100,18.790,18.790,18.790,18.790,2176,47469
1522856280,18.790,18.790,18.790,18.790,0,0
1522856340,18.780,18.780,18.780,18.780,0,0
1522856700,18.760,18.760,18.760,18.760,2945,49645
1522856760,18.760,18.760,18.760,18.760,0,0
1522856820,18.800,18.800,18.800,18.800,0,0
1522857000,18.780,18.780,18.780,18.780,1459,52590
1522857060,18.780,18.780,18.780,18.780,0,0
1522857300,18.770,18.770,18.770,18.770,900,54049
1522857600,18.790,18.790,18.790,18.790,1515,54949
1522857660,18.800,18.800,18.800,18.800,0,0
1522857780,18.790,18.790,18.790,18.790,0,0
1522857900,18.790,18.770,18.770,18.790,2980,56464
1522857960,18.770,18.770,18.770,18.770,0,0
1522858080,18.790,18.790,18.790,18.790,0,0
1522858140,18.820,18.820,18.820,18.820,0,0
1522858200,18.800,18.800,18.800,18.800,2070,59444
1522858260,18.800,18.800,18.800,18.800,0,0
1522858320,18.820,18.820,18.820,18.820,0,0
1522858440,18.810,18.810,18.810,18.810,0,0
1522858500,18.820,18.820,18.820,18.820,200,61514
1522858680,18.820,18.820,18.820,18.820,0,0
1522858800,18.790,18.790,18.790,18.790,2150,61714
1522858980,18.800,18.820,18.800,18.820,0,0
1522859100,18.840,18.840,18.840,18.840,1377,63864
1522859220,18.840,18.840,18.840,18.840,0,0
1522859280,18.860,18.860,18.860,18.860,0,0
1522859340,18.860,18.860,18.860,18.860,0,0
1522859400,18.860,18.860,18.860,18.860,2159,65241
1522859520,18.870,18.870,18.870,18.870,0,0
1522859640,18.880,18.880,18.880,18.880,0,0
1522859700,18.940,18.940,18.940,18.940,255,67400
1522859820,18.940,18.940,18.940,18.940,0,0
1522860000,18.930,18.930,18.930,18.930,3236,67655
1522860180,18.930,18.930,18.930,18.930,0,0
1522860240,18.920,18.920,18.920,18.920,0,0
1522860300,18.930,18.930,18.930,18.930,790,70891
1522860480,18.930,18.930,18.930,18.930,0,0
1522860600,18.930,18.930,18.930,18.930,2033,71681
1522860720,18.910,18.910,18.910,18.910,0,0
1522860780,18.890,18.890,18.890,18.890,0,0
1522861200,18.880,18.880,18.880,18.880,1821,73714
1522861260,18.880,18.880,18.880,18.880,0,0
1522861380,18.860,18.860,18.860,18.860,0,0
1522861500,18.860,18.860,18.860,18.860,830,75535
1522861560,18.860,18.860,18.860,18.860,0,0
1522861680,18.850,18.830,18.830,18.850,0,0
1522861800,18.810,18.830,18.810,18.830,543,76365
1522861860,18.810,18.830,18.810,18.830,0,0
1522862100,18.850,18.850,18.850,18.850,1694,76908
1522862220,18.850,18.850,18.850,18.850,0,0
1522862280,18.850,18.850,18.850,18.850,0,0
1522862340,18.840,18.840,18.840,18.840,0,0
1522862400,18.830,18.830,18.830,18.830,1219,78602
1522862460,18.830,18.810,18.810,18.830,0,0
1522862640,18.800,18.800,18.800,18.800,0,0
1522862700,18.800,18.800,18.800,18.800,1530,79821
1522862820,18.800,18.800,18.800,18.800,0,0
1522862940,18.820,18.820,18.820,18.820,0,0
1522863000,18.860,18.860,18.860,18.860,684,81351
1522863180,18.860,18.860,18.860,18.860,0,0
1522863240,18.860,18.860,18.860,18.860,0,0
1522863600,18.880,18.880,18.880,18.880,3658,82035
1522863660,18.890,18.880,18.880,18.890,0,0
1522863840,18.890,18.880,18.880,18.890,0,0
1522863900,18.880,18.850,18.850,18.880,1887,85693
1522864080,18.840,18.840,18.840,18.840,0,0
1522864140,18.820,18.820,18.820,18.820,0,0
1522864200,18.820,18.830,18.820,18.830,704,87580
1522864380,18.820,18.830,18.820,18.830,0,0
1522864440,18.830,18.830,18.830,18.830,0,0
1522864500,18.830,18.830,18.830,18.830,716,88284
1522864680,18.870,18.870,18.870,18.870,0,0
1522864740,18.890,18.890,18.890,18.890,0,0
1522864800,18.870,18.870,18.870,18.870,1755,89000
1522864860,18.890,18.890,18.890,18.890,0,0
1522864920,18.880,18.860,18.860,18.880,0,0
1522865040,18.870,18.870,18.870,18.870,0,0
1522865100,18.860,18.890,18.860,18.890,2882,90755
1522865280,18.890,18.860,18.860,18.890,0,0
1522865400,18.860,18.860,18.860,18.860,1110,93637
1522865640,18.880,18.880,18.880,18.880,0,0
1522865700,18.890,18.900,18.890,18.900,1307,94747
1522865760,18.910,18.910,18.910,18.910,0,0
1522865940,18.950,18.950,18.950,18.950,0,0
1522866000,18.950,18.950,18.950,18.950,3333,96054
1522866060,18.950,18.950,18.950,18.950,0,0
1522866180,18.960,18.920,18.920,18.960,0,0
1522866240,18.930,18.930,18.930,18.930,0,0
1522866300,18.930,18.930,18.930,18.930,1145,99387
1522866420,18.910,18.910,18.910,18.910,0,0
1522866540,18.950,18.950,18.950,18.950,0,0
1522866600,18.960,18.940,18.940,18.960,2215,100532
1522866780,18.940,18.940,18.940,18.940,0,0
1522866840,18.920,18.920,18.920,18.920,0,0
1522866900,18.900,18.900,18.900,18.900,345,102747
1522867080,18.900,18.900,18.900,18.900,0,0
1522867200,18.870,18.870,18.870,18.870,2060,103092
1522867320,18.890,18.910,18.890,18.910,0,0
1522867380,18.920,18.930,18.920,18.930,0,0
1522867500,18.920,18.920,18.920,18.920,1204,105152
1522867560,18.920,18.920,18.920,18.920,0,0
1522867620,18.900,18.900,18.900,18.900,0,0
1522867800,18.880,18.870,18.870,18.880,1437,106356
1522867860,18.900,18.900,18.900,18.900,0,0
1522868100,18.940,18.940,18.940,18.940,1955,107793
1522868220,18.940,18.940,18.940,18.940,0,0
1522868280,18.950,18.950,18.950,18.950,0,0
1522868400,18.940,18.940,18.940,18.940,1841,109748
1522868460,18.980,18.980,18.980,18.980,0,0
1522868520,18.960,18.960,18.960,18.960,0,0
1522868640,18.980,18.980,18.980,18.980,0,0
1522868700,18.980,18.980,18.980,18.980,2836,111589
1522868760,18.970,18.950,18.950,18.970,0,0
1522868940,18.980,18.980,18.980,18.980,0,0
1522869000,18.960,18.960,18.960,18.960,3800,114425
1522869060,18.960,18.960,18.960,18.960,0,0
1522869120,18.940,18.940,18.940,18.940,0,0
1522869180,18.950,18.950,18.950,18.950,0,0
1522869240,18.920,18.920,18.920,18.920,0,0
1522869300,18.950,18.950,18.950,18.950,5750,118225
1522869420,18.970,18.970,18.970,18.970,0,0
1522869540,18.990,18.990,18.990,18.990,0,0
1522869600,19.020,19.060,19.020,19.060,4960,123975
1522869660,19.030,19.030,19.030,19.030,0,0
1522869720,19.060,19.030,19.030,19.060,0,0
1522869780,19.030,19.020,19.020,19.030,0,0
1522869900,19.040,19.060,19.030,19.060,7715,128935
1522869960,19.040,19.060,19.030,19.060,0,0
1522870020,19.050,19.030,19.030,19.050,0,0
1522870140,19.040,19.040,19.040,19.040,0,0
1522870200,19.040,19.030,19.030,19.040,4877,136650
1522870260,19.040,19.030,19.030,19.040,0,0
1522870380,19.020,19.030,19.020,19.030,0,0
1522870440,19.020,19.020,19.020,19.020,0,0
1522870500,19.010,19.020,19.010,19.020,1135,141527
1522870560,19.010,19.020,19.010,19.020,0,0
1522870680,19.010,19.010,19.010,19.010,0,0
1522870800,19.040,19.030,19.030,19.040,1568,142662
1522870980,19.040,19.030,19.030,19.040,0,0
1522871040,19.010,19.010,19.010,19.010,0,0
1522871100,19.000,19.030,19.000,19.030,10348,144230
1522871220,19.030,19.040,19.030,19.040,0,0
1522871280,19.050,19.040,19.040,19.050,0,0
1522871340,19.050,19.050,19.050,19.050,0,0
1522871400,19.050,19.060,19.050,19.060,9350,154578
1522871460,19.060,19.060,19.060,19.060,0,0
1522871520,19.080,19.070,19.070,19.080,0,0
1522871640,19.060,19.060,19.060,19.060,0,0
1522871700,19.070,19.080,19.070,19.080,11261,163928
1522871760,19.070,19.080,19.070,19.080,0,0
1522871820,19.080,19.080,19.080,19.080,0,0
1522871880,19.080,19.080,19.080,19.080,0,0
1522871940,19.080,19.010,19.010,19.080,0,0
1522935000,19.130,19.130,19.130,19.130,2007,0
1522935120,19.110,19.110,19.110,19.110,0,0
1522935300,19.060,19.060,19.060,19.060,230,2007
1522935480,19.030,19.030,19.030,19.030,0,0
1522935600,19.020,19.020,19.020,19.020,300,2237
1522935900,18.950,18.950,18.950,18.950,861,2537
1522935960,18.950,18.950,18.950,18.950,0,0
1522936140,18.970,18.970,18.970,18.970,0,0
1522936200,18.970,18.970,18.970,18.970,785,3398
1522936440,19.020,19.020,19.020,19.020,0,0
1522936500,19.020,19.050,19.020,19.050,2292,4183
1522936560,19.020,19.050,19.020,19.050,0,0
1522936740,19.060,19.060,19.060,19.060,0,0
1522936800,19.010,19.010,19.010,19.010,1778,6475
1522936980,19.010,19.010,19.010,19.010,0,0
1522937040,19.020,19.020,19.020,19.020,0,0
1522937100,19.040,19.040,19.040,19.040,517,8253
1522937160,19.050,19.050,19.050,19.050,0,0
1522937340,19.020,19.020,19.020,19.020,0,0
1522937400,19.030,19.020,19.020,19.030,1892,8770
1522937520,19.020,19.020,19.020,19.020,0,0
1522937580,19.040,19.040,19.040,19.040,0,0
1522937700,19.110,19.080,19.080,19.120,1409,10662
1522937880,19.110,19.080,19.080,19.120,0,0
1522938000,19.040,19.040,19.040,19.040,610,12071
1522938180,19.060,19.060,19.060,19.060,0,0
1522938240,19.060,19.060,19.060,19.060,0,0
1522938300,19.000,19.000,19.000,19.000,733,12681
1522938420,19.000,19.000,19.000,19.000,0,0
1522938480,18.990,18.990,18.990,18.990,0,0
1522938540,18.990,19.010,18.990,19.010,0,0
1522938600,19.040,19.040,19.040,19.040,1944,13414
1522938660,19.050,19.050,19.050,19.050,0,0
1522938720,19.050,19.050,19.050,19.050,0,0
1522938780,19.040,19.040,19.040,19.040,0,0
1522938840,19.110,19.070,19.070,19.110,0,0
1522938900,19.040,19.040,19.040,19.040,1923,15358
1522938960,19.040,19.040,19.040,19.040,0,0
1522939020,19.040,19.040,19.040,19.040,0,0
1522939080,19.050,19.050,19.050,19.050,0,0
1522939200,19.050,19.060,19.040,19.060,1200,17281
1522939320,19.050,19.060,19.040,19.060,0,0
1522939500,19.070,19.070,19.070,19.070,2092,18481
1522939620,19.060,19.060,19.060,19.060,0,0
1522939680,19.060,19.060,19.060,19.060,0,0
1522939740,19.070,19.070,19.070,19.070,0,0
1522939800,19.080,19.080,19.080,19.080,414,20573
1522939860,19.080,19.080,19.080,19.080,0,0
1522940100,19.100,19.100,19.100,19.100,2437,20987
1522940160,19.110,19.110,19.110,19.110,0,0
1522940280,19.140,19.140,19.140,19.140,0,0
1522940340,19.130,19.130,19.130,19.130,0,0
1522940400,19.140,19.140,19.140,19.140,1409,23424
1522940580,19.180,19.180,19.180,19.180,0,0
1522940640,19.180,19.190,19.180,19.190,0,0
1522940700,19.200,19.200,19.200,19.200,1919,24833
1522940760,19.210,19.210,19.210,19.210,0,0
1522940820,19.220,19.220,19.220,19.220,0,0
1522940880,19.230,19.230,19.230,19.230,0,0
1522940940,19.210,19.230,19.180,19.230,0,0
1522941000,19.210,19.210,19.210,19.210,901,26752
1522941060,19.220,19.220,19.220,19.220,0,0
1522941120,19.210,19.210,19.210,19.210,0,0
1522941180,19.210,19.210,19.210,19.210,0,0
1522941300,19.200,19.210,19.200,19.210,1992,27653
1522941420,19.180,19.180,19.180,19.180,0,0
1522941480,19.180,19.150,19.150,19.180,0,0
1522941540,19.160,19.160,19.160,19.160,0,0
1522941600,19.200,19.200,19.200,19.200,1238,29645
1522941660,19.200,19.200,19.200,19.200,0,0
1522941720,19.190,19.190,19.190,19.190,0,0
1522941780,19.200,19.170,19.170,19.200,0,0
1522941900,19.210,19.210,19.210,19.210,3832,30883
1522941960,19.210,19.200,19.180,19.210,0,0
1522942080,19.220,19.220,19.220,19.220,0,0
1522942140,19.220,19.240,19.210,19.240,0,0
1522942200,19.250,19.230,19.230,19.250,1846,34715
1522942260,19.230,19.230,19.230,19.230,0,0
1522942320,19.230,19.230,19.230,19.230,0,0
1522942380,19.290,19.290,19.290,19.290,0,0
1522942440,19.290,19.290,19.290,19.290,0,0
1522942500,19.290,19.290,19.290,19.290,1748,36561
1522942560,19.270,19.270,19.270,19.270,0,0
1522942620,19.260,19.260,19.260,19.260,0,0
1522942800,19.300,19.300,19.300,19.300,1769,38309
1522942860,19.290,19.290,19.290,19.290,0,0
1522942920,19.270,19.270,19.270,19.270,0,0
1522943100,19.280,19.270,19.270,19.280,2370,40078
1522943160,19.280,19.260,19.260,19.280,0,0
1522943220,19.230,19.240,19.230,19.240,0,0
1522943280,19.250,19.250,19.250,19.250,0,0
1522943340,19.270,19.270,19.270,19.270,0,0
1522943400,19.270,19.270,19.270,19.270,5198,42448
1522943460,19.270,19.270,19.270,19.270,0,0
1522943520,19.260,19.270,19.260,19.270,0,0
1522943580,19.260,19.290,19.260,19.290,0,0
1522943640,19.280,19.290,19.280,19.290,0,0
1522943700,19.280,19.280,19.280,19.280,1184,47646
1522943820,19.290,19.290,19.290,19.290,0,0
1522943880,19.280,19.270,19.270,19.280,0,0
1522944000,19.320,19.330,19.320,19.330,4078,48830
1522944060,19.320,19.330,19.320,19.330,0,0
1522944120,19.350,19.320,19.320,19.350,0,0
1522944180,19.320,19.320,19.320,19.320,0,0
1522944240,19.370,19.310,19.310,19.370,0,0
1522944300,19.360,19.360,19.360,19.360,12327,52908
1522944360,19.430,19.400,19.400,19.440,0,0
1522944420,19.400,19.360,19.360,19.400,0,0
1522944480,19.350,19.350,19.350,19.350,0,0
1522944540,19.380,19.380,19.380,19.380,0,0
1522944600,19.360,19.330,19.330,19.360,914,65235
1522944780,19.330,19.330,19.330,19.330,0,0
1522944900,19.310,19.310,19.310,19.310,627,66149
1522945080,19.310,19.310,19.310,19.310,0,0
1522945200,19.320,19.320,19.320,19.320,714,66776
1522945260,19.320,19.320,19.320,19.320,0,0
1522945320,19.320,19.320,19.320,19.320,0,0
1522945500,19.330,19.340,19.330,19.340,2307,67490
1522945560,19.350,19.350,19.350,19.350,0,0
1522945800,19.360,19.370,19.360,19.370,2669,69797
1522945920,19.330,19.330,19.330,19.330,0,0
1522945980,19.310,19.310,19.310,19.310,0,0
1522946100,19.320,19.320,19.320,19.320,1112,72466
1522946160,19.310,19.310,19.310,19.310,0,0
1522946220,19.310,19.310,19.310,19.310,0,0
1522946280,19.300,19.300,19.300,19.300,0,0
1522946400,19.300,19.300,19.300,19.300,9620,73578
1522946460,19.280,19.280,19.280,19.280,0,0
1522946520,19.280,19.280,19.280,19.280,0,0
1522946580,19.310,19.310,19.310,19.310,0,0
1522946640,19.310,19.270,19.270,19.310,0,0
1522946700,19.260,19.260,19.260,19.260,3367,83198
1522946760,19.290,19.290,19.290,19.290,0,0
1522946820,19.280,19.280,19.280,19.280,0,0
1522947000,19.260,19.260,19.260,19.260,1539,86565
1522947120,19.260,19.260,19.260,19.260,0,0
1522947240,19.220,19.220,19.220,19.220,0,0
1522947300,19.220,19.220,19.220,19.220,1500,88104
1522947600,19.210,19.210,19.210,19.210,429,89604
1522947780,19.210,19.210,19.210,19.210,0,0
1522947900,19.180,19.180,19.180,19.180,2862,90033
1522947960,19.180,19.180,19.180,19.180,0,0
1522948020,19.190,19.180,19.180,19.190,0,0
1522948200,19.190,19.190,19.190,19.190,1918,92895
1522948320,19.190,19.180,19.180,19.190,0,0
1522948440,19.200,19.200,19.200,19.200,0,0
1522948500,19.180,19.180,19.180,19.180,456,94813
1522948740,19.180,19.180,19.180,19.180,0,0
1522948800,19.200,19.200,19.200,19.200,105,95269
1522948860,19.200,19.200,19.200,19.200,0,0
1522948920,19.180,19.180,19.180,19.180,0,0
1522949400,19.200,19.190,19.190,19.200,2274,95374
1522949460,19.200,19.190,19.190,19.200,0,0
1522949520,19.220,19.230,19.190,19.230,0,0
1522949700,19.240,19.240,19.240,19.240,1711,97648
1522949820,19.230,19.240,19.210,19.240,0,0
1522949940,19.210,19.200,19.200,19.210,0,0
1522950000,19.190,19.190,19.190,19.190,217,99359
1522950060,19.190,19.190,19.190,19.190,0,0
1522950180,19.200,19.200,19.200,19.200,0,0
1522950300,19.170,19.170,19.170,19.170,770,99576
1522950540,19.170,19.170,19.170,19.170,0,0
1522950600,19.200,19.200,19.200,19.200,737,100346
1522950660,19.190,19.190,19.190,19.190,0,0
1522950720,19.190,19.190,19.190,19.190,0,0
1522950900,19.250,19.250,19.250,19.250,800,101083
1522950960,19.240,19.240,19.240,19.240,0,0
1522951140,19.250,19.250,19.250,19.250,0,0
1522951200,19.230,19.230,19.230,19.230,963,101883
1522951320,19.230,19.230,19.230,19.230,0,0
1522951440,19.210,19.210,19.210,19.210,0,0
1522951500,19.210,19.210,19.210,19.210,449,102846
1522951560,19.180,19.180,19.180,19.180,0,0
1522951800,19.180,19.180,19.180,19.180,911,103295
1522951860,19.170,19.170,19.170,19.170,0,0
1522951980,19.170,19.170,19.170,19.170,0,0
1522952100,19.170,19.170,19.170,19.170,1171,104206
1522952160,19.180,19.180,19.180,19.180,0,0
1522952340,19.190,19.180,19.180,19.190,0,0
1522952400,19.180,19.180,19.180,19.180,800,105377
1522952460,19.180,19.180,19.180,19.180,0,0
1522952700,19.160,19.160,19.160,19.160,1106,106177
1522952760,19.160,19.160,19.160,19.160,0,0
1522952820,19.160,19.160,19.160,19.160,0,0
1522952880,19.170,19.170,19.170,19.170,0,0
1522953000,19.140,19.140,19.140,19.140,820,107283
1522953060,19.140,19.140,19.140,19.140,0,0
1522953240,19.140,19.140,19.140,19.140,0,0
1522953300,19.150,19.140,19.140,19.150,1357,108103
1522953420,19.150,19.140,19.140,19.150,0,0
1522953540,19.140,19.120,19.120,19.140,0,0
1522953600,19.100,19.100,19.100,19.100,1567,109460
1522953840,19.100,19.100,19.100,19.100,0,0
1522954500,19.130,19.130,19.130,19.130,929,111027
1522954620,19.130,19.130,19.130,19.130,0,0
1522954800,19.110,19.110,19.110,19.110,616,111956
1522954860,19.120,19.120,19.120,19.120,0,0
1522955100,19.130,19.130,19.130,19.130,587,112572
1522955160,19.130,19.130,19.130,19.130,0,0
1522955220,19.130,19.130,19.130,19.130,0,0
1522955340,19.130,19.130,19.130,19.130,0,0
1522955400,19.130,19.130,19.130,19.130,371,113159
1522955520,19.130,19.130,19.130,19.130,0,0
1522955640,19.130,19.130,19.130,19.130,0,0
1522955700,19.130,19.120,19.120,19.130,1510,113530
1522955760,19.100,19.100,19.100,19.100,0,0
1522955880,19.100,19.100,19.100,19.100,0,0
1522956000,19.100,19.100,19.100,19.100,346,115040
1522956180,19.100,19.100,19.100,19.100,0,0
1522956300,19.080,19.080,19.080,19.080,1596,115386
1522956360,19.070,19.070,19.070,19.070,0,0
1522956600,19.080,19.080,19.080,19.080,1650,116982
1522956720,19.090,19.090,19.090,19.090,0,0
1522956780,19.090,19.070,19.070,19.090,0,0
1522956900,19.060,19.050,19.050,19.060,1325,118632
1522957020,19.050,19.050,19.050,19.050,0,0
1522957080,19.070,19.050,19.050,19.070,0,0
1522957200,19.040,19.050,19.040,19.050,1415,119957
1522957260,19.070,19.070,19.070,19.070,0,0
1522957380,19.090,19.090,19.090,19.090,0,0
1522957500,19.130,19.140,19.130,19.140,1835,121372
1522957620,19.140,19.140,19.140,19.140,0,0
1522957680,19.140,19.140,19.140,19.140,0,0
1522957740,19.130,19.170,19.130,19.170,0,0
1522957800,19.120,19.120,19.120,19.120,2980,123207
1522957980,19.140,19.140,19.140,19.140,0,0
1522958040,19.150,19.150,19.150,19.150,0,0
1522958100,19.140,19.140,19.140,19.140,6747,126187
1522958160,19.140,19.130,19.130,19.140,0,0
1522958220,19.140,19.130,19.130,19.140,0,0
1522958280,19.120,19.130,19.120,19.130,0,0
1522958340,19.140,19.150,19.130,19.150,0,0
1523021400,19.110,19.160,19.110,19.160,6884,0
1523021460,19.180,19.180,19.180,19.180,0,0
1523021520,19.230,19.230,19.230,19.230,0,0
1523021580,19.140,19.100,19.100,19.140,0,0
1523021700,19.220,19.250,19.220,19.250,2411,6884
1523021760,19.170,19.170,19.170,19.170,0,0
1523021820,19.160,19.190,19.160,19.190,0,0
1523021880,19.210,19.210,19.210,19.210,0,0
1523022000,19.250,19.250,19.250,19.250,1008,9295
1523022060,19.250,19.250,19.250,19.250,0,0
1523022120,19.230,19.230,19.230,19.230,0,0
1523022300,19.220,19.220,19.220,19.220,1718,10303
1523022360,19.220,19.220,19.220,19.220,0,0
1523022420,19.220,19.220,19.220,19.220,0,0
1523022480,19.200,19.220,19.200,19.220,0,0
1523022900,19.260,19.200,19.200,19.260,2394,12021
1523022960,19.200,19.200,19.200,19.200,0,0
1523023080,19.170,19.170,19.170,19.170,0,0
1523023200,19.180,19.180,19.180,19.180,1341,14415
1523023260,19.150,19.150,19.150,19.150,0,0
1523023440,19.150,19.150,19.150,19.150,0,0
1523023500,19.180,19.180,19.180,19.180,1327,15756
1523023560,19.170,19.140,19.140,19.170,0,0
1523023680,19.160,19.160,19.160,19.160,0,0
1523023740,19.180,19.180,19.180,19.180,0,0
1523023800,19.150,19.150,19.150,19.150,1168,17083
1523023860,19.150,19.150,19.150,19.150,0,0
1523023920,19.160,19.180,19.160,19.180,0,0
1523024040,19.170,19.170,19.170,19.170,0,0
1523024100,19.130,19.130,19.130,19.130,400,18251
1523024160,19.130,19.130,19.130,19.130,0,0
1523024280,19.130,19.130,19.130,19.130,0,0
1523024400,19.140,19.140,19.140,19.140,623,18651
1523024520,19.140,19.140,19.140,19.140,0,0
1523024700,19.150,19.150,19.150,19.150,1003,19274
1523024820,19.150,19.150,19.150,19.150,0,0
1523025000,19.120,19.140,19.120,19.140,3900,20277
1523025120,19.090,19.090,19.090,19.090,0,0
1523025180,19.120,19.080,19.080,19.170,0,0
1523025300,19.060,19.060,19.060,19.060,837,24177
1523025540,19.110,19.110,19.110,19.110,0,0
1523025600,19.100,19.100,19.100,19.100,1697,25014
1523025660,19.100,19.100,19.100,19.100,0,0
1523025720,19.100,19.100,19.100,19.100,0,0
1523025840,19.100,19.080,19.080,19.100,0,0
1523025900,19.060,19.060,19.060,19.060,250,26711
1523026080,19.080,19.080,19.080,19.080,0,0
1523026140,19.080,19.080,19.080,19.080,0,0
1523026200,19.050,19.050,19.050,19.050,2429,26961
1523026260,19.060,19.080,19.060,19.080,0,0
1523026440,19.060,19.070,19.060,19.070,0,0
1523026500,19.080,19.080,19.080,19.080,2183,29390
1523026560,19.090,19.140,19.090,19.140,0,0
1523026740,19.150,19.150,19.150,19.150,0,0
1523026800,19.120,19.120,19.120,19.120,1820,31573
1523026860,19.090,19.070,19.070,19.090,0,0
1523026980,19.070,19.070,19.070,19.070,0,0
1523027100,19.060,19.060,19.060,19.060,1239,33393
1523027160,19.060,19.060,19.060,19.060,0,0
1523027280,19.080,19.080,19.080,19.080,0,0
1523027400,19.110,19.110,19.110,19.110,1439,34632
1523027460,19.110,19.110,19.110,19.110,0,0
1523027520,19.120,19.120,19.120,19.120,0,0
1523027580,19.130,19.140,19.130,19.140,0,0
1523027700,19.120,19.120,19.120,19.120,864,36071
1523027880,19.100,19.100,19.100,19.100,0,0
1523027940,19.110,19.110,19.110,19.110,0,0
1523028000,19.110,19.120,19.110,19.120,2934,36935
1523028060,19.140,19.140,19.140,19.140,0,0
1523028120,19.110,19.110,19.110,19.110,0,0
1523028180,19.130,19.130,19.130,19.130,0,0
1523028300,19.140,19.150,19.140,19.150,961,39869
1523028480,19.140,19.150,19.140,19.150,0,0
1523028540,19.160,19.160,19.160,19.160,0,0
1523028600,19.150,19.150,19.150,19.150,2157,40830
1523028780,19.150,19.180,19.150,19.180,0,0
1523028840,19.170,19.170,19.170,19.170,0,0
1523028900,19.150,19.120,19.120,19.150,2012,42987
1523028960,19.150,19.120,19.120,19.150,0,0
1523029020,19.110,19.130,19.110,19.130,0,0
1523029140,19.130,19.110,19.110,19.130,0,0
1523029200,19.170,19.170,19.170,19.170,686,44999
1523029260,19.160,19.160,19.160,19.160,0,0
1523029500,19.140,19.140,19.140,19.140,2065,45685
1523029620,19.130,19.130,19.130,19.130,0,0
1523029680,19.140,19.120,19.120,19.140,0,0
1523029740,19.110,19.110,19.110,19.110,0,0
1523029800,19.140,19.130,19.130,19.140,1104,47750
1523029920,19.140,19.130,19.130,19.140,0,0
1523029980,19.140,19.160,19.140,19.160,0,0
1523030040,19.160,19.170,19.160,19.170,0,0
1523030100,19.180,19.200,19.180,19.200,1056,48854
1523030280,19.200,19.180,19.180,19.210,0,0
1523030400,19.170,19.170,19.170,19.170,1873,49910
1523030520,19.150,19.150,19.150,19.150,0,0
1523030640,19.130,19.130,19.130,19.130,0,0
1523030700,19.120,19.130,19.120,19.130,356,51783
1523031000,19.120,19.090,19.090,19.120,1600,52139
1523031060,19.120,19.090,19.090,19.120,0,0
1523031300,19.100,19.110,19.100,19.110,1272,53739
1523031480,19.100,19.110,19.100,19.110,0,0
1523031540,19.090,19.080,19.080,19.090,0,0
1523031900,19.080,19.080,19.080,19.080,1237,55011
1523031960,19.080,19.080,19.080,19.080,0,0
1523032140,19.070,19.070,19.070,19.070,0,0
1523032200,19.090,19.100,19.090,19.100,2101,56248
1523032320,19.100,19.100,19.100,19.100,0,0
1523032380,19.110,19.110,19.110,19.110,0,0
1523032500,19.120,19.130,19.120,19.130,845,58349
1523032560,19.120,19.130,19.120,19.130,0,0
1523032740,19.170,19.170,19.170,19.170,0,0
1523032800,19.170,19.180,19.170,19.180,976,59194
1523032860,19.190,19.190,19.190,19.190,0,0
1523032920,19.210,19.210,19.210,19.210,0,0
1523032980,19.180,19.180,19.180,19.180,0,0
1523033100,19.150,19.150,19.150,19.150,703,60170
1523033340,19.180,19.180,19.180,19.180,0,0
1523033400,19.180,19.180,19.180,19.180,800,60873
1523033520,19.180,19.180,19.180,19.180,0,0
1523033580,19.180,19.190,19.180,19.190,0,0
1523033640,19.210,19.210,19.210,19.210,0,0
1523033700,19.210,19.210,19.210,19.210,2000,61673
1523033820,19.200,19.200,19.200,19.200,0,0
1523033940,19.160,19.160,19.160,19.160,0,0
1523034000,19.140,19.140,19.140,19.140,935,63673
1523034240,19.170,19.160,19.160,19.170,0,0
1523034300,19.160,19.160,19.160,19.160,1958,64608
1523034480,19.160,19.160,19.160,19.160,0,0
1523034540,19.150,19.150,19.150,19.150,0,0
1523034600,19.130,19.070,19.070,19.130,1309,66566
1523034660,19.110,19.110,19.110,19.110,0,0
1523034720,19.110,19.110,19.110,19.110,0,0
1523034900,19.130,19.150,19.120,19.150,2798,67875
1523034960,19.130,19.150,19.120,19.150,0,0
1523035020,19.120,19.120,19.120,19.120,0,0
1523035080,19.120,19.120,19.120,19.120,0,0
1523035140,19.140,19.140,19.140,19.140,0,0
1523035200,19.140,19.140,19.140,19.140,811,70673
1523035380,19.150,19.150,19.150,19.150,0,0
1523035440,19.130,19.130,19.130,19.130,0,0
1523035500,19.130,19.130,19.130,19.130,996,71484
1523035560,19.120,19.110,19.110,19.120,0,0
1523035620,19.120,19.130,19.120,19.130,0,0
1523035800,19.170,19.170,19.170,19.170,1617,72480
1523035920,19.160,19.160,19.160,19.160,0,0
1523036040,19.140,19.140,19.140,19.140,0,0
1523036100,19.150,19.150,19.150,19.150,1120,74097
1523036220,19.150,19.150,19.150,19.150,0,0
1523036280,19.160,19.160,19.160,19.160,0,0
1523036340,19.150,19.150,19.150,19.150,0,0
1523036400,19.150,19.150,19.150,19.150,2000,75217
1523036700,19.150,19.150,19.150,19.150,1428,77217
1523036760,19.150,19.150,19.150,19.150,0,0
1523036940,19.120,19.120,19.120,19.120,0,0
1523037000,19.130,19.130,19.130,19.130,1350,78645
1523037120,19.130,19.130,19.130,19.130,0,0
1523037240,19.130,19.100,19.100,19.130,0,0
1523037300,19.090,19.090,19.090,19.090,1290,79995
1523037420,19.110,19.110,19.110,19.110,0,0
1523037480,19.080,19.060,19.060,19.080,0,0
1523037600,19.030,19.030,19.030,19.030,414,81285
1523037660,19.030,19.030,19.030,19.030,0,0
1523037780,19.060,19.060,19.060,19.060,0,0
1523037840,19.060,19.060,19.060,19.060,0,0
1523037900,19.050,19.040,19.040,19.050,5711,81699
1523038020,19.000,19.000,19.000,19.000,0,0
1523038080,19.000,19.000,19.000,19.000,0,0
1523038140,18.990,19.000,18.990,19.000,0,0
1523038200,19.020,19.020,19.020,19.020,300,87410
1523038440,19.040,19.040,19.040,19.040,0,0
1523038500,19.030,19.030,19.030,19.030,1801,87710
1523038620,19.030,19.040,19.030,19.040,0,0
1523038680,19.040,19.020,19.020,19.040,0,0
1523038800,19.030,19.020,19.020,19.030,217,89511
1523038980,19.020,19.020,19.020,19.020,0,0
1523039100,19.030,19.010,19.010,19.030,917,89728
1523039340,19.000,19.000,19.000,19.000,0,0
1523039400,19.020,19.020,19.020,19.020,2817,90645
1523039520,18.990,18.970,18.970,18.990,0,0
1523039580,18.960,18.960,18.960,18.960,0,0
1523039700,18.960,18.970,18.960,18.970,1954,93462
1523039760,18.960,18.970,18.960,18.970,0,0
1523039820,18.960,18.960,18.960,18.960,0,0
1523039880,18.960,18.950,18.950,18.960,0,0
1523040000,18.950,18.950,18.950,18.950,2194,95416
1523040060,18.950,18.950,18.950,18.950,0,0
1523040120,18.970,18.970,18.970,18.970,0,0
1523040180,18.980,18.980,18.980,18.980,0,0
1523040240,19.000,18.980,18.980,19.000,0,0
1523040300,18.960,18.960,18.960,18.960,319,97610
1523040540,18.960,18.960,18.960,18.960,0,0
1523040600,18.920,18.920,18.920,18.920,1487,97929
1523040660,18.910,18.910,18.910,18.910,0,0
1523040840,18.920,18.920,18.920,18.920,0,0
1523040900,18.900,18.900,18.900,18.900,1090,99416
1523040960,18.860,18.860,18.860,18.860,0,0
1523041080,18.900,18.900,18.900,18.900,0,0
1523041200,18.920,18.940,18.920,18.940,2448,100506
1523041260,18.920,18.920,18.920,18.920,0,0
1523041320,18.920,18.920,18.920,18.920,0,0
1523041440,18.910,18.910,18.910,18.910,0,0
1523041500,18.900,18.900,18.900,18.900,1252,102954
1523041560,18.900,18.900,18.900,18.900,0,0
1523041740,18.930,18.930,18.930,18.930,0,0
1523041800,18.940,18.940,18.940,18.940,2911,104206
1523041920,18.960,18.980,18.960,18.980,0,0
1523042040,19.010,19.010,19.010,19.010,0,0
1523042100,19.050,19.030,19.030,19.050,2034,107117
1523042160,19.000,19.000,19.000,19.000,0,0
1523042340,19.020,19.000,19.000,19.020,0,0
1523042400,19.010,19.010,19.010,19.010,1717,109151
1523042520,19.010,19.010,19.010,19.010,0,0
1523042580,19.030,19.030,19.030,19.030,0,0
1523042640,18.970,18.970,18.970,18.970,0,0
1523042700,18.990,18.990,18.990,18.990,3622,110868
1523042760,18.970,18.970,18.970,18.970,0,0
1523042820,18.970,18.960,18.950,19.000,0,0
1523042880,18.960,18.960,18.960,18.960,0,0
1523043000,18.970,18.980,18.970,18.980,2585,114490
1523043060,18.970,18.980,18.970,18.980,0,0
1523043120,19.010,19.010,19.010,19.010,0,0
1523043180,19.010,19.010,19.010,19.010,0,0
1523043300,19.000,19.010,19.000,19.010,2664,117075
1523043360,19.010,19.010,19.010,19.010,0,0
1523043420,18.990,18.980,18.980,18.990,0,0
1523043480,18.960,18.960,18.960,18.960,0,0
1523043540,18.990,18.990,18.990,18.990,0,0
1523043600,19.000,18.990,18.990,19.000,6107,119739
1523043660,18.960,18.960,18.960,18.960,0,0
1523043720,18.980,18.980,18.980,18.980,0,0
1523043780,18.940,18.940,18.940,18.940,0,0
1523043840,18.950,18.960,18.950,18.960,0,0
1523043900,18.980,18.950,18.950,18.980,1965,125846
1523043960,18.950,18.950,18.950,18.950,0,0
1523044020,18.910,18.940,18.910,18.940,0,0
1523044080,18.940,18.940,18.940,18.940,0,0
1523044140,18.950,18.950,18.950,18.950,0,0
1523044200,18.940,19.020,18.940,19.020,4505,127811
1523044260,19.030,19.030,19.030,19.030,0,0
1523044320,19.030,19.030,19.030,19.030,0,0
1523044380,19.020,19.000,19.000,19.020,0,0
1523044440,19.000,19.000,19.000,19.000,0,0
1523044500,19.000,19.000,19.000,19.000,8322,132316
1523044560,19.010,19.010,19.010,19.010,0,0
1523044620,19.030,19.040,19.020,19.040,0,0
1523044680,19.040,19.020,19.020,19.040,0,0
1523044740,19.020,19.010,19.010,19.020,0,0
1523280600,19.160,19.300,19.160,19.300,2432,0
1523280900,19.090,19.090,19.090,19.090,2499,2432
1523280960,19.090,19.090,19.090,19.090,0,0
1523281020,19.020,19.020,19.020,19.020,0,0
1523281080,18.950,18.950,18.950,18.950,0,0
1523281200,19.040,19.040,19.040,19.040,2451,4931
1523281380,19.040,19.040,19.040,19.040,0,0
1523281440,18.990,18.990,18.990,18.990,0,0
1523281500,19.030,19.020,19.020,19.030,300,7382
1523282100,19.030,19.020,19.020,19.030,1219,8966
1523282340,19.030,19.020,19.020,19.030,0,0
1523282400,19.050,19.000,19.000,19.050,410,10185
1523282580,19.050,19.000,19.000,19.050,0,0
1523282700,19.010,19.010,19.010,19.010,950,10595
1523282760,18.990,18.990,18.990,18.990,0,0
1523282820,18.990,18.990,18.990,18.990,0,0
1523282880,18.980,18.980,18.980,18.980,0,0
1523283000,18.980,18.980,18.980,18.980,475,11545
1523283300,18.940,18.940,18.940,18.940,702,12020
1523283600,18.900,18.910,18.900,18.910,2569,12722
1523283660,18.920,18.900,18.900,18.920,0,0
1523283720,18.840,18.840,18.840,18.840,0,0
1523283840,18.870,18.890,18.870,18.890,0,0
1523283900,18.890,18.890,18.890,18.890,820,15291
1523284020,18.930,18.930,18.930,18.930,0,0
1523284140,18.900,18.900,18.900,18.900,0,0
1523284200,18.920,18.920,18.920,18.920,1825,16111
1523284320,18.940,18.940,18.940,18.940,0,0
1523284440,18.870,18.870,18.870,18.870,0,0
1523284500,18.900,18.900,18.900,18.900,1598,17936
1523284620,18.900,18.900,18.900,18.900,0,0
1523284740,18.920,18.920,18.920,18.920,0,0
1523284800,18.950,18.950,18.950,18.950,703,19534
1523284860,18.950,18.950,18.950,18.950,0,0
1523285040,18.980,18.980,18.980,18.980,0,0
1523285100,19.000,19.000,19.000,19.000,4251,20237
1523285160,18.980,18.980,18.980,18.980,0,0
1523285220,18.940,18.940,18.940,18.940,0,0
1523285400,18.990,18.990,18.990,18.990,1571,24488
1523285460,18.990,18.980,18.980,18.990,0,0
1523285580,18.970,18.970,18.970,18.970,0,0
1523285640,19.000,19.000,19.000,19.000,0,0
1523285700,18.970,18.970,18.970,18.970,260,26059
1523285760,18.970,18.970,18.970,18.970,0,0
1523285820,18.980,18.980,18.980,18.980,0,0
1523286000,18.940,18.940,18.940,18.940,6388,26319
1523286180,18.910,18.910,18.910,18.910,0,0
1523286300,18.920,18.920,18.920,18.920,908,32707
1523286480,18.920,18.920,18.920,18.920,0,0
1523286540,18.930,18.930,18.930,18.930,0,0
1523286600,18.970,18.970,18.970,18.970,403,33615
1523286780,18.970,18.970,18.970,18.970,0,0
1523286840,18.970,18.970,18.970,18.970,0,0
1523286900,19.000,19.000,19.000,19.000,707,34018
1523287140,19.010,19.010,19.010,19.010,0,0
1523287200,18.970,18.960,18.960,18.970,922,34725
1523287500,18.960,18.960,18.960,18.960,1181,35647
1523287680,18.960,18.960,18.960,18.960,0,0
1523287800,18.970,18.970,18.970,18.970,1221,36828
1523288040,18.980,18.980,18.980,18.980,0,0
1523288100,18.950,18.990,18.950,18.990,633,38049
1523288220,18.960,18.960,18.960,18.960,0,0
1523288280,18.970,18.970,18.970,18.970,0,0
1523288400,18.960,18.970,18.960,18.970,1008,38682
1523288520,18.950,18.950,18.950,18.950,0,0
1523288580,18.950,18.950,18.950,18.950,0,0
1523288700,18.960,18.960,18.960,18.960,516,39690
1523289300,18.950,18.910,18.910,18.950,3224,40206
1523289420,18.950,18.910,18.910,18.950,0,0
1523289540,18.940,18.940,18.940,18.940,0,0
1523289600,18.980,18.980,18.980,18.980,516,43430
1523289660,18.980,18.980,18.980,18.980,0,0
1523289900,19.000,19.000,19.000,19.000,744,43946
1523289960,19.000,19.000,19.000,19.000,0,0
1523290200,19.030,19.030,19.030,19.030,1727,44690
1523290320,19.050,19.040,19.040,19.050,0,0
1523290380,19.040,19.040,19.040,19.040,0,0
1523290500,19.050,19.050,19.050,19.050,839,46417
1523290620,19.050,19.050,19.050,19.050,0,0
1523290680,19.020,19.020,19.020,19.020,0,0
1523290800,19.020,19.020,19.020,19.020,594,47256
1523290860,19.020,19.020,19.020,19.020,0,0
1523290920,18.990,18.990,18.990,18.990,0,0
1523291100,19.000,19.000,19.000,19.000,658,47850
1523291160,19.000,19.000,19.000,19.000,0,0
1523291220,19.000,19.000,19.000,19.000,0,0
1523291340,18.990,18.990,18.990,18.990,0,0
1523291400,18.980,18.980,18.980,18.980,911,48508
1523291640,18.990,18.990,18.990,18.990,0,0
1523291700,19.020,19.020,19.020,19.020,1180,49419
1523291880,19.010,19.010,19.010,19.010,0,0
1523292000,19.010,19.010,19.010,19.010,148,50599
1523292300,19.010,19.010,19.010,19.010,1517,50747
1523292360,19.010,19.010,19.010,19.010,0,0
1523292480,18.990,19.000,18.990,19.000,0,0
1523292600,19.030,19.030,19.030,19.030,1028,52264
1523292660,19.030,19.030,19.030,19.030,0,0
1523292780,19.010,19.010,19.010,19.010,0,0
1523292900,19.000,19.000,19.000,19.000,403,53292
1523293200,19.010,19.010,19.010,19.010,373,53695
1523293260,19.010,19.010,19.010,19.010,0,0
1523293500,19.000,19.000,19.000,19.000,1319,54068
1523293560,19.020,19.020,19.020,19.020,0,0
1523293620,19.000,19.030,19.000,19.030,0,0
1523293800,19.010,19.010,19.010,19.010,1006,55387
1523293980,19.010,19.010,19.010,19.010,0,0
1523294100,19.000,19.000,19.000,19.000,417,56393
1523294220,19.000,19.000,19.000,19.000,0,0
1523294400,18.970,18.970,18.970,18.970,985,56810
1523294640,19.010,19.010,19.010,19.010,0,0
1523294700,19.010,19.010,19.010,19.010,1262,57795
1523294820,19.010,19.010,19.010,19.010,0,0
1523294880,19.000,19.010,19.000,19.010,0,0
1523294940,19.020,19.020,19.020,19.020,0,0
1523295300,19.000,19.000,19.000,19.000,3186,59057
1523295360,19.000,19.000,19.000,19.000,0,0
1523295420,19.000,19.000,19.000,19.000,0,0
1523295540,19.000,19.030,19.000,19.030,0,0
1523295600,19.040,19.040,19.040,19.040,405,62243
1523295720,19.040,19.040,19.040,19.040,0,0
1523295900,19.030,19.030,19.030,19.030,1650,62648
1523296080,19.040,19.030,19.030,19.040,0,0
1523296200,19.040,19.040,19.040,19.040,502,64298
1523296320,19.040,19.040,19.040,19.040,0,0
1523296500,19.020,19.020,19.020,19.020,1138,64800
1523296620,19.020,19.020,19.020,19.020,0,0
1523296680,19.010,19.010,19.010,19.010,0,0
1523296740,19.000,19.000,19.000,19.000,0,0
1523296800,18.990,18.990,18.990,18.990,856,65938
1523297100,18.990,18.990,18.990,18.990,106,66794
1523297160,18.990,18.990,18.990,18.990,0,0
1523297400,18.980,18.980,18.980,18.980,936,66900
1523297520,18.980,18.980,18.980,18.980,0,0
1523297580,18.980,18.980,18.980,18.980,0,0
1523297700,18.980,18.980,18.980,18.980,194,67836
1523297880,18.980,18.980,18.980,18.980,0,0
1523297940,18.980,18.980,18.980,18.980,0,0
1523298000,19.000,19.000,19.000,19.000,1199,68030
1523298060,18.950,18.940,18.940,18.950,0,0
1523298300,18.940,18.940,18.940,18.940,413,69229
1523298540,18.940,18.940,18.940,18.940,0,0
1523298600,18.940,18.940,18.940,18.940,521,69642
1523298660,18.940,18.940,18.940,18.940,0,0
1523298780,18.940,18.940,18.940,18.940,0,0
1523298900,18.920,18.950,18.920,18.950,1414,70163
1523298960,18.920,18.950,18.920,18.950,0,0
1523299080,18.950,18.950,18.950,18.950,0,0
1523299200,18.910,18.910,18.910,18.910,958,71577
1523299260,18.910,18.910,18.910,18.910,0,0
1523299320,18.910,18.910,18.910,18.910,0,0
1523299440,18.910,18.910,18.910,18.910,0,0
1523300400,18.950,18.950,18.950,18.950,1814,72535
1523300460,18.950,18.950,18.950,18.950,0,0
1523300580,18.940,18.950,18.940,18.950,0,0
1523300700,18.940,18.910,18.910,18.940,2502,74349
1523300760,18.940,18.910,18.910,18.940,0,0
1523301000,18.950,18.980,18.950,18.980,590,76851
1523301300,18.960,18.960,18.960,18.960,1739,77441
1523301360,18.940,18.940,18.940,18.940,0,0
1523301600,18.940,18.920,18.920,18.940,1838,79180
1523301780,18.930,18.930,18.930,18.930,0,0
1523301900,18.930,18.930,18.930,18.930,547,81018
1523302020,18.930,18.930,18.930,18.930,0,0
1523302200,18.940,18.940,18.940,18.940,1669,81565
1523302260,18.930,18.930,18.930,18.930,0,0
1523302320,18.940,18.940,18.940,18.940,0,0
1523302380,18.940,18.940,18.940,18.940,0,0
1523302440,18.940,18.930,18.930,18.940,0,0
1523302500,18.940,18.940,18.940,18.940,1550,83234
1523302680,18.940,18.940,18.940,18.940,0,0
1523302740,18.930,18.910,18.910,18.940,0,0
1523302800,18.910,18.910,18.910,18.910,812,84784
1523302860,18.910,18.910,18.910,18.910,0,0
1523302980,18.920,18.920,18.920,18.920,0,0
1523303040,18.910,18.910,18.910,18.910,0,0
1523303100,18.930,18.930,18.930,18.930,3053,85596
1523303160,18.930,18.930,18.930,18.930,0,0
1523303220,18.920,18.900,18.900,18.920,0,0
1523303280,18.900,18.920,18.900,18.920,0,0
1523303340,18.890,18.890,18.890,18.890,0,0
1523303400,18.910,18.900,18.890,18.910,4062,88649
1523303460,18.920,18.920,18.920,18.920,0,0
1523303520,18.930,18.930,18.930,18.930,0,0
1523303580,18.900,18.890,18.890,18.900,0,0
1523303640,18.900,18.890,18.890,18.900,0,0
1523303700,18.890,18.890,18.890,18.890,8910,92711
1523303760,18.890,18.890,18.890,18.890,0,0
1523303820,18.900,18.880,18.880,18.900,0,0
1523303880,18.880,18.890,18.880,18.890,0,0
1523303940,18.890,18.880,18.880,18.890,0,0
1523367000,19.050,19.050,19.050,19.050,0,0
1523367300,18.920,18.920,18.920,18.920,2983,0
1523367360,18.920,18.920,18.920,18.920,0,0
1523367540,18.930,18.930,18.930,18.930,0,0
1523367600,18.960,18.960,18.960,18.960,610,2983
1523367840,18.960,18.960,18.960,18.960,0,0
1523367900,18.970,18.970,18.970,18.970,898,3593
1523367960,18.950,18.950,18.950,18.950,0,0
1523368080,19.000,19.000,19.000,19.000,0,0
1523368200,19.020,19.020,19.020,19.020,1133,4491
1523368260,18.990,18.990,18.990,18.990,0,0
1523368440,18.970,18.970,18.970,18.970,0,0
1523368500,19.000,19.000,19.000,19.000,915,5624
1523368560,19.000,19.010,18.980,19.010,0,0
1523368620,18.990,18.990,18.990,18.990,0,0
1523368800,19.030,19.030,19.030,19.030,460,6539
1523368980,19.030,19.030,19.030,19.030,0,0
1523369100,19.060,19.060,19.060,19.060,1360,6999
1523369220,19.060,19.060,19.060,19.060,0,0
1523369280,19.060,19.060,19.060,19.060,0,0
1523369400,19.020,19.020,19.020,19.020,207,8359
1523369520,19.020,19.020,19.020,19.020,0,0
1523369640,19.070,19.070,19.070,19.070,0,0
1523369700,19.040,19.040,19.040,19.040,500,8566
1523369880,19.040,19.040,19.040,19.040,0,0
1523369940,19.000,19.000,19.000,19.000,0,0
1523370000,19.000,19.000,19.000,19.000,1676,9066
1523370060,18.980,18.980,18.980,18.980,0,0
1523370120,18.980,18.980,18.980,18.980,0,0
1523370240,19.080,19.080,19.080,19.080,0,0
1523370300,19.020,19.020,19.020,19.020,153,10742
1523370420,19.020,19.020,19.020,19.020,0,0
1523370600,19.050,19.050,19.050,19.050,1202,10895
1523370720,19.080,19.080,19.080,19.080,0,0
1523370900,19.080,19.080,19.080,19.080,2056,12097
1523370960,19.010,19.010,19.010,19.010,0,0
1523371080,19.060,19.080,19.060,19.080,0,0
1523371140,19.040,19.040,19.040,19.040,0,0
1523371200,19.050,19.050,19.050,19.050,3526,14153
1523371260,19.070,19.070,19.070,19.070,0,0
1523371440,19.130,19.160,19.130,19.160,0,0
1523371500,19.190,19.140,19.140,19.190,1095,17679
1523371680,19.180,19.180,19.180,19.180,0,0
1523371800,19.140,19.140,19.140,19.140,1230,18774
1523371920,19.140,19.130,19.120,19.140,0,0
1523372100,19.130,19.130,19.130,19.130,1382,20004
1523372160,19.110,19.110,19.110,19.110,0,0
1523372220,19.140,19.140,19.140,19.140,0,0
1523372400,19.190,19.210,19.190,19.210,4384,21386
1523372460,19.190,19.210,19.190,19.210,0,0
1523372640,19.230,19.230,19.230,19.230,0,0
1523372700,19.210,19.220,19.210,19.220,1821,25770
1523372880,19.200,19.200,19.200,19.200,0,0
1523372940,19.220,19.220,19.220,19.220,0,0
1523373000,19.160,19.160,19.160,19.160,876,27591
1523373180,19.160,19.160,19.160,19.160,0,0
1523373300,19.200,19.190,19.190,19.200,1567,28467
1523373480,19.210,19.210,19.210,19.210,0,0
1523373540,19.220,19.220,19.220,19.220,0,0
1523373600,19.190,19.190,19.190,19.190,457,30034
1523373720,19.190,19.190,19.190,19.190,0,0
1523373900,19.200,19.180,19.160,19.200,1625,30491
1523373960,19.200,19.180,19.160,19.200,0,0
1523374020,19.180,19.180,19.180,19.180,0,0
1523374080,19.140,19.140,19.140,19.140,0,0
1523374200,19.150,19.150,19.150,19.150,521,32116
1523374260,19.150,19.150,19.150,19.150,0,0
1523374380,19.170,19.170,19.170,19.170,0,0
1523374500,19.140,19.150,19.140,19.150,605,32637
1523374560,19.140,19.150,19.140,19.150,0,0
1523374740,19.130,19.130,19.130,19.130,0,0
1523374800,19.170,19.170,19.170,19.170,1461,33242
1523374860,19.170,19.170,19.170,19.170,0,0
1523374980,19.160,19.160,19.160,19.160,0,0
1523375040,19.130,19.120,19.120,19.130,0,0
1523375100,19.040,19.040,19.040,19.040,1146,34703
1523375220,19.100,19.100,19.100,19.100,0,0
1523375400,19.090,19.090,19.090,19.090,1850,35849
1523375520,19.060,19.060,19.060,19.060,0,0
1523375580,19.100,19.100,19.100,19.100,0,0
1523375640,19.110,19.140,19.110,19.140,0,0
1523376000,19.130,19.120,19.120,19.130,577,37699
1523376120,19.130,19.120,19.120,19.130,0,0
1523376300,19.090,19.090,19.090,19.090,200,38276
1523376600,19.060,19.060,19.060,19.060,507,38476
1523376720,19.060,19.060,19.060,19.060,0,0
1523376900,19.060,19.060,19.060,19.060,1201,38983
1523376960,19.070,19.070,19.070,19.070,0,0
1523377020,19.080,19.090,19.080,19.090,0,0
1523377200,19.100,19.100,19.100,19.100,340,40184
1523377320,19.100,19.100,19.100,19.100,0,0
1523377380,19.110,19.110,19.110,19.110,0,0
1523377500,19.090,19.060,19.060,19.090,1808,40524
1523377560,19.080,19.080,19.080,19.080,0,0
1523377620,19.060,19.070,19.060,19.070,0,0
1523377800,19.090,19.090,19.090,19.090,1314,42332
1523377920,19.120,19.120,19.120,19.120,0,0
1523377980,19.130,19.110,19.110,19.130,0,0
1523378040,19.110,19.110,19.110,19.110,0,0
1523378100,19.120,19.120,19.120,19.120,1103,43646
1523378220,19.110,19.110,19.110,19.110,0,0
1523378340,19.120,19.120,19.120,19.120,0,0
1523378700,19.110,19.110,19.110,19.110,1720,44749
1523378880,19.110,19.110,19.110,19.110,0,0
1523378940,19.150,19.140,19.140,19.150,0,0
1523379000,19.140,19.140,19.140,19.140,910,46469
1523379240,19.140,19.140,19.140,19.140,0,0
1523379300,19.170,19.170,19.170,19.170,1079,47379
1523379480,19.180,19.180,19.180,19.180,0,0
1523379900,19.160,19.150,19.150,19.160,2228,48458
1523379960,19.160,19.150,19.150,19.160,0,0
1523380020,19.150,19.150,19.150,19.150,0,0
1523380080,19.150,19.150,19.150,19.150,0,0
1523380200,19.170,19.170,19.170,19.170,1961,50686
1523380320,19.160,19.160,19.160,19.160,0,0
1523380440,19.130,19.160,19.130,19.160,0,0
1523380500,19.160,19.160,19.160,19.160,620,52647
1523380620,19.160,19.160,19.160,19.160,0,0
1523380680,19.150,19.150,19.150,19.150,0,0
1523380800,19.130,19.130,19.130,19.130,588,53267
1523380860,19.100,19.100,19.100,19.100,0,0
1523380920,19.110,19.110,19.110,19.110,0,0
1523381100,19.120,19.120,19.120,19.120,1700,53855
1523381160,19.130,19.130,19.130,19.130,0,0
1523381220,19.150,19.150,19.150,19.150,0,0
1523381400,19.130,19.130,19.130,19.130,1684,55555
1523381520,19.120,19.120,19.120,19.120,0,0
1523381580,19.130,19.130,19.130,19.130,0,0
1523381640,19.140,19.130,19.130,19.140,0,0
1523381700,19.120,19.120,19.120,19.120,301,57239
1523382000,19.120,19.100,19.100,19.120,1519,57540
1523382120,19.090,19.110,19.090,19.110,0,0
1523382300,19.060,19.060,19.060,19.060,618,59059
1523382480,19.060,19.060,19.060,19.060,0,0
1523382540,19.080,19.080,19.080,19.080,0,0
1523382600,19.090,19.090,19.090,19.090,704,59677
1523382780,19.090,19.090,19.090,19.090,0,0
1523382840,19.100,19.100,19.100,19.100,0,0
1523382900,19.100,19.100,19.100,19.100,500,60381
1523382960,19.100,19.100,19.100,19.100,0,0
1523383020,19.080,19.080,19.080,19.080,0,0
1523383200,19.100,19.130,19.100,19.130,1460,60881
1523383260,19.110,19.110,19.110,19.110,0,0
1523383500,19.100,19.100,19.100,19.100,845,62341
1523383560,19.100,19.100,19.100,19.100,0,0
1523383680,19.130,19.120,19.120,19.130,0,0
1523383800,19.150,19.150,19.150,19.150,421,63186
1523383860,19.150,19.150,19.150,19.150,0,0
1523384100,19.130,19.130,19.130,19.130,537,63607
1523384160,19.130,19.130,19.130,19.130,0,0
1523384280,19.130,19.130,19.130,19.130,0,0
1523384340,19.130,19.130,19.130,19.130,0,0
1523384400,19.140,19.130,19.130,19.140,541,64144
1523384520,19.140,19.130,19.130,19.140,0,0
1523384700,19.150,19.150,19.150,19.150,800,64685
1523384760,19.150,19.150,19.150,19.150,0,0
1523385000,19.110,19.110,19.110,19.110,1025,65485
1523385060,19.130,19.130,19.130,19.130,0,0
1523385300,19.120,19.120,19.120,19.120,1134,66510
1523385540,19.100,19.100,19.100,19.100,0,0
1523385600,19.090,19.080,19.080,19.090,704,67644
1523385660,19.090,19.080,19.080,19.090,0,0
1523385780,19.080,19.080,19.080,19.080,0,0
1523385900,19.080,19.110,19.080,19.110,1121,68348
1523386140,19.090,19.090,19.090,19.090,0,0
1523386200,19.090,19.110,19.090,19.110,646,69469
1523386260,19.090,19.110,19.090,19.110,0,0
1523386500,19.110,19.110,19.110,19.110,751,70115
1523386560,19.110,19.110,19.110,19.110,0,0
1523386680,19.110,19.110,19.110,19.110,0,0
1523386800,19.140,19.140,19.140,19.140,1839,70866
1523386980,19.140,19.170,19.140,19.170,0,0
1523387040,19.160,19.160,19.160,19.160,0,0
1523387100,19.130,19.130,19.130,19.130,1678,72705
1523387220,19.130,19.130,19.130,19.130,0,0
1523387280,19.160,19.170,19.160,19.170,0,0
1523387400,19.200,19.200,19.200,19.200,326,74383
1523387520,19.200,19.200,19.200,19.200,0,0
1523387700,19.190,19.200,19.190,19.200,1367,74709
1523387760,19.190,19.200,19.190,19.200,0,0
1523387820,19.200,19.200,19.200,19.200,0,0
1523388000,19.220,19.220,19.220,19.220,3445,76076
1523388120,19.230,19.230,19.230,19.230,0,0
1523388180,19.220,19.220,19.220,19.220,0,0
1523388240,19.210,19.210,19.210,19.210,0,0
1523388300,19.200,19.200,19.200,19.200,3958,79521
1523388420,19.200,19.200,19.200,19.200,0,0
1523388480,19.210,19.210,19.210,19.210,0,0
1523388540,19.260,19.260,19.260,19.260,0,0
1523388600,19.250,19.230,19.230,19.250,3112,83479
1523388660,19.250,19.230,19.230,19.250,0,0
1523388840,19.230,19.230,19.230,19.230,0,0
1523388900,19.230,19.230,19.230,19.230,4032,86591
1523388960,19.240,19.240,19.240,19.240,0,0
1523389020,19.230,19.230,19.230,19.230,0,0
1523389080,19.230,19.230,19.230,19.230,0,0
1523389140,19.230,19.240,19.230,19.240,0,0
1523389200,19.250,19.250,19.250,19.250,1536,90623
1523389320,19.250,19.250,19.250,19.250,0,0
1523389500,19.240,19.240,19.240,19.240,3743,92159
1523389680,19.260,19.240,19.230,19.260,0,0
1523389740,19.230,19.230,19.230,19.230,0,0
1523389800,19.240,19.250,19.240,19.250,4291,95902
1523389860,19.240,19.240,19.240,19.240,0,0
1523389920,19.250,19.250,19.250,19.250,0,0
1523390040,19.250,19.250,19.250,19.250,0,0
1523390100,19.250,19.250,19.250,19.250,22854,100193
1523390160,19.240,19.230,19.230,19.240,0,0
1523390220,19.230,19.230,19.230,19.230,0,0
1523390280,19.230,19.230,19.230,19.230,0,0
1523390340,19.240,19.250,19.240,19.260,0,0
1523453400,19.190,18.980,18.980,19.190,4017,0
1523453520,19.230,19.240,19.230,19.240,0,0
1523453580,19.250,19.250,19.250,19.250,0,0
1523454000,19.270,19.290,19.270,19.290,4528,4017
1523454120,19.270,19.290,19.270,19.290,0,0
1523454300,19.320,19.320,19.320,19.320,1070,8545
1523454480,19.250,19.240,19.240,19.250,0,0
1523454540,19.250,19.250,19.250,19.250,0,0
1523454600,19.280,19.280,19.280,19.280,604,9615
1523454660,19.280,19.280,19.280,19.280,0,0
1523454840,19.290,19.310,19.290,19.310,0,0
1523454900,19.230,19.230,19.230,19.230,763,10219
1523455140,19.280,19.280,19.280,19.280,0,0
1523455500,19.270,19.270,19.270,19.270,3050,10982
1523455620,19.290,19.290,19.290,19.290,0,0
1523455680,19.300,19.300,19.300,19.300,0,0
1523455800,19.280,19.280,19.280,19.280,739,14032
1523455860,19.280,19.280,19.280,19.280,0,0
1523455920,19.280,19.280,19.280,19.280,0,0
1523456400,19.300,19.310,19.300,19.310,851,14771
1523456640,19.300,19.310,19.300,19.310,0,0
1523457300,19.320,19.320,19.320,19.320,285,15622
1523457480,19.320,19.320,19.320,19.320,0,0
1523457600,19.320,19.320,19.320,19.320,6072,15907
1523457720,19.320,19.320,19.320,19.320,0,0
1523457840,19.400,19.400,19.400,19.400,0,0
1523457900,19.440,19.440,19.440,19.440,1337,21979
1523457960,19.350,19.350,19.350,19.350,0,0
1523458200,19.310,19.310,19.310,19.310,610,23316
1523458500,19.300,19.300,19.300,19.300,1385,23926
1523458680,19.300,19.300,19.300,19.300,0,0
1523458740,19.260,19.260,19.260,19.260,0,0
1523458800,19.220,19.220,19.220,19.220,1302,25311
1523458860,19.220,19.220,19.220,19.220,0,0
1523458920,19.270,19.260,19.260,19.270,0,0
1523459040,19.270,19.270,19.270,19.270,0,0
1523459100,19.350,19.340,19.340,19.350,1947,26613
1523459280,19.350,19.340,19.340,19.350,0,0
1523459400,19.390,19.390,19.390,19.390,879,28560
1523459640,19.390,19.390,19.390,19.390,0,0
1523459700,19.390,19.390,19.390,19.390,1741,29439
1523459940,19.380,19.350,19.350,19.380,0,0
1523460000,19.330,19.330,19.330,19.330,1251,31180
1523460180,19.340,19.340,19.340,19.340,0,0
1523460240,19.350,19.350,19.350,19.350,0,0
1523460300,19.360,19.330,19.330,19.360,874,32431
1523460600,19.350,19.350,19.350,19.350,104,33305
1523460900,19.340,19.340,19.340,19.340,1994,33409
1523460960,19.300,19.260,19.260,19.300,0,0
1523461020,19.300,19.300,19.300,19.300,0,0
1523461200,19.320,19.320,19.320,19.320,221,35403
1523461500,19.320,19.320,19.320,19.320,1331,35624
1523461620,19.320,19.320,19.320,19.320,0,0
1523461680,19.320,19.340,19.320,19.340,0,0
1523461740,19.290,19.290,19.290,19.290,0,0
1523462100,19.320,19.320,19.320,19.320,698,36955
1523462400,19.300,19.300,19.300,19.300,1176,37653
1523462580,19.300,19.300,19.300,19.300,0,0
1523462640,19.300,19.300,19.300,19.300,0,0
1523462700,19.280,19.280,19.280,19.280,403,38829
1523463000,19.290,19.270,19.270,19.290,2000,39232
1523463060,19.290,19.270,19.270,19.290,0,0
1523463240,19.260,19.260,19.260,19.260,0,0
1523463300,19.250,19.250,19.250,19.250,200,41232
1523463480,19.250,19.250,19.250,19.250,0,0
1523463540,19.260,19.260,19.260,19.260,0,0
1523463600,19.260,19.260,19.260,19.260,1370,41432
1523463660,19.260,19.260,19.260,19.260,0,0
1523463780,19.220,19.220,19.220,19.220,0,0
1523463840,19.210,19.210,19.210,19.210,0,0
1523464200,19.210,19.200,19.200,19.210,1941,42802
1523464260,19.210,19.200,19.200,19.210,0,0
1523464380,19.200,19.200,19.200,19.200,0,0
1523464500,19.190,19.190,19.190,19.190,548,44743
1523464740,19.190,19.190,19.190,19.190,0,0
1523465100,19.170,19.170,19.170,19.170,354,45291
1523465160,19.170,19.170,19.170,19.170,0,0
1523465700,19.190,19.190,19.190,19.190,3008,45645
1523465760,19.190,19.190,19.190,19.190,0,0
1523465820,19.190,19.190,19.190,19.190,0,0
1523465880,19.200,19.200,19.200,19.200,0,0
1523466000,19.190,19.190,19.190,19.190,502,48653
1523466060,19.190,19.190,19.190,19.190,0,0
1523466120,19.210,19.210,19.210,19.210,0,0
1523466300,19.200,19.200,19.200,19.200,100,49155
1523466360,19.200,19.200,19.200,19.200,0,0
1523466420,19.210,19.210,19.210,19.210,0,0
1523466900,19.200,19.200,19.200,19.200,779,49255
1523466960,19.200,19.200,19.200,19.200,0,0
1523467140,19.200,19.200,19.200,19.200,0,0
1523467200,19.180,19.180,19.180,19.180,1913,50034
1523467320,19.180,19.180,19.180,19.180,0,0
1523467500,19.170,19.170,19.170,19.170,405,51947
1523467560,19.170,19.170,19.170,19.170,0,0
1523467620,19.150,19.150,19.150,19.150,0,0
1523467800,19.160,19.160,19.160,19.160,1250,52352
1523467920,19.160,19.160,19.160,19.160,0,0
1523468040,19.160,19.160,19.160,19.160,0,0
1523468100,19.160,19.160,19.160,19.160,1107,53602
1523468160,19.160,19.160,19.160,19.160,0,0
1523468280,19.160,19.160,19.160,19.160,0,0
1523468340,19.180,19.180,19.180,19.180,0,0
1523468400,19.160,19.160,19.160,19.160,202,54709
1523468700,19.160,19.170,19.160,19.170,670,54911
1523468760,19.160,19.170,19.160,19.170,0,0
1523469300,19.160,19.160,19.160,19.160,231,55581
1523469420,19.170,19.170,19.170,19.170,0,0
1523469480,19.170,19.170,19.170,19.170,0,0
1523469540,19.170,19.170,19.170,19.170,0,0
1523469600,19.190,19.190,19.190,19.190,1108,55812
1523469840,19.200,19.200,19.200,19.200,0,0
1523469900,19.170,19.170,19.170,19.170,1154,56920
1523470020,19.170,19.170,19.170,19.170,0,0
1523470080,19.180,19.170,19.170,19.180,0,0
1523470200,19.170,19.170,19.170,19.170,877,58074
1523470320,19.160,19.180,19.160,19.180,0,0
1523470500,19.200,19.200,19.200,19.200,3094,58951
1523470620,19.200,19.200,19.200,19.200,0,0
1523470800,19.200,19.200,19.200,19.200,2614,62045
1523470860,19.190,19.190,19.190,19.190,0,0
1523470920,19.190,19.190,19.190,19.190,0,0
1523470980,19.170,19.160,19.160,19.170,0,0
1523471040,19.150,19.150,19.150,19.150,0,0
1523471100,19.150,19.150,19.150,19.150,343,64659
1523471160,19.150,19.150,19.150,19.150,0,0
1523471400,19.170,19.170,19.170,19.170,3450,65002
1523471520,19.160,19.160,19.160,19.160,0,0
1523471700,19.170,19.170,19.170,19.170,1276,68452
1523471760,19.170,19.170,19.170,19.170,0,0
1523471880,19.200,19.200,19.200,19.200,0,0
1523472000,19.200,19.200,19.200,19.200,1042,69728
1523472060,19.200,19.200,19.200,19.200,0,0
1523472120,19.200,19.200,19.200,19.200,0,0
1523472180,19.190,19.190,19.190,19.190,0,0
1523472300,19.180,19.180,19.180,19.180,315,70770
1523472540,19.180,19.180,19.180,19.180,0,0
1523472600,19.160,19.160,19.160,19.160,1313,71085
1523472720,19.170,19.160,19.160,19.170,0,0
1523472900,19.170,19.180,19.170,19.180,1856,72398
1523473080,19.200,19.220,19.200,19.220,0,0
1523473200,19.230,19.220,19.220,19.230,578,74254
1523473440,19.230,19.220,19.220,19.230,0,0
1523473500,19.220,19.220,19.220,19.220,1456,74832
1523473560,19.220,19.220,19.220,19.220,0,0
1523473620,19.210,19.200,19.200,19.210,0,0
1523473740,19.180,19.180,19.180,19.180,0,0
1523473800,19.190,19.190,19.190,19.190,200,76288
1523473860,19.190,19.190,19.190,19.190,0,0
1523473980,19.180,19.180,19.180,19.180,0,0
1523474100,19.160,19.160,19.160,19.160,1159,76488
1523474340,19.170,19.180,19.170,19.180,0,0
1523474400,19.180,19.180,19.180,19.180,917,77647
1523474460,19.180,19.180,19.180,19.180,0,0
1523474520,19.170,19.170,19.170,19.170,0,0
1523474700,19.160,19.160,19.160,19.160,2157,78564
1523474880,19.150,19.160,19.150,19.160,0,0
1523475000,19.170,19.170,19.170,19.170,793,80721
1523475060,19.170,19.170,19.170,19.170,0,0
1523475180,19.170,19.170,19.170,19.170,0,0
1523475300,19.150,19.150,19.150,19.150,908,81514
1523475420,19.140,19.140,19.140,19.140,0,0
1523475600,19.150,19.150,19.150,19.150,2785,82422
1523475660,19.150,19.150,19.150,19.150,0,0
1523475780,19.180,19.180,19.180,19.180,0,0
1523475840,19.190,19.190,19.190,19.190,0,0
1523475900,19.180,19.180,19.180,19.180,310,85207
1523475960,19.170,19.190,19.170,19.190,0,0
1523476140,19.190,19.190,19.190,19.190,0,0
1523476200,19.190,19.200,19.190,19.200,9342,85517
1523476260,19.200,19.190,19.190,19.200,0,0
1523476320,19.200,19.200,19.200,19.200,0,0
1523476380,19.190,19.190,19.190,19.190,0,0
1523476440,19.190,19.180,19.180,19.190,0,0
1523476500,19.180,19.170,19.170,19.190,9133,94859
1523476560,19.170,19.180,19.170,19.180,0,0
1523476620,19.180,19.180,19.180,19.180,0,0
1523476680,19.190,19.200,19.180,19.200,0,0
1523476740,19.200,19.200,19.200,19.200,0,0
1523539800,19.210,19.210,19.210,19.210,0,0
1523540400,19.220,19.120,19.120,19.220,5383,0
1523540640,19.220,19.120,19.120,19.220,0,0
1523540700,19.170,19.150,19.150,19.220,1508,5383
1523540880,19.160,19.160,19.160,19.160,0,0
1523540940,19.210,19.210,19.210,19.210,0,0
1523541000,19.200,19.170,19.170,19.200,893,6891
1523541060,19.170,19.170,19.170,19.170,0,0
1523541180,19.170,19.170,19.170,19.170,0,0
1523541300,19.220,19.220,19.220,19.220,570,7784
1523541420,19.200,19.210,19.200,19.210,0,0
1523541600,19.200,19.200,19.200,19.200,210,8354
1523541840,19.200,19.200,19.200,19.200,0,0
1523541900,19.200,19.230,19.200,19.230,2134,8564
1523541960,19.210,19.210,19.210,19.210,0,0
1523542140,19.150,19.150,19.150,19.150,0,0
1523542200,19.190,19.200,19.190,19.200,1489,10698
1523542320,19.200,19.200,19.200,19.200,0,0
1523542440,19.190,19.190,19.190,19.190,0,0
1523542500,19.240,19.240,19.240,19.240,1795,12187
1523542560,19.240,19.240,19.240,19.240,0,0
1523542620,19.250,19.250,19.250,19.250,0,0
1523542800,19.230,19.250,19.230,19.250,2232,13982
1523542860,19.250,19.250,19.250,19.250,0,0
1523543040,19.240,19.240,19.240,19.240,0,0
1523543100,19.220,19.220,19.220,19.220,1848,16214
1523543220,19.220,19.220,19.220,19.220,0,0
1523543340,19.270,19.290,19.270,19.290,0,0
1523543400,19.220,19.220,19.220,19.220,600,18062
1523543700,19.210,19.210,19.210,19.210,1701,18662
1523543820,19.200,19.200,19.200,19.200,0,0
1523543940,19.210,19.210,19.210,19.210,0,0
1523544000,19.210,19.210,19.210,19.210,1787,20363
1523544120,19.150,19.150,19.150,19.150,0,0
1523544240,19.200,19.200,19.200,19.200,0,0
1523544300,19.200,19.200,19.200,19.200,141,22150
1523544420,19.200,19.200,19.200,19.200,0,0
1523544600,19.240,19.240,19.240,19.240,100,22291
1523544720,19.240,19.240,19.240,19.240,0,0
1523544900,19.200,19.200,19.200,19.200,796,22391
1523544960,19.200,19.200,19.200,19.200,0,0
1523545080,19.200,19.200,19.200,19.200,0,0
1523545200,19.190,19.190,19.190,19.190,103,23187
1523545320,19.190,19.190,19.190,19.190,0,0
1523545500,19.190,19.190,19.190,19.190,701,23290
1523545560,19.190,19.190,19.190,19.190,0,0
1523545680,19.220,19.220,19.220,19.220,0,0
1523546100,19.210,19.210,19.210,19.210,300,23991
1523546280,19.210,19.210,19.210,19.210,0,0
1523546400,19.200,19.190,19.190,19.200,1160,24291
1523546460,19.200,19.190,19.190,19.200,0,0
1523546520,19.160,19.160,19.160,19.160,0,0
1523546640,19.140,19.140,19.140,19.140,0,0
1523546700,19.160,19.160,19.160,19.160,1181,25451
1523546760,19.150,19.150,19.150,19.150,0,0
1523546880,19.120,19.120,19.120,19.120,0,0
1523546940,19.120,19.120,19.120,19.120,0,0
1523547000,19.120,19.120,19.120,19.120,672,26632
1523547120,19.120,19.140,19.120,19.140,0,0
1523547300,19.110,19.110,19.110,19.110,730,27304
1523547540,19.100,19.100,19.100,19.100,0,0
1523547600,19.110,19.110,19.110,19.110,341,28034
1523547780,19.120,19.120,19.120,19.120,0,0
1523547900,19.110,19.110,19.110,19.110,776,28375
1523547960,19.110,19.110,19.110,19.110,0,0
1523548080,19.110,19.110,19.110,19.110,0,0
1523548200,19.110,19.110,19.110,19.110,835,29151
1523548260,19.110,19.110,19.110,19.110,0,0
1523548320,19.090,19.090,19.090,19.090,0,0
1523548500,19.110,19.110,19.110,19.110,3799,29986
1523548560,19.110,19.110,19.110,19.110,0,0
1523548680,19.100,19.110,19.100,19.110,0,0
1523548740,19.100,19.100,19.100,19.100,0,0
1523549100,19.100,19.100,19.100,19.100,610,33785
1523549160,19.100,19.100,19.100,19.100,0,0
1523549220,19.110,19.110,19.110,19.110,0,0
1523550000,19.120,19.120,19.120,19.120,222,34395
1523550060,19.120,19.120,19.120,19.120,0,0
1523550300,19.120,19.120,19.120,19.120,400,34617
1523550480,19.120,19.120,19.120,19.120,0,0
1523550540,19.110,19.110,19.110,19.110,0,0
1523550600,19.120,19.120,19.120,19.120,100,35017
1523550660,19.120,19.120,19.120,19.120,0,0
1523550900,19.120,19.120,19.120,19.120,100,35117
1523551200,19.100,19.100,19.100,19.100,1210,35217
1523551320,19.100,19.100,19.100,19.100,0,0
1523551440,19.070,19.110,19.070,19.110,0,0
1523551500,19.150,19.150,19.150,19.150,200,36427
1523552100,19.130,19.110,19.110,19.130,830,36627
1523552160,19.130,19.110,19.110,19.130,0,0
1523552400,19.140,19.140,19.140,19.140,300,37457
1523552700,19.130,19.130,19.130,19.130,707,37757
1523552940,19.130,19.110,19.110,19.130,0,0
1523553000,19.130,19.130,19.130,19.130,300,38464
1523553060,19.140,19.140,19.140,19.140,0,0
1523553180,19.140,19.140,19.140,19.140,0,0
1523553300,19.120,19.120,19.120,19.120,420,38764
1523553360,19.120,19.120,19.120,19.120,0,0
1523553600,19.140,19.140,19.140,19.140,1182,39184
1523553720,19.140,19.140,19.140,19.140,0,0
1523553840,19.130,19.140,19.120,19.140,0,0
1523553900,19.120,19.120,19.120,19.120,600,40366
1523554020,19.120,19.120,19.120,19.120,0,0
1523554140,19.120,19.120,19.120,19.120,0,0
1523554200,19.130,19.130,19.130,19.130,301,40966
1523554260,19.130,19.130,19.130,19.130,0,0
1523554380,19.130,19.130,19.130,19.130,0,0
1523554500,19.160,19.160,19.160,19.160,201,41267
1523554680,19.160,19.160,19.160,19.160,0,0
1523555100,19.150,19.160,19.150,19.160,1003,41468
1523555160,19.150,19.160,19.150,19.160,0,0
1523555220,19.140,19.140,19.140,19.140,0,0
1523555340,19.140,19.140,19.140,19.140,0,0
1523555400,19.170,19.170,19.170,19.170,1002,42471
1523555460,19.170,19.170,19.170,19.170,0,0
1523555520,19.170,19.170,19.170,19.170,0,0
1523555640,19.180,19.180,19.180,19.180,0,0
1523555700,19.180,19.180,19.180,19.180,2972,43473
1523555940,19.160,19.160,19.160,19.160,0,0
1523556000,19.160,19.160,19.160,19.160,1754,46445
1523556120,19.140,19.140,19.140,19.140,0,0
1523556240,19.140,19.140,19.140,19.140,0,0
1523556300,19.140,19.140,19.140,19.140,1300,48199
1523556420,19.140,19.140,19.140,19.140,0,0
1523556480,19.130,19.130,19.130,19.130,0,0
1523556540,19.100,19.100,19.100,19.100,0,0
1523556600,19.110,19.110,19.110,19.110,1530,49499
1523556660,19.110,19.110,19.110,19.110,0,0
1523556720,19.110,19.110,19.110,19.110,0,0
1523556900,19.130,19.130,19.130,19.130,624,51029
1523557140,19.130,19.130,19.130,19.130,0,0
1523557200,19.150,19.150,19.150,19.150,690,51653
1523557260,19.150,19.150,19.150,19.150,0,0
1523557440,19.160,19.140,19.140,19.160,0,0
1523557500,19.130,19.130,19.130,19.130,550,52343
1523557560,19.130,19.130,19.130,19.130,0,0
1523557800,19.110,19.130,19.110,19.130,1380,52893
1523557860,19.110,19.130,19.110,19.130,0,0
1523557980,19.100,19.100,19.100,19.100,0,0
1523558100,19.110,19.110,19.110,19.110,431,54273
1523558160,19.130,19.120,19.120,19.130,0,0
1523558700,19.120,19.120,19.120,19.120,111,54704
1523558880,19.120,19.120,19.120,19.120,0,0
1523559000,19.140,19.140,19.140,19.140,301,54815
1523559060,19.140,19.140,19.140,19.140,0,0
1523559300,19.160,19.160,19.160,19.160,2125,55116
1523559420,19.160,19.160,19.160,19.160,0,0
1523559480,19.160,19.170,19.130,19.170,0,0
1523559540,19.150,19.150,19.150,19.150,0,0
1523559600,19.150,19.140,19.140,19.150,400,57241
1523559660,19.150,19.140,19.140,19.150,0,0
1523559900,19.150,19.150,19.150,19.150,272,57641
1523559960,19.150,19.150,19.150,19.150,0,0
1523560080,19.140,19.140,19.140,19.140,0,0
1523560200,19.130,19.130,19.130,19.130,2034,57913
1523560260,19.130,19.130,19.130,19.130,0,0
1523560320,19.130,19.120,19.120,19.130,0,0
1523560500,19.130,19.130,19.130,19.130,825,59947
1523560560,19.130,19.130,19.130,19.130,0,0
1523560740,19.130,19.130,19.130,19.130,0,0
1523560800,19.130,19.140,19.130,19.140,1523,60772
1523560920,19.140,19.140,19.140,19.140,0,0
1523560980,19.130,19.130,19.130,19.130,0,0
1523561100,19.130,19.130,19.130,19.130,1563,62295
1523561160,19.120,19.130,19.120,19.130,0,0
1523561220,19.110,19.110,19.110,19.110,0,0
1523561400,19.110,19.080,19.080,19.110,3045,63858
1523561460,19.110,19.080,19.080,19.110,0,0
1523561520,19.070,19.070,19.070,19.070,0,0
1523561640,19.080,19.080,19.080,19.080,0,0
1523561700,19.080,19.080,19.080,19.080,801,66903
1523561820,19.080,19.080,19.080,19.080,0,0
1523561880,19.090,19.090,19.090,19.090,0,0
1523561940,19.090,19.090,19.090,19.090,0,0
1523562000,19.090,19.090,19.090,19.090,1327,67704
1523562120,19.100,19.100,19.100,19.100,0,0
1523562240,19.090,19.080,19.080,19.090,0,0
1523562300,19.080,19.090,19.080,19.090,1650,69031
1523562480,19.070,19.070,19.070,19.070,0,0
1523562600,19.080,19.080,19.080,19.080,2066,70681
1523562660,19.070,19.060,19.060,19.070,0,0
1523562720,19.070,19.070,19.070,19.070,0,0
1523562840,19.060,19.060,19.060,19.060,0,0
1523562900,19.070,19.070,19.070,19.070,6795,72747
1523562960,19.070,19.070,19.070,19.070,0,0
1523563020,19.060,19.050,19.050,19.070,0,0
1523563080,19.060,19.050,19.050,19.060,0,0
1523563140,19.050,19.050,19.050,19.050,0,0
1523626200,19.100,19.100,19.100,19.100,0,0
1523626500,18.950,18.950,18.950,18.950,3285,0
1523626560,18.860,18.860,18.860,18.860,0,0
1523626800,18.880,18.880,18.880,18.880,1699,3285
1523626920,18.890,18.900,18.890,18.900,0,0
1523627100,18.890,18.930,18.890,18.930,467,4984
1523627400,18.960,18.960,18.960,18.960,1686,5451
1523627460,18.990,19.000,18.990,19.000,0,0
1523628300,18.970,18.970,18.970,18.970,3277,7137
1523628420,18.970,18.930,18.930,18.970,0,0
1523628540,18.910,18.910,18.910,18.910,0,0
1523628900,18.950,18.950,18.950,18.950,3449,10414
1523629140,18.950,18.950,18.950,18.950,0,0
1523629200,18.930,18.930,18.930,18.930,202,13863
1523629260,18.930,18.930,18.930,18.930,0,0
1523629500,18.900,18.900,18.900,18.900,498,14065
1523629560,18.900,18.900,18.900,18.900,0,0
1523629800,18.790,18.800,18.790,18.800,2360,14563
1523629860,18.790,18.800,18.790,18.800,0,0
1523629980,18.910,18.910,18.910,18.910,0,0
1523630400,18.950,18.910,18.910,18.950,673,16923
1523630700,18.860,18.860,18.860,18.860,1832,17596
1523630760,18.930,18.930,18.930,18.930,0,0
1523630940,18.920,18.920,18.920,18.920,0,0
1523631000,18.910,18.910,18.910,18.910,429,19428
1523631120,18.910,18.910,18.910,18.910,0,0
1523631300,18.850,18.860,18.850,18.860,1109,19857
1523631540,18.850,18.860,18.850,18.860,0,0
1523631600,18.820,18.820,18.820,18.820,566,20966
1523631840,18.820,18.820,18.820,18.820,0,0
1523631900,18.820,18.820,18.820,18.820,305,21532
1523631960,18.820,18.820,18.820,18.820,0,0
1523632200,18.840,18.840,18.840,18.840,420,21837
1523632500,18.850,18.880,18.850,18.880,822,22257
1523632560,18.850,18.880,18.850,18.880,0,0
1523632800,18.860,18.860,18.860,18.860,225,23079
1523632860,18.860,18.860,18.860,18.860,0,0
1523633040,18.880,18.880,18.880,18.880,0,0
1523633400,18.920,18.920,18.920,18.920,775,23304
1523633460,18.920,18.920,18.920,18.920,0,0
1523633700,18.910,18.910,18.910,18.910,575,24079
1523633880,18.910,18.910,18.910,18.910,0,0
1523634300,18.890,18.890,18.890,18.890,925,24654
1523634540,18.890,18.890,18.890,18.890,0,0
1523634600,18.860,18.860,18.860,18.860,1000,25579
1523634720,18.860,18.860,18.860,18.860,0,0
1523635200,18.900,18.900,18.900,18.900,825,26579
1523635260,18.900,18.900,18.900,18.900,0,0
1523635380,18.890,18.890,18.890,18.890,0,0
1523635500,18.890,18.930,18.890,18.930,911,27404
1523635560,18.890,18.930,18.890,18.930,0,0
1523635620,18.890,18.880,18.880,18.890,0,0
1523635680,18.880,18.880,18.880,18.880,0,0
1523635800,18.900,18.900,18.900,18.900,500,28315
1523635980,18.900,18.900,18.900,18.900,0,0
1523636100,18.910,18.910,18.910,18.910,302,28815
1523636160,18.910,18.910,18.910,18.910,0,0
1523636400,18.920,18.920,18.920,18.920,402,29117
1523636520,18.930,18.930,18.930,18.930,0,0
1523636700,18.930,18.930,18.930,18.930,405,29519
1523636940,18.930,18.930,18.930,18.930,0,0
1523637000,18.940,18.940,18.940,18.940,893,29924
1523637060,18.940,18.940,18.940,18.940,0,0
1523637180,18.930,18.930,18.930,18.930,0,0
1523637240,18.930,18.920,18.920,18.930,0,0
1523637900,18.890,18.890,18.890,18.890,870,30817
1523637960,18.890,18.890,18.890,18.890,0,0
1523638140,18.890,18.890,18.890,18.890,0,0
1523638200,18.950,18.950,18.950,18.950,1011,31687
1523638500,18.960,18.960,18.960,18.960,4136,32698
1523638620,18.960,18.960,18.960,18.960,0,0
1523638740,18.840,18.840,18.840,18.840,0,0
1523639100,18.930,18.930,18.930,18.930,2716,36834
1523639160,18.930,18.930,18.930,18.930,0,0
1523639340,18.900,18.900,18.900,18.900,0,0
1523639400,18.900,18.900,18.900,18.900,200,39550
1523639640,18.900,18.900,18.900,18.900,0,0
1523639700,18.890,18.890,18.890,18.890,1547,39750
1523640000,18.890,18.890,18.890,18.890,105,41297
1523640060,18.890,18.890,18.890,18.890,0,0
1523640300,18.900,18.900,18.900,18.900,1157,41402
1523640360,18.930,18.930,18.930,18.930,0,0
1523640600,18.920,18.920,18.920,18.920,1321,42559
1523640720,18.920,18.920,18.920,18.920,0,0
1523640780,18.890,18.880,18.880,18.890,0,0
1523640900,18.900,18.900,18.900,18.900,943,43880
1523641020,18.950,18.950,18.950,18.950,0,0
1523641200,19.000,19.000,19.000,19.000,487,44823
1523641440,19.000,19.000,19.000,19.000,0,0
1523641500,18.990,18.990,18.990,18.990,192,45310
1523642100,18.970,18.970,18.970,18.970,1103,45502
1523642220,18.940,18.940,18.940,18.940,0,0
1523642280,18.960,18.960,18.960,18.960,0,0
1523642400,18.940,18.940,18.940,18.940,477,46605
1523642640,18.940,18.940,18.940,18.940,0,0
1523642700,18.950,18.950,18.950,18.950,506,47082
1523642820,18.990,18.990,18.990,18.990,0,0
1523643300,18.960,18.940,18.940,18.960,1032,47588
1523643420,18.950,18.950,18.950,18.950,0,0
1523643600,18.980,18.980,18.980,18.980,200,48620
1523643660,18.980,18.980,18.980,18.980,0,0
1523643900,18.960,18.960,18.960,18.960,293,48820
1523644020,18.960,18.960,18.960,18.960,0,0
1523644200,18.980,18.980,18.980,18.980,300,49113
1523644380,18.980,18.980,18.980,18.980,0,0
1523644500,18.980,18.980,18.980,18.980,987,49413
1523644560,18.940,18.940,18.940,18.940,0,0
1523644620,18.950,18.930,18.930,18.950,0,0
1523644800,18.960,18.960,18.960,18.960,200,50400
1523645100,18.980,18.980,18.980,18.980,838,50600
1523645340,18.970,18.960,18.960,18.970,0,0
1523645400,18.940,18.940,18.940,18.940,1036,51438
1523645520,18.940,18.940,18.940,18.940,0,0
1523645580,18.930,18.930,18.930,18.930,0,0
1523645640,18.930,18.930,18.930,18.930,0,0
1523645700,18.910,18.910,18.910,18.910,454,52474
1523645820,18.910,18.910,18.910,18.910,0,0
1523645940,18.920,18.920,18.920,18.920,0,0
1523646000,18.920,18.920,18.920,18.920,718,52928
1523646240,18.900,18.900,18.900,18.900,0,0
1523646300,18.900,18.900,18.900,18.900,1473,53646
1523646360,18.890,18.890,18.890,18.890,0,0
1523646420,18.890,18.890,18.890,18.890,0,0
1523646600,18.890,18.900,18.890,18.900,400,55119
1523646900,18.890,18.890,18.890,18.890,500,55519
1523646960,18.880,18.880,18.880,18.880,0,0
1523647020,18.900,18.900,18.900,18.900,0,0
1523647200,18.870,18.870,18.870,18.870,842,56019
1523647380,18.860,18.860,18.860,18.860,0,0
1523647500,18.860,18.850,18.850,18.860,3185,56861
1523647620,18.850,18.850,18.850,18.850,0,0
1523647680,18.860,18.860,18.860,18.860,0,0
1523647740,18.850,18.850,18.850,18.850,0,0
1523647800,18.830,18.830,18.830,18.830,924,60046
1523647860,18.830,18.830,18.830,18.830,0,0
1523647920,18.840,18.840,18.840,18.840,0,0
1523647980,18.870,18.870,18.870,18.870,0,0
1523648100,18.880,18.880,18.880,18.880,1056,60970
1523648160,18.890,18.920,18.890,18.920,0,0
1523648220,18.910,18.910,18.910,18.910,0,0
1523648400,18.920,18.930,18.920,18.930,1280,62026
1523648640,18.970,18.930,18.930,18.970,0,0
1523648700,18.970,18.970,18.970,18.970,1432,63306
1523648760,18.960,18.960,18.960,18.960,0,0
1523648820,18.950,18.950,18.950,18.950,0,0
1523648880,18.940,18.940,18.940,18.940,0,0
1523648940,18.960,18.960,18.960,18.960,0,0
1523649000,18.980,18.980,18.980,18.980,1029,64738
1523649120,18.990,18.990,18.990,18.990,0,0
1523649180,18.980,18.980,18.980,18.980,0,0
1523649300,18.980,18.980,18.980,18.980,15219,65767
1523649360,18.980,18.980,18.980,18.980,0,0
1523649420,18.980,18.960,18.960,18.980,0,0
1523649480,18.970,19.000,18.970,19.000,0,0
1523649540,18.970,18.960,18.940,18.970,0,0
1523885400,19.070,19.070,19.070,19.070,651,0
1523885580,19.030,19.030,19.030,19.030,0,0
1523885700,18.950,18.950,18.950,18.950,1102,651
1523885760,18.860,18.860,18.860,18.860,0,0
1523886000,18.910,19.030,18.910,19.030,980,1753
1523886060,18.910,19.030,18.910,19.030,0,0
1523886240,18.850,18.850,18.850,18.850,0,0
1523886300,18.910,18.910,18.910,18.910,700,2733
1523886360,18.910,18.910,18.910,18.910,0,0
1523886600,18.930,18.930,18.930,18.930,1194,3433
1523886660,18.930,18.930,18.930,18.930,0,0
1523886780,18.920,18.920,18.920,18.920,0,0
1523886900,18.980,18.980,18.980,18.980,325,4627
1523887080,18.980,18.980,18.980,18.980,0,0
1523887140,18.970,18.970,18.970,18.970,0,0
1523887200,18.980,18.980,18.980,18.980,9919,4952
1523887260,18.980,18.980,18.980,18.980,0,0
1523887500,19.010,19.010,19.010,19.010,1872,14871
1523887680,19.060,19.060,19.060,19.060,0,0
1523887800,19.050,19.050,19.050,19.050,100,16743
1523887980,19.050,19.050,19.050,19.050,0,0
1523888400,19.050,19.040,19.040,19.050,1068,16843
1523888460,19.050,19.040,19.040,19.050,0,0
1523888700,19.070,19.070,19.070,19.070,510,17911
1523888880,19.050,19.050,19.050,19.050,0,0
1523889300,19.100,19.060,19.060,19.100,2436,18421
1523889420,19.010,19.010,19.010,19.010,0,0
1523889540,19.060,19.060,19.060,19.060,0,0
1523889600,19.060,19.060,19.060,19.060,1126,20857
1523889720,19.060,19.060,19.060,19.060,0,0
1523889840,19.050,19.070,19.050,19.100,0,0
1523889900,19.050,19.050,19.050,19.050,300,21983
1523889960,19.050,19.050,19.050,19.050,0,0
1523890200,19.040,19.040,19.040,19.040,518,22283
1523890260,19.040,19.040,19.040,19.040,0,0
1523890500,19.010,19.010,19.010,19.010,645,22801
1523890740,19.010,19.010,19.010,19.010,0,0
1523890800,19.050,19.060,19.050,19.060,944,23446
1523891040,19.050,19.060,19.050,19.060,0,0
1523891100,19.060,19.060,19.060,19.060,176,24390
1523891400,18.980,18.980,18.980,18.980,793,24566
1523891460,18.980,18.980,18.980,18.980,0,0
1523891640,19.010,19.010,19.010,19.010,0,0
1523891700,19.010,19.020,19.010,19.020,510,25359
1523891760,18.990,18.990,18.990,18.990,0,0
1523891880,19.010,19.010,19.010,19.010,0,0
1523892000,19.050,19.050,19.050,19.050,721,25869
1523892240,19.050,19.050,19.050,19.050,0,0
1523892300,19.090,19.090,19.090,19.090,300,26590
1523892360,19.090,19.090,19.090,19.090,0,0
1523892900,19.030,18.990,18.990,19.030,1022,26890
1523893020,19.000,19.000,19.000,19.000,0,0
1523893500,19.000,19.000,19.000,19.000,852,27912
1523893740,19.000,19.000,19.000,19.000,0,0
1523893800,19.000,19.000,19.000,19.000,1002,28764
1523893980,19.000,19.000,19.000,19.000,0,0
1523894040,18.980,18.980,18.980,18.980,0,0
1523894100,18.950,18.950,18.950,18.950,100,29766
1523894400,18.990,18.990,18.990,18.990,735,29866
1523894460,19.000,19.000,19.000,19.000,0,0
1523894520,19.020,19.020,19.020,19.020,0,0
1523894580,19.010,19.010,19.010,19.010,0,0
1523894700,18.980,18.980,18.980,18.980,287,30601
1523894820,18.980,18.980,18.980,18.980,0,0
1523895300,19.000,19.000,19.000,19.000,100,30888
1523895420,18.980,18.980,18.980,18.980,0,0
1523895600,18.960,18.960,18.960,18.960,1224,30988
1523895780,18.960,18.960,18.960,18.960,0,0
1523895840,18.970,18.960,18.960,18.970,0,0
1523895900,18.970,18.970,18.970,18.970,300,32212
1523896020,18.970,18.970,18.970,18.970,0,0
1523896200,18.950,18.950,18.950,18.950,613,32512
1523896440,18.950,18.950,18.950,18.950,0,0
1523896500,18.950,18.920,18.920,18.950,772,33125
1523896560,18.950,18.920,18.920,18.950,0,0
1523897100,18.970,18.970,18.970,18.970,849,33897
1523897220,18.970,18.970,18.970,18.970,0,0
1523897340,18.960,18.960,18.960,18.960,0,0
1523897400,18.980,18.980,18.980,18.980,1025,34746
1523897460,18.980,18.980,18.980,18.980,0,0
1523897520,18.990,18.990,18.990,18.990,0,0
1523897580,19.000,19.000,19.000,19.000,0,0
1523897700,18.970,18.970,18.970,18.970,223,35771
1523897820,18.970,18.970,18.970,18.970,0,0
1523898000,18.980,18.980,18.980,18.980,232,35994
1523898300,19.020,19.020,19.020,19.020,539,36226
1523898540,19.020,19.020,19.020,19.020,0,0
1523898900,19.010,19.010,19.010,19.010,577,36765
1523899020,19.010,19.010,19.010,19.010,0,0
1523899200,19.020,19.020,19.020,19.020,604,37342
1523899320,19.040,19.040,19.040,19.040,0,0
1523899440,19.010,19.010,19.010,19.010,0,0
1523899800,19.030,19.040,19.020,19.040,1095,37946
1523899860,19.030,19.040,19.020,19.040,0,0
1523899980,19.050,19.050,19.050,19.050,0,0
1523900400,19.050,19.050,19.050,19.050,726,39041
1523900520,19.050,19.050,19.050,19.050,0,0
1523900640,19.070,19.040,19.040,19.070,0,0
1523900700,19.080,19.100,19.080,19.100,521,39767
1523900760,19.080,19.100,19.080,19.100,0,0
1523900820,19.080,19.080,19.080,19.080,0,0
1523901600,19.100,19.100,19.100,19.100,408,40288
1523902200,19.140,19.140,19.140,19.140,1759,40696
1523902380,19.140,19.140,19.140,19.140,0,0
1523902500,19.160,19.160,19.160,19.160,270,42455
1523902560,19.160,19.160,19.160,19.160,0,0
1523902680,19.170,19.170,19.170,19.170,0,0
1523902800,19.130,19.130,19.130,19.130,550,42725
1523902920,19.130,19.130,19.130,19.130,0,0
1523903040,19.110,19.110,19.110,19.110,0,0
1523903100,19.130,19.130,19.130,19.130,709,43275
1523903220,19.130,19.130,19.130,19.130,0,0
1523903340,19.110,19.100,19.100,19.130,0,0
1523903400,19.110,19.110,19.110,19.110,700,43984
1523903640,19.110,19.110,19.110,19.110,0,0
1523903700,19.120,19.120,19.120,19.120,900,44684
1523903760,19.120,19.120,19.120,19.120,0,0
1523903820,19.120,19.120,19.120,19.120,0,0
1523903880,19.130,19.130,19.130,19.130,0,0
1523904000,19.130,19.130,19.130,19.130,1128,45584
1523904060,19.130,19.120,19.120,19.130,0,0
1523904120,19.110,19.110,19.110,19.110,0,0
1523904180,19.120,19.120,19.120,19.120,0,0
1523904600,19.090,19.090,19.090,19.090,627,46712
1523904840,19.090,19.090,19.090,19.090,0,0
1523904900,19.110,19.110,19.110,19.110,669,47339
1523904960,19.100,19.110,19.100,19.110,0,0
1523905200,19.110,19.110,19.110,19.110,507,48008
1523905380,19.130,19.130,19.130,19.130,0,0
1523905500,19.120,19.120,19.120,19.120,200,48515
1523905620,19.120,19.120,19.120,19.120,0,0
1523905800,19.140,19.140,19.140,19.140,433,48715
1523905920,19.140,19.140,19.140,19.140,0,0
1523905980,19.100,19.100,19.100,19.100,0,0
1523906100,19.130,19.130,19.130,19.130,1063,49148
1523906280,19.090,19.090,19.090,19.090,0,0
1523906340,19.110,19.130,19.110,19.130,0,0
1523906400,19.100,19.090,19.090,19.100,700,50211
1523906640,19.100,19.090,19.090,19.100,0,0
1523906700,19.100,19.100,19.100,19.100,1218,50911
1523906760,19.100,19.100,19.100,19.100,0,0
1523906880,19.100,19.110,19.100,19.110,0,0
1523906940,19.110,19.110,19.110,19.110,0,0
1523907000,19.130,19.130,19.130,19.130,1028,52129
1523907120,19.120,19.120,19.120,19.120,0,0
1523907180,19.120,19.120,19.120,19.120,0,0
1523907300,19.120,19.110,19.110,19.120,1643,53157
1523907360,19.110,19.120,19.110,19.120,0,0
1523907420,19.090,19.090,19.090,19.090,0,0
1523907480,19.100,19.110,19.100,19.110,0,0
1523907540,19.110,19.110,19.110,19.110,0,0
1523907600,19.120,19.120,19.120,19.120,2140,54800
1523907720,19.140,19.140,19.140,19.140,0,0
1523907840,19.170,19.160,19.160,19.180,0,0
1523907900,19.130,19.140,19.130,19.140,400,56940
1523907960,19.160,19.160,19.160,19.160,0,0
1523908080,19.160,19.160,19.160,19.160,0,0
1523908200,19.170,19.160,19.160,19.180,2499,57340
1523908260,19.140,19.140,19.140,19.140,0,0
1523908320,19.160,19.170,19.160,19.170,0,0
1523908500,19.170,19.170,19.170,19.170,12498,59839
1523908560,19.170,19.160,19.160,19.170,0,0
1523908620,19.170,19.170,19.170,19.170,0,0
1523908680,19.180,19.190,19.180,19.190,0,0
1523908740,19.190,19.180,19.180,19.200,0,0
1523971800,19.270,18.540,18.540,19.270,1828,0
1523971920,19.030,19.100,19.030,19.100,0,0
1523972100,19.100,19.300,19.100,19.300,16016,1828
1523972220,19.100,19.300,19.100,19.300,0,0
1523972280,19.300,19.300,19.300,19.300,0,0
1523972340,19.330,19.330,19.330,19.330,0,0
1523972400,19.330,19.320,19.320,19.390,9650,17844
1523972460,19.230,19.320,19.230,19.320,0,0
1523972520,19.350,19.350,19.350,19.350,0,0
1523972700,19.400,19.400,19.400,19.400,1112,27494
1523972760,19.400,19.400,19.400,19.400,0,0
1523972820,19.350,19.350,19.350,19.350,0,0
1523973000,19.300,19.300,19.300,19.300,910,28606
1523973240,19.300,19.300,19.300,19.300,0,0
1523973300,19.320,19.320,19.320,19.320,194,29516
1523973420,19.320,19.320,19.320,19.320,0,0
1523973600,19.330,19.330,19.330,19.330,152,29710
1523973660,19.330,19.330,19.330,19.330,0,0
1523973900,19.300,19.300,19.300,19.300,508,29862
1523974080,19.300,19.300,19.300,19.300,0,0
1523974200,19.310,19.310,19.310,19.310,730,30370
1523974380,19.310,19.310,19.310,19.310,0,0
1523974800,19.270,19.270,19.270,19.270,415,31100
1523974920,19.270,19.270,19.270,19.270,0,0
1523975040,19.280,19.280,19.280,19.280,0,0
1523975100,19.280,19.280,19.280,19.280,100,31515
1523975160,19.280,19.280,19.280,19.280,0,0
1523975400,19.210,19.210,19.210,19.210,698,31615
1523975520,19.210,19.210,19.210,19.210,0,0
1523975700,19.280,19.280,19.280,19.280,764,32313
1523975760,19.330,19.330,19.330,19.330,0,0
1523976000,19.330,19.330,19.330,19.330,169,33077
1523976240,19.330,19.330,19.330,19.330,0,0
1523976300,19.290,19.290,19.290,19.290,1746,33246
1523976360,19.290,19.290,19.290,19.290,0,0
1523976420,19.250,19.290,19.250,19.290,0,0
1523976480,19.320,19.320,19.320,19.320,0,0
1523976600,19.320,19.320,19.320,19.320,867,34992
1523976660,19.320,19.320,19.320,19.320,0,0
1523976720,19.320,19.320,19.320,19.320,0,0
1523976780,19.270,19.270,19.270,19.270,0,0
1523976900,19.310,19.350,19.310,19.350,836,35859
1523976960,19.310,19.310,19.310,19.310,0,0
1523977080,19.310,19.310,19.310,19.310,0,0
1523977200,19.300,19.300,19.300,19.300,760,36695
1523977320,19.300,19.300,19.300,19.300,0,0
1523977440,19.310,19.310,19.310,19.310,0,0
1523977500,19.320,19.290,19.290,19.320,1894,37455
1523977560,19.310,19.310,19.310,19.310,0,0
1523977680,19.320,19.320,19.320,19.320,0,0
1523977740,19.300,19.300,19.300,19.300,0,0
1523977800,19.320,19.320,19.320,19.320,727,39349
1523977980,19.310,19.310,19.310,19.310,0,0
1523978400,19.310,19.320,19.310,19.320,996,40076
1523978460,19.310,19.320,19.310,19.320,0,0
1523978580,19.310,19.310,19.310,19.310,0,0
1523978640,19.310,19.310,19.310,19.310,0,0
1523978700,19.300,19.300,19.300,19.300,1593,41072
1523978880,19.300,19.300,19.300,19.300,0,0
1523978940,19.310,19.320,19.310,19.320,0,0
1523979000,19.300,19.300,19.300,19.300,797,42665
1523979060,19.300,19.300,19.300,19.300,0,0
1523979300,19.280,19.280,19.280,19.280,500,43462
1523979420,19.280,19.280,19.280,19.280,0,0
1523979540,19.270,19.270,19.270,19.270,0,0
1523980200,19.270,19.270,19.270,19.270,814,43962
1523980260,19.270,19.270,19.270,19.270,0,0
1523980440,19.270,19.270,19.270,19.270,0,0
1523980500,19.280,19.280,19.280,19.280,1138,44776
1523980740,19.300,19.300,19.300,19.300,0,0
1523980800,19.310,19.280,19.280,19.310,700,45914
1523980860,19.300,19.300,19.300,19.300,0,0
1523980920,19.300,19.300,19.300,19.300,0,0
1523981040,19.280,19.280,19.280,19.280,0,0
1523981400,19.320,19.320,19.320,19.320,2921,46614
1523981700,19.340,19.340,19.340,19.340,359,49535
1523981820,19.340,19.340,19.340,19.340,0,0
1523981880,19.360,19.360,19.360,19.360,0,0
1523981940,19.360,19.360,19.360,19.360,0,0
1523982000,19.360,19.360,19.360,19.360,100,49894
1523982180,19.360,19.360,19.360,19.360,0,0
1523982600,19.340,19.340,19.340,19.340,509,49994
1523982720,19.340,19.340,19.340,19.340,0,0
1523982900,19.330,19.330,19.330,19.330,1,50503
1523983020,19.330,19.330,19.330,19.330,0,0
1523983080,19.340,19.340,19.340,19.340,0,0
1523984100,19.400,19.400,19.400,19.400,2059,50504
1523984160,19.400,19.400,19.400,19.400,0,0
1523984280,19.390,19.390,19.390,19.390,0,0
1523984400,19.370,19.370,19.370,19.370,404,52563
1523984520,19.390,19.390,19.390,19.390,0,0
1523984700,19.370,19.370,19.370,19.370,608,52967
1523984760,19.370,19.370,19.370,19.370,0,0
1523984820,19.400,19.400,19.400,19.400,0,0
1523985000,19.390,19.390,19.390,19.390,409,53575
1523985600,19.370,19.370,19.370,19.370,930,53984
1523985720,19.370,19.370,19.370,19.370,0,0
1523985900,19.360,19.360,19.360,19.360,100,54914
1523986500,19.380,19.380,19.380,19.380,3302,55014
1523986560,19.370,19.370,19.370,19.370,0,0
1523986800,19.370,19.370,19.370,19.370,1005,58316
1523986920,19.370,19.370,19.370,19.370,0,0
1523986980,19.380,19.380,19.380,19.380,0,0
1523987040,19.380,19.380,19.380,19.380,0,0
1523987400,19.370,19.370,19.370,19.370,1046,59321
1523987460,19.370,19.370,19.370,19.370,0,0
1523987520,19.400,19.400,19.400,19.400,0,0
1523987700,19.420,19.420,19.420,19.420,2270,60367
1523987760,19.420,19.420,19.420,19.420,0,0
1523988000,19.420,19.420,19.420,19.420,888,62637
1523988060,19.420,19.420,19.420,19.420,0,0
1523988120,19.450,19.450,19.450,19.450,0,0
1523988300,19.450,19.450,19.450,19.450,830,63525
1523988360,19.450,19.450,19.450,19.450,0,0
1523988480,19.450,19.450,19.450,19.450,0,0
1523988540,19.420,19.420,19.420,19.420,0,0
1523988600,19.420,19.420,19.420,19.420,183,64355
1523988720,19.420,19.420,19.420,19.420,0,0
1523988840,19.420,19.420,19.420,19.420,0,0
1523988900,19.430,19.430,19.430,19.430,1461,64538
1523989140,19.400,19.400,19.400,19.400,0,0
1523989200,19.390,19.400,19.390,19.400,302,65999
1523989440,19.390,19.400,19.390,19.400,0,0
1523989500,19.410,19.410,19.410,19.410,523,66301
1523989680,19.410,19.410,19.410,19.410,0,0
1523990100,19.430,19.430,19.430,19.430,870,66824
1523990160,19.430,19.430,19.430,19.430,0,0
1523990220,19.470,19.470,19.470,19.470,0,0
1523990400,19.480,19.470,19.470,19.480,1340,67694
1523990460,19.480,19.470,19.470,19.480,0,0
1523990580,19.490,19.490,19.490,19.490,0,0
1523990640,19.470,19.470,19.470,19.470,0,0
1523990700,19.450,19.460,19.450,19.460,5950,69034
1523991300,19.480,19.490,19.480,19.490,310,74984
1523991540,19.480,19.490,19.480,19.490,0,0
1523991600,19.490,19.490,19.490,19.490,918,75294
1523991780,19.490,19.490,19.490,19.490,0,0
1523991840,19.500,19.500,19.500,19.500,0,0
1523991900,19.510,19.500,19.500,19.510,9068,76212
1523992020,19.510,19.500,19.500,19.510,0,0
1523992140,19.540,19.540,19.540,19.540,0,0
1523992200,19.570,19.570,19.570,19.570,533,85280
1523992260,19.570,19.570,19.570,19.570,0,0
1523992380,19.570,19.570,19.570,19.570,0,0
1523992500,19.590,19.590,19.590,19.590,1242,85813
1523992560,19.590,19.590,19.590,19.590,0,0
1523992620,19.590,19.580,19.580,19.590,0,0
1523992740,19.600,19.600,19.600,19.600,0,0
1523992800,19.610,19.640,19.610,19.640,6988,87055
1523992860,19.610,19.640,19.610,19.640,0,0
1523993040,19.630,19.610,19.610,19.630,0,0
1523993100,19.630,19.640,19.630,19.640,4248,94043
1523993160,19.640,19.640,19.640,19.640,0,0
1523993220,19.640,19.630,19.630,19.640,0,0
1523993280,19.660,19.640,19.640,19.660,0,0
1523993340,19.680,19.680,19.680,19.680,0,0
1523993400,19.680,19.680,19.680,19.680,730,98291
1523993460,19.680,19.680,19.680,19.680,0,0
1523993520,19.680,19.680,19.680,19.680,0,0
1523993580,19.660,19.680,19.660,19.680,0,0
1523993640,19.680,19.680,19.680,19.680,0,0
1523993700,19.650,19.600,19.600,19.650,4238,99021
1523993760,19.620,19.620,19.620,19.620,0,0
1523993880,19.630,19.620,19.620,19.630,0,0
1523993940,19.640,19.640,19.640,19.640,0,0
1523994000,19.640,19.640,19.640,19.640,2070,103259
1523994060,19.640,19.640,19.640,19.640,0,0
1523994120,19.620,19.640,19.620,19.640,0,0
1523994180,19.640,19.640,19.640,19.640,0,0
1523994240,19.640,19.630,19.620,19.640,0,0
1523994300,19.600,19.610,19.590,19.610,5730,105329
1523994360,19.610,19.570,19.550,19.610,0,0
1523994420,19.590,19.570,19.570,19.590,0,0
1523994480,19.580,19.590,19.580,19.590,0,0
1523994540,19.590,19.590,19.590,19.590,0,0
1523994600,19.590,19.590,19.590,19.590,5858,111059
1523994660,19.590,19.530,19.530,19.590,0,0
1523994720,19.570,19.570,19.570,19.570,0,0
1523994780,19.580,19.570,19.560,19.580,0,0
1523994840,19.570,19.560,19.560,19.570,0,0
1523994900,19.570,19.560,19.560,19.570,53559,116917
1523994960,19.570,19.590,19.560,19.590,0,0
1523995020,19.590,19.580,19.570,19.590,0,0
1523995080,19.590,19.590,19.590,19.590,0,0
1523995140,19.590,19.600,19.590,19.610,0,0
1524058200,19.670,19.670,19.670,19.670,0,0
1524058500,19.530,19.580,19.530,19.580,1403,0
1524058740,19.530,19.580,19.530,19.580,0,0
1524059100,19.630,19.630,19.630,19.630,794,1403
1524059220,19.620,19.620,19.620,19.620,0,0
1524059280,19.620,19.620,19.620,19.620,0,0
1524059400,19.590,19.590,19.590,19.590,347,2197
1524059640,19.590,19.590,19.590,19.590,0,0
1524059700,19.600,19.600,19.600,19.600,584,2544
1524059820,19.600,19.600,19.600,19.600,0,0
1524059880,19.630,19.630,19.630,19.630,0,0
1524060300,19.600,19.600,19.600,19.600,279,3128
1524060540,19.600,19.600,19.600,19.600,0,0
1524060600,19.610,19.610,19.610,19.610,870,3407
1524060660,19.610,19.610,19.610,19.610,0,0
1524060720,19.610,19.610,19.610,19.610,0,0
1524060900,19.590,19.590,19.590,19.590,326,4277
1524061020,19.610,19.610,19.610,19.610,0,0
1524061200,19.630,19.630,19.630,19.630,725,4603
1524061440,19.630,19.630,19.630,19.630,0,0
1524062100,19.680,19.680,19.680,19.680,696,5328
1524062400,19.690,19.690,19.690,19.690,1664,6024
1524062580,19.700,19.680,19.680,19.700,0,0
1524062640,19.670,19.670,19.670,19.670,0,0
1524062700,19.670,19.670,19.670,19.670,101,7688
1524062820,19.670,19.670,19.670,19.670,0,0
1524062880,19.670,19.670,19.670,19.670,0,0
1524063000,19.650,19.650,19.650,19.650,1398,7789
1524063060,19.650,19.650,19.650,19.650,0,0
1524063180,19.610,19.610,19.610,19.610,0,0
1524063300,19.640,19.640,19.640,19.640,500,9187
1524063600,19.640,19.640,19.640,19.640,200,9687
1524063660,19.640,19.640,19.640,19.640,0,0
1524063900,19.670,19.670,19.670,19.670,232,9887
1524063960,19.670,19.670,19.670,19.670,0,0
1524064200,19.700,19.700,19.700,19.700,398,10119
1524064320,19.700,19.700,19.700,19.700,0,0
1524064440,19.700,19.700,19.700,19.700,0,0
1524064500,19.750,19.720,19.720,19.750,8957,10517
1524064620,19.750,19.720,19.720,19.750,0,0
1524064680,19.760,19.800,19.760,19.800,0,0
1524064740,19.720,19.770,19.720,19.770,0,0
1524064800,19.770,19.770,19.770,19.770,633,19474
1524064860,19.770,19.800,19.770,19.800,0,0
1524065400,19.840,19.840,19.840,19.840,752,20107
1524065640,19.840,19.840,19.840,19.840,0,0
1524065700,19.810,19.810,19.810,19.810,1968,20859
1524065760,19.810,19.800,19.800,19.820,0,0
1524066000,19.820,19.820,19.820,19.820,310,22827
1524066180,19.820,19.820,19.820,19.820,0,0
1524066300,19.800,19.770,19.770,19.800,1896,23137
1524066420,19.790,19.790,19.790,19.790,0,0
1524066600,19.830,19.830,19.830,19.830,196,25033
1524066840,19.830,19.830,19.830,19.830,0,0
1524066900,19.830,19.830,19.830,19.830,700,25229
1524066960,19.830,19.830,19.830,19.830,0,0
1524067080,19.800,19.800,19.800,19.800,0,0
1524067200,19.820,19.820,19.820,19.820,700,25929
1524067380,19.820,19.820,19.820,19.820,0,0
1524067440,19.820,19.820,19.820,19.820,0,0
1524067500,19.830,19.830,19.830,19.830,1200,26629
1524067740,19.830,19.830,19.830,19.830,0,0
1524067800,19.840,19.840,19.840,19.840,600,27829
1524067920,19.840,19.840,19.840,19.840,0,0
1524068040,19.820,19.820,19.820,19.820,0,0
1524068100,19.840,19.840,19.840,19.840,1200,28429
1524068340,19.840,19.840,19.840,19.840,0,0
1524068400,19.870,19.870,19.870,19.870,400,29629
1524068520,19.840,19.840,19.840,19.840,0,0
1524068700,19.850,19.850,19.850,19.850,1040,30029
1524068940,19.850,19.850,19.850,19.850,0,0
1524069000,19.840,19.840,19.840,19.840,400,31069
1524069060,19.860,19.860,19.860,19.860,0,0
1524069240,19.900,19.900,19.900,19.900,0,0
1524069300,19.860,19.860,19.860,19.860,898,31469
1524069360,19.860,19.860,19.860,19.860,0,0
1524069480,19.850,19.850,19.850,19.850,0,0
1524069600,19.860,19.890,19.860,19.890,704,32367
1524069780,19.880,19.880,19.880,19.880,0,0
1524069840,19.890,19.890,19.890,19.890,0,0
1524069900,19.880,19.880,19.880,19.880,1005,33071
1524069960,19.880,19.880,19.880,19.880,0,0
1524070020,19.900,19.900,19.900,19.900,0,0
1524070080,19.870,19.870,19.870,19.870,0,0
1524070200,19.870,19.870,19.870,19.870,1329,34076
1524070380,19.860,19.860,19.860,19.860,0,0
1524070440,19.860,19.860,19.860,19.860,0,0
1524070500,19.880,19.890,19.860,19.890,3000,35405
1524070560,19.880,19.890,19.860,19.890,0,0
1524070800,19.900,19.900,19.900,19.900,200,38405
1524071040,19.900,19.900,19.900,19.900,0,0
1524071100,19.900,19.900,19.900,19.900,704,38605
1524071220,19.900,19.900,19.900,19.900,0,0
1524071280,19.900,19.900,19.900,19.900,0,0
1524071340,19.910,19.910,19.910,19.910,0,0
1524071400,19.920,19.920,19.920,19.920,2150,39309
1524071460,19.920,19.920,19.920,19.920,0,0
1524071520,19.920,19.920,19.920,19.920,0,0
1524071640,19.940,19.940,19.940,19.940,0,0
1524071700,19.910,19.890,19.890,19.910,7468,41459
1524071820,19.850,19.850,19.850,19.850,0,0
1524071940,19.840,19.840,19.840,19.840,0,0
1524072000,19.840,19.840,19.840,19.840,301,48927
1524072240,19.840,19.840,19.840,19.840,0,0
1524072300,19.830,19.810,19.810,19.830,586,49228
1524072480,19.830,19.810,19.810,19.830,0,0
1524072600,19.830,19.830,19.830,19.830,200,49814
1524072900,19.830,19.840,19.830,19.840,814,50014
1524072960,19.820,19.820,19.820,19.820,0,0
1524073200,19.800,19.800,19.800,19.800,1165,50828
1524073320,19.790,19.770,19.770,19.790,0,0
1524073440,19.780,19.780,19.780,19.780,0,0
1524073500,19.790,19.800,19.790,19.800,1399,51993
1524073560,19.800,19.810,19.800,19.810,0,0
1524073680,19.780,19.780,19.780,19.780,0,0
1524073740,19.780,19.780,19.780,19.780,0,0
1524073800,19.780,19.780,19.780,19.780,810,53392
1524074100,19.780,19.780,19.780,19.780,501,54202
1524074160,19.780,19.780,19.780,19.780,0,0
1524074340,19.750,19.750,19.750,19.750,0,0
1524074400,19.750,19.750,19.750,19.750,1024,54703
1524074460,19.750,19.750,19.750,19.750,0,0
1524074520,19.750,19.760,19.750,19.760,0,0
1524074700,19.750,19.750,19.750,19.750,200,55727
1524075000,19.780,19.780,19.780,19.780,1681,55927
1524075060,19.780,19.780,19.780,19.780,0,0
1524075120,19.780,19.770,19.770,19.780,0,0
1524075600,19.780,19.780,19.780,19.780,621,57608
1524075780,19.770,19.790,19.770,19.790,0,0
1524075840,19.770,19.770,19.770,19.770,0,0
1524075900,19.770,19.770,19.770,19.770,500,58229
1524076020,19.770,19.770,19.770,19.770,0,0
1524076200,19.800,19.800,19.800,19.800,1024,58729
1524076380,19.790,19.760,19.760,19.790,0,0
1524076440,19.770,19.770,19.770,19.770,0,0
1524076500,19.770,19.770,19.770,19.770,779,59753
1524076620,19.770,19.770,19.770,19.770,0,0
1524076800,19.770,19.770,19.770,19.770,1101,60532
1524076920,19.760,19.760,19.760,19.760,0,0
1524076980,19.770,19.770,19.770,19.770,0,0
1524077040,19.770,19.770,19.770,19.770,0,0
1524077100,19.770,19.770,19.770,19.770,1254,61633
1524077220,19.740,19.740,19.740,19.740,0,0
1524077340,19.740,19.740,19.740,19.740,0,0
1524077400,19.740,19.740,19.740,19.740,100,62887
1524077640,19.740,19.740,19.740,19.740,0,0
1524077700,19.720,19.700,19.700,19.720,724,62987
1524077940,19.720,19.700,19.700,19.720,0,0
1524078000,19.700,19.700,19.700,19.700,1115,63711
1524078060,19.690,19.690,19.690,19.690,0,0
1524078180,19.730,19.730,19.730,19.730,0,0
1524078300,19.720,19.720,19.720,19.720,2225,64826
1524078360,19.720,19.720,19.720,19.720,0,0
1524078420,19.720,19.720,19.720,19.720,0,0
1524078480,19.680,19.680,19.680,19.680,0,0
1524078600,19.680,19.710,19.680,19.710,742,67051
1524078720,19.680,19.710,19.680,19.710,0,0
1524078840,19.720,19.720,19.720,19.720,0,0
1524078900,19.680,19.680,19.680,19.680,622,67793
1524078960,19.680,19.680,19.680,19.680,0,0
1524079020,19.690,19.690,19.690,19.690,0,0
1524079200,19.690,19.690,19.690,19.690,300,68415
1524079320,19.690,19.690,19.690,19.690,0,0
1524079500,19.710,19.710,19.710,19.710,2300,68715
1524079560,19.710,19.710,19.710,19.710,0,0
1524079680,19.710,19.710,19.710,19.710,0,0
1524079740,19.710,19.740,19.710,19.740,0,0
1524079800,19.720,19.740,19.690,19.740,2120,71015
1524079920,19.710,19.710,19.710,19.710,0,0
1524080040,19.710,19.710,19.710,19.710,0,0
1524080100,19.690,19.690,19.690,19.690,2124,73135
1524080160,19.670,19.680,19.670,19.680,0,0
1524080280,19.670,19.680,19.670,19.680,0,0
1524080340,19.680,19.700,19.680,19.700,0,0
1524080400,19.670,19.670,19.670,19.670,3907,75259
1524080460,19.650,19.630,19.630,19.650,0,0
1524080520,19.630,19.630,19.630,19.630,0,0
1524080580,19.660,19.630,19.630,19.660,0,0
1524080640,19.640,19.640,19.640,19.640,0,0
1524080700,19.630,19.620,19.620,19.660,3684,79166
1524080760,19.620,19.600,19.600,19.620,0,0
1524080820,19.590,19.600,19.590,19.630,0,0
1524080880,19.590,19.620,19.590,19.620,0,0
1524080940,19.610,19.580,19.580,19.610,0,0
1524081000,19.590,19.560,19.560,19.590,5098,82850
1524081060,19.550,19.570,19.550,19.570,0,0
1524081120,19.550,19.590,19.550,19.620,0,0
1524081180,19.590,19.590,19.590,19.590,0,0
1524081240,19.560,19.550,19.550,19.560,0,0
1524081300,19.560,19.590,19.560,19.590,30255,87948
1524081360,19.570,19.540,19.540,19.570,0,0
1524081420,19.550,19.540,19.540,19.560,0,0
1524081480,19.550,19.630,19.520,19.630,0,0
1524081540,19.600,19.560,19.540,19.600,0,0
1524144600,19.510,19.510,19.510,19.510,1854,0
1524144720,19.480,19.480,19.480,19.480,0,0
1524144900,19.650,19.650,19.650,19.650,630,1854
1524145200,19.590,19.590,19.590,19.590,102,2484
1524145260,19.590,19.590,19.590,19.590,0,0
1524145500,19.700,19.700,19.700,19.700,120,2586
1524145800,19.700,19.650,19.650,19.700,2309,2706
1524145860,19.630,19.630,19.630,19.630,0,0
1524145920,19.570,19.570,19.570,19.570,0,0
1524146040,19.610,19.610,19.610,19.610,0,0
1524146100,19.590,19.610,19.590,19.610,920,5015
1524146220,19.610,19.610,19.610,19.610,0,0
1524146340,19.580,19.580,19.580,19.580,0,0
1524146700,19.620,19.610,19.610,19.620,720,5935
1524146760,19.620,19.610,19.610,19.620,0,0
1524146940,19.600,19.600,19.600,19.600,0,0
1524147000,19.580,19.580,19.580,19.580,301,6655
1524147060,19.600,19.600,19.600,19.600,0,0
1524147300,19.640,19.640,19.640,19.640,633,6956
1524147360,19.640,19.640,19.640,19.640,0,0
1524147600,19.710,19.710,19.710,19.710,816,7589
1524147780,19.660,19.660,19.660,19.660,0,0
1524147900,19.680,19.680,19.680,19.680,402,8405
1524147960,19.710,19.710,19.710,19.710,0,0
1524148200,19.720,19.720,19.720,19.720,539,8807
1524148320,19.720,19.720,19.720,19.720,0,0
1524148500,19.700,19.700,19.700,19.700,1725,9346
1524148560,19.700,19.700,19.700,19.700,0,0
1524148620,19.640,19.640,19.640,19.640,0,0
1524148680,19.640,19.640,19.640,19.640,0,0
1524148740,19.660,19.660,19.660,19.660,0,0
1524148800,19.650,19.660,19.650,19.660,587,11071
1524148860,19.650,19.660,19.650,19.660,0,0
1524149040,19.600,19.600,19.600,19.600,0,0
1524149400,19.570,19.570,19.570,19.570,573,11658
1524149640,19.570,19.570,19.570,19.570,0,0
1524150000,19.610,19.610,19.610,19.610,742,12231
1524150240,19.610,19.610,19.610,19.610,0,0
1524151200,19.540,19.540,19.540,19.540,968,12973
1524151260,19.540,19.540,19.540,19.540,0,0
1524151440,19.630,19.630,19.630,19.630,0,0
1524151500,19.590,19.590,19.590,19.590,446,13941
1524151740,19.590,19.590,19.590,19.590,0,0
1524151800,19.610,19.610,19.610,19.610,1100,14387
1524151860,19.640,19.640,19.640,19.640,0,0
1524151980,19.640,19.640,19.640,19.640,0,0
1524152040,19.640,19.640,19.640,19.640,0,0
1524152100,19.620,19.620,19.620,19.620,976,15487
1524152160,19.620,19.620,19.620,19.620,0,0
1524152220,19.630,19.630,19.630,19.630,0,0
1524152340,19.610,19.610,19.610,19.610,0,0
1524152400,19.620,19.620,19.620,19.620,267,16463
1524152580,19.620,19.620,19.620,19.620,0,0
1524152640,19.620,19.620,19.620,19.620,0,0
1524153000,19.600,19.600,19.600,19.600,2545,16730
1524153120,19.600,19.600,19.600,19.600,0,0
1524153180,19.610,19.600,19.590,19.610,0,0
1524153240,19.570,19.570,19.570,19.570,0,0
1524153600,19.560,19.560,19.560,19.560,722,19275
1524153660,19.560,19.560,19.560,19.560,0,0
1524153720,19.530,19.530,19.530,19.530,0,0
1524153900,19.510,19.510,19.510,19.510,503,19997
1524154140,19.510,19.510,19.510,19.510,0,0
1524154200,19.500,19.500,19.500,19.500,409,20500
1524154440,19.450,19.450,19.450,19.450,0,0
1524154500,19.460,19.470,19.460,19.470,316,20909
1524154620,19.460,19.470,19.460,19.470,0,0
1524154800,19.470,19.470,19.470,19.470,302,21225
1524154920,19.470,19.470,19.470,19.470,0,0
1524155100,19.500,19.500,19.500,19.500,700,21527
1524155160,19.500,19.500,19.500,19.500,0,0
1524155220,19.500,19.500,19.500,19.500,0,0
1524155700,19.510,19.510,19.510,19.510,590,22227
1524155880,19.510,19.510,19.510,19.510,0,0
1524156000,19.520,19.520,19.520,19.520,493,22817
1524156240,19.520,19.520,19.520,19.520,0,0
1524156600,19.530,19.530,19.530,19.530,1184,23310
1524156660,19.530,19.530,19.530,19.530,0,0
1524156720,19.510,19.510,19.510,19.510,0,0
1524156900,19.510,19.510,19.510,19.510,202,24494
1524156960,19.510,19.510,19.510,19.510,0,0
1524157800,19.450,19.460,19.450,19.460,712,24696
1524157860,19.450,19.460,19.450,19.460,0,0
1524158100,19.450,19.480,19.450,19.480,607,25408
1524158160,19.480,19.480,19.480,19.480,0,0
1524158400,19.480,19.480,19.480,19.480,1167,26015
1524158520,19.480,19.480,19.480,19.480,0,0
1524158580,19.540,19.520,19.520,19.540,0,0
1524159300,19.510,19.510,19.510,19.510,1007,27182
1524159360,19.510,19.510,19.510,19.510,0,0
1524159420,19.510,19.510,19.510,19.510,0,0
1524159600,19.520,19.540,19.520,19.540,1121,28189
1524159780,19.550,19.550,19.550,19.550,0,0
1524159840,19.550,19.550,19.550,19.550,0,0
1524160200,19.540,19.540,19.540,19.540,1380,29310
1524160260,19.540,19.540,19.540,19.540,0,0
1524160380,19.520,19.520,19.520,19.520,0,0
1524160800,19.530,19.530,19.530,19.530,393,30690
1524160920,19.530,19.530,19.530,19.530,0,0
1524161100,19.510,19.510,19.510,19.510,401,31083
1524161220,19.530,19.530,19.530,19.530,0,0
1524161400,19.530,19.530,19.530,19.530,481,31484
1524161520,19.530,19.530,19.530,19.530,0,0
1524162000,19.510,19.510,19.510,19.510,1075,31965
1524162240,19.510,19.510,19.510,19.510,0,0
1524162300,19.510,19.510,19.510,19.510,574,33040
1524162360,19.510,19.510,19.510,19.510,0,0
1524162540,19.540,19.540,19.540,19.540,0,0
1524162900,19.530,19.530,19.530,19.530,892,33614
1524162960,19.530,19.530,19.530,19.530,0,0
1524163020,19.520,19.540,19.520,19.540,0,0
1524163140,19.580,19.580,19.580,19.580,0,0
1524163500,19.550,19.510,19.510,19.550,599,34506
1524163680,19.550,19.510,19.510,19.550,0,0
1524164100,19.550,19.550,19.550,19.550,215,35105
1524164160,19.550,19.550,19.550,19.550,0,0
1524164400,19.580,19.580,19.580,19.580,915,35320
1524164580,19.580,19.580,19.580,19.580,0,0
1524164640,19.580,19.580,19.580,19.580,0,0
1524164700,19.590,19.590,19.590,19.590,329,36235
1524164880,19.590,19.590,19.590,19.590,0,0
1524164940,19.600,19.600,19.600,19.600,0,0
1524165300,19.570,19.570,19.570,19.570,765,36564
1524165480,19.550,19.550,19.550,19.550,0,0
1524165600,19.570,19.570,19.570,19.570,176,37329
1524165900,19.530,19.530,19.530,19.530,648,37505
1524166020,19.530,19.530,19.530,19.530,0,0
1524166080,19.530,19.530,19.530,19.530,0,0
1524166200,19.520,19.520,19.520,19.520,105,38153
1524166320,19.520,19.520,19.520,19.520,0,0
1524166440,19.530,19.530,19.530,19.530,0,0
1524166500,19.570,19.570,19.570,19.570,1858,38258
1524166560,19.570,19.570,19.570,19.570,0,0
1524166620,19.590,19.590,19.590,19.590,0,0
1524166740,19.590,19.590,19.590,19.590,0,0
1524166800,19.580,19.580,19.580,19.580,805,40116
1524166860,19.580,19.580,19.580,19.580,0,0
1524166920,19.570,19.570,19.570,19.570,0,0
1524167040,19.560,19.560,19.560,19.560,0,0
1524167100,19.550,19.550,19.550,19.550,445,40921
1524167220,19.530,19.530,19.530,19.530,0,0
1524167400,19.510,19.510,19.510,19.510,1444,41366
1524167460,19.520,19.520,19.520,19.520,0,0
1524167520,19.520,19.520,19.520,19.520,0,0
1524167580,19.520,19.520,19.520,19.520,0,0
1524167640,19.520,19.520,19.520,19.520,0,0
1524167700,19.510,19.500,19.500,19.510,13191,42810
1524167820,19.510,19.510,19.510,19.510,0,0
1524167880,19.520,19.510,19.510,19.520,0,0
1524167940,19.530,19.480,19.480,19.530,0,0
1524231000,19.430,19.430,19.430,19.430,0,0
1524231900,19.420,19.420,19.420,19.420,8855,0
1524232020,19.420,19.420,19.420,19.420,0,0
1524232800,19.370,19.370,19.370,19.370,953,8855
1524233040,19.370,19.370,19.370,19.370,0,0
1524233100,19.410,19.410,19.410,19.410,131,9808
1524233220,19.410,19.410,19.410,19.410,0,0
1524233400,19.360,19.360,19.360,19.360,520,9939
1524233580,19.360,19.360,19.360,19.360,0,0
1524233700,19.390,19.390,19.390,19.390,727,10459
1524233820,19.390,19.390,19.390,19.390,0,0
1524233940,19.390,19.390,19.390,19.390,0,0
1524234000,19.380,19.380,19.380,19.380,524,11186
1524234600,19.540,19.540,19.540,19.540,1552,11710
1524234660,19.610,19.610,19.610,19.610,0,0
1524234780,19.600,19.600,19.600,19.600,0,0
1524234900,19.520,19.470,19.470,19.520,983,13262
1524234960,19.520,19.470,19.470,19.520,0,0
1524235200,19.460,19.460,19.460,19.460,201,14245
1524235380,19.460,19.460,19.460,19.460,0,0
1524235500,19.470,19.470,19.470,19.470,788,14446
1524235740,19.470,19.470,19.470,19.470,0,0
1524235800,19.440,19.440,19.440,19.440,309,15234
1524235920,19.440,19.440,19.440,19.440,0,0
1524236100,19.420,19.420,19.420,19.420,409,15543
1524236160,19.420,19.420,19.420,19.420,0,0
1524236340,19.420,19.420,19.420,19.420,0,0
1524236400,19.410,19.410,19.410,19.410,405,15952
1524236580,19.410,19.410,19.410,19.410,0,0
1524236700,19.420,19.420,19.420,19.420,673,16357
1524236760,19.420,19.420,19.420,19.420,0,0
1524236880,19.390,19.390,19.390,19.390,0,0
1524237000,19.420,19.420,19.420,19.420,200,17030
1524237300,19.440,19.440,19.440,19.440,744,17230
1524237360,19.440,19.440,19.440,19.440,0,0
1524237420,19.440,19.440,19.440,19.440,0,0
1524237600,19.470,19.470,19.470,19.470,554,17974
1524237840,19.470,19.470,19.470,19.470,0,0
1524238200,19.500,19.500,19.500,19.500,401,18528
1524238440,19.500,19.500,19.500,19.500,0,0
1524238500,19.510,19.540,19.510,19.540,302,18929
1524238560,19.500,19.500,19.500,19.500,0,0
1524238800,19.500,19.500,19.500,19.500,347,19231
1524238860,19.500,19.500,19.500,19.500,0,0
1524239400,19.470,19.470,19.470,19.470,424,19578
1524239460,19.470,19.470,19.470,19.470,0,0
1524239700,19.480,19.480,19.480,19.480,114,20002
1524239880,19.480,19.480,19.480,19.480,0,0
1524240000,19.480,19.480,19.480,19.480,535,20116
1524240120,19.480,19.480,19.480,19.480,0,0
1524240600,19.470,19.490,19.470,19.490,570,20651
1524240840,19.470,19.470,19.470,19.470,0,0
1524240900,19.450,19.450,19.450,19.450,311,21221
1524241140,19.450,19.450,19.450,19.450,0,0
1524241500,19.460,19.450,19.450,19.460,989,21532
1524241560,19.460,19.450,19.450,19.460,0,0
1524241800,19.430,19.390,19.390,19.430,679,22521
1524242100,19.420,19.420,19.420,19.420,103,23200
1524242400,19.410,19.410,19.410,19.410,403,23303
1524242460,19.410,19.410,19.410,19.410,0,0
1524243600,19.410,19.410,19.410,19.410,356,23706
1524243660,19.410,19.410,19.410,19.410,0,0
1524243900,19.430,19.410,19.410,19.430,400,24062
1524244140,19.430,19.410,19.410,19.430,0,0
1524244200,19.430,19.430,19.430,19.430,769,24462
1524244500,19.420,19.420,19.420,19.420,309,25231
1524244620,19.420,19.420,19.420,19.420,0,0
1524244680,19.430,19.430,19.430,19.430,0,0
1524244800,19.410,19.410,19.410,19.410,842,25540
1524244860,19.410,19.410,19.410,19.410,0,0
1524244920,19.420,19.420,19.420,19.420,0,0
1524245100,19.400,19.400,19.400,19.400,2094,26382
1524245280,19.410,19.400,19.400,19.410,0,0
1524245340,19.390,19.390,19.390,19.390,0,0
1524245400,19.400,19.400,19.400,19.400,392,28476
1524245460,19.400,19.400,19.400,19.400,0,0
1524245700,19.400,19.400,19.400,19.400,201,28868
1524245940,19.400,19.400,19.400,19.400,0,0
1524246000,19.410,19.410,19.410,19.410,642,29069
1524246300,19.440,19.440,19.440,19.440,367,29711
1524246420,19.440,19.440,19.440,19.440,0,0
1524246540,19.420,19.420,19.420,19.420,0,0
1524247200,19.440,19.440,19.440,19.440,104,30078
1524247320,19.440,19.440,19.440,19.440,0,0
1524247800,19.420,19.420,19.420,19.420,808,30182
1524247920,19.420,19.420,19.420,19.420,0,0
1524248040,19.390,19.380,19.380,19.390,0,0
1524248100,19.370,19.370,19.370,19.370,608,30990
1524248160,19.370,19.370,19.370,19.370,0,0
1524248700,19.370,19.350,19.350,19.370,967,31598
1524248940,19.370,19.350,19.350,19.370,0,0
1524249600,19.340,19.340,19.340,19.340,691,32565
1524249780,19.340,19.340,19.340,19.340,0,0
1524249900,19.320,19.320,19.320,19.320,732,33256
1524250020,19.310,19.310,19.310,19.310,0,0
1524250200,19.290,19.290,19.290,19.290,843,33988
1524250500,19.280,19.280,19.280,19.280,1484,34831
1524250620,19.290,19.290,19.290,19.290,0,0
1524250740,19.300,19.300,19.300,19.300,0,0
1524250800,19.280,19.280,19.280,19.280,755,36315
1524250920,19.280,19.280,19.280,19.280,0,0
1524251100,19.260,19.260,19.260,19.260,170,37070
1524251400,19.250,19.250,19.250,19.250,2951,37240
1524251520,19.270,19.270,19.270,19.270,0,0
1524251580,19.280,19.290,19.280,19.290,0,0
1524251700,19.320,19.320,19.320,19.320,137,40191
1524251940,19.320,19.320,19.320,19.320,0,0
1524252000,19.280,19.280,19.280,19.280,2018,40328
1524252180,19.280,19.280,19.280,19.280,0,0
1524252240,19.280,19.290,19.280,19.290,0,0
1524252300,19.290,19.290,19.290,19.290,322,42346
1524252600,19.290,19.290,19.290,19.290,853,42668
1524252660,19.290,19.290,19.290,19.290,0,0
1524252780,19.270,19.270,19.270,19.270,0,0
1524252900,19.280,19.280,19.280,19.280,1306,43521
1524252960,19.280,19.280,19.280,19.280,0,0
1524253200,19.330,19.320,19.320,19.330,1302,44827
1524253260,19.330,19.320,19.320,19.330,0,0
1524253380,19.320,19.320,19.320,19.320,0,0
1524253500,19.300,19.300,19.300,19.300,611,46129
1524253680,19.300,19.300,19.300,19.300,0,0
1524253740,19.320,19.320,19.320,19.320,0,0
1524253800,19.320,19.320,19.320,19.320,2675,46740
1524253860,19.300,19.300,19.300,19.300,0,0
1524253920,19.320,19.290,19.290,19.320,0,0
1524254040,19.320,19.320,19.320,19.320,0,0
1524254100,19.290,19.280,19.280,19.310,6959,49415
1524254160,19.290,19.290,19.290,19.290,0,0
1524254220,19.290,19.270,19.270,19.290,0,0
1524254280,19.290,19.300,19.290,19.300,0,0
1524254340,19.280,19.310,19.280,19.320,0,0
1524490200,19.390,19.150,19.150,19.390,2567,0
1524490320,19.410,19.410,19.410,19.410,0,0
1524490500,19.410,19.410,19.410,19.410,207,2567
1524490620,19.410,19.410,19.410,19.410,0,0
1524491100,19.340,19.340,19.340,19.340,2241,2774
1524491220,19.400,19.400,19.400,19.400,0,0
1524491400,19.410,19.410,19.410,19.410,200,5015
1524491460,19.410,19.410,19.410,19.410,0,0
1524492300,19.370,19.370,19.370,19.370,498,5215
1524492360,19.370,19.370,19.370,19.370,0,0
1524492600,19.340,19.340,19.340,19.340,413,5713
1524492660,19.340,19.340,19.340,19.340,0,0
1524492900,19.360,19.360,19.360,19.360,319,6126
1524492960,19.360,19.360,19.360,19.360,0,0
1524493200,19.370,19.370,19.370,19.370,567,6445
1524493260,19.370,19.370,19.370,19.370,0,0
1524493440,19.370,19.370,19.370,19.370,0,0
1524493800,19.350,19.350,19.350,19.350,1092,7012
1524494100,19.370,19.370,19.370,19.370,520,8104
1524494160,19.370,19.370,19.370,19.370,0,0
1524494280,19.380,19.380,19.380,19.380,0,0
1524495000,19.390,19.390,19.390,19.390,908,8624
1524495060,19.390,19.390,19.390,19.390,0,0
1524495120,19.320,19.320,19.320,19.320,0,0
1524495300,19.380,19.380,19.380,19.380,215,9532
1524495480,19.380,19.380,19.380,19.380,0,0
1524495600,19.380,19.370,19.360,19.380,438,9747
1524495720,19.380,19.370,19.360,19.380,0,0
1524495840,19.390,19.390,19.390,19.390,0,0
1524495900,19.370,19.370,19.370,19.370,302,10185
1524495960,19.370,19.370,19.370,19.370,0,0
1524496200,19.410,19.410,19.410,19.410,1091,10487
1524496260,19.410,19.410,19.410,19.410,0,0
1524496440,19.410,19.410,19.410,19.410,0,0
1524496800,19.420,19.420,19.420,19.420,216,11578
1524496980,19.420,19.420,19.420,19.420,0,0
1524497100,19.390,19.390,19.390,19.390,314,11794
1524497160,19.410,19.410,19.410,19.410,0,0
1524497220,19.370,19.370,19.370,19.370,0,0
1524497400,19.410,19.410,19.410,19.410,1383,12108
1524497460,19.410,19.410,19.410,19.410,0,0
1524497520,19.400,19.400,19.400,19.400,0,0
1524497640,19.410,19.410,19.410,19.410,0,0
1524497700,19.420,19.420,19.420,19.420,167,13491
1524497880,19.420,19.420,19.420,19.420,0,0
1524498000,19.450,19.450,19.450,19.450,206,13658
1524498300,19.450,19.450,19.450,19.450,1512,13864
1524498600,19.420,19.420,19.420,19.420,1637,15376
1524498660,19.410,19.410,19.410,19.410,0,0
1524498720,19.420,19.420,19.420,19.420,0,0
1524498900,19.460,19.460,19.460,19.460,1011,17013
1524499080,19.450,19.450,19.450,19.450,0,0
1524499140,19.450,19.450,19.450,19.450,0,0
1524499500,19.440,19.440,19.440,19.440,153,18024
1524499560,19.440,19.440,19.440,19.440,0,0
1524499680,19.450,19.450,19.450,19.450,0,0
1524499800,19.440,19.420,19.420,19.440,769,18177
1524499920,19.440,19.420,19.420,19.440,0,0
1524500100,19.410,19.410,19.410,19.410,300,18946
1524500160,19.410,19.410,19.410,19.410,0,0
1524500340,19.430,19.430,19.430,19.430,0,0
1524500400,19.410,19.410,19.410,19.410,1205,19246
1524500460,19.440,19.440,19.440,19.440,0,0
1524500520,19.450,19.450,19.450,19.450,0,0
1524500580,19.450,19.450,19.450,19.450,0,0
1524500640,19.450,19.450,19.450,19.450,0,0
1524501000,19.440,19.440,19.440,19.440,728,20451
1524501120,19.410,19.410,19.410,19.410,0,0
1524501180,19.420,19.420,19.420,19.420,0,0
1524501300,19.440,19.440,19.440,19.440,601,21179
1524501360,19.440,19.440,19.440,19.440,0,0
1524501420,19.440,19.420,19.420,19.440,0,0
1524501480,19.430,19.430,19.430,19.430,0,0
1524501540,19.420,19.420,19.420,19.420,0,0
1524501600,19.430,19.430,19.430,19.430,866,21780
1524501660,19.430,19.430,19.430,19.430,0,0
1524501780,19.430,19.430,19.430,19.430,0,0
1524501840,19.420,19.420,19.420,19.420,0,0
1524501900,19.420,19.420,19.420,19.420,330,22646
1524502020,19.420,19.420,19.420,19.420,0,0
1524502200,19.420,19.420,19.420,19.420,200,22976
1524502260,19.420,19.420,19.420,19.420,0,0
1524502440,19.400,19.400,19.400,19.400,0,0
1524502500,19.380,19.380,19.380,19.380,166,23176
1524502560,19.400,19.400,19.400,19.400,0,0
1524502680,19.400,19.400,19.400,19.400,0,0
1524503100,19.410,19.410,19.410,19.410,1315,23342
1524503220,19.390,19.360,19.360,19.390,0,0
1524503280,19.390,19.390,19.390,19.390,0,0
1524503400,19.380,19.380,19.380,19.380,791,24657
1524503460,19.370,19.380,19.370,19.380,0,0
1524503640,19.400,19.400,19.400,19.400,0,0
1524503700,19.370,19.370,19.370,19.370,202,25448
1524503760,19.370,19.370,19.370,19.370,0,0
1524504000,19.340,19.340,19.340,19.340,998,25650
1524504060,19.340,19.340,19.340,19.340,0,0
1524504120,19.340,19.340,19.340,19.340,0,0
1524504180,19.360,19.360,19.360,19.360,0,0
1524504240,19.360,19.360,19.360,19.360,0,0
1524504300,19.380,19.380,19.380,19.380,200,26648
1524504480,19.380,19.380,19.380,19.380,0,0
1524504600,19.380,19.390,19.380,19.390,302,26848
1524504660,19.380,19.390,19.380,19.390,0,0
1524504900,19.370,19.370,19.370,19.370,325,27150
1524505020,19.370,19.370,19.370,19.370,0,0
1524505200,19.390,19.390,19.390,19.390,812,27475
1524505260,19.380,19.380,19.380,19.380,0,0
1524505500,19.390,19.390,19.390,19.390,102,28287
1524505620,19.390,19.390,19.390,19.390,0,0
1524505800,19.390,19.390,19.390,19.390,2030,28389
1524505860,19.410,19.410,19.410,19.410,0,0
1524505980,19.410,19.410,19.410,19.410,0,0
1524506100,19.440,19.440,19.440,19.440,344,30419
1524506160,19.440,19.440,19.440,19.440,0,0
1524506220,19.430,19.430,19.430,19.430,0,0
1524506400,19.450,19.450,19.450,19.450,1404,30763
1524506520,19.460,19.460,19.460,19.460,0,0
1524506580,19.440,19.440,19.440,19.440,0,0
1524506640,19.460,19.460,19.460,19.460,0,0
1524506700,19.430,19.410,19.410,19.430,1294,32167
1524506760,19.430,19.410,19.410,19.430,0,0
1524506820,19.410,19.410,19.410,19.410,0,0
1524506880,19.380,19.380,19.380,19.380,0,0
1524507000,19.380,19.380,19.380,19.380,677,33461
1524507060,19.380,19.380,19.380,19.380,0,0
1524507180,19.340,19.340,19.340,19.340,0,0
1524507240,19.360,19.360,19.360,19.360,0,0
1524507300,19.360,19.360,19.360,19.360,200,34138
1524507360,19.360,19.360,19.360,19.360,0,0
1524507420,19.340,19.340,19.340,19.340,0,0
1524507480,19.360,19.360,19.360,19.360,0,0
1524507600,19.340,19.360,19.340,19.360,1062,34338
1524507720,19.350,19.350,19.350,19.350,0,0
1524507840,19.340,19.340,19.340,19.340,0,0
1524507900,19.340,19.340,19.340,19.340,532,35400
1524508140,19.340,19.340,19.340,19.340,0,0
1524508200,19.340,19.330,19.330,19.340,727,35932
1524508320,19.340,19.330,19.330,19.340,0,0
1524508500,19.300,19.300,19.300,19.300,359,36659
1524508800,19.330,19.310,19.310,19.330,553,37018
1524509100,19.330,19.310,19.310,19.330,294,37571
1524509340,19.330,19.310,19.310,19.330,0,0
1524509400,19.270,19.270,19.270,19.270,586,37865
1524509640,19.270,19.270,19.270,19.270,0,0
1524509700,19.290,19.290,19.290,19.290,210,38451
1524509760,19.290,19.290,19.290,19.290,0,0
1524509820,19.270,19.270,19.270,19.270,0,0
1524510000,19.270,19.270,19.270,19.270,757,38661
1524510060,19.270,19.270,19.270,19.270,0,0
1524510120,19.290,19.290,19.290,19.290,0,0
1524510300,19.290,19.310,19.290,19.310,420,39418
1524510420,19.290,19.310,19.290,19.310,0,0
1524510600,19.300,19.310,19.300,19.310,200,39838
1524510780,19.300,19.310,19.300,19.310,0,0
1524510840,19.310,19.310,19.310,19.310,0,0
1524511500,19.330,19.330,19.330,19.330,3444,40038
1524511560,19.330,19.320,19.320,19.330,0,0
1524511740,19.330,19.330,19.330,19.330,0,0
1524511800,19.340,19.340,19.340,19.340,1115,43482
1524511920,19.350,19.360,19.350,19.360,0,0
1524512040,19.380,19.380,19.380,19.380,0,0
1524512100,19.390,19.390,19.390,19.390,1512,44597
1524512160,19.390,19.400,19.390,19.400,0,0
1524512220,19.380,19.380,19.380,19.380,0,0
1524512340,19.370,19.370,19.370,19.370,0,0
1524512400,19.340,19.340,19.340,19.340,1506,46109
1524512520,19.300,19.330,19.300,19.330,0,0
1524512640,19.340,19.320,19.320,19.340,0,0
1524512700,19.340,19.320,19.320,19.340,209,47615
1524512880,19.340,19.320,19.320,19.340,0,0
1524512940,19.320,19.320,19.320,19.320,0,0
1524513000,19.340,19.340,19.340,19.340,2868,47824
1524513060,19.330,19.330,19.330,19.330,0,0
1524513120,19.320,19.320,19.320,19.320,0,0
1524513180,19.300,19.300,19.300,19.300,0,0
1524513240,19.280,19.280,19.280,19.280,0,0
1524513300,19.320,19.310,19.310,19.320,29877,50692
1524513360,19.320,19.330,19.320,19.330,0,0
1524513420,19.340,19.330,19.330,19.340,0,0
1524513480,19.310,19.320,19.310,19.320,0,0
1524513540,19.320,19.330,19.310,19.340,0,0
1524576600,19.430,19.430,19.430,19.430,0,0
1524576780,19.430,19.430,19.430,19.430,0,0
1524576900,19.330,19.330,19.330,19.330,1774,0
1524577800,19.450,19.450,19.450,19.450,2107,1774
1524577980,19.450,19.450,19.450,19.450,0,0
1524578400,19.500,19.500,19.500,19.500,4092,3881
1524578580,19.500,19.500,19.500,19.500,0,0
1524578640,19.550,19.600,19.550,19.600,0,0
1524578700,19.570,19.570,19.570,19.570,382,7973
1524578940,19.570,19.570,19.570,19.570,0,0
1524579000,19.540,19.540,19.540,19.540,601,8355
1524579180,19.540,19.540,19.540,19.540,0,0
1524579300,19.490,19.490,19.490,19.490,253,8956
1524579360,19.490,19.490,19.490,19.490,0,0
1524579600,19.480,19.480,19.480,19.480,618,9209
1524579780,19.410,19.410,19.410,19.410,0,0
1524580200,19.440,19.440,19.440,19.440,1898,9827
1524580320,19.360,19.360,19.360,19.360,0,0
1524580500,19.420,19.420,19.420,19.420,501,11725
1524580560,19.420,19.420,19.420,19.420,0,0
1524580800,19.430,19.430,19.430,19.430,483,12226
1524580860,19.430,19.430,19.430,19.430,0,0
1524581040,19.460,19.460,19.460,19.460,0,0
1524581100,19.470,19.470,19.470,19.470,654,12709
1524581160,19.470,19.470,19.470,19.470,0,0
1524581220,19.470,19.470,19.470,19.470,0,0
1524581280,19.470,19.470,19.470,19.470,0,0
1524581400,19.500,19.500,19.500,19.500,340,13363
1524581640,19.520,19.520,19.520,19.520,0,0
1524581700,19.520,19.520,19.520,19.520,956,13703
1524581820,19.500,19.500,19.500,19.500,0,0
1524581880,19.480,19.500,19.480,19.500,0,0
1524582000,19.480,19.480,19.480,19.480,100,14659
1524582060,19.480,19.480,19.480,19.480,0,0
1524582300,19.450,19.450,19.450,19.450,525,14759
1524582420,19.450,19.450,19.450,19.450,0,0
1524582600,19.450,19.450,19.450,19.450,301,15284
1524582660,19.440,19.440,19.440,19.440,0,0
1524582840,19.450,19.450,19.450,19.450,0,0
1524582900,19.440,19.440,19.440,19.440,1202,15585
1524583080,19.440,19.440,19.440,19.440,0,0
1524583200,19.450,19.450,19.450,19.450,685,16787
1524583380,19.450,19.450,19.450,19.450,0,0
1524583500,19.440,19.440,19.440,19.440,513,17472
1524583620,19.440,19.440,19.440,19.440,0,0
1524583680,19.440,19.440,19.440,19.440,0,0
1524583800,19.440,19.440,19.440,19.440,1605,17985
1524583920,19.440,19.440,19.440,19.440,0,0
1524583980,19.430,19.410,19.410,19.430,0,0
1524584040,19.450,19.450,19.450,19.450,0,0
1524584100,19.450,19.450,19.450,19.450,101,19590
1524584340,19.450,19.450,19.450,19.450,0,0
1524584400,19.450,19.450,19.450,19.450,313,19691
1524584580,19.430,19.430,19.430,19.430,0,0
1524585000,19.380,19.410,19.380,19.410,1019,20004
1524585180,19.380,19.380,19.380,19.380,0,0
1524585600,19.390,19.390,19.390,19.390,538,21023
1524585660,19.390,19.390,19.390,19.390,0,0
1524586500,19.380,19.380,19.380,19.380,452,21561
1524586560,19.380,19.380,19.380,19.380,0,0
1524586800,19.360,19.360,19.360,19.360,590,22013
1524586920,19.360,19.360,19.360,19.360,0,0
1524587100,19.340,19.320,19.320,19.340,2049,22603
1524587280,19.340,19.320,19.320,19.340,0,0
1524587340,19.330,19.340,19.330,19.340,0,0
1524587400,19.310,19.310,19.310,19.310,202,24652
1524587460,19.310,19.310,19.310,19.310,0,0
1524587700,19.260,19.260,19.260,19.260,578,24854
1524587760,19.260,19.260,19.260,19.260,0,0
1524587820,19.260,19.260,19.260,19.260,0,0
1524588000,19.280,19.280,19.280,19.280,300,25432
1524588060,19.280,19.280,19.280,19.280,0,0
1524588300,19.290,19.290,19.290,19.290,1290,25732
1524588360,19.290,19.290,19.290,19.290,0,0
1524588420,19.290,19.290,19.290,19.290,0,0
1524588600,19.340,19.340,19.340,19.340,205,27022
1524588720,19.330,19.330,19.330,19.330,0,0
1524589200,19.290,19.290,19.290,19.290,373,27227
1524589500,19.310,19.310,19.310,19.310,979,27600
1524589560,19.310,19.310,19.310,19.310,0,0
1524589680,19.300,19.300,19.300,19.300,0,0
1524589800,19.310,19.310,19.310,19.310,676,28579
1524589920,19.310,19.310,19.310,19.310,0,0
1524590040,19.310,19.310,19.310,19.310,0,0
1524590100,19.300,19.300,19.300,19.300,391,29255
1524590340,19.300,19.300,19.300,19.300,0,0
1524590400,19.300,19.300,19.300,19.300,155,29646
1524590700,19.310,19.310,19.310,19.310,114,29801
1524590940,19.310,19.310,19.310,19.310,0,0
1524591000,19.310,19.310,19.310,19.310,652,29915
1524591060,19.310,19.310,19.310,19.310,0,0
1524591240,19.320,19.320,19.320,19.320,0,0
1524591300,19.290,19.290,19.290,19.290,800,30567
1524591420,19.290,19.290,19.290,19.290,0,0
1524591900,19.270,19.260,19.260,19.270,657,31367
1524592080,19.270,19.260,19.260,19.270,0,0
1524592140,19.250,19.250,19.250,19.250,0,0
1524592500,19.210,19.210,19.210,19.210,4829,32024
1524592560,19.210,19.210,19.210,19.210,0,0
1524592680,19.180,19.180,19.180,19.180,0,0
1524592740,19.160,19.170,19.130,19.170,0,0
1524592800,19.170,19.170,19.170,19.170,1324,36853
1524592920,19.140,19.070,19.070,19.140,0,0
1524592980,19.100,19.100,19.100,19.100,0,0
1524593100,19.140,19.140,19.140,19.140,664,38177
1524593220,19.160,19.140,19.140,19.170,0,0
1524593400,19.190,19.180,19.180,19.190,900,38841
1524593460,19.210,19.210,19.210,19.210,0,0
1524593640,19.240,19.240,19.240,19.240,0,0
1524593700,19.210,19.210,19.210,19.210,1480,39741
1524593760,19.210,19.210,19.210,19.210,0,0
1524593820,19.190,19.190,19.190,19.190,0,0
1524593880,19.190,19.190,19.190,19.190,0,0
1524594000,19.170,19.160,19.160,19.170,1462,41221
1524594060,19.160,19.160,19.160,19.160,0,0
1524594120,19.190,19.190,19.190,19.190,0,0
1524594180,19.180,19.180,19.180,19.180,0,0
1524594300,19.180,19.180,19.180,19.180,3937,42683
1524594360,19.180,19.180,19.180,19.180,0,0
1524594420,19.170,19.170,19.170,19.170,0,0
1524594540,19.150,19.130,19.130,19.150,0,0
1524594600,19.110,19.110,19.110,19.110,916,46620
1524594660,19.110,19.110,19.110,19.110,0,0
1524594720,19.110,19.110,19.110,19.110,0,0
1524594900,19.100,19.100,19.100,19.100,619,47536
1524595140,19.100,19.100,19.100,19.100,0,0
1524595200,19.120,19.120,19.120,19.120,812,48155
1524595320,19.140,19.140,19.140,19.140,0,0
1524595500,19.170,19.170,19.170,19.170,214,48967
1524595740,19.170,19.170,19.170,19.170,0,0
1524595800,19.170,19.170,19.170,19.170,420,49181
1524595980,19.170,19.170,19.170,19.170,0,0
1524596400,19.190,19.190,19.190,19.190,301,49601
1524596520,19.190,19.190,19.190,19.190,0,0
1524596700,19.230,19.230,19.230,19.230,825,49902
1524596760,19.230,19.230,19.230,19.230,0,0
1524596940,19.230,19.230,19.230,19.230,0,0
1524597000,19.250,19.250,19.250,19.250,149,50727
1524597240,19.250,19.250,19.250,19.250,0,0
1524597300,19.290,19.290,19.290,19.290,835,50876
1524597540,19.260,19.260,19.260,19.260,0,0
1524597600,19.260,19.260,19.260,19.260,701,51711
1524597660,19.260,19.260,19.260,19.260,0,0
1524597840,19.270,19.270,19.270,19.270,0,0
1524597900,19.250,19.250,19.250,19.250,300,52412
1524598020,19.250,19.250,19.250,19.250,0,0
1524598200,19.230,19.230,19.230,19.230,528,52712
1524598440,19.210,19.210,19.210,19.210,0,0
1524598500,19.180,19.180,19.180,19.180,346,53240
1524598740,19.180,19.180,19.180,19.180,0,0
1524598800,19.180,19.180,19.180,19.180,691,53586
1524598860,19.220,19.220,19.220,19.220,0,0
1524599100,19.210,19.210,19.210,19.210,223,54277
1524599160,19.210,19.210,19.210,19.210,0,0
1524599400,19.230,19.250,19.230,19.260,1900,54500
1524599460,19.240,19.240,19.240,19.240,0,0
1524599520,19.270,19.270,19.270,19.270,0,0
1524599580,19.270,19.270,19.270,19.270,0,0
1524599640,19.270,19.270,19.270,19.270,0,0
1524599700,19.270,19.240,19.240,19.270,11735,56400
1524599760,19.260,19.240,19.240,19.260,0,0
1524599820,19.240,19.240,19.240,19.240,0,0
1524599880,19.250,19.240,19.240,19.250,0,0
1524599940,19.230,19.250,19.230,19.290,0,0
1524663000,19.260,19.260,19.260,19.260,0,0
1524663300,19.240,19.240,19.240,19.240,1413,0
1524663360,19.200,19.270,19.200,19.270,0,0
1524663420,19.080,19.080,19.080,19.080,0,0
1524663600,19.110,19.110,19.110,19.110,570,1413
1524663840,19.110,19.110,19.110,19.110,0,0
1524663900,19.080,19.080,19.080,19.080,346,1983
1524663960,19.080,19.080,19.080,19.080,0,0
1524664200,19.080,19.080,19.080,19.080,191,2329
1524664260,19.080,19.080,19.080,19.080,0,0
1524664500,19.070,19.070,19.070,19.070,6307,2520
1524664560,19.070,19.070,19.070,19.070,0,0
1524664680,19.040,19.030,19.030,19.040,0,0
1524664800,19.000,19.000,19.000,19.000,2097,8827
1524664860,19.000,19.030,19.000,19.030,0,0
1524665100,19.040,19.040,19.040,19.040,7091,10924
1524665220,19.040,19.040,19.040,19.040,0,0
1524665340,19.080,19.080,19.080,19.080,0,0
1524665400,19.120,19.120,19.120,19.120,203,18015
1524665580,19.120,19.120,19.120,19.120,0,0
1524665700,19.130,19.130,19.130,19.130,222,18218
1524665820,19.130,19.130,19.130,19.130,0,0
1524666300,19.180,19.180,19.180,19.180,100,18440
1524666600,19.150,19.150,19.150,19.150,1215,18540
1524666840,19.270,19.220,19.220,19.270,0,0
1524666900,19.300,19.250,19.250,19.300,1011,19755
1524666960,19.300,19.250,19.250,19.300,0,0
1524667140,19.280,19.280,19.280,19.280,0,0
1524667200,19.220,19.220,19.220,19.220,814,20766
1524667320,19.220,19.220,19.220,19.220,0,0
1524667440,19.300,19.300,19.300,19.300,0,0
1524667500,19.240,19.240,19.240,19.240,405,21580
1524667560,19.240,19.240,19.240,19.240,0,0
1524667800,19.210,19.210,19.210,19.210,200,21985
1524668100,19.260,19.240,19.240,19.260,1424,22185
1524668280,19.260,19.240,19.240,19.260,0,0
1524668340,19.220,19.220,19.220,19.220,0,0
1524668700,19.230,19.230,19.230,19.230,579,23609
1524668940,19.210,19.210,19.210,19.210,0,0
1524669300,19.240,19.240,19.240,19.240,555,24188
1524669420,19.240,19.240,19.240,19.240,0,0
1524669900,19.230,19.230,19.230,19.230,205,24743
1524670080,19.230,19.230,19.230,19.230,0,0
1524670140,19.230,19.230,19.230,19.230,0,0
1524670200,19.200,19.200,19.200,19.200,410,24948
1524670260,19.220,19.220,19.220,19.220,0,0
1524670320,19.200,19.200,19.200,19.200,0,0
1524670500,19.160,19.160,19.160,19.160,300,25358
1524670800,19.170,19.180,19.170,19.180,400,25658
1524670860,19.170,19.180,19.170,19.180,0,0
1524670920,19.140,19.140,19.140,19.140,0,0
1524671100,19.140,19.140,19.140,19.140,300,26058
1524671400,19.130,19.130,19.130,19.130,809,26358
1524671520,19.130,19.130,19.130,19.130,0,0
1524671640,19.120,19.120,19.120,19.120,0,0
1524671700,19.120,19.120,19.120,19.120,1580,27167
1524671760,19.110,19.150,19.110,19.150,0,0
1524671880,19.110,19.090,19.090,19.110,0,0
1524672300,19.060,19.060,19.060,19.060,100,28747
1524672600,19.100,19.100,19.100,19.100,846,28847
1524672840,19.100,19.100,19.100,19.100,0,0
1524672900,19.120,19.120,19.120,19.120,201,29693
1524673080,19.120,19.120,19.120,19.120,0,0
1524673500,19.130,19.130,19.130,19.130,798,29894
1524673560,19.130,19.130,19.130,19.130,0,0
1524673680,19.140,19.140,19.140,19.140,0,0
1524674100,19.100,19.100,19.100,19.100,344,30692
1524674340,19.100,19.100,19.100,19.100,0,0
1524674400,19.130,19.130,19.130,19.130,110,31036
1524674460,19.130,19.130,19.130,19.130,0,0
1524674700,19.130,19.130,19.130,19.130,100,31146
1524674760,19.130,19.130,19.130,19.130,0,0
1524675000,19.110,19.110,19.110,19.110,336,31246
1524675060,19.110,19.110,19.110,19.110,0,0
1524675120,19.090,19.090,19.090,19.090,0,0
1524675300,19.020,19.050,19.020,19.050,711,31582
1524675360,19.020,19.050,19.020,19.050,0,0
1524675420,19.050,19.050,19.050,19.050,0,0
1524675600,19.080,19.080,19.080,19.080,316,32293
1524675900,19.090,19.090,19.090,19.090,230,32609
1524676200,19.090,19.090,19.090,19.090,200,32839
1524676320,19.090,19.090,19.090,19.090,0,0
1524677100,19.100,19.100,19.100,19.100,2054,33039
1524677160,19.110,19.110,19.110,19.110,0,0
1524677220,19.120,19.120,19.120,19.120,0,0
1524677280,19.190,19.190,19.190,19.190,0,0
1524677400,19.220,19.200,19.200,19.220,1209,35093
1524677640,19.220,19.200,19.200,19.220,0,0
1524677700,19.190,19.220,19.190,19.220,711,36302
1524677880,19.200,19.200,19.200,19.200,0,0
1524677940,19.200,19.170,19.170,19.200,0,0
1524678000,19.200,19.200,19.200,19.200,365,37013
1524678120,19.230,19.230,19.230,19.230,0,0
1524678300,19.210,19.210,19.210,19.210,940,37378
1524678480,19.190,19.190,19.190,19.190,0,0
1524678600,19.200,19.240,19.200,19.240,452,38318
1524678720,19.200,19.240,19.200,19.240,0,0
1524679200,19.200,19.200,19.200,19.200,102,38770
1524679260,19.200,19.200,19.200,19.200,0,0
1524679500,19.150,19.150,19.150,19.150,671,38872
1524679740,19.150,19.150,19.150,19.150,0,0
1524679800,19.160,19.160,19.160,19.160,235,39543
1524680040,19.160,19.160,19.160,19.160,0,0
1524680100,19.170,19.170,19.170,19.170,310,39778
1524680340,19.170,19.170,19.170,19.170,0,0
1524680400,19.170,19.130,19.130,19.170,206,40088
1524680520,19.170,19.130,19.130,19.170,0,0
1524680580,19.170,19.170,19.170,19.170,0,0
1524680700,19.160,19.160,19.160,19.160,302,40294
1524680760,19.160,19.160,19.160,19.160,0,0
1524681000,19.130,19.130,19.130,19.130,722,40596
1524681060,19.130,19.130,19.130,19.130,0,0
1524681180,19.150,19.150,19.150,19.150,0,0
1524681240,19.160,19.190,19.160,19.190,0,0
1524681600,19.170,19.170,19.170,19.170,866,41318
1524681660,19.170,19.170,19.170,19.170,0,0
1524681780,19.210,19.210,19.210,19.210,0,0
1524681900,19.170,19.170,19.170,19.170,308,42184
1524682020,19.170,19.170,19.170,19.170,0,0
1524682200,19.230,19.230,19.230,19.230,1335,42492
1524682320,19.230,19.230,19.230,19.230,0,0
1524682440,19.200,19.200,19.200,19.200,0,0
1524682500,19.210,19.210,19.210,19.210,200,43827
1524682620,19.210,19.210,19.210,19.210,0,0
1524682800,19.260,19.280,19.260,19.280,1629,44027
1524682860,19.260,19.260,19.260,19.260,0,0
1524682920,19.280,19.280,19.280,19.280,0,0
1524683100,19.270,19.270,19.270,19.270,982,45656
1524683220,19.260,19.260,19.260,19.260,0,0
1524683280,19.260,19.260,19.260,19.260,0,0
1524683400,19.260,19.260,19.260,19.260,740,46638
1524683580,19.280,19.280,19.280,19.280,0,0
1524683700,19.250,19.250,19.250,19.250,611,47378
1524683880,19.250,19.250,19.250,19.250,0,0
1524683940,19.250,19.250,19.250,19.250,0,0
1524684000,19.260,19.260,19.260,19.260,302,47989
1524684180,19.260,19.260,19.260,19.260,0,0
1524684240,19.260,19.260,19.260,19.260,0,0
1524684300,19.250,19.250,19.250,19.250,581,48291
1524684480,19.240,19.240,19.240,19.240,0,0
1524684600,19.260,19.260,19.260,19.260,1164,48872
1524684720,19.280,19.280,19.280,19.280,0,0
1524684840,19.280,19.280,19.280,19.280,0,0
1524684900,19.270,19.270,19.270,19.270,1312,50036
1524685020,19.250,19.270,19.250,19.270,0,0
1524685140,19.240,19.220,19.220,19.240,0,0
1524685200,19.240,19.240,19.240,19.240,618,51348
1524685260,19.240,19.240,19.240,19.240,0,0
1524685440,19.220,19.250,19.220,19.250,0,0
1524685500,19.220,19.220,19.220,19.220,1132,51966
1524685680,19.210,19.210,19.210,19.210,0,0
1524685800,19.220,19.250,19.220,19.250,2093,53098
1524685860,19.220,19.250,19.220,19.250,0,0
1524685920,19.250,19.250,19.250,19.250,0,0
1524686040,19.250,19.220,19.220,19.250,0,0
1524686100,19.220,19.230,19.220,19.230,3814,55191
1524686160,19.240,19.240,19.240,19.240,0,0
1524686220,19.240,19.250,19.230,19.250,0,0
1524686280,19.260,19.260,19.260,19.260,0,0
1524686340,19.260,19.280,19.260,19.280,0,0
1524749400,19.290,19.290,19.290,19.290,0,0
1524750000,19.170,19.170,19.170,19.170,1541,0
1524750060,19.170,19.170,19.170,19.170,0,0
1524750300,19.270,19.270,19.270,19.270,100,1541
1524750600,19.320,19.320,19.320,19.320,453,1641
1524750840,19.320,19.320,19.320,19.320,0,0
1524751200,19.350,19.350,19.350,19.350,693,2094
1524751320,19.290,19.290,19.290,19.290,0,0
1524751440,19.340,19.340,19.340,19.340,0,0
1524751500,19.320,19.320,19.320,19.320,884,2787
1524751560,19.320,19.320,19.320,19.320,0,0
1524751620,19.310,19.310,19.310,19.310,0,0
1524751740,19.310,19.310,19.310,19.310,0,0
1524751800,19.280,19.280,19.280,19.280,105,3671
1524751860,19.280,19.280,19.280,19.280,0,0
1524752100,19.270,19.270,19.270,19.270,1721,3776
1524752160,19.270,19.270,19.270,19.270,0,0
1524752280,19.250,19.250,19.250,19.250,0,0
1524752340,19.240,19.240,19.240,19.240,0,0
1524752700,19.240,19.240,19.240,19.240,490,5497
1524752820,19.240,19.240,19.240,19.240,0,0
1524753000,19.380,19.380,19.380,19.380,800,5987
1524753120,19.380,19.380,19.380,19.380,0,0
1524753300,19.350,19.390,19.350,19.390,847,6787
1524753360,19.350,19.390,19.350,19.390,0,0
1524753420,19.360,19.340,19.340,19.360,0,0
1524753600,19.320,19.320,19.320,19.320,700,7634
1524753720,19.320,19.320,19.320,19.320,0,0
1524753780,19.300,19.300,19.300,19.300,0,0
1524754200,19.340,19.340,19.340,19.340,719,8334
1524754440,19.340,19.340,19.340,19.340,0,0
1524754500,19.350,19.350,19.350,19.350,400,9053
1524754620,19.320,19.320,19.320,19.320,0,0
1524754800,19.300,19.300,19.300,19.300,1035,9453
1524754860,19.300,19.300,19.300,19.300,0,0
1524755040,19.250,19.250,19.250,19.250,0,0
1524755100,19.300,19.300,19.300,19.300,501,10488
1524755280,19.300,19.300,19.300,19.300,0,0
1524755400,19.300,19.300,19.300,19.300,101,10989
1524755520,19.300,19.300,19.300,19.300,0,0
1524755700,19.290,19.290,19.290,19.290,489,11090
1524756300,19.250,19.250,19.250,19.250,501,11579
1524756600,19.260,19.260,19.260,19.260,405,12080
1524756840,19.260,19.260,19.260,19.260,0,0
1524756900,19.260,19.260,19.260,19.260,825,12485
1524756960,19.260,19.260,19.260,19.260,0,0
1524757080,19.300,19.300,19.300,19.300,0,0
1524757200,19.270,19.270,19.270,19.270,601,13310
1524757260,19.270,19.270,19.270,19.270,0,0
1524757320,19.270,19.270,19.270,19.270,0,0
1524757500,19.260,19.220,19.220,19.260,918,13911
1524757620,19.260,19.220,19.220,19.260,0,0
1524757680,19.250,19.260,19.250,19.260,0,0
1524757740,19.320,19.320,19.320,19.320,0,0
1524757800,19.310,19.310,19.310,19.310,100,14829
1524757860,19.310,19.310,19.310,19.310,0,0
1524758100,19.290,19.290,19.290,19.290,571,14929
1524758220,19.290,19.290,19.290,19.290,0,0
1524758280,19.260,19.260,19.260,19.260,0,0
1524758340,19.260,19.260,19.260,19.260,0,0
1524759300,19.240,19.240,19.240,19.240,1002,15500
1524759360,19.240,19.240,19.240,19.240,0,0
1524759600,19.240,19.240,19.240,19.240,660,16502
1524759660,19.240,19.240,19.240,19.240,0,0
1524759900,19.350,19.350,19.350,19.350,410,17162
1524760080,19.350,19.350,19.350,19.350,0,0
1524760200,19.340,19.340,19.340,19.340,389,17572
1524760260,19.340,19.340,19.340,19.340,0,0
1524761100,19.290,19.290,19.290,19.290,534,17961
1524761160,19.290,19.290,19.290,19.290,0,0
1524761400,19.270,19.270,19.270,19.270,1011,18495
1524761580,19.270,19.270,19.270,19.270,0,0
1524761700,19.300,19.300,19.300,19.300,420,19506
1524761760,19.300,19.300,19.300,19.300,0,0
1524761820,19.290,19.290,19.290,19.290,0,0
1524762000,19.300,19.300,19.300,19.300,779,19926
1524762060,19.280,19.280,19.280,19.280,0,0
1524762120,19.280,19.280,19.280,19.280,0,0
1524762180,19.290,19.290,19.290,19.290,0,0
1524762300,19.290,19.300,19.290,19.300,600,20705
1524762540,19.290,19.300,19.290,19.300,0,0
1524762600,19.270,19.290,19.270,19.290,605,21305
1524762900,19.270,19.270,19.270,19.270,400,21910
1524763080,19.270,19.270,19.270,19.270,0,0
1524763140,19.280,19.280,19.280,19.280,0,0
1524763500,19.250,19.250,19.250,19.250,201,22310
1524763680,19.250,19.250,19.250,19.250,0,0
1524763800,19.240,19.250,19.240,19.250,666,22511
1524763980,19.240,19.250,19.240,19.250,0,0
1524764040,19.260,19.260,19.260,19.260,0,0
1524764100,19.280,19.290,19.280,19.290,322,23177
1524764340,19.280,19.290,19.280,19.290,0,0
1524764400,19.320,19.320,19.320,19.320,100,23499
1524764700,19.390,19.390,19.390,19.390,634,23599
1524764760,19.320,19.320,19.320,19.320,0,0
1524764940,19.330,19.330,19.330,19.330,0,0
1524765000,19.310,19.310,19.310,19.310,100,24233
1524765120,19.310,19.310,19.310,19.310,0,0
1524765300,19.310,19.310,19.310,19.310,347,24333
1524765360,19.310,19.310,19.310,19.310,0,0
1524765420,19.320,19.320,19.320,19.320,0,0
1524765480,19.310,19.310,19.310,19.310,0,0
1524765600,19.300,19.300,19.300,19.300,841,24680
1524765780,19.300,19.300,19.300,19.300,0,0
1524765900,19.300,19.300,19.300,19.300,325,25521
1524766140,19.300,19.300,19.300,19.300,0,0
1524766200,19.300,19.300,19.300,19.300,200,25846
1524766260,19.300,19.300,19.300,19.300,0,0
1524767400,19.300,19.300,19.300,19.300,934,26046
1524767460,19.310,19.310,19.310,19.310,0,0
1524767700,19.300,19.300,19.300,19.300,204,26980
1524768000,19.300,19.300,19.300,19.300,312,27184
1524768060,19.300,19.300,19.300,19.300,0,0
1524768300,19.320,19.320,19.320,19.320,200,27496
1524768360,19.320,19.320,19.320,19.320,0,0
1524768600,19.320,19.320,19.320,19.320,1200,27696
1524768660,19.320,19.320,19.320,19.320,0,0
1524768720,19.320,19.320,19.320,19.320,0,0
1524768900,19.310,19.310,19.310,19.310,672,28896
1524769020,19.310,19.310,19.310,19.310,0,0
1524769080,19.320,19.320,19.320,19.320,0,0
1524769140,19.320,19.320,19.320,19.320,0,0
1524769500,19.310,19.310,19.310,19.310,1251,29568
1524769560,19.310,19.310,19.310,19.310,0,0
1524769620,19.300,19.300,19.300,19.300,0,0
1524769800,19.290,19.290,19.290,19.290,887,30819
1524769860,19.280,19.280,19.280,19.280,0,0
1524769920,19.270,19.270,19.270,19.270,0,0
1524769980,19.280,19.300,19.280,19.300,0,0
1524770100,19.280,19.280,19.280,19.280,402,31706
1524770220,19.280,19.280,19.280,19.280,0,0
1524770400,19.250,19.250,19.250,19.250,306,32108
1524770520,19.250,19.250,19.250,19.250,0,0
1524770700,19.250,19.250,19.250,19.250,259,32414
1524771000,19.230,19.230,19.230,19.230,1910,32673
1524771120,19.230,19.230,19.230,19.230,0,0
1524771240,19.270,19.270,19.270,19.270,0,0
1524771300,19.260,19.260,19.260,19.260,100,34583
1524771420,19.260,19.260,19.260,19.260,0,0
1524771600,19.200,19.200,19.200,19.200,1743,34683
1524771660,19.200,19.200,19.200,19.200,0,0
1524771720,19.210,19.210,19.210,19.210,0,0
1524771840,19.210,19.210,19.210,19.210,0,0
1524771900,19.210,19.210,19.210,19.210,1281,36426
1524772020,19.210,19.210,19.210,19.210,0,0
1524772080,19.210,19.200,19.200,19.210,0,0
1524772140,19.200,19.200,19.200,19.200,0,0
1524772200,19.170,19.200,19.170,19.200,1161,37707
1524772320,19.170,19.200,19.170,19.200,0,0
1524772380,19.210,19.210,19.210,19.210,0,0
1524772500,19.210,19.210,19.210,19.210,8393,38868
1524772620,19.210,19.210,19.210,19.210,0,0
1524772680,19.210,19.200,19.190,19.210,0,0
1524772740,19.190,19.210,19.190,19.220,0,0
1524835800,19.220,19.220,19.220,19.220,0,0
1524836700,19.240,19.240,19.240,19.240,909,0
1524838200,19.250,19.250,19.250,19.250,1441,909
1524838260,19.250,19.250,19.250,19.250,0,0
1524838380,19.210,19.210,19.210,19.210,0,0
1524838500,19.230,19.240,19.230,19.240,354,2350
1524838800,19.300,19.300,19.300,19.300,2100,2704
1524838860,19.300,19.300,19.300,19.300,0,0
1524839100,19.290,19.290,19.290,19.290,318,4804
1524839400,19.260,19.260,19.260,19.260,1377,5122
1524839520,19.250,19.250,19.250,19.250,0,0
1524839640,19.270,19.260,19.260,19.270,0,0
1524839700,19.260,19.260,19.260,19.260,200,6499
1524839820,19.260,19.260,19.260,19.260,0,0
1524839880,19.270,19.270,19.270,19.270,0,0
1524840600,19.250,19.250,19.250,19.250,680,6699
1524840660,19.260,19.260,19.260,19.260,0,0
1524840720,19.250,19.250,19.250,19.250,0,0
1524840900,19.210,19.210,19.210,19.210,528,7379
1524841020,19.200,19.200,19.200,19.200,0,0
1524841500,19.250,19.250,19.250,19.250,415,7907
1524841740,19.250,19.250,19.250,19.250,0,0
1524842400,19.260,19.260,19.260,19.260,521,8322
1524842460,19.260,19.260,19.260,19.260,0,0
1524842700,19.240,19.240,19.240,19.240,604,8843
1524842760,19.240,19.240,19.240,19.240,0,0
1524842820,19.250,19.250,19.250,19.250,0,0
1524843300,19.250,19.250,19.250,19.250,405,9447
1524843480,19.250,19.250,19.250,19.250,0,0
1524843600,19.220,19.200,19.200,19.220,546,9852
1524843720,19.220,19.200,19.200,19.220,0,0
1524844200,19.210,19.210,19.210,19.210,100,10398
1524844500,19.210,19.210,19.210,19.210,1140,10498
1524844560,19.210,19.210,19.210,19.210,0,0
1524844680,19.240,19.240,19.240,19.240,0,0
1524845100,19.240,19.240,19.240,19.240,200,11638
1524845340,19.240,19.240,19.240,19.240,0,0
1524845400,19.240,19.230,19.230,19.240,1511,11838
1524845640,19.240,19.230,19.230,19.240,0,0
1524845700,19.230,19.230,19.230,19.230,5429,13349
1524846300,19.240,19.240,19.240,19.240,400,18778
1524846480,19.240,19.240,19.240,19.240,0,0
1524846600,19.220,19.120,19.120,19.220,10538,19178
1524846660,19.180,19.180,19.180,19.180,0,0
1524846900,19.100,19.100,19.100,19.100,400,29716
1524847200,19.150,19.150,19.150,19.150,419,30116
1524847500,19.210,19.210,19.210,19.210,1450,30535
1524847740,19.160,19.160,19.160,19.160,0,0
1524847800,19.130,19.130,19.130,19.130,1000,31985
1524848040,19.170,19.170,19.170,19.170,0,0
1524848400,19.210,19.210,19.210,19.210,212,32985
1524848700,19.200,19.200,19.200,19.200,309,33197
1524848880,19.200,19.200,19.200,19.200,0,0
1524849000,19.210,19.210,19.210,19.210,800,33506
1524849060,19.210,19.210,19.210,19.210,0,0
1524849600,19.200,19.200,19.200,19.200,503,34306
1524849780,19.200,19.200,19.200,19.200,0,0
1524849900,19.220,19.220,19.220,19.220,208,34809
1524850140,19.220,19.220,19.220,19.220,0,0
1524850200,19.220,19.220,19.220,19.220,200,35017
1524851100,19.230,19.230,19.230,19.230,100,35217
1524851340,19.230,19.230,19.230,19.230,0,0
1524851400,19.220,19.210,19.210,19.220,1007,35317
1524851700,19.220,19.220,19.220,19.220,300,36324
1524851940,19.220,19.220,19.220,19.220,0,0
1524852000,19.230,19.230,19.230,19.230,304,36624
1524852060,19.230,19.230,19.230,19.230,0,0
1524852600,19.220,19.220,19.220,19.220,480,36928
1524852840,19.250,19.250,19.250,19.250,0,0
1524853500,19.280,19.280,19.280,19.280,208,37408
1524853620,19.280,19.280,19.280,19.280,0,0
1524853800,19.280,19.280,19.280,19.280,110,37616
1524854040,19.280,19.280,19.280,19.280,0,0
1524854100,19.280,19.280,19.280,19.280,203,37726
1524854220,19.280,19.280,19.280,19.280,0,0
1524854280,19.270,19.270,19.270,19.270,0,0
1524854700,19.290,19.290,19.290,19.290,100,37929
1524854940,19.290,19.290,19.290,19.290,0,0
1524855000,19.270,19.250,19.250,19.270,900,38029
1524855060,19.270,19.250,19.250,19.270,0,0
1524855300,19.270,19.270,19.270,19.270,100,38929
1524855420,19.270,19.270,19.270,19.270,0,0
1524855600,19.270,19.270,19.270,19.270,209,39029
1524855720,19.270,19.270,19.270,19.270,0,0
1524856200,19.250,19.250,19.250,19.250,1194,39238
1524856260,19.250,19.250,19.250,19.250,0,0
1524856500,19.230,19.230,19.230,19.230,160,40432
1524856800,19.230,19.230,19.230,19.230,340,40592
1524857100,19.230,19.230,19.230,19.230,700,40932
1524857160,19.230,19.230,19.230,19.230,0,0
1524857280,19.210,19.210,19.210,19.210,0,0
1524857700,19.210,19.210,19.210,19.210,847,41632
1524857760,19.210,19.210,19.210,19.210,0,0
1524857880,19.230,19.230,19.230,19.230,0,0
1524857940,19.230,19.230,19.230,19.230,0,0
1524858000,19.230,19.230,19.230,19.230,1276,42479
1524858060,19.210,19.210,19.210,19.210,0,0
1524858180,19.200,19.200,19.200,19.200,0,0
1524858300,19.210,19.210,19.210,19.210,300,43755
1524858600,19.250,19.250,19.250,19.250,2406,44055
1524858660,19.250,19.250,19.250,19.250,0,0
1524858720,19.240,19.250,19.240,19.250,0,0
1524858780,19.240,19.240,19.240,19.240,0,0
1524858900,19.250,19.240,19.240,19.250,19282,46461
1524858960,19.250,19.240,19.240,19.250,0,0
1524859020,19.230,19.240,19.230,19.240,0,0
1524859080,19.240,19.230,19.230,19.240,0,0
1524859140,19.240,19.250,19.230,19.260,0,0
1525095000,19.280,19.280,19.280,19.280,0,0
1525095600,19.260,19.260,19.260,19.260,402,0
1525095900,19.340,19.340,19.340,19.340,3622,402
1525096020,19.360,19.360,19.360,19.360,0,0
1525096140,19.360,19.330,19.330,19.360,0,0
1525096200,19.340,19.350,19.340,19.350,762,4024
1525096440,19.340,19.350,19.340,19.350,0,0
1525096800,19.420,19.380,19.380,19.420,800,4786
1525097040,19.420,19.380,19.380,19.420,0,0
1525097100,19.360,19.360,19.360,19.360,400,5586
1525097160,19.360,19.360,19.360,19.360,0,0
1525097400,19.360,19.360,19.360,19.360,296,5986
1525097520,19.360,19.360,19.360,19.360,0,0
1525097700,19.340,19.340,19.340,19.340,512,6282
1525097880,19.340,19.340,19.340,19.340,0,0
1525097940,19.330,19.330,19.330,19.330,0,0
1525098000,19.300,19.300,19.300,19.300,599,6794
1525098240,19.300,19.300,19.300,19.300,0,0
1525098600,19.290,19.290,19.290,19.290,1032,7393
1525098660,19.290,19.290,19.290,19.290,0,0
1525098720,19.300,19.330,19.300,19.330,0,0
1525098900,19.320,19.320,19.320,19.320,1033,8425
1525099020,19.290,19.280,19.280,19.290,0,0
1525099080,19.280,19.270,19.270,19.280,0,0
1525099200,19.280,19.280,19.280,19.280,825,9458
1525099380,19.300,19.300,19.300,19.300,0,0
1525099500,19.240,19.240,19.240,19.240,401,10283
1525099680,19.240,19.240,19.240,19.240,0,0
1525099800,19.280,19.280,19.280,19.280,310,10684
1525099860,19.280,19.280,19.280,19.280,0,0
1525100100,19.260,19.260,19.260,19.260,400,10994
1525100400,19.260,19.260,19.260,19.260,1087,11394
1525100460,19.310,19.310,19.310,19.310,0,0
1525100640,19.280,19.280,19.280,19.280,0,0
1525101300,19.300,19.300,19.300,19.300,628,12481
1525101420,19.300,19.300,19.300,19.300,0,0
1525101540,19.260,19.260,19.260,19.260,0,0
1525101600,19.290,19.290,19.290,19.290,752,13109
1525101720,19.290,19.290,19.290,19.290,0,0
1525101840,19.300,19.300,19.300,19.300,0,0
1525101900,19.280,19.290,19.280,19.290,510,13861
1525102020,19.280,19.290,19.280,19.290,0,0
1525102200,19.250,19.250,19.250,19.250,218,14371
1525102260,19.250,19.250,19.250,19.250,0,0
1525102800,19.240,19.240,19.240,19.240,726,14589
1525102860,19.240,19.240,19.240,19.240,0,0
1525103100,19.250,19.250,19.250,19.250,697,15315
1525103160,19.220,19.220,19.220,19.220,0,0
1525103700,19.220,19.220,19.220,19.220,1354,16012
1525103820,19.220,19.220,19.220,19.220,0,0
1525103880,19.220,19.230,19.220,19.230,0,0
1525104000,19.260,19.260,19.260,19.260,300,17366
1525104180,19.260,19.260,19.260,19.260,0,0
1525104300,19.230,19.230,19.230,19.230,201,17666
1525104480,19.230,19.230,19.230,19.230,0,0
1525104600,19.240,19.240,19.240,19.240,110,17867
1525104840,19.240,19.240,19.240,19.240,0,0
1525104900,19.210,19.190,19.190,19.210,1352,17977
1525104960,19.210,19.190,19.190,19.210,0,0
1525105200,19.210,19.210,19.210,19.210,575,19329
1525105380,19.210,19.210,19.210,19.210,0,0
1525105440,19.200,19.200,19.200,19.200,0,0
1525105500,19.230,19.230,19.230,19.230,200,19904
1525105680,19.230,19.230,19.230,19.230,0,0
1525106100,19.230,19.230,19.230,19.230,638,20104
1525106220,19.240,19.240,19.240,19.240,0,0
1525107000,19.220,19.220,19.220,19.220,740,20742
1525107060,19.220,19.220,19.220,19.220,0,0
1525107120,19.220,19.220,19.220,19.220,0,0
1525107180,19.210,19.210,19.210,19.210,0,0
1525107300,19.240,19.240,19.240,19.240,2051,21482
1525107420,19.240,19.240,19.240,19.240,0,0
1525107540,19.240,19.300,19.240,19.300,0,0
1525107600,19.270,19.260,19.260,19.270,603,23533
1525107840,19.290,19.290,19.290,19.290,0,0
1525107900,19.310,19.310,19.310,19.310,209,24136
1525107960,19.310,19.310,19.310,19.310,0,0
1525108020,19.310,19.310,19.310,19.310,0,0
1525108080,19.290,19.290,19.290,19.290,0,0
1525108200,19.280,19.280,19.280,19.280,992,24345
1525108260,19.280,19.280,19.280,19.280,0,0
1525108380,19.260,19.260,19.260,19.260,0,0
1525108500,19.270,19.270,19.270,19.270,118,25337
1525108620,19.270,19.270,19.270,19.270,0,0
1525108800,19.280,19.280,19.280,19.280,105,25455
1525108860,19.280,19.280,19.280,19.280,0,0
1525109100,19.260,19.260,19.260,19.260,500,25560
1525109700,19.290,19.290,19.290,19.290,100,26060
1525109760,19.290,19.290,19.290,19.290,0,0
1525110300,19.260,19.260,19.260,19.260,1063,26160
1525110480,19.260,19.260,19.260,19.260,0,0
1525110600,19.270,19.270,19.270,19.270,948,27223
1525110660,19.270,19.270,19.270,19.270,0,0
1525110720,19.270,19.270,19.270,19.270,0,0
1525110840,19.260,19.260,19.260,19.260,0,0
1525110900,19.310,19.310,19.310,19.310,456,28171
1525110960,19.310,19.310,19.310,19.310,0,0
1525111020,19.270,19.270,19.270,19.270,0,0
1525111200,19.280,19.280,19.280,19.280,274,28627
1525111320,19.280,19.280,19.280,19.280,0,0
1525111500,19.230,19.230,19.230,19.230,213,28901
1525111680,19.230,19.230,19.230,19.230,0,0
1525111800,19.190,19.190,19.190,19.190,1466,29114
1525111860,19.190,19.190,19.190,19.190,0,0
1525112040,19.150,19.150,19.150,19.150,0,0
1525112100,19.200,19.250,19.200,19.250,731,30580
1525112340,19.170,19.170,19.170,19.170,0,0
1525112700,19.200,19.200,19.200,19.200,100,31311
1525112880,19.200,19.200,19.200,19.200,0,0
1525113300,19.170,19.150,19.150,19.170,2370,31411
1525113480,19.170,19.170,19.170,19.170,0,0
1525113600,19.200,19.200,19.200,19.200,1200,33781
1525113660,19.200,19.200,19.200,19.200,0,0
1525113780,19.190,19.190,19.190,19.190,0,0
1525113900,19.150,19.150,19.150,19.150,1420,34981
1525113960,19.150,19.150,19.150,19.150,0,0
1525114200,19.160,19.160,19.160,19.160,240,36401
1525114260,19.150,19.150,19.150,19.150,0,0
1525114500,19.140,19.140,19.140,19.140,449,36641
1525114740,19.140,19.140,19.140,19.140,0,0
1525115100,19.160,19.140,19.140,19.160,290,37090
1525115400,19.140,19.140,19.140,19.140,643,37380
1525115520,19.160,19.160,19.160,19.160,0,0
1525115700,19.180,19.180,19.180,19.180,600,38023
1525115760,19.180,19.180,19.180,19.180,0,0
1525116000,19.180,19.180,19.180,19.180,2565,38623
1525116120,19.180,19.180,19.180,19.180,0,0
1525116180,19.150,19.150,19.150,19.150,0,0
1525116240,19.140,19.140,19.140,19.140,0,0
1525116300,19.140,19.140,19.140,19.140,287,41188
1525116360,19.140,19.140,19.140,19.140,0,0
1525116480,19.140,19.140,19.140,19.140,0,0
1525116600,19.130,19.100,19.100,19.130,1820,41475
1525116660,19.130,19.100,19.100,19.130,0,0
1525116720,19.110,19.110,19.110,19.110,0,0
1525116780,19.130,19.130,19.130,19.130,0,0
1525116840,19.140,19.140,19.140,19.140,0,0
1525117200,19.130,19.130,19.130,19.130,959,43295
1525117440,19.130,19.130,19.130,19.130,0,0
1525117500,19.150,19.170,19.150,19.170,2074,44254
1525117740,19.190,19.200,19.190,19.200,0,0
1525117800,19.170,19.140,19.140,19.170,3165,46328
1525117920,19.190,19.190,19.190,19.190,0,0
1525117980,19.170,19.170,19.170,19.170,0,0
1525118040,19.170,19.170,19.170,19.170,0,0
1525118100,19.180,19.180,19.180,19.180,22998,49493
1525118160,19.150,19.150,19.150,19.150,0,0
1525118220,19.140,19.140,19.140,19.140,0,0
1525118280,19.130,19.130,19.130,19.130,0,0
1525118340,19.140,19.090,19.090,19.140,0,0
