1512138600,14.500,14.500,14.500,14.500,429,0
1512138660,14.600,14.600,14.600,14.600,426,0
1512138720,14.500,14.500,14.500,14.500,426,0
1512138780,14.500,14.500,14.500,14.500,426,0
1512138840,14.500,14.500,14.500,14.500,426,0
1512138900,14.500,14.500,14.500,14.500,426,0
1512138960,14.500,14.500,14.500,14.500,426,0
1512139020,14.500,14.500,14.500,14.500,426,0
1512139080,14.500,14.500,14.500,14.500,426,0
1512139140,14.500,14.500,14.500,14.500,426,0
1512139200,14.500,14.500,14.500,14.500,73,2133
1512139260,14.500,14.500,14.500,14.500,72,2133
1512139320,14.500,14.500,14.500,14.500,72,2133
1512139380,14.400,14.400,14.400,14.400,72,2133
1512139440,14.400,14.400,14.400,14.400,72,2133
1512139500,14.400,14.400,14.400,14.400,73,2494
1512139560,14.400,14.400,14.400,14.400,69,2494
1512139620,14.400,14.400,14.400,14.400,69,2494
1512139680,14.400,14.400,14.400,14.400,69,2494
1512139740,14.400,14.400,14.400,14.400,69,2494
1512139800,14.400,14.400,14.400,14.400,1059,2843
1512139860,14.400,14.450,14.400,14.450,1059,2843
1512139920,14.450,14.450,14.450,14.450,1059,2843
1512139980,14.500,14.400,14.400,14.500,1059,2843
1512140040,14.450,14.450,14.450,14.450,1059,2843
1512140100,14.500,14.500,14.500,14.500,520,8138
1512140160,14.450,14.450,14.450,14.450,517,8138
1512140220,14.450,14.450,14.450,14.450,517,8138
1512140280,14.450,14.450,14.450,14.450,517,8138
1512140340,14.450,14.450,14.450,14.450,517,8138
1512140400,14.450,14.450,14.450,14.450,262,10726
1512140460,14.450,14.450,14.450,14.450,262,10726
1512140520,14.425,14.425,14.425,14.425,262,10726
1512140580,14.425,14.425,14.425,14.425,262,10726
1512140640,14.400,14.400,14.400,14.400,262,10726
1512140700,14.400,14.400,14.400,14.400,58,12036
1512140760,14.400,14.400,14.400,14.400,58,12036
1512140820,14.400,14.400,14.400,14.400,58,12036
1512140880,14.400,14.400,14.400,14.400,58,12036
1512140940,14.400,14.450,14.400,14.450,58,12036
1512141000,14.400,14.450,14.400,14.450,108,12326
1512141060,14.400,14.450,14.400,14.450,108,12326
1512141120,14.450,14.450,14.450,14.450,108,12326
1512141180,14.400,14.400,14.400,14.400,108,12326
1512141240,14.400,14.400,14.400,14.400,108,12326
1512141300,14.400,14.425,14.400,14.450,934,12866
1512141360,14.400,14.425,14.400,14.450,932,12866
1512141420,14.400,14.425,14.400,14.450,932,12866
1512141480,14.400,14.400,14.400,14.400,932,12866
1512141540,14.425,14.450,14.425,14.450,932,12866
1512141600,14.400,14.425,14.400,14.425,281,17528
1512141660,14.400,14.425,14.400,14.425,281,17528
1512141720,14.500,14.500,14.500,14.500,281,17528
1512141780,14.500,14.500,14.500,14.500,281,17528
1512141840,14.500,14.500,14.500,14.500,281,17528
1512141900,14.550,14.550,14.550,14.550,223,18933
1512141960,14.500,14.500,14.500,14.500,221,18933
1512142020,14.500,14.500,14.500,14.500,221,18933
1512142080,14.500,14.500,14.500,14.500,221,18933
1512142140,14.500,14.500,14.500,14.500,221,18933
1512142200,14.500,14.500,14.500,14.500,190,20040
1512142260,14.500,14.500,14.500,14.500,188,20040
1512142320,14.500,14.500,14.500,14.500,188,20040
1512142380,14.500,14.500,14.500,14.500,188,20040
1512142440,14.500,14.500,14.500,14.500,188,20040
1512142500,14.500,14.500,14.500,14.500,188,20040
1512142560,14.500,14.500,14.500,14.500,188,20040
1512142620,14.500,14.500,14.500,14.500,188,20040
1512142680,14.500,14.500,14.500,14.500,188,20040
1512142740,14.500,14.500,14.500,14.500,188,20040
1512142800,14.500,14.500,14.500,14.500,96,20982
1512142860,14.500,14.500,14.500,14.500,96,20982
1512142920,14.500,14.500,14.500,14.500,96,20982
1512142980,14.525,14.525,14.525,14.525,96,20982
1512143040,14.525,14.525,14.525,14.525,96,20982
1512143100,14.525,14.525,14.525,14.525,40,21462
1512143160,14.525,14.525,14.525,14.525,40,21462
1512143220,14.500,14.500,14.500,14.500,40,21462
1512143280,14.500,14.500,14.500,14.500,40,21462
1512143340,14.550,14.550,14.550,14.550,40,21462
1512143400,14.550,14.550,14.550,14.550,230,21662
1512143460,14.510,14.550,14.510,14.550,228,21662
1512143520,14.510,14.550,14.510,14.550,228,21662
1512143580,14.510,14.550,14.510,14.550,228,21662
1512143640,14.500,14.500,14.500,14.500,228,21662
1512143700,14.550,14.500,14.500,14.550,556,22804
1512143760,14.450,14.450,14.450,14.450,554,22804
1512143820,14.400,14.425,14.400,14.425,554,22804
1512143880,14.400,14.400,14.400,14.400,554,22804
1512143940,14.400,14.400,14.400,14.400,554,22804
1512144000,14.400,14.400,14.400,14.400,216,25576
1512144060,14.425,14.425,14.425,14.425,212,25576
1512144120,14.425,14.425,14.425,14.425,212,25576
1512144180,14.450,14.425,14.425,14.450,212,25576
1512144240,14.450,14.450,14.450,14.450,212,25576
1512144300,14.450,14.450,14.450,14.450,3738,26640
1512144360,14.450,14.450,14.450,14.450,3738,26640
1512144420,14.450,14.500,14.450,14.500,3738,26640
1512144480,14.450,14.500,14.450,14.500,3738,26640
1512144540,14.450,14.500,14.450,14.500,3738,26640
1512144600,14.450,14.450,14.450,14.450,2400,45330
1512144660,14.450,14.450,14.450,14.450,2398,45330
1512144720,14.450,14.450,14.450,14.450,2398,45330
1512144780,14.450,14.450,14.450,14.450,2398,45330
1512144840,14.400,14.450,14.400,14.450,2398,45330
1512144900,14.500,14.500,14.500,14.500,346,57322
1512144960,14.450,14.450,14.450,14.450,345,57322
1512145020,14.500,14.500,14.500,14.500,345,57322
1512145080,14.500,14.500,14.500,14.500,345,57322
1512145140,14.500,14.500,14.500,14.500,345,57322
1512145200,14.500,14.475,14.450,14.500,843,59048
1512145260,14.500,14.475,14.450,14.500,839,59048
1512145320,14.450,14.500,14.450,14.500,839,59048
1512145380,14.450,14.400,14.400,14.450,839,59048
1512145440,14.400,14.350,14.350,14.400,839,59048
1512145500,14.400,14.350,14.350,14.400,140,63247
1512145560,14.300,14.300,14.300,14.300,140,63247
1512145620,14.300,14.300,14.300,14.300,140,63247
1512145680,14.300,14.250,14.250,14.300,140,63247
1512145740,14.250,14.250,14.250,14.250,140,63247
1512145800,14.250,14.250,14.250,14.250,469,63947
1512145860,14.201,14.200,14.150,14.201,469,63947
1512145920,14.200,14.200,14.200,14.200,469,63947
1512145980,14.200,14.200,14.200,14.200,469,63947
1512146040,14.150,14.150,14.150,14.150,469,63947
1512146100,14.200,14.200,14.200,14.200,421,66292
1512146160,14.200,14.200,14.200,14.200,417,66292
1512146220,14.250,14.250,14.250,14.250,417,66292
1512146280,14.250,14.250,14.250,14.250,417,66292
1512146340,14.250,14.350,14.250,14.350,417,66292
1512146400,14.300,14.300,14.300,14.300,1171,68381
1512146460,14.300,14.300,14.300,14.300,1171,68381
1512146520,14.300,14.300,14.300,14.300,1171,68381
1512146580,14.300,14.300,14.300,14.300,1171,68381
1512146640,14.300,14.300,14.300,14.300,1171,68381
1512146700,14.300,14.300,14.300,14.300,853,74236
1512146760,14.300,14.300,14.300,14.300,849,74236
1512146820,14.300,14.300,14.300,14.300,849,74236
1512146880,14.300,14.300,14.300,14.300,849,74236
1512146940,14.250,14.300,14.250,14.300,849,74236
1512147000,14.300,14.300,14.300,14.300,859,78485
1512147060,14.350,14.278,14.278,14.350,857,78485
1512147120,14.350,14.350,14.350,14.350,857,78485
1512147180,14.350,14.350,14.350,14.350,857,78485
1512147240,14.350,14.350,14.350,14.350,857,78485
1512147300,14.350,14.350,14.350,14.350,361,82772
1512147360,14.350,14.350,14.350,14.350,357,82772
1512147420,14.350,14.350,14.350,14.350,357,82772
1512147480,14.350,14.350,14.350,14.350,357,82772
1512147540,14.400,14.450,14.400,14.450,357,82772
1512147600,14.450,14.450,14.450,14.450,681,84561
1512147660,14.500,14.500,14.500,14.500,678,84561
1512147720,14.500,14.500,14.500,14.500,678,84561
1512147780,14.500,14.500,14.500,14.500,678,84561
1512147840,14.500,14.550,14.500,14.550,678,84561
1512147900,14.500,14.550,14.500,14.550,1013,87954
1512147960,14.500,14.550,14.500,14.550,1009,87954
1512148020,14.500,14.500,14.500,14.500,1009,87954
1512148080,14.500,14.500,14.500,14.500,1009,87954
1512148140,14.500,14.500,14.500,14.500,1009,87954
1512148200,14.500,14.500,14.500,14.500,60,93003
1512148260,14.500,14.500,14.500,14.500,60,93003
1512148320,14.500,14.500,14.500,14.500,60,93003
1512148380,14.500,14.500,14.500,14.500,60,93003
1512148440,14.500,14.500,14.500,14.500,60,93003
1512148500,14.500,14.500,14.500,14.500,69,93303
1512148560,14.500,14.500,14.500,14.500,67,93303
1512148620,14.500,14.500,14.500,14.500,67,93303
1512148680,14.500,14.500,14.500,14.500,67,93303
1512148740,14.500,14.550,14.500,14.550,67,93303
1512148800,14.500,14.550,14.500,14.550,60,93640
1512148860,14.500,14.550,14.500,14.550,60,93640
1512148920,14.500,14.550,14.500,14.550,60,93640
1512148980,14.550,14.550,14.550,14.550,60,93640
1512149040,14.500,14.500,14.500,14.500,60,93640
1512149100,14.500,14.500,14.500,14.500,40,93940
1512149160,14.550,14.550,14.550,14.550,40,93940
1512149220,14.550,14.550,14.550,14.550,40,93940
1512149280,14.550,14.550,14.550,14.550,40,93940
1512149340,14.550,14.550,14.550,14.550,40,93940
1512149400,14.550,14.550,14.550,14.550,100,94140
1512149460,14.550,14.550,14.550,14.550,100,94140
1512149520,14.550,14.550,14.550,14.550,100,94140
1512149580,14.500,14.500,14.500,14.500,100,94140
1512149640,14.500,14.500,14.500,14.500,100,94140
1512149700,14.500,14.500,14.500,14.500,60,94640
1512149760,14.550,14.550,14.550,14.550,60,94640
1512149820,14.500,14.500,14.500,14.500,60,94640
1512149880,14.500,14.500,14.500,14.500,60,94640
1512149940,14.525,14.525,14.525,14.525,60,94640
1512150000,14.525,14.525,14.525,14.525,754,94940
1512150060,14.525,14.525,14.525,14.525,754,94940
1512150120,14.500,14.500,14.500,14.500,754,94940
1512150180,14.550,14.550,14.550,14.550,754,94940
1512150240,14.500,14.475,14.475,14.500,754,94940
1512150300,14.500,14.475,14.475,14.500,252,98710
1512150360,14.475,14.500,14.475,14.500,250,98710
1512150420,14.500,14.500,14.475,14.500,250,98710
1512150480,14.500,14.500,14.475,14.500,250,98710
1512150540,14.500,14.500,14.475,14.500,250,98710
1512150600,14.550,14.550,14.550,14.550,209,99962
1512150660,14.550,14.550,14.550,14.550,206,99962
1512150720,14.550,14.550,14.550,14.550,206,99962
1512150780,14.575,14.575,14.575,14.575,206,99962
1512150840,14.575,14.575,14.575,14.575,206,99962
1512150900,14.575,14.575,14.575,14.575,20,100995
1512150960,14.575,14.575,14.575,14.575,20,100995
1512151020,14.575,14.575,14.575,14.575,20,100995
1512151080,14.575,14.575,14.575,14.575,20,100995
1512151140,14.575,14.575,14.575,14.575,20,100995
1512151200,14.575,14.575,14.575,14.575,738,101095
1512151260,14.575,14.575,14.575,14.575,738,101095
1512151320,14.575,14.575,14.575,14.575,738,101095
1512151380,14.575,14.575,14.575,14.575,738,101095
1512151440,14.550,14.500,14.500,14.550,738,101095
1512151500,14.500,14.500,14.500,14.500,190,104785
1512151560,14.500,14.500,14.500,14.500,187,104785
1512151620,14.500,14.500,14.500,14.500,187,104785
1512151680,14.500,14.500,14.500,14.500,187,104785
1512151740,14.500,14.500,14.500,14.500,187,104785
1512151800,14.500,14.500,14.500,14.500,181,105723
1512151860,14.550,14.600,14.550,14.600,180,105723
1512151920,14.550,14.600,14.550,14.600,180,105723
1512151980,14.550,14.600,14.550,14.600,180,105723
1512152040,14.550,14.600,14.550,14.600,180,105723
1512152100,14.600,14.600,14.600,14.600,125,106624
1512152160,14.600,14.600,14.600,14.600,122,106624
1512152220,14.600,14.600,14.600,14.600,122,106624
1512152280,14.600,14.600,14.600,14.600,122,106624
1512152340,14.600,14.600,14.600,14.600,122,106624
1512152400,14.600,14.600,14.600,14.600,127,107237
1512152460,14.550,14.550,14.550,14.550,124,107237
1512152520,14.550,14.550,14.550,14.550,124,107237
1512152580,14.550,14.550,14.550,14.550,124,107237
1512152640,14.550,14.550,14.550,14.550,124,107237
1512152700,14.650,14.650,14.600,14.650,1315,107860
1512152760,14.650,14.650,14.650,14.650,1314,107860
1512152820,14.650,14.650,14.650,14.650,1314,107860
1512152880,14.650,14.650,14.650,14.650,1314,107860
1512152940,14.650,14.650,14.650,14.650,1314,107860
1512153000,14.650,14.650,14.650,14.650,80,114431
1512153060,14.650,14.650,14.650,14.650,80,114431
1512153120,14.650,14.650,14.650,14.650,80,114431
1512153180,14.650,14.650,14.650,14.650,80,114431
1512153240,14.650,14.650,14.650,14.650,80,114431
1512153300,14.650,14.650,14.650,14.650,126,114831
1512153360,14.650,14.650,14.650,14.650,123,114831
1512153420,14.650,14.650,14.650,14.650,123,114831
1512153480,14.650,14.650,14.650,14.650,123,114831
1512153540,14.650,14.650,14.650,14.650,123,114831
1512153600,14.650,14.650,14.650,14.650,426,115449
1512153660,14.700,14.700,14.700,14.700,423,115449
1512153720,14.700,14.700,14.700,14.700,423,115449
1512153780,14.700,14.700,14.700,14.700,423,115449
1512153840,14.700,14.700,14.700,14.700,423,115449
1512153900,14.700,14.700,14.700,14.700,339,117567
1512153960,14.650,14.650,14.650,14.650,336,117567
1512154020,14.650,14.650,14.650,14.650,336,117567
1512154080,14.650,14.650,14.650,14.650,336,117567
1512154140,14.675,14.675,14.675,14.675,336,117567
1512154200,14.675,14.675,14.675,14.675,57,119250
1512154260,14.675,14.675,14.675,14.675,57,119250
1512154320,14.675,14.675,14.675,14.675,57,119250
1512154380,14.650,14.650,14.650,14.650,57,119250
1512154440,14.650,14.650,14.650,14.650,57,119250
1512154500,14.650,14.650,14.650,14.650,364,119535
1512154560,14.650,14.650,14.650,14.650,364,119535
1512154620,14.700,14.700,14.700,14.700,364,119535
1512154680,14.700,14.700,14.700,14.700,364,119535
1512154740,14.700,14.700,14.700,14.700,364,119535
1512154800,14.700,14.700,14.700,14.700,619,121355
1512154860,14.700,14.700,14.700,14.700,617,121355
1512154920,14.700,14.750,14.700,14.750,617,121355
1512154980,14.700,14.750,14.700,14.750,617,121355
1512155040,14.700,14.750,14.700,14.750,617,121355
1512155100,14.750,14.750,14.750,14.750,162,124442
1512155160,14.750,14.750,14.750,14.750,162,124442
1512155220,14.750,14.750,14.750,14.750,162,124442
1512155280,14.750,14.750,14.750,14.750,162,124442
1512155340,14.750,14.750,14.750,14.750,162,124442
1512155400,14.750,14.750,14.750,14.750,87,125252
1512155460,14.750,14.750,14.750,14.750,83,125252
1512155520,14.750,14.750,14.750,14.750,83,125252
1512155580,14.750,14.750,14.750,14.750,83,125252
1512155640,14.800,14.800,14.800,14.800,83,125252
1512155700,14.800,14.800,14.800,14.800,83,125252
1512155760,14.800,14.800,14.800,14.800,83,125252
1512155820,14.800,14.800,14.800,14.800,83,125252
1512155880,14.800,14.800,14.800,14.800,83,125252
1512155940,14.800,14.800,14.800,14.800,83,125252
1512156000,14.725,14.725,14.725,14.725,1391,125671
1512156060,14.725,14.725,14.725,14.725,1389,125671
1512156120,14.725,14.725,14.725,14.725,1389,125671
1512156180,14.725,14.725,14.725,14.725,1389,125671
1512156240,14.750,14.750,14.750,14.750,1389,125671
1512156300,14.750,14.750,14.750,14.750,53,132618
1512156360,14.750,14.750,14.750,14.750,52,132618
1512156420,14.750,14.750,14.750,14.750,52,132618
1512156480,14.750,14.750,14.750,14.750,52,132618
1512156540,14.750,14.750,14.750,14.750,52,132618
1512156600,14.795,14.750,14.750,14.795,48,132879
1512156660,14.795,14.750,14.750,14.795,45,132879
1512156720,14.795,14.750,14.750,14.795,45,132879
1512156780,14.795,14.750,14.750,14.795,45,132879
1512156840,14.795,14.750,14.750,14.795,45,132879
1512156900,14.795,14.750,14.750,14.795,40,133107
1512156960,14.795,14.750,14.750,14.795,40,133107
1512157020,14.795,14.750,14.750,14.795,40,133107
1512157080,14.795,14.750,14.750,14.795,40,133107
1512157140,14.800,14.800,14.800,14.800,40,133107
1512157200,14.800,14.800,14.800,14.800,140,133307
1512157260,14.800,14.800,14.800,14.800,140,133307
1512157320,14.725,14.750,14.725,14.750,140,133307
1512157380,14.750,14.750,14.750,14.750,140,133307
1512157440,14.750,14.750,14.750,14.750,140,133307
1512157500,14.750,14.750,14.750,14.750,340,134007
1512157560,14.750,14.750,14.750,14.750,340,134007
1512157620,14.750,14.750,14.750,14.750,340,134007
1512157680,14.750,14.750,14.750,14.750,340,134007
1512157740,14.750,14.750,14.750,14.750,340,134007
1512157800,14.750,14.750,14.750,14.750,690,135707
1512157860,14.750,14.750,14.750,14.800,687,135707
1512157920,14.750,14.750,14.750,14.750,687,135707
1512157980,14.750,14.750,14.750,14.750,687,135707
1512158040,14.750,14.750,14.750,14.750,687,135707
1512158100,14.700,14.700,14.700,14.700,820,139145
1512158160,14.700,14.650,14.650,14.750,817,139145
1512158220,14.650,14.650,14.650,14.650,817,139145
1512158280,14.650,14.650,14.650,14.650,817,139145
1512158340,14.650,14.650,14.650,14.650,817,139145
1512158400,14.650,14.650,14.650,14.650,120,143233
1512158460,14.650,14.650,14.650,14.650,120,143233
1512158520,14.650,14.650,14.650,14.650,120,143233
1512158580,14.600,14.600,14.600,14.600,120,143233
1512158640,14.600,14.600,14.600,14.600,120,143233
1512158700,14.600,14.600,14.600,14.600,166,143833
1512158760,14.600,14.600,14.600,14.600,163,143833
1512158820,14.600,14.600,14.600,14.600,163,143833
1512158880,14.650,14.650,14.650,14.650,163,143833
1512158940,14.650,14.650,14.650,14.650,163,143833
1512159000,14.650,14.650,14.650,14.650,270,144651
1512159060,14.700,14.700,14.700,14.700,269,144651
1512159120,14.700,14.700,14.700,14.700,269,144651
1512159180,14.700,14.700,14.700,14.700,269,144651
1512159240,14.650,14.650,14.650,14.650,269,144651
1512159300,14.650,14.650,14.650,14.650,240,145997
1512159360,14.700,14.700,14.700,14.700,240,145997
1512159420,14.700,14.700,14.700,14.700,240,145997
1512159480,14.650,14.700,14.650,14.700,240,145997
1512159540,14.700,14.700,14.700,14.700,240,145997
1512159600,14.700,14.650,14.650,14.700,1402,147197
1512159660,14.700,14.680,14.680,14.700,1399,147197
1512159720,14.700,14.680,14.680,14.700,1399,147197
1512159780,14.700,14.700,14.700,14.700,1399,147197
1512159840,14.700,14.700,14.700,14.700,1399,147197
1512159900,14.700,14.700,14.700,14.700,1399,147197
1512159960,14.700,14.700,14.700,14.700,1399,147197
1512160020,14.700,14.700,14.700,14.700,1399,147197
1512160080,14.700,14.700,14.700,14.700,1399,147197
1512160140,14.700,14.700,14.700,14.700,1399,147197
1512160200,14.700,14.700,14.700,14.700,160,154195
1512160260,14.700,14.700,14.700,14.700,160,154195
1512160320,14.700,14.700,14.700,14.750,160,154195
1512160380,14.700,14.700,14.700,14.700,160,154195
1512160440,14.700,14.700,14.700,14.700,160,154195
1512160500,14.700,14.700,14.700,14.700,90,154995
1512160560,14.700,14.700,14.700,14.700,87,154995
1512160620,14.750,14.750,14.750,14.750,87,154995
1512160680,14.750,14.750,14.750,14.750,87,154995
1512160740,14.750,14.750,14.750,14.750,87,154995
1512160800,14.750,14.750,14.750,14.750,140,155433
1512160860,14.725,14.750,14.725,14.750,140,155433
1512160920,14.750,14.750,14.750,14.750,140,155433
1512160980,14.750,14.750,14.750,14.750,140,155433
1512161040,14.725,14.725,14.725,14.725,140,155433
1512161100,14.750,14.750,14.750,14.750,650,156133
1512161160,14.750,14.750,14.750,14.750,650,156133
1512161220,14.700,14.725,14.700,14.725,650,156133
1512161280,14.700,14.700,14.700,14.700,650,156133
1512161340,14.700,14.750,14.700,14.750,650,156133
1512161400,14.700,14.700,14.700,14.750,531,159383
1512161460,14.700,14.750,14.700,14.750,528,159383
1512161520,14.700,14.750,14.700,14.750,528,159383
1512161580,14.700,14.750,14.700,14.750,528,159383
1512161640,14.700,14.700,14.700,14.700,528,159383
1512161700,14.700,14.750,14.700,14.750,1241,162026
1512161760,14.700,14.750,14.700,14.750,1237,162026
1512161820,14.750,14.750,14.750,14.750,1237,162026
1512161880,14.725,14.750,14.725,14.750,1237,162026
1512161940,14.700,14.750,14.700,14.750,1237,162026
1512397800,14.850,14.850,14.850,14.850,0,0
1512397860,14.850,14.850,14.850,14.850,0,0
1512397920,14.850,14.850,14.850,14.850,0,0
1512397980,14.850,14.850,14.850,14.850,0,0
1512398040,14.850,14.850,14.850,14.850,0,0
1512398100,14.850,14.850,14.850,14.850,427,0
1512398160,14.900,14.900,14.900,14.900,423,0
1512398220,14.900,14.900,14.900,14.900,423,0
1512398280,14.900,14.900,14.900,14.900,423,0
1512398340,14.900,14.900,14.900,14.900,423,0
1512398400,14.900,14.900,14.900,14.900,423,0
1512398460,14.900,14.900,14.900,14.900,423,0
1512398520,14.900,14.900,14.900,14.900,423,0
1512398580,14.900,14.900,14.900,14.900,423,0
1512398640,14.900,14.900,14.900,14.900,423,0
1512398700,14.900,14.900,14.900,14.900,680,2119
1512398760,14.900,14.900,14.900,14.900,680,2119
1512398820,15.050,15.050,15.050,15.050,680,2119
1512398880,15.040,15.040,15.040,15.040,680,2119
1512398940,15.040,15.040,15.040,15.040,680,2119
1512399000,15.040,15.040,15.040,15.040,2543,5519
1512399060,15.040,15.040,15.040,15.040,2541,5519
1512399120,15.040,15.040,15.040,15.040,2541,5519
1512399180,15.100,15.100,15.050,15.150,2541,5519
1512399240,15.100,15.100,15.050,15.150,2541,5519
1512399300,15.100,15.100,15.050,15.150,2541,5519
1512399360,15.100,15.100,15.050,15.150,2541,5519
1512399420,15.100,15.100,15.050,15.150,2541,5519
1512399480,15.100,15.100,15.050,15.150,2541,5519
1512399540,15.100,15.100,15.050,15.150,2541,5519
1512399600,15.100,15.100,15.050,15.150,540,18226
1512399660,15.100,15.100,15.050,15.150,540,18226
1512399720,15.100,15.100,15.050,15.150,540,18226
1512399780,15.100,15.100,15.050,15.150,540,18226
1512399840,15.150,15.150,15.150,15.150,540,18226
1512399900,15.200,15.300,15.200,15.300,981,20926
1512399960,15.310,15.250,15.250,15.310,978,20926
1512400020,15.310,15.250,15.250,15.310,978,20926
1512400080,15.250,15.250,15.250,15.250,978,20926
1512400140,15.250,15.250,15.250,15.250,978,20926
1512400200,15.250,15.250,15.250,15.250,978,20926
1512400260,15.250,15.250,15.250,15.250,978,20926
1512400320,15.250,15.250,15.250,15.250,978,20926
1512400380,15.250,15.250,15.250,15.250,978,20926
1512400440,15.250,15.250,15.250,15.250,978,20926
1512400500,15.250,15.250,15.250,15.250,978,20926
1512400560,15.250,15.250,15.250,15.250,978,20926
1512400620,15.250,15.250,15.250,15.250,978,20926
1512400680,15.250,15.250,15.250,15.250,978,20926
1512400740,15.250,15.250,15.250,15.250,978,20926
1512400800,15.300,15.350,15.300,15.350,1590,25819
1512400860,15.300,15.350,15.300,15.350,1586,25819
1512400920,15.300,15.350,15.300,15.350,1586,25819
1512400980,15.300,15.350,15.300,15.350,1586,25819
1512401040,15.300,15.300,15.300,15.300,1586,25819
1512401100,15.300,15.300,15.300,15.300,82,33753
1512401160,15.300,15.300,15.300,15.300,80,33753
1512401220,15.300,15.300,15.300,15.300,80,33753
1512401280,15.300,15.300,15.300,15.300,80,33753
1512401340,15.300,15.300,15.300,15.300,80,33753
1512401400,15.300,15.300,15.300,15.300,118,34155
1512401460,15.300,15.300,15.300,15.300,117,34155
1512401520,15.300,15.300,15.300,15.300,117,34155
1512401580,15.300,15.300,15.300,15.300,117,34155
1512401640,15.319,15.319,15.319,15.319,117,34155
1512401700,15.319,15.319,15.319,15.319,250,34741
1512401760,15.300,15.300,15.300,15.300,250,34741
1512401820,15.300,15.300,15.300,15.300,250,34741
1512401880,15.300,15.300,15.300,15.300,250,34741
1512401940,15.349,15.300,15.300,15.349,250,34741
1512402000,15.300,15.300,15.300,15.300,330,35991
1512402060,15.300,15.300,15.300,15.300,327,35991
1512402120,15.300,15.300,15.300,15.300,327,35991
1512402180,15.300,15.300,15.250,15.350,327,35991
1512402240,15.300,15.300,15.300,15.300,327,35991
1512402300,15.300,15.300,15.300,15.300,20,37629
1512402360,15.300,15.300,15.300,15.300,20,37629
1512402420,15.300,15.300,15.300,15.300,20,37629
1512402480,15.300,15.300,15.300,15.300,20,37629
1512402540,15.300,15.300,15.300,15.300,20,37629
1512402600,15.300,15.300,15.300,15.300,42,37729
1512402660,15.300,15.300,15.300,15.300,40,37729
1512402720,15.300,15.300,15.300,15.300,40,37729
1512402780,15.300,15.300,15.300,15.300,40,37729
1512402840,15.300,15.300,15.300,15.300,40,37729
1512402900,15.250,15.250,15.250,15.250,1203,37931
1512402960,15.250,15.250,15.250,15.250,1199,37931
1512403020,15.250,15.250,15.250,15.250,1199,37931
1512403080,15.350,15.400,15.350,15.400,1199,37931
1512403140,15.450,15.450,15.450,15.450,1199,37931
1512403200,15.450,15.300,15.300,15.450,690,43930
1512403260,15.450,15.300,15.300,15.450,688,43930
1512403320,15.300,15.300,15.300,15.300,688,43930
1512403380,15.300,15.300,15.300,15.300,688,43930
1512403440,15.300,15.300,15.300,15.300,688,43930
1512403500,15.300,15.300,15.300,15.300,688,43930
1512403560,15.300,15.300,15.300,15.300,688,43930
1512403620,15.300,15.300,15.300,15.300,688,43930
1512403680,15.300,15.300,15.300,15.300,688,43930
1512403740,15.300,15.300,15.300,15.300,688,43930
1512403800,15.300,15.300,15.300,15.300,149,47372
1512403860,15.300,15.300,15.300,15.300,146,47372
1512403920,15.300,15.300,15.300,15.300,146,47372
1512403980,15.250,15.250,15.250,15.250,146,47372
1512404040,15.300,15.300,15.300,15.300,146,47372
1512404100,15.300,15.300,15.300,15.300,120,48105
1512404160,15.300,15.300,15.300,15.300,120,48105
1512404220,15.300,15.300,15.300,15.300,120,48105
1512404280,15.300,15.300,15.300,15.300,120,48105
1512404340,15.275,15.275,15.275,15.275,120,48105
1512404400,15.275,15.275,15.275,15.275,40,48705
1512404460,15.275,15.275,15.275,15.275,40,48705
1512404520,15.275,15.275,15.275,15.275,40,48705
1512404580,15.275,15.275,15.275,15.275,40,48705
1512404640,15.300,15.300,15.300,15.300,40,48705
1512404700,15.250,15.250,15.250,15.250,20,48905
1512404760,15.250,15.250,15.250,15.250,20,48905
1512404820,15.250,15.250,15.250,15.250,20,48905
1512404880,15.250,15.250,15.250,15.250,20,48905
1512404940,15.250,15.250,15.250,15.250,20,48905
1512405000,15.350,15.350,15.350,15.350,172,49005
1512405060,15.350,15.350,15.350,15.350,169,49005
1512405120,15.350,15.350,15.350,15.350,169,49005
1512405180,15.250,15.250,15.250,15.250,169,49005
1512405240,15.250,15.250,15.250,15.250,169,49005
1512405300,15.250,15.250,15.250,15.250,60,49853
1512405360,15.250,15.250,15.250,15.250,60,49853
1512405420,15.250,15.250,15.250,15.250,60,49853
1512405480,15.250,15.250,15.250,15.250,60,49853
1512405540,15.350,15.300,15.300,15.350,60,49853
1512405600,15.350,15.300,15.300,15.350,554,50153
1512405660,15.345,15.345,15.345,15.345,550,50153
1512405720,15.350,15.350,15.350,15.350,550,50153
1512405780,15.350,15.350,15.350,15.350,550,50153
1512405840,15.350,15.350,15.350,15.350,550,50153
1512405900,15.350,15.350,15.350,15.350,146,52907
1512405960,15.350,15.350,15.350,15.350,146,52907
1512406020,15.300,15.300,15.300,15.300,146,52907
1512406080,15.350,15.350,15.350,15.350,146,52907
1512406140,15.350,15.350,15.350,15.350,146,52907
1512406200,15.350,15.350,15.350,15.350,80,53637
1512406260,15.350,15.350,15.350,15.350,80,53637
1512406320,15.350,15.350,15.350,15.350,80,53637
1512406380,15.350,15.350,15.350,15.350,80,53637
1512406440,15.300,15.300,15.300,15.300,80,53637
1512406500,15.300,15.300,15.300,15.300,20,54037
1512406560,15.300,15.300,15.300,15.300,20,54037
1512406620,15.300,15.300,15.300,15.300,20,54037
1512406680,15.350,15.350,15.350,15.350,20,54037
1512406740,15.350,15.350,15.350,15.350,20,54037
1512406800,15.350,15.350,15.350,15.350,135,54137
1512406860,15.350,15.350,15.350,15.350,132,54137
1512406920,15.350,15.350,15.350,15.350,132,54137
1512406980,15.300,15.300,15.300,15.300,132,54137
1512407040,15.300,15.300,15.300,15.300,132,54137
1512407100,15.300,15.300,15.300,15.300,20,54800
1512407160,15.300,15.300,15.300,15.300,20,54800
1512407220,15.300,15.300,15.300,15.300,20,54800
1512407280,15.350,15.350,15.350,15.350,20,54800
1512407340,15.350,15.350,15.350,15.350,20,54800
1512407400,15.350,15.350,15.350,15.350,20,54800
1512407460,15.350,15.350,15.350,15.350,20,54800
1512407520,15.350,15.350,15.350,15.350,20,54800
1512407580,15.350,15.350,15.350,15.350,20,54800
1512407640,15.350,15.350,15.350,15.350,20,54800
1512407700,15.350,15.350,15.350,15.350,20,54900
1512407760,15.300,15.300,15.300,15.300,20,54900
1512407820,15.300,15.300,15.300,15.300,20,54900
1512407880,15.300,15.300,15.300,15.300,20,54900
1512407940,15.300,15.300,15.300,15.300,20,54900
1512408000,15.300,15.300,15.300,15.300,60,55000
1512408060,15.300,15.300,15.300,15.300,60,55000
1512408120,15.300,15.300,15.300,15.300,60,55000
1512408180,15.300,15.300,15.300,15.300,60,55000
1512408240,15.300,15.300,15.300,15.300,60,55000
1512408300,15.300,15.300,15.300,15.300,303,55300
1512408360,15.300,15.300,15.300,15.300,302,55300
1512408420,15.300,15.300,15.300,15.300,302,55300
1512408480,15.300,15.300,15.300,15.300,302,55300
1512408540,15.350,15.300,15.300,15.350,302,55300
1512408600,15.350,15.300,15.300,15.350,42,56811
1512408660,15.300,15.300,15.300,15.300,40,56811
1512408720,15.300,15.300,15.300,15.300,40,56811
1512408780,15.300,15.300,15.300,15.300,40,56811
1512408840,15.300,15.300,15.300,15.300,40,56811
1512408900,15.300,15.300,15.300,15.300,525,57013
1512408960,15.300,15.300,15.300,15.300,523,57013
1512409020,15.300,15.300,15.300,15.300,523,57013
1512409080,15.300,15.300,15.300,15.300,523,57013
1512409140,15.300,15.300,15.300,15.300,523,57013
1512409200,15.300,15.300,15.275,15.300,120,59630
1512409260,15.300,15.300,15.275,15.300,120,59630
1512409320,15.300,15.300,15.275,15.300,120,59630
1512409380,15.300,15.300,15.275,15.300,120,59630
1512409440,15.300,15.300,15.275,15.300,120,59630
1512409500,15.300,15.300,15.275,15.300,468,60230
1512409560,15.300,15.300,15.275,15.300,465,60230
1512409620,15.300,15.300,15.275,15.300,465,60230
1512409680,15.300,15.300,15.275,15.300,465,60230
1512409740,15.275,15.275,15.275,15.275,465,60230
1512409800,15.250,15.200,15.200,15.250,674,62558
1512409860,15.250,15.200,15.200,15.250,671,62558
1512409920,15.150,15.150,15.150,15.150,671,62558
1512409980,15.150,15.150,15.150,15.150,671,62558
1512410040,15.150,15.150,15.150,15.150,671,62558
1512410100,15.150,15.150,15.150,15.150,671,62558
1512410160,15.150,15.150,15.150,15.150,671,62558
1512410220,15.150,15.150,15.150,15.150,671,62558
1512410280,15.150,15.150,15.150,15.150,671,62558
1512410340,15.150,15.150,15.150,15.150,671,62558
1512410400,15.150,15.150,15.150,15.150,1733,65916
1512410460,15.200,15.200,15.200,15.200,1732,65916
1512410520,15.250,15.250,15.250,15.250,1732,65916
1512410580,15.300,15.300,15.300,15.300,1732,65916
1512410640,15.300,15.300,15.300,15.375,1732,65916
1512410700,15.300,15.250,15.250,15.300,88,74577
1512410760,15.300,15.250,15.250,15.300,84,74577
1512410820,15.300,15.250,15.250,15.300,84,74577
1512410880,15.300,15.250,15.250,15.300,84,74577
1512410940,15.300,15.250,15.250,15.300,84,74577
1512411000,15.300,15.250,15.250,15.300,84,74577
1512411060,15.300,15.250,15.250,15.300,84,74577
1512411120,15.300,15.250,15.250,15.300,84,74577
1512411180,15.300,15.250,15.250,15.300,84,74577
1512411240,15.300,15.250,15.250,15.300,84,74577
1512411300,15.300,15.250,15.250,15.300,200,75001
1512411360,15.300,15.250,15.250,15.300,200,75001
1512411420,15.300,15.250,15.250,15.300,200,75001
1512411480,15.250,15.250,15.250,15.250,200,75001
1512411540,15.250,15.250,15.250,15.250,200,75001
1512411600,15.250,15.250,15.250,15.250,40,76001
1512411660,15.250,15.250,15.250,15.250,40,76001
1512411720,15.250,15.250,15.250,15.250,40,76001
1512411780,15.250,15.250,15.250,15.250,40,76001
1512411840,15.250,15.250,15.250,15.250,40,76001
1512411900,15.250,15.250,15.250,15.250,40,76001
1512411960,15.250,15.250,15.250,15.250,40,76001
1512412020,15.250,15.250,15.250,15.250,40,76001
1512412080,15.250,15.250,15.250,15.250,40,76001
1512412140,15.250,15.250,15.250,15.250,40,76001
1512412200,15.250,15.250,15.250,15.250,92,76201
1512412260,15.250,15.250,15.250,15.250,91,76201
1512412320,15.250,15.250,15.250,15.250,91,76201
1512412380,15.250,15.250,15.250,15.250,91,76201
1512412440,15.250,15.250,15.250,15.250,91,76201
1512412500,15.250,15.250,15.250,15.250,100,76657
1512412560,15.300,15.300,15.300,15.300,100,76657
1512412620,15.300,15.300,15.300,15.300,100,76657
1512412680,15.300,15.300,15.300,15.300,100,76657
1512412740,15.300,15.300,15.300,15.300,100,76657
1512412800,15.300,15.300,15.300,15.300,100,76657
1512412860,15.300,15.300,15.300,15.300,100,76657
1512412920,15.300,15.300,15.300,15.300,100,76657
1512412980,15.300,15.300,15.300,15.300,100,76657
1512413040,15.300,15.300,15.300,15.300,100,76657
1512413100,15.300,15.300,15.300,15.300,47,77157
1512413160,15.300,15.300,15.300,15.300,44,77157
1512413220,15.300,15.300,15.300,15.300,44,77157
1512413280,15.300,15.300,15.300,15.300,44,77157
1512413340,15.300,15.300,15.300,15.300,44,77157
1512413400,15.300,15.300,15.300,15.300,549,77380
1512413460,15.300,15.300,15.300,15.300,546,77380
1512413520,15.300,15.300,15.300,15.300,546,77380
1512413580,15.250,15.250,15.250,15.250,546,77380
1512413640,15.250,15.250,15.250,15.250,546,77380
1512413700,15.250,15.250,15.250,15.250,182,80113
1512413760,15.225,15.225,15.225,15.225,182,80113
1512413820,15.200,15.250,15.200,15.250,182,80113
1512413880,15.200,15.250,15.200,15.250,182,80113
1512413940,15.200,15.250,15.200,15.250,182,80113
1512414000,15.250,15.250,15.250,15.250,124,81023
1512414060,15.250,15.250,15.250,15.250,123,81023
1512414120,15.250,15.250,15.250,15.250,123,81023
1512414180,15.250,15.250,15.250,15.250,123,81023
1512414240,15.250,15.250,15.250,15.250,123,81023
1512414300,15.250,15.250,15.250,15.250,140,81639
1512414360,15.250,15.250,15.250,15.250,140,81639
1512414420,15.250,15.250,15.250,15.250,140,81639
1512414480,15.250,15.225,15.225,15.250,140,81639
1512414540,15.225,15.225,15.225,15.225,140,81639
1512414600,15.225,15.225,15.225,15.225,20,82339
1512414660,15.225,15.225,15.225,15.225,20,82339
1512414720,15.225,15.225,15.225,15.225,20,82339
1512414780,15.225,15.225,15.225,15.225,20,82339
1512414840,15.225,15.225,15.225,15.225,20,82339
1512414900,15.225,15.225,15.225,15.225,40,82439
1512414960,15.225,15.225,15.225,15.225,40,82439
1512415020,15.250,15.250,15.250,15.250,40,82439
1512415080,15.250,15.250,15.250,15.250,40,82439
1512415140,15.250,15.250,15.250,15.250,40,82439
1512415200,15.250,15.250,15.250,15.250,40,82639
1512415260,15.250,15.250,15.250,15.250,40,82639
1512415320,15.250,15.250,15.250,15.250,40,82639
1512415380,15.200,15.200,15.200,15.200,40,82639
1512415440,15.200,15.200,15.200,15.200,40,82639
1512415500,15.200,15.200,15.200,15.200,40,82639
1512415560,15.200,15.200,15.200,15.200,40,82639
1512415620,15.200,15.200,15.200,15.200,40,82639
1512415680,15.200,15.200,15.200,15.200,40,82639
1512415740,15.200,15.200,15.200,15.200,40,82639
1512415800,15.200,15.200,15.200,15.200,60,82839
1512415860,15.200,15.200,15.200,15.200,60,82839
1512415920,15.200,15.200,15.200,15.200,60,82839
1512415980,15.200,15.200,15.200,15.200,60,82839
1512416040,15.200,15.200,15.200,15.200,60,82839
1512416100,15.200,15.200,15.200,15.200,60,82839
1512416160,15.200,15.200,15.200,15.200,60,82839
1512416220,15.200,15.200,15.200,15.200,60,82839
1512416280,15.200,15.200,15.200,15.200,60,82839
1512416340,15.200,15.200,15.200,15.200,60,82839
1512416400,15.200,15.200,15.200,15.200,60,82839
1512416460,15.200,15.200,15.200,15.200,60,82839
1512416520,15.200,15.200,15.200,15.200,60,82839
1512416580,15.200,15.200,15.200,15.200,60,82839
1512416640,15.200,15.200,15.200,15.200,60,82839
1512416700,15.200,15.200,15.200,15.200,81,83139
1512416760,15.200,15.200,15.200,15.200,80,83139
1512416820,15.200,15.200,15.200,15.200,80,83139
1512416880,15.200,15.200,15.200,15.200,80,83139
1512416940,15.200,15.200,15.200,15.200,80,83139
1512417000,15.200,15.200,15.200,15.200,80,83540
1512417060,15.200,15.200,15.200,15.200,80,83540
1512417120,15.200,15.200,15.200,15.200,80,83540
1512417180,15.200,15.200,15.200,15.200,80,83540
1512417240,15.200,15.200,15.200,15.200,80,83540
1512417300,15.225,15.200,15.200,15.225,80,83940
1512417360,15.225,15.200,15.200,15.225,80,83940
1512417420,15.225,15.200,15.200,15.225,80,83940
1512417480,15.200,15.200,15.200,15.200,80,83940
1512417540,15.200,15.200,15.200,15.200,80,83940
1512417600,15.200,15.200,15.200,15.200,260,84340
1512417660,15.200,15.200,15.200,15.200,260,84340
1512417720,15.200,15.200,15.200,15.200,260,84340
1512417780,15.200,15.200,15.200,15.200,260,84340
1512417840,15.200,15.200,15.200,15.200,260,84340
1512417900,15.200,15.200,15.200,15.200,260,84340
1512417960,15.200,15.200,15.200,15.200,260,84340
1512418020,15.200,15.200,15.200,15.200,260,84340
1512418080,15.200,15.200,15.200,15.200,260,84340
1512418140,15.200,15.200,15.200,15.200,260,84340
1512418200,15.200,15.200,15.200,15.200,300,85640
1512418260,15.200,15.200,15.200,15.200,300,85640
1512418320,15.200,15.200,15.200,15.200,300,85640
1512418380,15.200,15.200,15.200,15.200,300,85640
1512418440,15.200,15.200,15.200,15.200,300,85640
1512418500,15.200,15.200,15.200,15.200,300,85640
1512418560,15.200,15.200,15.200,15.200,300,85640
1512418620,15.200,15.200,15.200,15.200,300,85640
1512418680,15.200,15.200,15.200,15.200,300,85640
1512418740,15.200,15.200,15.200,15.200,300,85640
1512418800,15.200,15.200,15.200,15.200,446,87140
1512418860,15.250,15.200,15.200,15.250,445,87140
1512418920,15.250,15.200,15.200,15.250,445,87140
1512418980,15.250,15.225,15.225,15.250,445,87140
1512419040,15.250,15.250,15.250,15.250,445,87140
1512419100,15.250,15.250,15.250,15.250,120,89366
1512419160,15.250,15.250,15.250,15.250,120,89366
1512419220,15.200,15.200,15.200,15.200,120,89366
1512419280,15.225,15.225,15.225,15.225,120,89366
1512419340,15.225,15.225,15.225,15.225,120,89366
1512419400,15.225,15.225,15.225,15.225,20,89966
1512419460,15.225,15.225,15.225,15.225,20,89966
1512419520,15.225,15.225,15.225,15.225,20,89966
1512419580,15.225,15.225,15.225,15.225,20,89966
1512419640,15.225,15.225,15.225,15.225,20,89966
1512419700,15.225,15.225,15.225,15.225,433,90066
1512419760,15.225,15.200,15.200,15.225,432,90066
1512419820,15.225,15.200,15.200,15.225,432,90066
1512419880,15.250,15.250,15.250,15.250,432,90066
1512419940,15.250,15.250,15.250,15.250,432,90066
1512420000,15.250,15.250,15.250,15.250,173,92227
1512420060,15.250,15.250,15.250,15.250,169,92227
1512420120,15.250,15.250,15.250,15.250,169,92227
1512420180,15.250,15.250,15.250,15.250,169,92227
1512420240,15.200,15.200,15.200,15.200,169,92227
1512420300,15.200,15.200,15.200,15.200,524,93076
1512420360,15.200,15.200,15.200,15.200,524,93076
1512420420,15.200,15.200,15.200,15.200,524,93076
1512420480,15.200,15.200,15.200,15.200,524,93076
1512420540,15.225,15.225,15.225,15.225,524,93076
1512420600,15.200,15.250,15.200,15.250,2877,95696
1512420660,15.200,15.150,15.150,15.200,2873,95696
1512420720,15.150,15.150,15.150,15.150,2873,95696
1512420780,15.150,15.100,15.100,15.175,2873,95696
1512420840,15.100,15.100,15.100,15.100,2873,95696
1512420900,15.100,15.100,15.100,15.100,1953,110065
1512420960,15.100,15.100,15.100,15.100,1949,110065
1512421020,15.100,15.150,15.100,15.150,1949,110065
1512421080,15.150,15.100,15.100,15.150,1949,110065
1512421140,15.100,15.100,15.100,15.150,1949,110065
1512484200,15.200,14.950,14.950,15.200,634,0
1512484260,15.000,15.000,15.000,15.000,630,0
1512484320,15.000,15.000,15.000,15.000,630,0
1512484380,15.050,15.050,15.050,15.050,630,0
1512484440,15.050,15.050,15.050,15.050,630,0
1512484500,15.050,15.050,15.050,15.050,190,3154
1512484560,15.050,15.050,15.050,15.050,190,3154
1512484620,14.973,14.973,14.973,14.973,190,3154
1512484680,14.950,14.950,14.950,14.950,190,3154
1512484740,14.950,14.950,14.950,14.950,190,3154
1512484800,14.950,14.950,14.950,14.950,256,4104
1512484860,14.950,14.950,14.950,14.950,254,4104
1512484920,14.950,14.950,14.950,14.950,254,4104
1512484980,14.900,14.950,14.900,14.950,254,4104
1512485040,14.900,14.950,14.900,14.950,254,4104
1512485100,14.900,14.900,14.900,14.900,521,5376
1512485160,14.925,14.900,14.900,14.925,520,5376
1512485220,14.975,14.950,14.950,14.975,520,5376
1512485280,14.900,14.900,14.900,14.900,520,5376
1512485340,14.850,14.900,14.850,14.900,520,5376
1512485400,14.950,14.900,14.900,14.950,381,7977
1512485460,14.950,14.950,14.950,14.950,381,7977
1512485520,14.950,14.950,14.950,14.950,381,7977
1512485580,15.050,15.050,15.050,15.050,381,7977
1512485640,15.050,15.050,15.050,15.050,381,7977
1512485700,15.050,15.050,15.050,15.050,381,7977
1512485760,15.050,15.050,15.050,15.050,381,7977
1512485820,15.050,15.050,15.050,15.050,381,7977
1512485880,15.050,15.050,15.050,15.050,381,7977
1512485940,15.050,15.050,15.050,15.050,381,7977
1512486000,15.050,15.050,15.050,15.050,381,7977
1512486060,15.050,15.050,15.050,15.050,381,7977
1512486120,15.050,15.050,15.050,15.050,381,7977
1512486180,15.050,15.050,15.050,15.050,381,7977
1512486240,15.050,15.050,15.050,15.050,381,7977
1512486300,15.050,15.050,15.050,15.050,236,9882
1512486360,15.050,15.050,15.050,15.050,232,9882
1512486420,15.050,15.050,15.050,15.050,232,9882
1512486480,15.050,15.050,15.050,15.050,232,9882
1512486540,15.050,15.050,15.050,15.050,232,9882
1512486600,15.050,15.050,15.050,15.050,98,11046
1512486660,15.050,15.050,15.050,15.050,97,11046
1512486720,15.050,15.050,15.050,15.050,97,11046
1512486780,15.100,15.100,15.100,15.100,97,11046
1512486840,15.100,15.100,15.100,15.100,97,11046
1512486900,15.100,15.100,15.100,15.100,192,11532
1512486960,15.050,15.050,15.050,15.050,192,11532
1512487020,15.050,15.050,15.050,15.050,192,11532
1512487080,15.050,15.050,15.050,15.050,192,11532
1512487140,15.025,15.025,15.025,15.025,192,11532
1512487200,15.025,15.050,15.025,15.100,350,12492
1512487260,15.025,15.050,15.025,15.100,350,12492
1512487320,15.050,15.050,15.050,15.050,350,12492
1512487380,15.050,15.050,15.050,15.050,350,12492
1512487440,15.050,15.050,15.050,15.050,350,12492
1512487500,15.050,15.050,15.050,15.050,146,14242
1512487560,15.050,15.050,15.050,15.050,146,14242
1512487620,15.050,15.050,15.050,15.050,146,14242
1512487680,15.000,15.000,15.000,15.000,146,14242
1512487740,15.000,15.000,15.000,15.000,146,14242
1512487800,15.000,15.000,15.000,15.000,584,14972
1512487860,15.000,15.000,15.000,15.000,584,14972
1512487920,15.000,14.975,14.975,15.000,584,14972
1512487980,14.950,14.950,14.950,14.950,584,14972
1512488040,15.000,14.950,14.950,15.000,584,14972
1512488100,14.966,14.966,14.966,14.966,153,17892
1512488160,14.975,14.975,14.975,14.975,152,17892
1512488220,14.975,14.975,14.975,14.975,152,17892
1512488280,14.975,14.975,14.975,14.975,152,17892
1512488340,14.975,14.975,14.975,14.975,152,17892
1512488400,14.975,14.975,14.975,14.975,100,18653
1512488460,14.975,14.975,14.975,14.975,100,18653
1512488520,14.975,14.950,14.950,14.975,100,18653
1512488580,14.975,14.975,14.975,14.975,100,18653
1512488640,14.975,14.975,14.975,14.975,100,18653
1512488700,14.975,14.975,14.975,14.975,144,19153
1512488760,14.950,14.950,14.950,14.950,140,19153
1512488820,14.950,14.950,14.950,14.950,140,19153
1512488880,14.950,14.950,14.950,14.950,140,19153
1512488940,14.950,14.950,14.950,14.950,140,19153
1512489000,14.950,14.950,14.950,14.950,140,19153
1512489060,14.950,14.950,14.950,14.950,140,19153
1512489120,14.950,14.950,14.950,14.950,140,19153
1512489180,14.950,14.950,14.950,14.950,140,19153
1512489240,14.950,14.950,14.950,14.950,140,19153
1512489300,14.925,14.925,14.925,14.925,93,19857
1512489360,14.925,14.925,14.925,14.925,90,19857
1512489420,14.925,14.925,14.925,14.925,90,19857
1512489480,14.925,14.925,14.925,14.925,90,19857
1512489540,14.925,14.925,14.925,14.925,90,19857
1512489600,14.925,14.925,14.925,14.925,84,20310
1512489660,14.925,14.925,14.925,14.925,84,20310
1512489720,14.925,14.925,14.925,14.925,84,20310
1512489780,14.925,14.925,14.925,14.925,84,20310
1512489840,14.925,14.925,14.925,14.925,84,20310
1512489900,14.950,15.000,14.950,15.000,911,20730
1512489960,14.975,15.000,14.975,15.000,911,20730
1512490020,15.000,15.000,15.000,15.000,911,20730
1512490080,15.000,15.000,15.000,15.000,911,20730
1512490140,15.000,15.000,15.000,15.000,911,20730
1512490200,15.000,15.000,15.000,15.000,140,25285
1512490260,15.000,15.000,15.000,15.000,140,25285
1512490320,15.000,15.000,15.000,15.000,140,25285
1512490380,15.000,15.000,15.000,15.000,140,25285
1512490440,14.966,14.966,14.966,14.966,140,25285
1512490500,14.950,14.950,14.950,14.950,160,25985
1512490560,14.950,14.950,14.950,14.950,160,25985
1512490620,14.950,14.950,14.950,14.950,160,25985
1512490680,14.950,14.950,14.950,14.950,160,25985
1512490740,14.900,14.900,14.900,14.900,160,25985
1512490800,14.900,14.900,14.900,14.900,1125,26785
1512490860,14.900,14.900,14.900,14.900,1122,26785
1512490920,14.950,15.000,14.950,15.000,1122,26785
1512490980,15.025,15.025,15.025,15.025,1122,26785
1512491040,15.025,15.025,15.025,15.025,1122,26785
1512491100,15.000,15.016,15.000,15.016,360,32398
1512491160,15.000,15.000,15.000,15.000,360,32398
1512491220,15.000,15.000,15.000,15.000,360,32398
1512491280,14.950,14.950,14.950,14.950,360,32398
1512491340,14.950,14.950,14.950,14.950,360,32398
1512491400,14.950,14.950,14.950,14.950,98,34198
1512491460,14.950,14.950,14.950,14.950,94,34198
1512491520,14.950,14.950,14.950,14.950,94,34198
1512491580,14.950,14.950,14.950,14.950,94,34198
1512491640,14.950,14.950,14.950,14.950,94,34198
1512491700,14.950,14.950,14.950,14.950,165,34672
1512491760,14.950,14.950,14.950,14.950,163,34672
1512491820,14.950,14.950,14.950,14.950,163,34672
1512491880,14.950,14.950,14.950,14.950,163,34672
1512491940,14.950,14.950,14.950,14.950,163,34672
1512492000,15.000,15.000,15.000,15.000,140,35489
1512492060,15.000,15.000,15.000,15.000,140,35489
1512492120,15.000,15.000,15.000,15.000,140,35489
1512492180,15.000,15.000,15.000,15.000,140,35489
1512492240,15.000,15.000,15.000,15.000,140,35489
1512492300,15.000,15.000,15.000,15.000,140,35489
1512492360,15.000,15.000,15.000,15.000,140,35489
1512492420,15.000,15.000,15.000,15.000,140,35489
1512492480,15.000,15.000,15.000,15.000,140,35489
1512492540,15.000,15.000,15.000,15.000,140,35489
1512492600,14.950,14.950,14.950,14.970,667,36189
1512492660,14.950,14.950,14.950,14.970,667,36189
1512492720,14.950,14.950,14.950,14.970,667,36189
1512492780,14.950,14.950,14.950,14.970,667,36189
1512492840,14.950,14.950,14.950,14.970,667,36189
1512492900,14.950,14.950,14.950,14.950,80,39524
1512492960,14.950,14.950,14.950,14.950,80,39524
1512493020,14.950,14.950,14.950,14.950,80,39524
1512493080,14.950,14.950,14.950,14.950,80,39524
1512493140,14.950,14.950,14.950,14.950,80,39524
1512493200,14.950,14.950,14.950,14.950,80,39524
1512493260,14.950,14.950,14.950,14.950,80,39524
1512493320,14.950,14.950,14.950,14.950,80,39524
1512493380,14.950,14.950,14.950,14.950,80,39524
1512493440,14.950,14.950,14.950,14.950,80,39524
1512493500,14.950,14.950,14.950,14.950,80,39524
1512493560,14.950,14.950,14.950,14.950,80,39524
1512493620,14.950,14.950,14.950,14.950,80,39524
1512493680,14.950,14.950,14.950,14.950,80,39524
1512493740,14.950,14.950,14.950,14.950,80,39524
1512493800,14.950,14.950,14.950,14.950,120,39924
1512493860,14.950,14.950,14.950,14.950,119,39924
1512493920,14.950,14.950,14.950,14.950,119,39924
1512493980,14.900,14.900,14.900,14.900,119,39924
1512494040,14.900,14.900,14.900,14.900,119,39924
1512494100,14.900,14.900,14.900,14.900,119,39924
1512494160,14.900,14.900,14.900,14.900,119,39924
1512494220,14.900,14.900,14.900,14.900,119,39924
1512494280,14.900,14.900,14.900,14.900,119,39924
1512494340,14.900,14.900,14.900,14.900,119,39924
1512494400,14.900,14.900,14.900,14.900,184,40520
1512494460,14.900,14.900,14.900,14.900,184,40520
1512494520,14.900,14.900,14.900,14.900,184,40520
1512494580,14.900,14.900,14.900,14.900,184,40520
1512494640,14.900,14.900,14.900,14.900,184,40520
1512494700,14.900,14.900,14.900,14.900,184,40520
1512494760,14.900,14.900,14.900,14.900,184,40520
1512494820,14.900,14.900,14.900,14.900,184,40520
1512494880,14.900,14.900,14.900,14.900,184,40520
1512494940,14.900,14.900,14.900,14.900,184,40520
1512495000,14.900,14.900,14.900,14.900,23,41440
1512495060,14.950,14.950,14.950,14.950,23,41440
1512495120,14.950,14.950,14.950,14.950,23,41440
1512495180,14.950,14.950,14.950,14.950,23,41440
1512495240,14.950,14.950,14.950,14.950,23,41440
1512495300,14.950,14.950,14.950,14.950,23,41440
1512495360,14.950,14.950,14.950,14.950,23,41440
1512495420,14.950,14.950,14.950,14.950,23,41440
1512495480,14.950,14.950,14.950,14.950,23,41440
1512495540,14.950,14.950,14.950,14.950,23,41440
1512495600,14.900,14.900,14.900,14.900,108,41555
1512495660,14.900,14.900,14.900,14.900,105,41555
1512495720,14.900,14.900,14.900,14.900,105,41555
1512495780,14.900,14.900,14.900,14.900,105,41555
1512495840,14.900,14.900,14.900,14.900,105,41555
1512495900,14.900,14.900,14.900,14.900,105,41555
1512495960,14.900,14.900,14.900,14.900,105,41555
1512496020,14.900,14.900,14.900,14.900,105,41555
1512496080,14.900,14.900,14.900,14.900,105,41555
1512496140,14.900,14.900,14.900,14.900,105,41555
1512496200,14.900,14.900,14.900,14.900,43,42083
1512496260,14.925,14.925,14.925,14.925,43,42083
1512496320,14.925,14.925,14.925,14.925,43,42083
1512496380,14.925,14.925,14.925,14.925,43,42083
1512496440,14.925,14.925,14.925,14.925,43,42083
1512496500,14.925,14.925,14.925,14.925,43,42083
1512496560,14.925,14.925,14.925,14.925,43,42083
1512496620,14.925,14.925,14.925,14.925,43,42083
1512496680,14.925,14.925,14.925,14.925,43,42083
1512496740,14.925,14.925,14.925,14.925,43,42083
1512496800,14.925,14.925,14.925,14.925,132,42298
1512496860,14.925,14.925,14.925,14.925,130,42298
1512496920,14.925,14.925,14.925,14.925,130,42298
1512496980,14.950,14.950,14.950,14.950,130,42298
1512497040,14.950,14.950,14.950,14.950,130,42298
1512497100,14.950,14.950,14.950,14.950,130,42298
1512497160,14.950,14.950,14.950,14.950,130,42298
1512497220,14.950,14.950,14.950,14.950,130,42298
1512497280,14.950,14.950,14.950,14.950,130,42298
1512497340,14.950,14.950,14.950,14.950,130,42298
1512497400,14.950,14.950,14.950,14.950,130,42298
1512497460,14.950,14.950,14.950,14.950,130,42298
1512497520,14.950,14.950,14.950,14.950,130,42298
1512497580,14.950,14.950,14.950,14.950,130,42298
1512497640,14.950,14.950,14.950,14.950,130,42298
1512497700,14.950,14.950,14.950,14.950,924,42950
1512497760,14.950,14.950,14.950,14.950,922,42950
1512497820,14.950,14.950,14.950,14.950,922,42950
1512497880,15.000,15.000,14.975,15.000,922,42950
1512497940,15.000,14.975,14.975,15.000,922,42950
1512498000,15.000,14.975,14.975,15.000,241,47562
1512498060,15.000,15.000,15.000,15.000,237,47562
1512498120,15.000,15.000,15.000,15.000,237,47562
1512498180,15.000,15.000,15.000,15.000,237,47562
1512498240,15.000,15.000,15.000,15.000,237,47562
1512498300,15.000,15.000,15.000,15.000,160,48751
1512498360,15.000,15.000,15.000,15.000,160,48751
1512498420,15.000,15.000,15.000,15.000,160,48751
1512498480,15.000,15.000,15.000,15.000,160,48751
1512498540,15.000,15.000,15.000,15.000,160,48751
1512498600,15.000,15.000,15.000,15.000,160,48751
1512498660,15.000,15.000,15.000,15.000,160,48751
1512498720,15.000,15.000,15.000,15.000,160,48751
1512498780,15.000,15.000,15.000,15.000,160,48751
1512498840,15.000,15.000,15.000,15.000,160,48751
1512498900,15.000,15.000,15.000,15.000,28,49551
1512498960,15.000,15.000,15.000,15.000,24,49551
1512499020,15.000,15.000,15.000,15.000,24,49551
1512499080,15.000,15.000,15.000,15.000,24,49551
1512499140,15.000,15.000,15.000,15.000,24,49551
1512499200,15.000,15.000,15.000,15.000,204,49675
1512499260,15.000,15.000,15.000,15.000,202,49675
1512499320,15.000,15.000,15.000,15.000,202,49675
1512499380,15.000,15.000,15.000,15.000,202,49675
1512499440,15.000,15.000,15.000,15.000,202,49675
1512499500,15.000,15.000,15.000,15.000,121,50687
1512499560,15.000,15.000,15.000,15.000,121,50687
1512499620,15.000,15.000,15.000,15.000,121,50687
1512499680,15.000,15.000,15.000,15.000,121,50687
1512499740,15.000,15.000,15.000,15.000,121,50687
1512499800,15.000,15.000,15.000,15.000,121,50687
1512499860,15.000,15.000,15.000,15.000,121,50687
1512499920,15.000,15.000,15.000,15.000,121,50687
1512499980,15.000,15.000,15.000,15.000,121,50687
1512500040,15.000,15.000,15.000,15.000,121,50687
1512500100,15.000,15.000,15.000,15.000,121,50687
1512500160,15.000,15.000,15.000,15.000,121,50687
1512500220,15.000,15.000,15.000,15.000,121,50687
1512500280,15.000,15.000,15.000,15.000,121,50687
1512500340,15.000,15.000,15.000,15.000,121,50687
1512500400,15.000,15.000,15.000,15.000,121,50687
1512500460,15.000,15.000,15.000,15.000,121,50687
1512500520,15.000,15.000,15.000,15.000,121,50687
1512500580,15.000,15.000,15.000,15.000,121,50687
1512500640,15.000,15.000,15.000,15.000,121,50687
1512500700,15.000,15.000,15.000,15.000,121,50687
1512500760,15.000,15.000,15.000,15.000,121,50687
1512500820,15.000,15.000,15.000,15.000,121,50687
1512500880,15.000,15.000,15.000,15.000,121,50687
1512500940,15.000,15.000,15.000,15.000,121,50687
1512501000,15.000,15.000,15.000,15.000,480,51292
1512501060,15.000,15.000,15.000,15.000,479,51292
1512501120,15.000,15.000,15.000,15.000,479,51292
1512501180,15.000,14.950,14.950,15.000,479,51292
1512501240,15.000,15.000,15.000,15.000,479,51292
1512501300,14.950,14.950,14.950,14.950,20,53688
1512501360,14.950,14.950,14.950,14.950,20,53688
1512501420,14.950,14.950,14.950,14.950,20,53688
1512501480,14.950,14.950,14.950,14.950,20,53688
1512501540,14.950,14.950,14.950,14.950,20,53688
1512501600,14.950,14.950,14.950,14.950,20,53688
1512501660,14.950,14.950,14.950,14.950,20,53688
1512501720,14.950,14.950,14.950,14.950,20,53688
1512501780,14.950,14.950,14.950,14.950,20,53688
1512501840,14.950,14.950,14.950,14.950,20,53688
1512501900,14.950,14.950,14.950,14.950,20,53688
1512501960,14.950,14.950,14.950,14.950,20,53688
1512502020,14.950,14.950,14.950,14.950,20,53688
1512502080,14.950,14.950,14.950,14.950,20,53688
1512502140,14.950,14.950,14.950,14.950,20,53688
1512502200,15.000,14.950,14.950,15.000,493,53788
1512502260,14.950,14.950,14.950,15.000,489,53788
1512502320,14.950,14.950,14.950,15.000,489,53788
1512502380,14.950,14.950,14.950,15.000,489,53788
1512502440,14.950,14.950,14.950,15.000,489,53788
1512502500,14.950,14.950,14.950,15.000,40,56237
1512502560,14.950,14.950,14.950,14.950,40,56237
1512502620,14.950,14.950,14.950,14.950,40,56237
1512502680,14.950,14.950,14.950,14.950,40,56237
1512502740,14.950,14.950,14.950,14.950,40,56237
1512502800,14.950,14.950,14.950,14.950,40,56237
1512502860,14.950,14.950,14.950,14.950,40,56237
1512502920,14.950,14.950,14.950,14.950,40,56237
1512502980,14.950,14.950,14.950,14.950,40,56237
1512503040,14.950,14.950,14.950,14.950,40,56237
1512503100,14.950,14.950,14.950,14.950,40,56237
1512503160,14.950,14.950,14.950,14.950,40,56237
1512503220,14.950,14.950,14.950,14.950,40,56237
1512503280,14.950,14.950,14.950,14.950,40,56237
1512503340,14.950,14.950,14.950,14.950,40,56237
1512503400,14.950,14.950,14.950,14.950,40,56237
1512503460,14.950,14.950,14.950,14.950,40,56237
1512503520,14.950,14.950,14.950,14.950,40,56237
1512503580,14.950,14.950,14.950,14.950,40,56237
1512503640,14.950,14.950,14.950,14.950,40,56237
1512503700,14.950,14.950,14.950,14.950,261,56437
1512503760,14.900,14.900,14.900,14.900,261,56437
1512503820,14.900,14.900,14.900,14.900,261,56437
1512503880,14.900,14.900,14.900,14.900,261,56437
1512503940,14.875,14.875,14.875,14.875,261,56437
1512504000,14.875,14.875,14.875,14.875,46,57742
1512504060,14.875,14.875,14.875,14.875,45,57742
1512504120,14.875,14.875,14.875,14.875,45,57742
1512504180,14.850,14.850,14.850,14.850,45,57742
1512504240,14.850,14.850,14.850,14.850,45,57742
1512504300,14.850,14.850,14.850,14.850,105,57968
1512504360,14.850,14.850,14.850,14.850,103,57968
1512504420,14.850,14.850,14.850,14.850,103,57968
1512504480,14.850,14.850,14.850,14.850,103,57968
1512504540,14.850,14.850,14.850,14.850,103,57968
1512504600,14.850,14.850,14.850,14.850,623,58485
1512504660,14.850,14.850,14.850,14.850,622,58485
1512504720,14.850,14.850,14.850,14.850,622,58485
1512504780,14.850,14.850,14.850,14.850,622,58485
1512504840,14.900,14.900,14.900,14.900,622,58485
1512504900,14.900,14.900,14.900,14.900,100,61596
1512504960,14.900,14.900,14.900,14.900,100,61596
1512505020,14.900,14.900,14.900,14.900,100,61596
1512505080,14.900,14.900,14.900,14.900,100,61596
1512505140,14.900,14.900,14.900,14.900,100,61596
1512505200,14.900,14.900,14.900,14.900,40,62096
1512505260,14.900,14.900,14.900,14.900,40,62096
1512505320,14.900,14.900,14.900,14.900,40,62096
1512505380,14.900,14.900,14.900,14.900,40,62096
1512505440,14.900,14.900,14.900,14.900,40,62096
1512505500,14.900,14.900,14.900,14.900,405,62296
1512505560,14.900,14.900,14.900,14.900,403,62296
1512505620,14.900,14.900,14.900,14.900,403,62296
1512505680,14.950,14.950,14.950,14.950,403,62296
1512505740,14.938,14.950,14.938,14.950,403,62296
1512505800,14.950,14.950,14.900,14.950,1399,64313
1512505860,14.950,14.950,14.950,14.950,1399,64313
1512505920,14.950,14.950,14.950,14.950,1399,64313
1512505980,14.950,14.950,14.950,14.950,1399,64313
1512506040,14.950,14.950,14.950,14.950,1399,64313
1512506100,14.950,14.900,14.900,14.950,833,71308
1512506160,14.950,14.900,14.900,14.950,833,71308
1512506220,14.950,14.900,14.900,14.950,833,71308
1512506280,14.925,14.925,14.925,14.925,833,71308
1512506340,14.900,14.900,14.900,14.900,833,71308
1512506400,14.900,14.900,14.900,14.900,833,71308
1512506460,14.900,14.900,14.900,14.900,833,71308
1512506520,14.900,14.900,14.900,14.900,833,71308
1512506580,14.900,14.900,14.900,14.900,833,71308
1512506640,14.900,14.900,14.900,14.900,833,71308
1512506700,14.900,14.900,14.900,14.900,131,75473
1512506760,14.950,14.950,14.950,14.950,130,75473
1512506820,14.950,14.950,14.950,14.950,130,75473
1512506880,14.950,14.900,14.900,14.950,130,75473
1512506940,14.950,14.900,14.900,14.950,130,75473
1512507000,14.900,14.900,14.900,14.925,844,76124
1512507060,14.900,14.900,14.900,14.900,844,76124
1512507120,14.900,14.925,14.900,14.950,844,76124
1512507180,14.900,14.925,14.900,14.925,844,76124
1512507240,14.925,14.925,14.925,14.925,844,76124
1512507300,14.925,14.925,14.925,14.925,445,80344
1512507360,14.925,14.925,14.925,14.925,445,80344
1512507420,14.950,14.950,14.900,14.950,445,80344
1512507480,14.900,14.900,14.900,14.900,445,80344
1512507540,14.925,14.900,14.900,14.925,445,80344
1512570600,14.850,14.700,14.700,14.850,480,0
1512570660,14.850,14.700,14.700,14.850,480,0
1512570720,14.700,14.950,14.700,14.950,480,0
1512570780,14.800,14.800,14.800,14.800,480,0
1512570840,14.800,14.800,14.800,14.800,480,0
1512570900,14.850,14.850,14.850,14.850,149,2400
1512570960,14.875,14.875,14.875,14.875,145,2400
1512571020,14.875,14.875,14.875,14.875,145,2400
1512571080,14.875,14.875,14.875,14.875,145,2400
1512571140,14.875,14.875,14.875,14.875,145,2400
1512571200,14.875,14.875,14.875,14.875,281,3129
1512571260,14.875,14.875,14.875,14.875,279,3129
1512571320,15.050,15.000,15.000,15.050,279,3129
1512571380,15.050,15.000,15.000,15.050,279,3129
1512571440,15.050,15.000,15.000,15.050,279,3129
1512571500,14.950,14.950,14.950,14.950,20,4526
1512571560,14.950,14.950,14.950,14.950,20,4526
1512571620,14.950,14.950,14.950,14.950,20,4526
1512571680,14.950,14.950,14.950,14.950,20,4526
1512571740,14.950,14.950,14.950,14.950,20,4526
1512571800,14.950,14.950,14.950,14.950,82,4626
1512571860,14.950,14.950,14.950,14.950,80,4626
1512571920,14.950,14.950,14.950,14.950,80,4626
1512571980,14.950,14.950,14.950,14.950,80,4626
1512572040,15.000,15.000,15.000,15.000,80,4626
1512572100,15.000,15.000,15.000,15.000,1347,5028
1512572160,15.000,15.000,15.000,15.000,1346,5028
1512572220,15.000,14.950,14.950,15.050,1346,5028
1512572280,15.000,14.950,14.950,15.050,1346,5028
1512572340,15.000,14.950,14.950,15.050,1346,5028
1512572400,15.000,14.950,14.950,15.050,37,11759
1512572460,15.000,14.950,14.950,15.050,35,11759
1512572520,15.000,14.950,14.950,15.050,35,11759
1512572580,15.000,15.000,15.000,15.000,35,11759
1512572640,15.000,15.000,15.000,15.000,35,11759
1512572700,15.000,15.000,15.000,15.000,40,11936
1512572760,15.000,15.000,15.000,15.000,40,11936
1512572820,15.000,15.000,15.000,15.000,40,11936
1512572880,15.000,15.000,15.000,15.000,40,11936
1512572940,15.000,15.000,15.000,15.000,40,11936
1512573000,15.000,15.000,15.000,15.000,108,12136
1512573060,15.000,15.000,15.000,15.000,105,12136
1512573120,15.000,15.000,15.000,15.000,105,12136
1512573180,15.000,14.950,14.950,15.000,105,12136
1512573240,15.000,14.950,14.950,15.000,105,12136
1512573300,15.000,14.950,14.950,15.000,105,12136
1512573360,15.000,14.950,14.950,15.000,105,12136
1512573420,15.000,14.950,14.950,15.000,105,12136
1512573480,15.000,14.950,14.950,15.000,105,12136
1512573540,15.000,14.950,14.950,15.000,105,12136
1512573600,15.000,14.950,14.950,15.000,388,12664
1512573660,15.000,14.950,14.950,15.000,385,12664
1512573720,14.950,14.950,14.950,14.950,385,12664
1512573780,14.950,14.950,14.950,14.950,385,12664
1512573840,14.950,14.950,14.950,14.950,385,12664
1512573900,14.950,14.950,14.950,14.950,120,14592
1512573960,14.950,14.950,14.950,14.950,120,14592
1512574020,14.950,14.950,14.950,14.950,120,14592
1512574080,14.900,14.900,14.900,14.900,120,14592
1512574140,14.900,14.900,14.900,14.900,120,14592
1512574200,14.899,14.900,14.899,14.900,307,15192
1512574260,14.900,14.900,14.900,14.900,307,15192
1512574320,14.925,14.925,14.925,14.925,307,15192
1512574380,14.912,14.925,14.912,14.925,307,15192
1512574440,14.912,14.925,14.912,14.925,307,15192
1512574500,14.912,14.925,14.912,14.925,64,16727
1512574560,14.912,14.925,14.912,14.925,60,16727
1512574620,14.925,14.925,14.925,14.925,60,16727
1512574680,14.925,14.925,14.925,14.925,60,16727
1512574740,14.925,14.925,14.925,14.925,60,16727
1512574800,14.925,14.925,14.925,14.925,440,17031
1512574860,14.925,14.925,14.925,14.925,437,17031
1512574920,14.925,14.925,14.925,14.925,437,17031
1512574980,14.925,14.950,14.925,14.950,437,17031
1512575040,14.950,14.950,14.950,14.950,437,17031
1512575100,14.950,14.950,14.950,14.950,437,17031
1512575160,14.950,14.950,14.950,14.950,437,17031
1512575220,14.950,14.950,14.950,14.950,437,17031
1512575280,14.950,14.950,14.950,14.950,437,17031
1512575340,14.950,14.950,14.950,14.950,437,17031
1512575400,14.950,15.000,14.950,15.000,166,19219
1512575460,14.950,15.000,14.950,15.000,162,19219
1512575520,14.950,15.000,14.950,15.000,162,19219
1512575580,14.950,15.000,14.950,15.000,162,19219
1512575640,14.950,15.000,14.950,15.000,162,19219
1512575700,14.950,15.000,14.950,15.000,162,19219
1512575760,14.950,15.000,14.950,15.000,162,19219
1512575820,14.950,15.000,14.950,15.000,162,19219
1512575880,14.950,15.000,14.950,15.000,162,19219
1512575940,14.950,15.000,14.950,15.000,162,19219
1512576000,14.950,15.000,14.950,15.000,162,19219
1512576060,14.950,15.000,14.950,15.000,162,19219
1512576120,14.950,15.000,14.950,15.000,162,19219
1512576180,14.950,15.000,14.950,15.000,162,19219
1512576240,14.950,15.000,14.950,15.000,162,19219
1512576300,14.950,15.000,14.950,15.000,69,20033
1512576360,14.950,15.000,14.950,15.000,66,20033
1512576420,14.975,14.975,14.975,14.975,66,20033
1512576480,14.975,14.975,14.975,14.975,66,20033
1512576540,14.975,14.975,14.975,14.975,66,20033
1512576600,14.975,14.975,14.975,14.975,103,20366
1512576660,15.000,15.000,15.000,15.000,102,20366
1512576720,15.000,15.000,15.000,15.000,102,20366
1512576780,15.000,15.000,15.000,15.000,102,20366
1512576840,14.950,14.950,14.950,14.950,102,20366
1512576900,14.950,14.950,14.950,14.950,102,20366
1512576960,14.950,14.950,14.950,14.950,102,20366
1512577020,14.950,14.950,14.950,14.950,102,20366
1512577080,14.950,14.950,14.950,14.950,102,20366
1512577140,14.950,14.950,14.950,14.950,102,20366
1512577200,14.950,14.900,14.900,14.950,477,20877
1512577260,14.900,14.900,14.900,14.900,474,20877
1512577320,14.900,14.900,14.900,14.900,474,20877
1512577380,14.900,14.900,14.900,14.900,474,20877
1512577440,14.900,14.900,14.900,14.900,474,20877
1512577500,14.900,14.900,14.900,14.900,254,23250
1512577560,14.900,14.900,14.900,14.900,253,23250
1512577620,14.900,14.900,14.900,14.900,253,23250
1512577680,14.900,14.800,14.800,14.900,253,23250
1512577740,14.900,14.800,14.800,14.900,253,23250
1512577800,14.900,14.800,14.800,14.900,295,24516
1512577860,14.900,14.800,14.800,14.900,292,24516
1512577920,14.850,14.850,14.850,14.850,292,24516
1512577980,14.800,14.825,14.800,14.825,292,24516
1512578040,14.800,14.825,14.800,14.825,292,24516
1512578100,14.800,14.825,14.800,14.825,227,25979
1512578160,14.800,14.750,14.750,14.800,227,25979
1512578220,14.800,14.750,14.750,14.800,227,25979
1512578280,14.800,14.750,14.750,14.800,227,25979
1512578340,14.800,14.750,14.750,14.800,227,25979
1512578400,14.800,14.750,14.750,14.800,227,25979
1512578460,14.800,14.750,14.750,14.800,227,25979
1512578520,14.800,14.750,14.750,14.800,227,25979
1512578580,14.800,14.750,14.750,14.800,227,25979
1512578640,14.800,14.750,14.750,14.800,227,25979
1512578700,14.800,14.750,14.750,14.800,43,27114
1512578760,14.775,14.775,14.775,14.775,43,27114
1512578820,14.800,14.800,14.800,14.800,43,27114
1512578880,14.800,14.800,14.800,14.800,43,27114
1512578940,14.800,14.800,14.800,14.800,43,27114
1512579000,14.800,14.800,14.800,14.800,240,27329
1512579060,14.800,14.800,14.800,14.800,240,27329
1512579120,14.750,14.750,14.750,14.750,240,27329
1512579180,14.750,14.750,14.750,14.750,240,27329
1512579240,14.750,14.750,14.750,14.750,240,27329
1512579300,14.750,14.750,14.750,14.750,1604,28529
1512579360,14.750,14.750,14.750,14.750,1600,28529
1512579420,14.750,14.750,14.750,14.750,1600,28529
1512579480,14.750,14.700,14.700,14.750,1600,28529
1512579540,14.750,14.700,14.700,14.750,1600,28529
1512579600,14.750,14.750,14.750,14.750,92,36533
1512579660,14.750,14.750,14.750,14.750,88,36533
1512579720,14.725,14.725,14.725,14.725,88,36533
1512579780,14.700,14.700,14.700,14.700,88,36533
1512579840,14.700,14.700,14.700,14.700,88,36533
1512579900,14.700,14.700,14.700,14.700,74,36977
1512579960,14.700,14.700,14.700,14.700,70,36977
1512580020,14.700,14.700,14.700,14.700,70,36977
1512580080,14.750,14.750,14.750,14.750,70,36977
1512580140,14.750,14.750,14.750,14.750,70,36977
1512580200,14.750,14.750,14.750,14.750,33,37331
1512580260,14.750,14.750,14.750,14.750,30,37331
1512580320,14.750,14.750,14.750,14.750,30,37331
1512580380,14.725,14.725,14.725,14.725,30,37331
1512580440,14.725,14.725,14.725,14.725,30,37331
1512580500,14.725,14.725,14.725,14.725,30,37331
1512580560,14.725,14.725,14.725,14.725,30,37331
1512580620,14.725,14.725,14.725,14.725,30,37331
1512580680,14.725,14.725,14.725,14.725,30,37331
1512580740,14.725,14.725,14.725,14.725,30,37331
1512580800,14.725,14.725,14.725,14.725,148,37484
1512580860,14.700,14.700,14.700,14.700,144,37484
1512580920,14.700,14.700,14.700,14.700,144,37484
1512580980,14.700,14.700,14.700,14.700,144,37484
1512581040,14.700,14.700,14.700,14.700,144,37484
1512581100,14.700,14.700,14.700,14.700,314,38208
1512581160,14.700,14.700,14.700,14.700,314,38208
1512581220,14.700,14.700,14.700,14.700,314,38208
1512581280,14.700,14.700,14.700,14.700,314,38208
1512581340,14.700,14.700,14.700,14.700,314,38208
1512581400,14.700,14.700,14.700,14.700,314,38208
1512581460,14.700,14.700,14.700,14.700,314,38208
1512581520,14.700,14.700,14.700,14.700,314,38208
1512581580,14.700,14.700,14.700,14.700,314,38208
1512581640,14.700,14.700,14.700,14.700,314,38208
1512581700,14.750,14.700,14.700,14.750,768,39778
1512581760,14.750,14.700,14.700,14.750,768,39778
1512581820,14.750,14.700,14.700,14.750,768,39778
1512581880,14.750,14.700,14.700,14.750,768,39778
1512581940,14.750,14.700,14.700,14.750,768,39778
1512582000,14.750,14.700,14.700,14.750,768,39778
1512582060,14.750,14.700,14.700,14.750,768,39778
1512582120,14.750,14.700,14.700,14.750,768,39778
1512582180,14.750,14.700,14.700,14.750,768,39778
1512582240,14.750,14.700,14.700,14.750,768,39778
1512582300,14.750,14.700,14.700,14.750,480,43618
1512582360,14.700,14.700,14.700,14.700,480,43618
1512582420,14.650,14.650,14.650,14.650,480,43618
1512582480,14.650,14.650,14.650,14.650,480,43618
1512582540,14.650,14.650,14.650,14.650,480,43618
1512582600,14.650,14.650,14.650,14.650,480,43618
1512582660,14.650,14.650,14.650,14.650,480,43618
1512582720,14.650,14.650,14.650,14.650,480,43618
1512582780,14.650,14.650,14.650,14.650,480,43618
1512582840,14.650,14.650,14.650,14.650,480,43618
1512582900,14.650,14.650,14.650,14.650,480,43618
1512582960,14.650,14.650,14.650,14.650,480,43618
1512583020,14.650,14.650,14.650,14.650,480,43618
1512583080,14.650,14.650,14.650,14.650,480,43618
1512583140,14.650,14.650,14.650,14.650,480,43618
1512583200,14.650,14.650,14.650,14.650,256,46018
1512583260,14.675,14.675,14.675,14.675,256,46018
1512583320,14.675,14.675,14.675,14.675,256,46018
1512583380,14.675,14.675,14.675,14.675,256,46018
1512583440,14.675,14.675,14.675,14.675,256,46018
1512583500,14.675,14.675,14.675,14.675,44,47298
1512583560,14.675,14.675,14.675,14.675,41,47298
1512583620,14.650,14.650,14.650,14.650,41,47298
1512583680,14.650,14.650,14.650,14.650,41,47298
1512583740,14.650,14.650,14.650,14.650,41,47298
1512583800,14.650,14.650,14.650,14.650,336,47506
1512583860,14.650,14.600,14.600,14.650,336,47506
1512583920,14.650,14.600,14.600,14.650,336,47506
1512583980,14.650,14.600,14.600,14.650,336,47506
1512584040,14.650,14.600,14.600,14.650,336,47506
1512584100,14.650,14.600,14.600,14.650,300,49186
1512584160,14.650,14.600,14.600,14.650,300,49186
1512584220,14.611,14.611,14.611,14.611,300,49186
1512584280,14.611,14.611,14.611,14.611,300,49186
1512584340,14.611,14.611,14.611,14.611,300,49186
1512584400,14.581,14.581,14.581,14.581,104,50686
1512584460,14.581,14.581,14.581,14.581,103,50686
1512584520,14.581,14.581,14.581,14.581,103,50686
1512584580,14.581,14.581,14.581,14.581,103,50686
1512584640,14.581,14.581,14.581,14.581,103,50686
1512584700,14.581,14.581,14.581,14.581,103,50686
1512584760,14.581,14.581,14.581,14.581,103,50686
1512584820,14.581,14.581,14.581,14.581,103,50686
1512584880,14.581,14.581,14.581,14.581,103,50686
1512584940,14.581,14.581,14.581,14.581,103,50686
1512585000,14.581,14.581,14.581,14.581,87,51202
1512585060,14.581,14.581,14.581,14.581,86,51202
1512585120,14.581,14.581,14.581,14.581,86,51202
1512585180,14.581,14.581,14.581,14.581,86,51202
1512585240,14.550,14.550,14.550,14.550,86,51202
1512585300,14.650,14.650,14.650,14.650,123,51633
1512585360,14.650,14.650,14.650,14.650,123,51633
1512585420,14.650,14.650,14.650,14.650,123,51633
1512585480,14.650,14.650,14.650,14.650,123,51633
1512585540,14.650,14.650,14.650,14.650,123,51633
1512585600,14.600,14.600,14.600,14.600,118,52248
1512585660,14.600,14.600,14.600,14.600,115,52248
1512585720,14.600,14.600,14.600,14.600,115,52248
1512585780,14.600,14.600,14.600,14.600,115,52248
1512585840,14.550,14.625,14.550,14.625,115,52248
1512585900,14.600,14.550,14.550,14.600,101,52826
1512585960,14.600,14.550,14.550,14.600,100,52826
1512586020,14.600,14.550,14.550,14.600,100,52826
1512586080,14.600,14.550,14.550,14.600,100,52826
1512586140,14.600,14.550,14.550,14.600,100,52826
1512586200,14.600,14.550,14.550,14.600,100,52826
1512586260,14.600,14.550,14.550,14.600,100,52826
1512586320,14.600,14.550,14.550,14.600,100,52826
1512586380,14.600,14.550,14.550,14.600,100,52826
1512586440,14.600,14.550,14.550,14.600,100,52826
1512586500,14.600,14.550,14.550,14.600,100,52826
1512586560,14.600,14.550,14.550,14.600,100,52826
1512586620,14.600,14.550,14.550,14.600,100,52826
1512586680,14.600,14.550,14.550,14.600,100,52826
1512586740,14.600,14.550,14.550,14.600,100,52826
1512586800,14.600,14.600,14.600,14.600,456,53327
1512586860,14.600,14.550,14.550,14.600,456,53327
1512586920,14.600,14.550,14.550,14.600,456,53327
1512586980,14.600,14.550,14.550,14.600,456,53327
1512587040,14.600,14.550,14.550,14.600,456,53327
1512587100,14.600,14.550,14.550,14.600,60,55607
1512587160,14.600,14.550,14.550,14.600,57,55607
1512587220,14.600,14.550,14.550,14.600,57,55607
1512587280,14.580,14.580,14.580,14.580,57,55607
1512587340,14.550,14.550,14.550,14.550,57,55607
1512587400,14.550,14.550,14.550,14.550,24,55895
1512587460,14.550,14.550,14.550,14.550,20,55895
1512587520,14.550,14.550,14.550,14.550,20,55895
1512587580,14.550,14.550,14.550,14.550,20,55895
1512587640,14.550,14.550,14.550,14.550,20,55895
1512587700,14.550,14.550,14.550,14.550,123,55999
1512587760,14.550,14.550,14.550,14.550,121,55999
1512587820,14.550,14.550,14.550,14.550,121,55999
1512587880,14.550,14.550,14.550,14.550,121,55999
1512587940,14.650,14.650,14.650,14.650,121,55999
1512588000,14.650,14.650,14.650,14.650,121,55999
1512588060,14.650,14.650,14.650,14.650,121,55999
1512588120,14.650,14.650,14.650,14.650,121,55999
1512588180,14.650,14.650,14.650,14.650,121,55999
1512588240,14.650,14.650,14.650,14.650,121,55999
1512588300,14.650,14.650,14.650,14.650,121,55999
1512588360,14.650,14.650,14.650,14.650,121,55999
1512588420,14.650,14.650,14.650,14.650,121,55999
1512588480,14.650,14.650,14.650,14.650,121,55999
1512588540,14.650,14.650,14.650,14.650,121,55999
1512588600,14.650,14.650,14.650,14.650,64,56606
1512588660,14.650,14.650,14.650,14.650,60,56606
1512588720,14.550,14.550,14.550,14.550,60,56606
1512588780,14.550,14.550,14.550,14.550,60,56606
1512588840,14.550,14.550,14.550,14.550,60,56606
1512588900,14.550,14.550,14.550,14.550,103,56910
1512588960,14.550,14.550,14.550,14.550,103,56910
1512589020,14.550,14.650,14.550,14.650,103,56910
1512589080,14.550,14.650,14.550,14.650,103,56910
1512589140,14.550,14.650,14.550,14.650,103,56910
1512589200,14.550,14.650,14.550,14.650,41,57425
1512589260,14.550,14.650,14.550,14.650,38,57425
1512589320,14.550,14.650,14.550,14.650,38,57425
1512589380,14.550,14.650,14.550,14.650,38,57425
1512589440,14.650,14.650,14.650,14.650,38,57425
1512589500,14.650,14.650,14.650,14.650,38,57425
1512589560,14.650,14.650,14.650,14.650,38,57425
1512589620,14.650,14.650,14.650,14.650,38,57425
1512589680,14.650,14.650,14.650,14.650,38,57425
1512589740,14.650,14.650,14.650,14.650,38,57425
1512589800,14.650,14.650,14.650,14.650,48,57618
1512589860,14.650,14.650,14.650,14.650,44,57618
1512589920,14.650,14.650,14.650,14.650,44,57618
1512589980,14.650,14.650,14.650,14.650,44,57618
1512590040,14.650,14.650,14.650,14.650,44,57618
1512590100,14.650,14.650,14.650,14.650,44,57618
1512590160,14.650,14.650,14.650,14.650,44,57618
1512590220,14.650,14.650,14.650,14.650,44,57618
1512590280,14.650,14.650,14.650,14.650,44,57618
1512590340,14.650,14.650,14.650,14.650,44,57618
1512590400,14.650,14.550,14.550,14.650,64,57842
1512590460,14.650,14.550,14.550,14.650,63,57842
1512590520,14.650,14.550,14.550,14.650,63,57842
1512590580,14.650,14.550,14.550,14.650,63,57842
1512590640,14.650,14.550,14.550,14.650,63,57842
1512590700,14.600,14.600,14.600,14.600,2385,58158
1512590760,14.575,14.550,14.550,14.575,2383,58158
1512590820,14.550,14.500,14.500,14.550,2383,58158
1512590880,14.550,14.500,14.500,14.550,2383,58158
1512590940,14.550,14.500,14.500,14.550,2383,58158
1512591000,14.550,14.500,14.500,14.550,585,70075
1512591060,14.550,14.500,14.500,14.550,584,70075
1512591120,14.500,14.500,14.500,14.500,584,70075
1512591180,14.500,14.475,14.475,14.500,584,70075
1512591240,14.450,14.475,14.450,14.475,584,70075
1512591300,14.450,14.475,14.450,14.475,193,72996
1512591360,14.475,14.475,14.475,14.475,193,72996
1512591420,14.450,14.450,14.450,14.450,193,72996
1512591480,14.450,14.500,14.450,14.500,193,72996
1512591540,14.475,14.475,14.475,14.475,193,72996
1512591600,14.475,14.475,14.475,14.475,867,73961
1512591660,14.475,14.475,14.475,14.475,867,73961
1512591720,14.475,14.475,14.475,14.475,867,73961
1512591780,14.450,14.450,14.450,14.450,867,73961
1512591840,14.450,14.400,14.400,14.450,867,73961
1512591900,14.450,14.400,14.400,14.450,867,73961
1512591960,14.450,14.400,14.400,14.450,867,73961
1512592020,14.450,14.400,14.400,14.450,867,73961
1512592080,14.450,14.400,14.400,14.450,867,73961
1512592140,14.450,14.400,14.400,14.450,867,73961
1512592200,14.400,14.400,14.400,14.400,214,78296
1512592260,14.400,14.400,14.400,14.400,214,78296
1512592320,14.400,14.400,14.400,14.400,214,78296
1512592380,14.400,14.400,14.400,14.400,214,78296
1512592440,14.400,14.400,14.400,14.400,214,78296
1512592500,14.400,14.400,14.400,14.400,1049,79366
1512592560,14.400,14.400,14.400,14.400,1048,79366
1512592620,14.450,14.500,14.450,14.500,1048,79366
1512592680,14.500,14.475,14.475,14.500,1048,79366
1512592740,14.500,14.475,14.475,14.500,1048,79366
1512592800,14.500,14.475,14.475,14.500,149,84607
1512592860,14.500,14.500,14.500,14.500,148,84607
1512592920,14.500,14.500,14.500,14.500,148,84607
1512592980,14.450,14.450,14.450,14.450,148,84607
1512593040,14.450,14.450,14.450,14.450,148,84607
1512593100,14.500,14.500,14.500,14.500,717,85348
1512593160,14.475,14.475,14.475,14.475,715,85348
1512593220,14.500,14.500,14.475,14.500,715,85348
1512593280,14.500,14.500,14.475,14.500,715,85348
1512593340,14.475,14.500,14.475,14.500,715,85348
1512593400,14.450,14.500,14.450,14.500,789,88925
1512593460,14.450,14.475,14.450,14.500,789,88925
1512593520,14.500,14.500,14.500,14.500,789,88925
1512593580,14.450,14.500,14.450,14.500,789,88925
1512593640,14.500,14.450,14.450,14.500,789,88925
1512593700,14.500,14.500,14.500,14.500,4605,92870
1512593760,14.475,14.475,14.475,14.500,4603,92870
1512593820,14.450,14.475,14.450,14.500,4603,92870
1512593880,14.500,14.450,14.450,14.500,4603,92870
1512593940,14.475,14.450,14.450,14.500,4603,92870
1512657000,14.400,14.400,14.400,14.400,396,0
1512657060,14.400,14.400,14.400,14.400,396,0
1512657120,14.457,14.457,14.457,14.457,396,0
1512657180,14.457,14.457,14.457,14.457,396,0
1512657240,14.457,14.457,14.457,14.457,396,0
1512657300,14.457,14.457,14.457,14.457,396,0
1512657360,14.457,14.457,14.457,14.457,396,0
1512657420,14.457,14.457,14.457,14.457,396,0
1512657480,14.457,14.457,14.457,14.457,396,0
1512657540,14.457,14.457,14.457,14.457,396,0
1512657600,14.550,14.550,14.550,14.550,364,1980
1512657660,14.550,14.600,14.550,14.600,362,1980
1512657720,14.500,14.500,14.500,14.500,362,1980
1512657780,14.500,14.500,14.500,14.500,362,1980
1512657840,14.500,14.500,14.500,14.500,362,1980
1512657900,14.500,14.500,14.500,14.500,77,3792
1512657960,14.500,14.500,14.500,14.500,77,3792
1512658020,14.600,14.600,14.600,14.600,77,3792
1512658080,14.600,14.600,14.600,14.600,77,3792
1512658140,14.500,14.500,14.500,14.500,77,3792
1512658200,14.500,14.500,14.500,14.500,20,4177
1512658260,14.500,14.500,14.500,14.500,20,4177
1512658320,14.500,14.500,14.500,14.500,20,4177
1512658380,14.500,14.500,14.500,14.500,20,4177
1512658440,14.500,14.500,14.500,14.500,20,4177
1512658500,14.500,14.500,14.500,14.500,20,4177
1512658560,14.500,14.500,14.500,14.500,20,4177
1512658620,14.500,14.500,14.500,14.500,20,4177
1512658680,14.500,14.500,14.500,14.500,20,4177
1512658740,14.500,14.500,14.500,14.500,20,4177
1512658800,14.500,14.500,14.500,14.500,366,4277
1512658860,14.500,14.500,14.500,14.500,364,4277
1512658920,14.550,14.550,14.550,14.550,364,4277
1512658980,14.500,14.550,14.500,14.550,364,4277
1512659040,14.500,14.550,14.500,14.550,364,4277
1512659100,14.500,14.550,14.500,14.550,364,4277
1512659160,14.500,14.550,14.500,14.550,364,4277
1512659220,14.500,14.550,14.500,14.550,364,4277
1512659280,14.500,14.550,14.500,14.550,364,4277
1512659340,14.500,14.550,14.500,14.550,364,4277
1512659400,14.500,14.550,14.500,14.550,364,4277
1512659460,14.500,14.550,14.500,14.550,364,4277
1512659520,14.500,14.550,14.500,14.550,364,4277
1512659580,14.500,14.550,14.500,14.550,364,4277
1512659640,14.500,14.550,14.500,14.550,364,4277
1512659700,14.500,14.550,14.500,14.550,323,6099
1512659760,14.500,14.550,14.500,14.550,323,6099
1512659820,14.500,14.550,14.500,14.550,323,6099
1512659880,14.500,14.550,14.500,14.550,323,6099
1512659940,14.550,14.500,14.500,14.550,323,6099
1512660000,14.600,14.600,14.600,14.600,225,7714
1512660060,14.550,14.550,14.550,14.550,221,7714
1512660120,14.550,14.550,14.550,14.550,221,7714
1512660180,14.550,14.550,14.550,14.550,221,7714
1512660240,14.550,14.550,14.550,14.550,221,7714
1512660300,14.550,14.550,14.550,14.550,40,8823
1512660360,14.550,14.550,14.550,14.550,40,8823
1512660420,14.550,14.550,14.550,14.550,40,8823
1512660480,14.550,14.550,14.550,14.550,40,8823
1512660540,14.550,14.550,14.550,14.550,40,8823
1512660600,14.550,14.550,14.550,14.550,141,9023
1512660660,14.550,14.550,14.550,14.550,138,9023
1512660720,14.550,14.550,14.550,14.550,138,9023
1512660780,14.550,14.550,14.550,14.550,138,9023
1512660840,14.550,14.550,14.550,14.550,138,9023
1512660900,14.597,14.597,14.597,14.597,117,9716
1512660960,14.597,14.597,14.597,14.597,117,9716
1512661020,14.597,14.597,14.597,14.597,117,9716
1512661080,14.597,14.597,14.597,14.597,117,9716
1512661140,14.597,14.597,14.597,14.597,117,9716
1512661200,14.550,14.550,14.550,14.550,385,10301
1512661260,14.550,14.550,14.550,14.550,383,10301
1512661320,14.550,14.550,14.550,14.550,383,10301
1512661380,14.550,14.500,14.500,14.550,383,10301
1512661440,14.550,14.525,14.525,14.550,383,10301
1512661500,14.550,14.525,14.525,14.550,383,10301
1512661560,14.550,14.525,14.525,14.550,383,10301
1512661620,14.550,14.525,14.525,14.550,383,10301
1512661680,14.550,14.525,14.525,14.550,383,10301
1512661740,14.550,14.525,14.525,14.550,383,10301
1512661800,14.550,14.500,14.500,14.550,1456,12218
1512661860,14.550,14.500,14.500,14.550,1456,12218
1512661920,14.500,14.500,14.500,14.500,1456,12218
1512661980,14.550,14.550,14.550,14.550,1456,12218
1512662040,14.550,14.550,14.550,14.550,1456,12218
1512662100,14.550,14.550,14.550,14.550,199,19498
1512662160,14.550,14.550,14.550,14.550,195,19498
1512662220,14.550,14.550,14.550,14.550,195,19498
1512662280,14.550,14.550,14.550,14.550,195,19498
1512662340,14.600,14.600,14.600,14.600,195,19498
1512662400,14.600,14.600,14.600,14.600,179,20477
1512662460,14.600,14.600,14.600,14.600,179,20477
1512662520,14.550,14.550,14.550,14.550,179,20477
1512662580,14.550,14.550,14.550,14.550,179,20477
1512662640,14.550,14.550,14.550,14.550,179,20477
1512662700,14.550,14.550,14.550,14.550,185,21372
1512662760,14.550,14.550,14.550,14.550,181,21372
1512662820,14.551,14.551,14.551,14.551,181,21372
1512662880,14.550,14.550,14.550,14.550,181,21372
1512662940,14.575,14.575,14.575,14.575,181,21372
1512663000,14.550,14.550,14.550,14.550,246,22281
1512663060,14.550,14.550,14.550,14.550,244,22281
1512663120,14.550,14.550,14.550,14.550,244,22281
1512663180,14.550,14.550,14.550,14.550,244,22281
1512663240,14.500,14.500,14.500,14.500,244,22281
1512663300,14.500,14.500,14.500,14.500,40,23503
1512663360,14.500,14.500,14.500,14.500,40,23503
1512663420,14.500,14.500,14.500,14.500,40,23503
1512663480,14.500,14.500,14.500,14.500,40,23503
1512663540,14.500,14.500,14.500,14.500,40,23503
1512663600,14.500,14.500,14.500,14.500,41,23703
1512663660,14.525,14.525,14.525,14.525,41,23703
1512663720,14.525,14.525,14.525,14.525,41,23703
1512663780,14.525,14.525,14.525,14.525,41,23703
1512663840,14.525,14.525,14.525,14.525,41,23703
1512663900,14.550,14.550,14.550,14.550,186,23908
1512663960,14.550,14.550,14.550,14.550,185,23908
1512664020,14.550,14.550,14.550,14.550,185,23908
1512664080,14.550,14.550,14.550,14.550,185,23908
1512664140,14.550,14.550,14.550,14.550,185,23908
1512664200,14.550,14.550,14.550,14.550,41,24834
1512664260,14.550,14.550,14.550,14.550,41,24834
1512664320,14.550,14.550,14.550,14.550,41,24834
1512664380,14.550,14.550,14.550,14.550,41,24834
1512664440,14.550,14.550,14.550,14.550,41,24834
1512664500,14.500,14.550,14.500,14.550,60,25039
1512664560,14.500,14.550,14.500,14.550,60,25039
1512664620,14.500,14.550,14.500,14.550,60,25039
1512664680,14.500,14.550,14.500,14.550,60,25039
1512664740,14.500,14.550,14.500,14.550,60,25039
1512664800,14.500,14.550,14.500,14.550,60,25039
1512664860,14.500,14.550,14.500,14.550,60,25039
1512664920,14.500,14.550,14.500,14.550,60,25039
1512664980,14.500,14.550,14.500,14.550,60,25039
1512665040,14.500,14.550,14.500,14.550,60,25039
1512665100,14.500,14.550,14.500,14.550,60,25039
1512665160,14.500,14.550,14.500,14.550,60,25039
1512665220,14.500,14.550,14.500,14.550,60,25039
1512665280,14.500,14.550,14.500,14.550,60,25039
1512665340,14.500,14.550,14.500,14.550,60,25039
1512665400,14.550,14.550,14.550,14.550,113,25339
1512665460,14.550,14.550,14.550,14.550,110,25339
1512665520,14.550,14.550,14.550,14.550,110,25339
1512665580,14.550,14.550,14.550,14.550,110,25339
1512665640,14.550,14.550,14.550,14.550,110,25339
1512665700,14.550,14.550,14.550,14.550,90,25892
1512665760,14.550,14.550,14.550,14.550,89,25892
1512665820,14.550,14.550,14.550,14.550,89,25892
1512665880,14.550,14.550,14.550,14.550,89,25892
1512665940,14.500,14.500,14.500,14.500,89,25892
1512666000,14.500,14.500,14.500,14.500,1622,26338
1512666060,14.500,14.500,14.500,14.500,1619,26338
1512666120,14.500,14.500,14.500,14.500,1619,26338
1512666180,14.500,14.500,14.500,14.500,1619,26338
1512666240,14.500,14.500,14.500,14.500,1619,26338
1512666300,14.500,14.500,14.500,14.500,726,34436
1512666360,14.500,14.500,14.500,14.500,722,34436
1512666420,14.500,14.500,14.500,14.500,722,34436
1512666480,14.550,14.550,14.550,14.550,722,34436
1512666540,14.550,14.550,14.550,14.550,722,34436
1512666600,14.550,14.550,14.550,14.550,722,34436
1512666660,14.550,14.550,14.550,14.550,722,34436
1512666720,14.550,14.550,14.550,14.550,722,34436
1512666780,14.550,14.550,14.550,14.550,722,34436
1512666840,14.550,14.550,14.550,14.550,722,34436
1512666900,14.550,14.550,14.550,14.550,742,38050
1512666960,14.550,14.550,14.550,14.550,741,38050
1512667020,14.525,14.525,14.525,14.525,741,38050
1512667080,14.525,14.525,14.525,14.525,741,38050
1512667140,14.525,14.525,14.525,14.525,741,38050
1512667200,14.525,14.525,14.525,14.525,799,41756
1512667260,14.525,14.525,14.525,14.525,795,41756
1512667320,14.525,14.550,14.525,14.550,795,41756
1512667380,14.575,14.600,14.575,14.600,795,41756
1512667440,14.600,14.600,14.600,14.600,795,41756
1512667500,14.600,14.600,14.600,14.600,515,45735
1512667560,14.600,14.600,14.600,14.600,513,45735
1512667620,14.600,14.600,14.600,14.600,513,45735
1512667680,14.565,14.565,14.565,14.565,513,45735
1512667740,14.600,14.600,14.600,14.600,513,45735
1512667800,14.550,14.550,14.550,14.550,508,48302
1512667860,14.600,14.600,14.600,14.600,507,48302
1512667920,14.600,14.600,14.600,14.600,507,48302
1512667980,14.600,14.600,14.600,14.600,507,48302
1512668040,14.550,14.550,14.550,14.550,507,48302
1512668100,14.575,14.575,14.575,14.575,356,50838
1512668160,14.575,14.575,14.575,14.575,353,50838
1512668220,14.575,14.575,14.575,14.575,353,50838
1512668280,14.575,14.575,14.575,14.575,353,50838
1512668340,14.575,14.575,14.575,14.575,353,50838
1512668400,14.575,14.575,14.575,14.575,149,52606
1512668460,14.575,14.575,14.575,14.575,145,52606
1512668520,14.575,14.575,14.575,14.575,145,52606
1512668580,14.575,14.575,14.575,14.575,145,52606
1512668640,14.550,14.550,14.550,14.550,145,52606
1512668700,14.550,14.550,14.550,14.550,81,53335
1512668760,14.550,14.550,14.550,14.550,81,53335
1512668820,14.550,14.550,14.550,14.550,81,53335
1512668880,14.550,14.550,14.550,14.550,81,53335
1512668940,14.550,14.550,14.550,14.550,81,53335
1512669000,14.550,14.550,14.550,14.550,81,53335
1512669060,14.550,14.550,14.550,14.550,81,53335
1512669120,14.550,14.550,14.550,14.550,81,53335
1512669180,14.550,14.550,14.550,14.550,81,53335
1512669240,14.550,14.550,14.550,14.550,81,53335
1512669300,14.550,14.550,14.550,14.550,142,53740
1512669360,14.550,14.550,14.550,14.550,142,53740
1512669420,14.550,14.550,14.550,14.550,142,53740
1512669480,14.550,14.550,14.550,14.550,142,53740
1512669540,14.550,14.550,14.550,14.550,142,53740
1512669600,14.575,14.575,14.575,14.575,512,54450
1512669660,14.575,14.575,14.575,14.575,511,54450
1512669720,14.550,14.550,14.550,14.550,511,54450
1512669780,14.550,14.550,14.550,14.550,511,54450
1512669840,14.550,14.550,14.550,14.550,511,54450
1512669900,14.550,14.550,14.550,14.550,20,57006
1512669960,14.550,14.550,14.550,14.550,20,57006
1512670020,14.550,14.550,14.550,14.550,20,57006
1512670080,14.550,14.550,14.550,14.550,20,57006
1512670140,14.550,14.550,14.550,14.550,20,57006
1512670200,14.550,14.550,14.550,14.550,20,57006
1512670260,14.550,14.550,14.550,14.550,20,57006
1512670320,14.550,14.550,14.550,14.550,20,57006
1512670380,14.550,14.550,14.550,14.550,20,57006
1512670440,14.550,14.550,14.550,14.550,20,57006
1512670500,14.550,14.550,14.550,14.550,100,57106
1512670560,14.550,14.550,14.550,14.550,100,57106
1512670620,14.550,14.550,14.550,14.550,100,57106
1512670680,14.550,14.550,14.550,14.550,100,57106
1512670740,14.550,14.550,14.550,14.550,100,57106
1512670800,14.550,14.550,14.550,14.550,100,57106
1512670860,14.550,14.550,14.550,14.550,100,57106
1512670920,14.550,14.550,14.550,14.550,100,57106
1512670980,14.550,14.550,14.550,14.550,100,57106
1512671040,14.550,14.550,14.550,14.550,100,57106
1512671100,14.550,14.550,14.550,14.550,222,57606
1512671160,14.550,14.550,14.550,14.550,222,57606
1512671220,14.500,14.500,14.500,14.500,222,57606
1512671280,14.500,14.500,14.500,14.500,222,57606
1512671340,14.500,14.500,14.500,14.500,222,57606
1512671400,14.500,14.500,14.500,14.500,147,58716
1512671460,14.525,14.525,14.525,14.525,144,58716
1512671520,14.525,14.525,14.525,14.525,144,58716
1512671580,14.525,14.525,14.525,14.525,144,58716
1512671640,14.525,14.525,14.525,14.525,144,58716
1512671700,14.525,14.525,14.525,14.525,353,59439
1512671760,14.525,14.525,14.525,14.525,350,59439
1512671820,14.525,14.525,14.525,14.525,350,59439
1512671880,14.525,14.525,14.525,14.525,350,59439
1512671940,14.550,14.550,14.550,14.550,350,59439
1512672000,14.550,14.550,14.550,14.550,142,61192
1512672060,14.550,14.550,14.550,14.550,140,61192
1512672120,14.550,14.550,14.550,14.550,140,61192
1512672180,14.550,14.550,14.550,14.550,140,61192
1512672240,14.550,14.550,14.550,14.550,140,61192
1512672300,14.550,14.550,14.550,14.550,80,61894
1512672360,14.550,14.550,14.550,14.550,80,61894
1512672420,14.600,14.600,14.600,14.600,80,61894
1512672480,14.600,14.600,14.600,14.600,80,61894
1512672540,14.600,14.600,14.600,14.600,80,61894
1512672600,14.600,14.600,14.600,14.600,162,62294
1512672660,14.600,14.600,14.600,14.600,160,62294
1512672720,14.600,14.600,14.600,14.600,160,62294
1512672780,14.600,14.600,14.600,14.600,160,62294
1512672840,14.550,14.550,14.550,14.550,160,62294
1512672900,14.550,14.550,14.550,14.550,160,62294
1512672960,14.550,14.550,14.550,14.550,160,62294
1512673020,14.550,14.550,14.550,14.550,160,62294
1512673080,14.550,14.550,14.550,14.550,160,62294
1512673140,14.550,14.550,14.550,14.550,160,62294
1512673200,14.550,14.550,14.550,14.550,224,63096
1512673260,14.550,14.550,14.550,14.550,224,63096
1512673320,14.550,14.550,14.550,14.550,224,63096
1512673380,14.550,14.550,14.550,14.550,224,63096
1512673440,14.550,14.550,14.550,14.550,224,63096
1512673500,14.550,14.550,14.550,14.550,646,64216
1512673560,14.550,14.550,14.550,14.550,644,64216
1512673620,14.550,14.550,14.550,14.550,644,64216
1512673680,14.600,14.600,14.600,14.600,644,64216
1512673740,14.600,14.600,14.600,14.600,644,64216
1512673800,14.600,14.600,14.600,14.600,53,67438
1512673860,14.600,14.600,14.600,14.600,50,67438
1512673920,14.600,14.600,14.600,14.600,50,67438
1512673980,14.600,14.600,14.600,14.600,50,67438
1512674040,14.600,14.600,14.600,14.600,50,67438
1512674100,14.600,14.600,14.600,14.600,50,67438
1512674160,14.600,14.600,14.600,14.600,50,67438
1512674220,14.600,14.600,14.600,14.600,50,67438
1512674280,14.600,14.600,14.600,14.600,50,67438
1512674340,14.600,14.600,14.600,14.600,50,67438
1512674400,14.600,14.600,14.600,14.600,50,67438
1512674460,14.600,14.600,14.600,14.600,50,67438
1512674520,14.600,14.600,14.600,14.600,50,67438
1512674580,14.600,14.600,14.600,14.600,50,67438
1512674640,14.600,14.600,14.600,14.600,50,67438
1512674700,14.600,14.600,14.600,14.600,149,67691
1512674760,14.575,14.600,14.575,14.600,145,67691
1512674820,14.575,14.600,14.575,14.600,145,67691
1512674880,14.575,14.600,14.575,14.600,145,67691
1512674940,14.575,14.600,14.575,14.600,145,67691
1512675000,14.575,14.600,14.575,14.600,250,68420
1512675060,14.575,14.600,14.575,14.600,248,68420
1512675120,14.575,14.600,14.575,14.600,248,68420
1512675180,14.600,14.600,14.600,14.600,248,68420
1512675240,14.550,14.575,14.550,14.575,248,68420
1512675300,14.550,14.575,14.550,14.575,248,68420
1512675360,14.550,14.575,14.550,14.575,248,68420
1512675420,14.550,14.575,14.550,14.575,248,68420
1512675480,14.550,14.575,14.550,14.575,248,68420
1512675540,14.550,14.575,14.550,14.575,248,68420
1512675600,14.550,14.575,14.550,14.575,111,69662
1512675660,14.550,14.575,14.550,14.575,110,69662
1512675720,14.550,14.575,14.550,14.575,110,69662
1512675780,14.550,14.575,14.550,14.575,110,69662
1512675840,14.575,14.575,14.575,14.575,110,69662
1512675900,14.575,14.575,14.575,14.575,41,70213
1512675960,14.575,14.575,14.575,14.575,41,70213
1512676020,14.575,14.575,14.575,14.575,41,70213
1512676080,14.575,14.575,14.575,14.575,41,70213
1512676140,14.600,14.600,14.600,14.600,41,70213
1512676200,14.600,14.600,14.600,14.600,80,70418
1512676260,14.600,14.600,14.600,14.600,80,70418
1512676320,14.600,14.600,14.600,14.600,80,70418
1512676380,14.575,14.575,14.575,14.575,80,70418
1512676440,14.575,14.575,14.575,14.575,80,70418
1512676500,14.575,14.600,14.575,14.600,138,70818
1512676560,14.575,14.575,14.575,14.575,138,70818
1512676620,14.575,14.575,14.575,14.575,138,70818
1512676680,14.575,14.575,14.575,14.575,138,70818
1512676740,14.575,14.575,14.575,14.575,138,70818
1512676800,14.575,14.575,14.575,14.575,154,71508
1512676860,14.575,14.575,14.575,14.575,152,71508
1512676920,14.575,14.575,14.575,14.575,152,71508
1512676980,14.575,14.575,14.575,14.575,152,71508
1512677040,14.600,14.600,14.600,14.600,152,71508
1512677100,14.550,14.550,14.550,14.550,81,72270
1512677160,14.550,14.550,14.550,14.550,81,72270
1512677220,14.575,14.575,14.575,14.575,81,72270
1512677280,14.575,14.575,14.575,14.575,81,72270
1512677340,14.575,14.575,14.575,14.575,81,72270
1512677400,14.600,14.600,14.600,14.600,65,72675
1512677460,14.550,14.550,14.550,14.550,65,72675
1512677520,14.550,14.550,14.550,14.550,65,72675
1512677580,14.550,14.550,14.550,14.550,65,72675
1512677640,14.550,14.550,14.550,14.550,65,72675
1512677700,14.550,14.550,14.550,14.550,122,73000
1512677760,14.550,14.550,14.550,14.550,119,73000
1512677820,14.550,14.550,14.550,14.550,119,73000
1512677880,14.600,14.600,14.600,14.600,119,73000
1512677940,14.600,14.600,14.600,14.600,119,73000
1512678000,14.600,14.600,14.600,14.600,132,73598
1512678060,14.600,14.600,14.600,14.600,131,73598
1512678120,14.600,14.550,14.550,14.600,131,73598
1512678180,14.600,14.550,14.550,14.600,131,73598
1512678240,14.600,14.550,14.550,14.600,131,73598
1512678300,14.600,14.550,14.550,14.600,67,74254
1512678360,14.600,14.550,14.550,14.600,65,74254
1512678420,14.575,14.575,14.575,14.575,65,74254
1512678480,14.575,14.575,14.575,14.575,65,74254
1512678540,14.575,14.575,14.575,14.575,65,74254
1512678600,14.600,14.600,14.600,14.600,1675,74581
1512678660,14.625,14.625,14.625,14.650,1671,74581
1512678720,14.625,14.625,14.625,14.650,1671,74581
1512678780,14.600,14.625,14.600,14.625,1671,74581
1512678840,14.625,14.625,14.625,14.625,1671,74581
1512678900,14.625,14.625,14.625,14.625,227,82940
1512678960,14.625,14.625,14.625,14.625,227,82940
1512679020,14.625,14.625,14.625,14.625,227,82940
1512679080,14.600,14.600,14.600,14.600,227,82940
1512679140,14.650,14.650,14.650,14.650,227,82940
1512679200,14.600,14.600,14.600,14.600,81,84075
1512679260,14.600,14.600,14.600,14.600,81,84075
1512679320,14.600,14.600,14.600,14.600,81,84075
1512679380,14.600,14.600,14.600,14.600,81,84075
1512679440,14.625,14.625,14.625,14.625,81,84075
1512679500,14.600,14.600,14.600,14.600,393,84480
1512679560,14.650,14.650,14.650,14.650,389,84480
1512679620,14.650,14.600,14.600,14.650,389,84480
1512679680,14.650,14.600,14.600,14.650,389,84480
1512679740,14.600,14.600,14.600,14.650,389,84480
1512679800,14.600,14.650,14.575,14.650,2499,86429
1512679860,14.600,14.650,14.575,14.650,2496,86429
1512679920,14.600,14.650,14.575,14.650,2496,86429
1512679980,14.625,14.625,14.625,14.625,2496,86429
1512680040,14.650,14.650,14.650,14.650,2496,86429
1512680100,14.625,14.625,14.625,14.625,1274,98912
1512680160,14.625,14.650,14.600,14.650,1273,98912
1512680220,14.600,14.625,14.600,14.650,1273,98912
1512680280,14.600,14.625,14.600,14.650,1273,98912
1512680340,14.600,14.600,14.600,14.650,1273,98912
1512743400,14.700,14.700,14.700,14.700,540,0
1512743460,14.700,14.700,14.700,14.700,540,0
1512743520,14.700,14.700,14.700,14.700,540,0
1512743580,14.700,14.700,14.700,14.700,540,0
1512743640,14.700,14.700,14.700,14.700,540,0
1512743700,14.700,14.700,14.700,14.700,540,0
1512743760,14.700,14.700,14.700,14.700,540,0
1512743820,14.700,14.700,14.700,14.700,540,0
1512743880,14.700,14.700,14.700,14.700,540,0
1512743940,14.700,14.700,14.700,14.700,540,0
1512744000,14.700,14.700,14.700,14.700,540,0
1512744060,14.700,14.700,14.700,14.700,540,0
1512744120,14.700,14.700,14.700,14.700,540,0
1512744180,14.700,14.700,14.700,14.700,540,0
1512744240,14.700,14.700,14.700,14.700,540,0
1512744300,14.700,14.700,14.700,14.700,953,2700
1512744360,14.600,14.575,14.525,14.600,950,2700
1512744420,14.600,14.600,14.600,14.600,950,2700
1512744480,14.600,14.600,14.600,14.600,950,2700
1512744540,14.600,14.600,14.600,14.600,950,2700
1512744600,14.700,14.600,14.600,14.700,2062,7453
1512744660,14.650,14.650,14.650,14.650,2062,7453
1512744720,14.650,14.650,14.650,14.650,2062,7453
1512744780,14.650,14.650,14.650,14.650,2062,7453
1512744840,14.600,14.600,14.600,14.600,2062,7453
1512744900,14.600,14.600,14.600,14.600,40,17763
1512744960,14.600,14.600,14.600,14.600,40,17763
1512745020,14.600,14.600,14.600,14.600,40,17763
1512745080,14.650,14.650,14.650,14.650,40,17763
1512745140,14.650,14.650,14.650,14.650,40,17763
1512745200,14.650,14.650,14.650,14.650,220,17963
1512745260,14.550,14.600,14.550,14.600,220,17963
1512745320,14.650,14.650,14.650,14.650,220,17963
1512745380,14.650,14.650,14.650,14.650,220,17963
1512745440,14.650,14.650,14.650,14.650,220,17963
1512745500,14.650,14.650,14.650,14.650,20,19063
1512745560,14.650,14.650,14.650,14.650,20,19063
1512745620,14.650,14.650,14.650,14.650,20,19063
1512745680,14.650,14.650,14.650,14.650,20,19063
1512745740,14.650,14.650,14.650,14.650,20,19063
1512745800,14.650,14.650,14.650,14.650,335,19163
1512745860,14.650,14.650,14.650,14.650,334,19163
1512745920,14.650,14.700,14.650,14.700,334,19163
1512745980,14.650,14.700,14.650,14.700,334,19163
1512746040,14.650,14.700,14.650,14.700,334,19163
1512746100,14.700,14.700,14.700,14.700,69,20834
1512746160,14.600,14.600,14.600,14.600,66,20834
1512746220,14.700,14.700,14.700,14.700,66,20834
1512746280,14.700,14.700,14.700,14.700,66,20834
1512746340,14.700,14.700,14.700,14.700,66,20834
1512746400,14.700,14.700,14.700,14.700,69,21167
1512746460,14.700,14.700,14.700,14.700,68,21167
1512746520,14.700,14.700,14.700,14.700,68,21167
1512746580,14.700,14.700,14.700,14.700,68,21167
1512746640,14.750,14.750,14.750,14.750,68,21167
1512746700,14.750,14.750,14.750,14.750,87,21508
1512746760,14.750,14.750,14.750,14.750,86,21508
1512746820,14.750,14.750,14.750,14.750,86,21508
1512746880,14.750,14.750,14.750,14.750,86,21508
1512746940,14.750,14.750,14.750,14.750,86,21508
1512747000,14.750,14.750,14.750,14.750,86,21508
1512747060,14.750,14.750,14.750,14.750,86,21508
1512747120,14.750,14.750,14.750,14.750,86,21508
1512747180,14.750,14.750,14.750,14.750,86,21508
1512747240,14.750,14.750,14.750,14.750,86,21508
1512747300,14.750,14.750,14.750,14.750,286,21939
1512747360,14.750,14.750,14.750,14.750,284,21939
1512747420,14.750,14.750,14.750,14.750,284,21939
1512747480,14.750,14.750,14.750,14.750,284,21939
1512747540,14.750,14.750,14.750,14.750,284,21939
1512747600,14.750,14.750,14.750,14.750,110,23361
1512747660,14.750,14.750,14.750,14.750,108,23361
1512747720,14.770,14.750,14.750,14.770,108,23361
1512747780,14.770,14.750,14.750,14.770,108,23361
1512747840,14.770,14.750,14.750,14.770,108,23361
1512747900,14.770,14.750,14.750,14.770,242,23903
1512747960,14.800,14.800,14.800,14.800,239,23903
1512748020,14.800,14.800,14.800,14.800,239,23903
1512748080,14.800,14.800,14.800,14.800,239,23903
1512748140,14.800,14.750,14.750,14.800,239,23903
1512748200,14.800,14.750,14.750,14.800,239,23903
1512748260,14.800,14.750,14.750,14.800,239,23903
1512748320,14.800,14.750,14.750,14.800,239,23903
1512748380,14.800,14.750,14.750,14.800,239,23903
1512748440,14.800,14.750,14.750,14.800,239,23903
1512748500,14.750,14.750,14.750,14.750,22,25101
1512748560,14.750,14.750,14.750,14.750,22,25101
1512748620,14.750,14.750,14.750,14.750,22,25101
1512748680,14.750,14.750,14.750,14.750,22,25101
1512748740,14.750,14.750,14.750,14.750,22,25101
1512748800,14.750,14.800,14.750,14.800,129,25211
1512748860,14.750,14.800,14.750,14.800,129,25211
1512748920,14.750,14.800,14.750,14.800,129,25211
1512748980,14.750,14.800,14.750,14.800,129,25211
1512749040,14.750,14.800,14.750,14.800,129,25211
1512749100,14.750,14.800,14.750,14.800,129,25211
1512749160,14.750,14.800,14.750,14.800,129,25211
1512749220,14.750,14.800,14.750,14.800,129,25211
1512749280,14.750,14.800,14.750,14.800,129,25211
1512749340,14.750,14.800,14.750,14.800,129,25211
1512749400,14.750,14.800,14.750,14.800,65,25856
1512749460,14.800,14.800,14.800,14.800,62,25856
1512749520,14.800,14.800,14.800,14.800,62,25856
1512749580,14.800,14.800,14.800,14.800,62,25856
1512749640,14.800,14.800,14.800,14.800,62,25856
1512749700,14.800,14.800,14.800,14.800,62,25856
1512749760,14.800,14.800,14.800,14.800,62,25856
1512749820,14.800,14.800,14.800,14.800,62,25856
1512749880,14.800,14.800,14.800,14.800,62,25856
1512749940,14.800,14.800,14.800,14.800,62,25856
1512750000,14.800,14.800,14.800,14.800,1722,26169
1512750060,14.800,14.800,14.800,14.800,1718,26169
1512750120,14.800,14.800,14.800,14.800,1718,26169
1512750180,14.700,14.750,14.700,14.750,1718,26169
1512750240,14.700,14.750,14.700,14.750,1718,26169
1512750300,14.700,14.750,14.700,14.750,342,34763
1512750360,14.700,14.750,14.700,14.750,342,34763
1512750420,14.700,14.700,14.700,14.700,342,34763
1512750480,14.700,14.700,14.700,14.700,342,34763
1512750540,14.700,14.700,14.700,14.700,342,34763
1512750600,14.700,14.700,14.700,14.700,746,36473
1512750660,14.700,14.700,14.700,14.700,742,36473
1512750720,14.700,14.700,14.700,14.700,742,36473
1512750780,14.750,14.700,14.700,14.750,742,36473
1512750840,14.750,14.700,14.700,14.750,742,36473
1512750900,14.800,14.800,14.800,14.800,451,40187
1512750960,14.750,14.750,14.750,14.750,451,40187
1512751020,14.733,14.733,14.733,14.733,451,40187
1512751080,14.733,14.733,14.733,14.733,451,40187
1512751140,14.733,14.733,14.733,14.733,451,40187
1512751200,14.733,14.733,14.733,14.733,260,42442
1512751260,14.750,14.700,14.700,14.800,260,42442
1512751320,14.750,14.750,14.750,14.750,260,42442
1512751380,14.750,14.750,14.750,14.750,260,42442
1512751440,14.750,14.750,14.750,14.750,260,42442
1512751500,14.750,14.750,14.750,14.750,61,43742
1512751560,14.750,14.750,14.750,14.750,61,43742
1512751620,14.750,14.750,14.750,14.750,61,43742
1512751680,14.700,14.700,14.700,14.700,61,43742
1512751740,14.700,14.700,14.700,14.700,61,43742
1512751800,14.700,14.700,14.700,14.700,1843,44047
1512751860,14.725,14.700,14.700,14.725,1842,44047
1512751920,14.800,14.700,14.700,14.800,1842,44047
1512751980,14.800,14.700,14.700,14.800,1842,44047
1512752040,14.800,14.700,14.700,14.800,1842,44047
1512752100,14.750,14.750,14.750,14.750,305,53258
1512752160,14.750,14.750,14.750,14.750,302,53258
1512752220,14.750,14.750,14.750,14.750,302,53258
1512752280,14.750,14.750,14.750,14.750,302,53258
1512752340,14.750,14.750,14.750,14.750,302,53258
1512752400,14.750,14.750,14.750,14.750,302,53258
1512752460,14.750,14.750,14.750,14.750,302,53258
1512752520,14.750,14.750,14.750,14.750,302,53258
1512752580,14.750,14.750,14.750,14.750,302,53258
1512752640,14.750,14.750,14.750,14.750,302,53258
1512752700,14.750,14.750,14.750,14.750,332,54771
1512752760,14.800,14.800,14.800,14.800,328,54771
1512752820,14.800,14.875,14.800,14.875,328,54771
1512752880,14.875,14.875,14.875,14.875,328,54771
1512752940,14.875,14.875,14.875,14.875,328,54771
1512753000,14.875,14.875,14.875,14.875,328,54771
1512753060,14.875,14.875,14.875,14.875,328,54771
1512753120,14.875,14.875,14.875,14.875,328,54771
1512753180,14.875,14.875,14.875,14.875,328,54771
1512753240,14.875,14.875,14.875,14.875,328,54771
1512753300,14.875,14.875,14.875,14.875,328,54771
1512753360,14.875,14.875,14.875,14.875,328,54771
1512753420,14.875,14.875,14.875,14.875,328,54771
1512753480,14.875,14.875,14.875,14.875,328,54771
1512753540,14.875,14.875,14.875,14.875,328,54771
1512753600,14.875,14.875,14.875,14.875,328,54771
1512753660,14.875,14.875,14.875,14.875,328,54771
1512753720,14.875,14.875,14.875,14.875,328,54771
1512753780,14.875,14.875,14.875,14.875,328,54771
1512753840,14.875,14.875,14.875,14.875,328,54771
1512753900,14.875,14.875,14.875,14.875,120,56415
1512753960,14.875,14.875,14.875,14.875,117,56415
1512754020,14.875,14.875,14.875,14.875,117,56415
1512754080,14.850,14.850,14.850,14.850,117,56415
1512754140,14.850,14.850,14.850,14.850,117,56415
1512754200,14.850,14.850,14.850,14.850,117,56415
1512754260,14.850,14.850,14.850,14.850,117,56415
1512754320,14.850,14.850,14.850,14.850,117,56415
1512754380,14.850,14.850,14.850,14.850,117,56415
1512754440,14.850,14.850,14.850,14.850,117,56415
1512754500,14.850,14.850,14.850,14.850,147,57003
1512754560,14.850,14.850,14.850,14.850,145,57003
1512754620,14.850,14.850,14.850,14.850,145,57003
1512754680,14.850,14.850,14.850,14.850,145,57003
1512754740,14.900,14.863,14.863,14.900,145,57003
1512754800,14.900,14.863,14.863,14.900,21,57730
1512754860,14.900,14.863,14.863,14.900,21,57730
1512754920,14.900,14.863,14.863,14.900,21,57730
1512754980,14.900,14.863,14.863,14.900,21,57730
1512755040,14.900,14.900,14.900,14.900,21,57730
1512755100,14.900,14.900,14.900,14.900,40,57835
1512755160,14.900,14.900,14.900,14.900,40,57835
1512755220,14.900,14.900,14.900,14.900,40,57835
1512755280,14.900,14.900,14.900,14.900,40,57835
1512755340,14.850,14.850,14.850,14.850,40,57835
1512755400,14.850,14.850,14.850,14.850,20,58035
1512755460,14.850,14.850,14.850,14.850,20,58035
1512755520,14.850,14.850,14.850,14.850,20,58035
1512755580,14.900,14.900,14.900,14.900,20,58035
1512755640,14.900,14.900,14.900,14.900,20,58035
1512755700,14.900,14.900,14.900,14.900,45,58135
1512755760,14.900,14.900,14.900,14.900,44,58135
1512755820,14.900,14.900,14.900,14.900,44,58135
1512755880,14.875,14.875,14.875,14.875,44,58135
1512755940,14.875,14.875,14.875,14.875,44,58135
1512756000,14.875,14.875,14.875,14.875,44,58135
1512756060,14.875,14.875,14.875,14.875,44,58135
1512756120,14.875,14.875,14.875,14.875,44,58135
1512756180,14.875,14.875,14.875,14.875,44,58135
1512756240,14.875,14.875,14.875,14.875,44,58135
1512756300,14.875,14.875,14.875,14.875,44,58135
1512756360,14.875,14.875,14.875,14.875,44,58135
1512756420,14.875,14.875,14.875,14.875,44,58135
1512756480,14.875,14.875,14.875,14.875,44,58135
1512756540,14.875,14.875,14.875,14.875,44,58135
1512756600,14.850,14.850,14.850,14.850,429,58356
1512756660,14.850,14.850,14.850,14.850,428,58356
1512756720,14.850,14.850,14.850,14.850,428,58356
1512756780,14.850,14.850,14.850,14.850,428,58356
1512756840,14.850,14.850,14.850,14.850,428,58356
1512756900,14.850,14.850,14.850,14.850,40,60497
1512756960,14.850,14.850,14.850,14.850,40,60497
1512757020,14.812,14.812,14.812,14.812,40,60497
1512757080,14.812,14.812,14.812,14.812,40,60497
1512757140,14.812,14.812,14.812,14.812,40,60497
1512757200,14.812,14.812,14.812,14.812,64,60697
1512757260,14.812,14.812,14.812,14.812,60,60697
1512757320,14.812,14.812,14.812,14.812,60,60697
1512757380,14.850,14.850,14.850,14.850,60,60697
1512757440,14.850,14.850,14.850,14.850,60,60697
1512757500,14.850,14.850,14.850,14.850,64,61001
1512757560,14.800,14.800,14.800,14.800,60,61001
1512757620,14.825,14.825,14.825,14.825,60,61001
1512757680,14.825,14.825,14.825,14.825,60,61001
1512757740,14.825,14.825,14.825,14.825,60,61001
1512757800,14.825,14.825,14.825,14.825,24,61305
1512757860,14.825,14.825,14.825,14.825,24,61305
1512757920,14.800,14.800,14.800,14.800,24,61305
1512757980,14.800,14.800,14.800,14.800,24,61305
1512758040,14.800,14.800,14.800,14.800,24,61305
1512758100,14.800,14.800,14.800,14.800,24,61305
1512758160,14.800,14.800,14.800,14.800,24,61305
1512758220,14.800,14.800,14.800,14.800,24,61305
1512758280,14.800,14.800,14.800,14.800,24,61305
1512758340,14.800,14.800,14.800,14.800,24,61305
1512758400,14.800,14.800,14.800,14.800,55,61425
1512758460,14.850,14.850,14.850,14.850,53,61425
1512758520,14.850,14.850,14.850,14.850,53,61425
1512758580,14.850,14.850,14.850,14.850,53,61425
1512758640,14.850,14.850,14.850,14.850,53,61425
1512758700,14.850,14.850,14.850,14.850,53,61425
1512758760,14.850,14.850,14.850,14.850,53,61425
1512758820,14.850,14.850,14.850,14.850,53,61425
1512758880,14.850,14.850,14.850,14.850,53,61425
1512758940,14.850,14.850,14.850,14.850,53,61425
1512759000,14.850,14.850,14.850,14.850,84,61692
1512759060,14.800,14.800,14.800,14.800,84,61692
1512759120,14.800,14.800,14.800,14.800,84,61692
1512759180,14.800,14.800,14.800,14.800,84,61692
1512759240,14.800,14.800,14.800,14.800,84,61692
1512759300,14.800,14.800,14.800,14.800,121,62112
1512759360,14.800,14.800,14.800,14.800,118,62112
1512759420,14.800,14.800,14.800,14.800,118,62112
1512759480,14.800,14.825,14.800,14.825,118,62112
1512759540,14.800,14.825,14.800,14.825,118,62112
1512759600,14.800,14.825,14.800,14.825,118,62112
1512759660,14.800,14.825,14.800,14.825,118,62112
1512759720,14.800,14.825,14.800,14.825,118,62112
1512759780,14.800,14.825,14.800,14.825,118,62112
1512759840,14.800,14.825,14.800,14.825,118,62112
1512759900,14.800,14.825,14.800,14.825,311,62705
1512759960,14.800,14.825,14.800,14.825,310,62705
1512760020,14.800,14.816,14.800,14.816,310,62705
1512760080,14.800,14.816,14.800,14.816,310,62705
1512760140,14.800,14.816,14.800,14.816,310,62705
1512760200,14.800,14.816,14.800,14.816,47,64256
1512760260,14.800,14.816,14.800,14.816,45,64256
1512760320,14.800,14.816,14.800,14.816,45,64256
1512760380,14.800,14.816,14.800,14.816,45,64256
1512760440,14.800,14.800,14.800,14.800,45,64256
1512760500,14.800,14.800,14.800,14.800,494,64483
1512760560,14.750,14.750,14.750,14.750,494,64483
1512760620,14.750,14.750,14.750,14.750,494,64483
1512760680,14.750,14.750,14.750,14.750,494,64483
1512760740,14.750,14.750,14.750,14.750,494,64483
1512760800,14.750,14.750,14.750,14.750,229,66953
1512760860,14.750,14.750,14.750,14.750,229,66953
1512760920,14.750,14.750,14.750,14.750,229,66953
1512760980,14.750,14.750,14.750,14.750,229,66953
1512761040,14.750,14.750,14.750,14.750,229,66953
1512761100,14.850,14.850,14.850,14.850,40,68098
1512761160,14.850,14.850,14.850,14.850,40,68098
1512761220,14.850,14.850,14.850,14.850,40,68098
1512761280,14.850,14.850,14.850,14.850,40,68098
1512761340,14.850,14.850,14.850,14.850,40,68098
1512761400,14.850,14.850,14.850,14.850,40,68098
1512761460,14.850,14.850,14.850,14.850,40,68098
1512761520,14.850,14.850,14.850,14.850,40,68098
1512761580,14.850,14.850,14.850,14.850,40,68098
1512761640,14.850,14.850,14.850,14.850,40,68098
1512761700,14.850,14.850,14.850,14.850,40,68098
1512761760,14.850,14.850,14.850,14.850,40,68098
1512761820,14.850,14.850,14.850,14.850,40,68098
1512761880,14.850,14.850,14.850,14.850,40,68098
1512761940,14.850,14.850,14.850,14.850,40,68098
1512762000,14.850,14.850,14.850,14.850,40,68098
1512762060,14.850,14.850,14.850,14.850,40,68098
1512762120,14.850,14.850,14.850,14.850,40,68098
1512762180,14.850,14.850,14.850,14.850,40,68098
1512762240,14.850,14.850,14.850,14.850,40,68098
1512762300,14.850,14.850,14.850,14.850,40,68098
1512762360,14.850,14.850,14.850,14.850,40,68098
1512762420,14.850,14.850,14.850,14.850,40,68098
1512762480,14.850,14.850,14.850,14.850,40,68098
1512762540,14.850,14.850,14.850,14.850,40,68098
1512762600,14.850,14.850,14.850,14.850,40,68098
1512762660,14.850,14.850,14.850,14.850,40,68098
1512762720,14.850,14.850,14.850,14.850,40,68098
1512762780,14.850,14.850,14.850,14.850,40,68098
1512762840,14.850,14.850,14.850,14.850,40,68098
1512762900,14.850,14.850,14.850,14.850,40,68098
1512762960,14.850,14.850,14.850,14.850,40,68098
1512763020,14.850,14.850,14.850,14.850,40,68098
1512763080,14.850,14.850,14.850,14.850,40,68098
1512763140,14.850,14.850,14.850,14.850,40,68098
1512763200,14.850,14.850,14.850,14.850,100,68298
1512763260,14.850,14.850,14.850,14.850,99,68298
1512763320,14.850,14.850,14.850,14.850,99,68298
1512763380,14.850,14.850,14.850,14.850,99,68298
1512763440,14.750,14.750,14.750,14.750,99,68298
1512763500,14.750,14.750,14.750,14.750,766,68794
1512763560,14.750,14.750,14.750,14.750,766,68794
1512763620,14.800,14.800,14.800,14.800,766,68794
1512763680,14.800,14.800,14.800,14.800,766,68794
1512763740,14.825,14.800,14.800,14.825,766,68794
1512763800,14.825,14.800,14.800,14.825,66,72624
1512763860,14.800,14.800,14.800,14.800,65,72624
1512763920,14.800,14.800,14.800,14.800,65,72624
1512763980,14.800,14.800,14.800,14.800,65,72624
1512764040,14.800,14.800,14.800,14.800,65,72624
1512764100,14.800,14.800,14.800,14.800,126,72950
1512764160,14.800,14.800,14.800,14.800,125,72950
1512764220,14.750,14.750,14.750,14.750,125,72950
1512764280,14.750,14.750,14.750,14.750,125,72950
1512764340,14.750,14.750,14.750,14.750,125,72950
1512764400,14.750,14.750,14.750,14.750,125,72950
1512764460,14.750,14.750,14.750,14.750,125,72950
1512764520,14.750,14.750,14.750,14.750,125,72950
1512764580,14.750,14.750,14.750,14.750,125,72950
1512764640,14.750,14.750,14.750,14.750,125,72950
1512764700,14.750,14.750,14.750,14.750,23,73576
1512764760,14.800,14.800,14.800,14.800,23,73576
1512764820,14.800,14.800,14.800,14.800,23,73576
1512764880,14.800,14.800,14.800,14.800,23,73576
1512764940,14.800,14.800,14.800,14.800,23,73576
1512765000,14.800,14.800,14.800,14.800,23,73576
1512765060,14.800,14.800,14.800,14.800,23,73576
1512765120,14.800,14.800,14.800,14.800,23,73576
1512765180,14.800,14.800,14.800,14.800,23,73576
1512765240,14.800,14.800,14.800,14.800,23,73576
1512765300,14.800,14.800,14.800,14.800,232,73691
1512765360,14.800,14.800,14.800,14.800,232,73691
1512765420,14.800,14.750,14.750,14.800,232,73691
1512765480,14.800,14.750,14.750,14.800,232,73691
1512765540,14.775,14.750,14.750,14.775,232,73691
1512765600,14.800,14.800,14.800,14.800,679,74851
1512765660,14.750,14.800,14.750,14.800,678,74851
1512765720,14.750,14.800,14.750,14.800,678,74851
1512765780,14.800,14.800,14.800,14.800,678,74851
1512765840,14.762,14.762,14.762,14.762,678,74851
1512765900,14.762,14.762,14.762,14.762,1801,78242
1512765960,14.800,14.800,14.762,14.800,1797,78242
1512766020,14.800,14.812,14.800,14.850,1797,78242
1512766080,14.825,14.762,14.762,14.825,1797,78242
1512766140,14.800,14.825,14.775,14.825,1797,78242
1512766200,14.800,14.800,14.800,14.800,267,87231
1512766260,14.825,14.825,14.825,14.825,264,87231
1512766320,14.800,14.800,14.800,14.800,264,87231
1512766380,14.825,14.825,14.825,14.825,264,87231
1512766440,14.800,14.850,14.800,14.850,264,87231
1512766500,14.850,14.800,14.800,14.850,1927,88554
1512766560,14.850,14.825,14.800,14.850,1924,88554
1512766620,14.850,14.825,14.825,14.850,1924,88554
1512766680,14.800,14.825,14.800,14.850,1924,88554
1512766740,14.850,14.800,14.800,14.850,1924,88554
1513002600,14.750,14.750,14.650,14.750,167,0
1513002660,14.750,14.750,14.650,14.750,165,0
1513002720,14.750,14.750,14.650,14.750,165,0
1513002780,14.800,14.800,14.800,14.800,165,0
1513002840,14.800,14.800,14.800,14.800,165,0
1513002900,14.800,14.800,14.800,14.800,67,827
1513002960,14.800,14.800,14.800,14.800,65,827
1513003020,14.800,14.800,14.800,14.800,65,827
1513003080,14.800,14.800,14.800,14.800,65,827
1513003140,14.800,14.800,14.800,14.800,65,827
1513003200,14.800,14.800,14.800,14.800,100,1154
1513003260,14.800,14.800,14.800,14.800,100,1154
1513003320,14.875,14.850,14.850,14.875,100,1154
1513003380,14.875,14.850,14.850,14.875,100,1154
1513003440,14.875,14.850,14.850,14.875,100,1154
1513003500,14.900,14.900,14.900,14.900,57,1654
1513003560,14.900,14.900,14.900,14.900,54,1654
1513003620,14.900,14.900,14.900,14.900,54,1654
1513003680,14.900,14.900,14.900,14.900,54,1654
1513003740,14.900,14.900,14.900,14.900,54,1654
1513003800,14.900,14.900,14.900,14.900,54,1654
1513003860,14.900,14.900,14.900,14.900,54,1654
1513003920,14.900,14.900,14.900,14.900,54,1654
1513003980,14.900,14.900,14.900,14.900,54,1654
1513004040,14.900,14.900,14.900,14.900,54,1654
1513004100,14.900,14.900,14.900,14.900,20,1927
1513004160,14.900,14.900,14.900,14.900,20,1927
1513004220,14.800,14.800,14.800,14.800,20,1927
1513004280,14.800,14.800,14.800,14.800,20,1927
1513004340,14.800,14.800,14.800,14.800,20,1927
1513004400,14.800,14.800,14.800,14.800,25,2027
1513004460,14.800,14.800,14.800,14.800,24,2027
1513004520,14.800,14.800,14.800,14.800,24,2027
1513004580,14.800,14.800,14.800,14.800,24,2027
1513004640,14.850,14.850,14.850,14.850,24,2027
1513004700,14.850,14.850,14.850,14.850,24,2027
1513004760,14.850,14.850,14.850,14.850,24,2027
1513004820,14.850,14.850,14.850,14.850,24,2027
1513004880,14.850,14.850,14.850,14.850,24,2027
1513004940,14.850,14.850,14.850,14.850,24,2027
1513005000,14.850,14.900,14.850,14.900,629,2148
1513005060,14.900,14.900,14.900,14.900,625,2148
1513005120,14.900,14.900,14.900,14.900,625,2148
1513005180,14.900,14.900,14.900,14.900,625,2148
1513005240,14.900,14.900,14.900,14.900,625,2148
1513005300,14.950,15.000,14.950,15.000,199,5277
1513005360,15.000,15.000,15.000,15.000,196,5277
1513005420,15.000,15.000,15.000,15.000,196,5277
1513005480,15.000,15.000,15.000,15.000,196,5277
1513005540,15.000,15.000,15.000,15.000,196,5277
1513005600,15.000,15.000,15.000,15.000,520,6260
1513005660,15.000,15.000,15.000,15.000,520,6260
1513005720,15.000,15.000,15.000,15.000,520,6260
1513005780,15.000,15.000,15.000,15.000,520,6260
1513005840,15.000,15.000,15.000,15.000,520,6260
1513005900,15.000,15.000,15.000,15.000,520,6260
1513005960,15.000,15.000,15.000,15.000,520,6260
1513006020,15.000,15.000,15.000,15.000,520,6260
1513006080,15.000,15.000,15.000,15.000,520,6260
1513006140,15.000,15.000,15.000,15.000,520,6260
1513006200,15.000,15.050,15.000,15.050,222,8860
1513006260,14.950,14.900,14.900,14.950,222,8860
1513006320,14.950,14.900,14.900,14.950,222,8860
1513006380,14.900,14.900,14.900,14.900,222,8860
1513006440,14.900,14.900,14.900,14.900,222,8860
1513006500,14.900,14.900,14.900,14.900,1797,9970
1513006560,14.900,14.900,14.900,14.900,1793,9970
1513006620,14.950,14.950,14.950,14.950,1793,9970
1513006680,15.000,15.050,15.000,15.050,1793,9970
1513006740,15.000,15.050,15.000,15.050,1793,9970
1513006800,15.000,15.050,15.000,15.050,40,18939
1513006860,15.000,15.050,15.000,15.050,40,18939
1513006920,15.000,15.050,15.000,15.050,40,18939
1513006980,15.050,15.050,15.050,15.050,40,18939
1513007040,15.050,15.050,15.050,15.050,40,18939
1513007100,15.050,15.050,15.050,15.050,40,18939
1513007160,15.050,15.050,15.050,15.050,40,18939
1513007220,15.050,15.050,15.050,15.050,40,18939
1513007280,15.050,15.050,15.050,15.050,40,18939
1513007340,15.050,15.050,15.050,15.050,40,18939
1513007400,15.050,15.050,15.050,15.050,40,18939
1513007460,15.050,15.050,15.050,15.050,40,18939
1513007520,15.050,15.050,15.050,15.050,40,18939
1513007580,15.050,15.050,15.050,15.050,40,18939
1513007640,15.050,15.050,15.050,15.050,40,18939
1513007700,15.000,15.000,15.000,15.000,26,19139
1513007760,15.000,15.000,15.000,15.000,23,19139
1513007820,15.000,15.000,15.000,15.000,23,19139
1513007880,15.000,15.000,15.000,15.000,23,19139
1513007940,15.000,15.000,15.000,15.000,23,19139
1513008000,15.000,15.000,15.000,15.000,108,19257
1513008060,15.000,15.000,15.000,15.000,107,19257
1513008120,15.000,15.000,15.000,15.000,107,19257
1513008180,15.010,15.010,15.010,15.010,107,19257
1513008240,15.000,15.000,15.000,15.000,107,19257
1513008300,15.000,15.000,15.000,15.000,117,19793
1513008360,15.000,15.000,15.000,15.000,116,19793
1513008420,15.050,15.050,15.050,15.050,116,19793
1513008480,15.050,15.050,15.050,15.050,116,19793
1513008540,15.050,15.050,15.050,15.050,116,19793
1513008600,15.050,15.050,15.050,15.050,116,19793
1513008660,15.050,15.050,15.050,15.050,116,19793
1513008720,15.050,15.050,15.050,15.050,116,19793
1513008780,15.050,15.050,15.050,15.050,116,19793
1513008840,15.050,15.050,15.050,15.050,116,19793
1513008900,15.050,15.050,15.050,15.050,113,20374
1513008960,15.050,15.050,15.050,15.050,109,20374
1513009020,15.050,15.050,15.050,15.050,109,20374
1513009080,14.950,15.000,14.950,15.000,109,20374
1513009140,15.000,15.000,15.000,15.000,109,20374
1513009200,15.000,15.000,15.000,15.000,109,20374
1513009260,15.000,15.000,15.000,15.000,109,20374
1513009320,15.000,15.000,15.000,15.000,109,20374
1513009380,15.000,15.000,15.000,15.000,109,20374
1513009440,15.000,15.000,15.000,15.000,109,20374
1513009500,15.000,15.000,15.000,15.000,109,20374
1513009560,15.000,15.000,15.000,15.000,109,20374
1513009620,15.000,15.000,15.000,15.000,109,20374
1513009680,15.000,15.000,15.000,15.000,109,20374
1513009740,15.000,15.000,15.000,15.000,109,20374
1513009800,15.000,15.000,15.000,15.000,109,20374
1513009860,15.000,15.000,15.000,15.000,109,20374
1513009920,15.000,15.000,15.000,15.000,109,20374
1513009980,15.000,15.000,15.000,15.000,109,20374
1513010040,15.000,15.000,15.000,15.000,109,20374
1513010100,15.000,15.000,15.000,15.000,109,20374
1513010160,15.000,15.000,15.000,15.000,109,20374
1513010220,15.000,15.000,15.000,15.000,109,20374
1513010280,15.000,15.000,15.000,15.000,109,20374
1513010340,15.000,15.000,15.000,15.000,109,20374
1513010400,15.000,15.000,15.000,15.000,41,20923
1513010460,15.000,15.000,15.000,15.000,38,20923
1513010520,15.000,15.000,15.000,15.000,38,20923
1513010580,15.000,15.000,15.000,15.000,38,20923
1513010640,15.000,15.000,15.000,15.000,38,20923
1513010700,15.000,15.000,15.000,15.000,147,21116
1513010760,15.000,15.000,15.000,15.000,143,21116
1513010820,15.000,15.050,15.000,15.050,143,21116
1513010880,15.000,15.050,15.000,15.050,143,21116
1513010940,15.000,15.050,15.000,15.050,143,21116
1513011000,15.000,15.050,15.000,15.050,143,21116
1513011060,15.000,15.050,15.000,15.050,143,21116
1513011120,15.000,15.050,15.000,15.050,143,21116
1513011180,15.000,15.050,15.000,15.050,143,21116
1513011240,15.000,15.050,15.000,15.050,143,21116
1513011300,15.000,15.050,15.000,15.050,1144,21835
1513011360,15.000,15.000,14.950,15.000,1140,21835
1513011420,15.050,15.050,15.050,15.050,1140,21835
1513011480,15.050,15.050,15.050,15.050,1140,21835
1513011540,15.050,15.050,15.050,15.050,1140,21835
1513011600,15.050,15.050,15.050,15.050,506,27539
1513011660,15.000,15.000,15.000,15.000,502,27539
1513011720,15.025,15.025,15.025,15.025,502,27539
1513011780,15.025,15.025,15.025,15.025,502,27539
1513011840,15.025,15.025,15.000,15.025,502,27539
1513011900,15.050,15.050,15.050,15.050,513,30053
1513011960,15.050,15.050,15.050,15.050,512,30053
1513012020,15.025,15.025,15.025,15.025,512,30053
1513012080,15.050,15.050,15.050,15.050,512,30053
1513012140,15.050,15.050,15.050,15.050,512,30053
1513012200,15.050,15.050,15.050,15.050,95,32614
1513012260,15.000,15.000,15.000,15.000,94,32614
1513012320,15.000,15.000,15.000,15.000,94,32614
1513012380,15.000,15.000,15.000,15.000,94,32614
1513012440,15.000,15.000,15.000,15.000,94,32614
1513012500,15.000,15.000,15.000,15.000,881,33085
1513012560,15.000,15.000,15.000,15.000,877,33085
1513012620,15.050,15.050,15.050,15.050,877,33085
1513012680,15.150,15.150,15.100,15.150,877,33085
1513012740,15.150,15.150,15.100,15.150,877,33085
1513012800,15.150,15.150,15.100,15.150,20,37474
1513012860,15.150,15.150,15.100,15.150,20,37474
1513012920,15.150,15.150,15.100,15.150,20,37474
1513012980,15.100,15.100,15.100,15.100,20,37474
1513013040,15.100,15.100,15.100,15.100,20,37474
1513013100,15.100,15.100,15.100,15.100,888,37574
1513013160,15.125,15.075,15.075,15.125,887,37574
1513013220,15.075,15.100,15.075,15.100,887,37574
1513013280,15.100,15.125,15.100,15.125,887,37574
1513013340,15.100,15.100,15.100,15.100,887,37574
1513013400,15.125,15.100,15.100,15.125,259,42010
1513013460,15.100,15.100,15.100,15.100,257,42010
1513013520,15.150,15.125,15.125,15.150,257,42010
1513013580,15.150,15.125,15.125,15.150,257,42010
1513013640,15.150,15.125,15.125,15.150,257,42010
1513013700,15.150,15.125,15.125,15.150,257,42010
1513013760,15.150,15.125,15.125,15.150,257,42010
1513013820,15.150,15.125,15.125,15.150,257,42010
1513013880,15.150,15.125,15.125,15.150,257,42010
1513013940,15.150,15.125,15.125,15.150,257,42010
1513014000,15.150,15.125,15.125,15.150,257,42010
1513014060,15.150,15.125,15.125,15.150,257,42010
1513014120,15.150,15.125,15.125,15.150,257,42010
1513014180,15.150,15.125,15.125,15.150,257,42010
1513014240,15.150,15.125,15.125,15.150,257,42010
1513014300,15.150,15.125,15.125,15.150,257,42010
1513014360,15.150,15.125,15.125,15.150,257,42010
1513014420,15.150,15.125,15.125,15.150,257,42010
1513014480,15.150,15.125,15.125,15.150,257,42010
1513014540,15.150,15.125,15.125,15.150,257,42010
1513014600,15.150,15.125,15.125,15.150,285,43297
1513014660,15.150,15.125,15.125,15.150,282,43297
1513014720,15.068,15.075,15.068,15.075,282,43297
1513014780,15.100,15.100,15.100,15.100,282,43297
1513014840,15.100,15.100,15.100,15.100,282,43297
1513014900,15.100,15.100,15.100,15.100,23,44710
1513014960,15.100,15.100,15.100,15.100,20,44710
1513015020,15.050,15.050,15.050,15.050,20,44710
1513015080,15.050,15.050,15.050,15.050,20,44710
1513015140,15.050,15.050,15.050,15.050,20,44710
1513015200,15.050,15.050,15.050,15.050,334,44813
1513015260,15.075,15.075,15.075,15.075,333,44813
1513015320,15.100,15.100,15.100,15.100,333,44813
1513015380,15.100,15.100,15.100,15.100,333,44813
1513015440,15.075,15.075,15.075,15.075,333,44813
1513015500,15.100,15.100,15.100,15.100,688,46479
1513015560,15.100,15.100,15.100,15.100,686,46479
1513015620,15.100,15.150,15.100,15.150,686,46479
1513015680,15.100,15.150,15.100,15.150,686,46479
1513015740,15.100,15.150,15.100,15.150,686,46479
1513015800,15.100,15.150,15.100,15.150,44,49911
1513015860,15.100,15.150,15.100,15.150,40,49911
1513015920,15.100,15.150,15.100,15.150,40,49911
1513015980,15.125,15.125,15.125,15.125,40,49911
1513016040,15.125,15.125,15.125,15.125,40,49911
1513016100,15.125,15.125,15.125,15.125,645,50115
1513016160,15.125,15.125,15.125,15.125,645,50115
1513016220,15.100,15.100,15.100,15.100,645,50115
1513016280,15.100,15.100,15.100,15.100,645,50115
1513016340,15.150,15.200,15.150,15.200,645,50115
1513016400,15.175,15.175,15.175,15.175,141,53340
1513016460,15.200,15.200,15.200,15.200,140,53340
1513016520,15.200,15.200,15.200,15.200,140,53340
1513016580,15.150,15.150,15.150,15.150,140,53340
1513016640,15.150,15.150,15.150,15.150,140,53340
1513016700,15.100,15.100,15.100,15.100,160,54041
1513016760,15.100,15.100,15.100,15.100,160,54041
1513016820,15.100,15.100,15.100,15.100,160,54041
1513016880,15.100,15.100,15.100,15.100,160,54041
1513016940,15.100,15.100,15.100,15.100,160,54041
1513017000,15.100,15.100,15.100,15.100,160,54041
1513017060,15.100,15.100,15.100,15.100,160,54041
1513017120,15.100,15.100,15.100,15.100,160,54041
1513017180,15.100,15.100,15.100,15.100,160,54041
1513017240,15.100,15.100,15.100,15.100,160,54041
1513017300,15.100,15.075,15.075,15.100,62,54841
1513017360,15.100,15.075,15.075,15.100,61,54841
1513017420,15.100,15.075,15.075,15.100,61,54841
1513017480,15.100,15.075,15.075,15.100,61,54841
1513017540,15.100,15.075,15.075,15.100,61,54841
1513017600,15.100,15.075,15.075,15.100,64,55147
1513017660,15.100,15.075,15.075,15.100,63,55147
1513017720,15.100,15.075,15.075,15.100,63,55147
1513017780,15.100,15.075,15.075,15.100,63,55147
1513017840,15.100,15.100,15.100,15.100,63,55147
1513017900,15.100,15.100,15.100,15.100,290,55463
1513017960,15.125,15.125,15.125,15.125,287,55463
1513018020,15.125,15.125,15.125,15.125,287,55463
1513018080,15.125,15.125,15.125,15.125,287,55463
1513018140,15.125,15.125,15.125,15.125,287,55463
1513018200,15.125,15.125,15.125,15.125,281,56901
1513018260,15.125,15.125,15.125,15.125,280,56901
1513018320,15.125,15.125,15.125,15.125,280,56901
1513018380,15.100,15.150,15.100,15.150,280,56901
1513018440,15.100,15.150,15.100,15.150,280,56901
1513018500,15.100,15.150,15.100,15.150,186,58302
1513018560,15.150,15.150,15.150,15.150,182,58302
1513018620,15.150,15.150,15.150,15.150,182,58302
1513018680,15.150,15.150,15.150,15.150,182,58302
1513018740,15.150,15.150,15.150,15.150,182,58302
1513018800,15.150,15.150,15.150,15.150,182,58302
1513018860,15.150,15.150,15.150,15.150,182,58302
1513018920,15.150,15.150,15.150,15.150,182,58302
1513018980,15.150,15.150,15.150,15.150,182,58302
1513019040,15.150,15.150,15.150,15.150,182,58302
1513019100,15.150,15.150,15.150,15.150,699,59216
1513019160,15.200,15.200,15.200,15.200,695,59216
1513019220,15.200,15.200,15.200,15.200,695,59216
1513019280,15.200,15.200,15.200,15.200,695,59216
1513019340,15.200,15.200,15.200,15.200,695,59216
1513019400,15.150,15.150,15.150,15.150,62,62695
1513019460,15.150,15.150,15.150,15.150,61,62695
1513019520,15.150,15.150,15.150,15.150,61,62695
1513019580,15.150,15.150,15.150,15.150,61,62695
1513019640,15.150,15.150,15.150,15.150,61,62695
1513019700,15.150,15.150,15.150,15.150,230,63001
1513019760,15.100,15.075,15.075,15.100,229,63001
1513019820,15.100,15.075,15.075,15.100,229,63001
1513019880,15.100,15.075,15.075,15.100,229,63001
1513019940,15.100,15.075,15.075,15.100,229,63001
1513020000,15.100,15.075,15.075,15.100,23,64147
1513020060,15.000,15.000,15.000,15.000,20,64147
1513020120,15.000,15.000,15.000,15.000,20,64147
1513020180,15.000,15.000,15.000,15.000,20,64147
1513020240,15.000,15.000,15.000,15.000,20,64147
1513020300,15.000,15.000,15.000,15.000,23,64250
1513020360,15.000,15.000,15.000,15.000,20,64250
1513020420,15.000,15.000,15.000,15.000,20,64250
1513020480,15.000,15.000,15.000,15.000,20,64250
1513020540,15.000,15.000,15.000,15.000,20,64250
1513020600,15.000,15.000,15.000,15.000,43,64353
1513020660,15.000,15.000,15.000,15.000,41,64353
1513020720,15.000,15.000,15.000,15.000,41,64353
1513020780,15.000,15.000,15.000,15.000,41,64353
1513020840,15.000,15.000,15.000,15.000,41,64353
1513020900,15.000,15.000,15.000,15.000,41,64353
1513020960,15.000,15.000,15.000,15.000,41,64353
1513021020,15.000,15.000,15.000,15.000,41,64353
1513021080,15.000,15.000,15.000,15.000,41,64353
1513021140,15.000,15.000,15.000,15.000,41,64353
1513021200,15.000,15.000,15.000,15.000,357,64560
1513021260,15.000,15.000,15.000,15.000,355,64560
1513021320,15.000,15.000,15.000,15.000,355,64560
1513021380,15.000,15.000,15.000,15.000,355,64560
1513021440,15.050,15.000,15.000,15.050,355,64560
1513021500,15.050,15.000,15.000,15.050,55,66337
1513021560,15.050,15.050,15.050,15.050,51,66337
1513021620,15.050,15.050,15.050,15.050,51,66337
1513021680,15.050,15.050,15.050,15.050,51,66337
1513021740,15.050,15.050,15.050,15.050,51,66337
1513021800,15.050,15.050,15.050,15.050,51,66337
1513021860,15.050,15.050,15.050,15.050,51,66337
1513021920,15.050,15.050,15.050,15.050,51,66337
1513021980,15.050,15.050,15.050,15.050,51,66337
1513022040,15.050,15.050,15.050,15.050,51,66337
1513022100,15.050,15.050,15.050,15.050,51,66337
1513022160,15.050,15.050,15.050,15.050,51,66337
1513022220,15.050,15.050,15.050,15.050,51,66337
1513022280,15.050,15.050,15.050,15.050,51,66337
1513022340,15.050,15.050,15.050,15.050,51,66337
1513022400,15.050,15.000,15.000,15.050,1008,66596
1513022460,15.050,15.000,15.000,15.050,1005,66596
1513022520,15.050,15.050,15.050,15.050,1005,66596
1513022580,15.050,15.050,15.050,15.050,1005,66596
1513022640,15.000,15.050,15.000,15.050,1005,66596
1513022700,15.100,15.050,15.050,15.100,403,71624
1513022760,15.100,15.050,15.050,15.100,400,71624
1513022820,15.050,15.050,15.050,15.050,400,71624
1513022880,15.025,15.050,15.025,15.050,400,71624
1513022940,15.025,15.050,15.025,15.050,400,71624
1513023000,15.025,15.025,15.025,15.025,841,73627
1513023060,15.025,15.025,15.025,15.025,841,73627
1513023120,15.000,15.000,15.000,15.001,841,73627
1513023180,15.025,15.050,15.025,15.050,841,73627
1513023240,15.000,15.050,15.000,15.050,841,73627
1513023300,15.050,15.050,15.050,15.050,1047,77832
1513023360,15.050,15.050,15.050,15.050,1047,77832
1513023420,15.050,15.100,15.050,15.100,1047,77832
1513023480,15.075,15.075,15.075,15.075,1047,77832
1513023540,15.100,15.100,15.100,15.100,1047,77832
1513023600,15.100,15.100,15.100,15.100,1425,83067
1513023660,15.050,15.050,15.050,15.050,1424,83067
1513023720,15.050,15.050,15.000,15.050,1424,83067
1513023780,15.050,15.075,15.050,15.075,1424,83067
1513023840,15.050,15.075,15.050,15.075,1424,83067
1513023900,15.050,15.075,15.050,15.075,97,90188
1513023960,15.075,15.075,15.075,15.075,93,90188
1513024020,15.075,15.075,15.075,15.075,93,90188
1513024080,15.075,15.075,15.075,15.075,93,90188
1513024140,15.100,15.100,15.100,15.100,93,90188
1513024200,15.075,15.075,15.075,15.075,225,90657
1513024260,15.075,15.075,15.075,15.075,221,90657
1513024320,15.075,15.075,15.075,15.075,221,90657
1513024380,15.050,15.050,15.050,15.050,221,90657
1513024440,15.075,15.075,15.075,15.075,221,90657
1513024500,15.100,15.100,15.100,15.100,985,91766
1513024560,15.075,15.100,15.075,15.100,985,91766
1513024620,15.075,15.075,15.050,15.075,985,91766
1513024680,15.100,15.100,15.100,15.100,985,91766
1513024740,15.100,15.100,15.100,15.100,985,91766
1513024800,15.100,15.100,15.100,15.100,1205,96691
1513024860,15.075,15.050,15.050,15.075,1203,96691
1513024920,15.075,15.050,15.025,15.075,1203,96691
1513024980,15.050,15.025,15.025,15.050,1203,96691
1513025040,15.050,15.050,15.000,15.050,1203,96691
1513025100,15.050,15.050,15.050,15.050,663,102708
1513025160,15.100,15.075,15.000,15.100,662,102708
1513025220,15.050,15.050,15.050,15.050,662,102708
1513025280,15.050,15.025,15.025,15.050,662,102708
1513025340,15.050,15.050,15.050,15.050,662,102708
1513025400,15.050,15.000,15.000,15.050,547,106019
1513025460,15.050,15.025,15.025,15.050,544,106019
1513025520,15.000,15.000,15.000,15.000,544,106019
1513025580,15.025,15.025,15.025,15.025,544,106019
1513025640,15.000,15.050,15.000,15.050,544,106019
1513025700,15.025,15.000,15.000,15.050,5874,108742
1513025760,15.000,15.000,15.000,15.000,5873,108742
1513025820,15.075,15.100,15.050,15.100,5873,108742
1513025880,15.075,15.050,15.050,15.100,5873,108742
1513025940,15.050,15.050,15.050,15.100,5873,108742
1513089000,15.050,15.000,15.000,15.050,485,0
1513089060,15.000,15.000,15.000,15.000,482,0
1513089120,15.000,15.000,15.000,15.000,482,0
1513089180,15.000,15.150,15.000,15.150,482,0
1513089240,15.000,15.150,15.000,15.150,482,0
1513089300,15.000,15.150,15.000,15.150,120,2413
1513089360,15.000,15.150,15.000,15.150,117,2413
1513089420,15.000,15.150,15.000,15.150,117,2413
1513089480,15.250,15.250,15.250,15.250,117,2413
1513089540,15.200,15.200,15.200,15.200,117,2413
1513089600,15.200,15.200,15.200,15.200,20,3001
1513089660,15.200,15.200,15.200,15.200,20,3001
1513089720,15.200,15.200,15.200,15.200,20,3001
1513089780,15.200,15.200,15.200,15.200,20,3001
1513089840,15.200,15.200,15.200,15.200,20,3001
1513089900,15.250,15.250,15.250,15.250,89,3101
1513089960,15.250,15.250,15.250,15.250,88,3101
1513090020,15.250,15.250,15.250,15.250,88,3101
1513090080,15.250,15.250,15.250,15.250,88,3101
1513090140,15.250,15.250,15.250,15.250,88,3101
1513090200,15.250,15.250,15.250,15.250,88,3101
1513090260,15.250,15.250,15.250,15.250,88,3101
1513090320,15.250,15.250,15.250,15.250,88,3101
1513090380,15.250,15.250,15.250,15.250,88,3101
1513090440,15.250,15.250,15.250,15.250,88,3101
1513090500,15.250,15.250,15.250,15.250,146,3542
1513090560,15.250,15.250,15.250,15.250,146,3542
1513090620,15.200,15.200,15.200,15.200,146,3542
1513090680,15.200,15.200,15.200,15.200,146,3542
1513090740,15.200,15.200,15.200,15.200,146,3542
1513090800,15.200,15.200,15.200,15.200,470,4272
1513090860,15.200,15.200,15.200,15.200,467,4272
1513090920,15.200,15.200,15.200,15.200,467,4272
1513090980,15.200,15.200,15.200,15.200,467,4272
1513091040,15.150,15.150,15.150,15.150,467,4272
1513091100,15.150,15.150,15.150,15.150,101,6610
1513091160,15.150,15.150,15.150,15.150,101,6610
1513091220,15.150,15.150,15.150,15.150,101,6610
1513091280,15.150,15.150,15.150,15.150,101,6610
1513091340,15.200,15.200,15.200,15.200,101,6610
1513091400,15.200,15.200,15.200,15.200,101,6610
1513091460,15.200,15.200,15.200,15.200,101,6610
1513091520,15.200,15.200,15.200,15.200,101,6610
1513091580,15.200,15.200,15.200,15.200,101,6610
1513091640,15.200,15.200,15.200,15.200,101,6610
1513091700,15.200,15.200,15.200,15.200,101,6610
1513091760,15.200,15.200,15.200,15.200,101,6610
1513091820,15.200,15.200,15.200,15.200,101,6610
1513091880,15.200,15.200,15.200,15.200,101,6610
1513091940,15.200,15.200,15.200,15.200,101,6610
1513092000,15.250,15.250,15.250,15.250,249,7115
1513092060,15.250,15.250,15.250,15.250,245,7115
1513092120,15.250,15.250,15.250,15.250,245,7115
1513092180,15.250,15.250,15.250,15.250,245,7115
1513092240,15.250,15.250,15.250,15.250,245,7115
1513092300,15.250,15.250,15.250,15.250,83,8344
1513092360,15.250,15.250,15.250,15.250,82,8344
1513092420,15.250,15.250,15.250,15.250,82,8344
1513092480,15.250,15.250,15.250,15.250,82,8344
1513092540,15.200,15.200,15.200,15.200,82,8344
1513092600,15.200,15.200,15.200,15.200,482,8755
1513092660,15.200,15.200,15.200,15.200,482,8755
1513092720,15.250,15.200,15.200,15.250,482,8755
1513092780,15.250,15.200,15.200,15.250,482,8755
1513092840,15.150,15.150,15.150,15.150,482,8755
1513092900,15.150,15.150,15.150,15.150,43,11165
1513092960,15.150,15.150,15.150,15.150,40,11165
1513093020,15.150,15.150,15.150,15.150,40,11165
1513093080,15.150,15.150,15.150,15.150,40,11165
1513093140,15.200,15.200,15.200,15.200,40,11165
1513093200,15.200,15.200,15.200,15.200,65,11368
1513093260,15.200,15.200,15.200,15.200,63,11368
1513093320,15.150,15.150,15.150,15.150,63,11368
1513093380,15.100,15.100,15.100,15.100,63,11368
1513093440,15.100,15.100,15.100,15.100,63,11368
1513093500,15.100,15.100,15.100,15.100,30,11685
1513093560,15.125,15.125,15.125,15.125,29,11685
1513093620,15.125,15.125,15.125,15.125,29,11685
1513093680,15.125,15.125,15.125,15.125,29,11685
1513093740,15.125,15.125,15.125,15.125,29,11685
1513093800,15.125,15.125,15.125,15.125,1886,11831
1513093860,15.125,15.125,15.125,15.125,1884,11831
1513093920,15.125,15.050,15.050,15.125,1884,11831
1513093980,15.125,15.050,15.050,15.125,1884,11831
1513094040,15.125,15.050,15.050,15.125,1884,11831
1513094100,15.125,15.050,15.050,15.125,126,21253
1513094160,15.125,15.050,15.050,15.125,126,21253
1513094220,15.100,15.100,15.100,15.100,126,21253
1513094280,15.100,15.100,15.100,15.100,126,21253
1513094340,15.075,15.075,15.075,15.075,126,21253
1513094400,15.075,15.075,15.075,15.075,134,21883
1513094460,15.075,15.075,15.075,15.075,134,21883
1513094520,15.050,15.100,15.050,15.100,134,21883
1513094580,15.050,15.100,15.050,15.100,134,21883
1513094640,15.050,15.100,15.050,15.100,134,21883
1513094700,15.050,15.100,15.050,15.100,229,22553
1513094760,15.050,15.050,15.050,15.050,227,22553
1513094820,15.050,15.050,15.050,15.050,227,22553
1513094880,15.050,15.050,15.050,15.050,227,22553
1513094940,15.050,15.025,15.025,15.050,227,22553
1513095000,15.050,15.025,15.025,15.050,385,23690
1513095060,15.025,15.050,15.025,15.050,383,23690
1513095120,15.050,15.050,15.050,15.050,383,23690
1513095180,15.050,15.050,15.050,15.050,383,23690
1513095240,15.050,15.050,15.050,15.050,383,23690
1513095300,15.050,15.050,15.050,15.050,383,23690
1513095360,15.050,15.050,15.050,15.050,383,23690
1513095420,15.050,15.050,15.050,15.050,383,23690
1513095480,15.050,15.050,15.050,15.050,383,23690
1513095540,15.050,15.050,15.050,15.050,383,23690
1513095600,15.050,15.050,15.050,15.050,287,25607
1513095660,15.050,15.050,15.050,15.050,283,25607
1513095720,15.100,15.100,15.100,15.100,283,25607
1513095780,15.100,15.100,15.100,15.100,283,25607
1513095840,15.100,15.100,15.100,15.100,283,25607
1513095900,15.100,15.100,15.100,15.100,286,27026
1513095960,15.100,15.100,15.100,15.100,282,27026
1513096020,15.100,15.100,15.100,15.100,282,27026
1513096080,15.100,15.100,15.100,15.100,282,27026
1513096140,15.100,15.100,15.100,15.100,282,27026
1513096200,15.100,15.100,15.100,15.100,344,28440
1513096260,15.075,15.075,15.075,15.075,344,28440
1513096320,15.075,15.075,15.075,15.075,344,28440
1513096380,15.075,15.075,15.075,15.075,344,28440
1513096440,15.075,15.075,15.075,15.075,344,28440
1513096500,15.075,15.050,15.050,15.075,185,30160
1513096560,15.075,15.050,15.050,15.075,182,30160
1513096620,15.075,15.075,15.075,15.075,182,30160
1513096680,15.075,15.075,15.075,15.075,182,30160
1513096740,15.075,15.075,15.075,15.075,182,30160
1513096800,15.100,15.100,15.100,15.100,40,31073
1513096860,15.100,15.100,15.100,15.100,40,31073
1513096920,15.100,15.100,15.100,15.100,40,31073
1513096980,15.100,15.100,15.100,15.100,40,31073
1513097040,15.100,15.100,15.100,15.100,40,31073
1513097100,15.075,15.075,15.075,15.075,47,31273
1513097160,15.075,15.075,15.075,15.075,43,31273
1513097220,15.075,15.075,15.075,15.075,43,31273
1513097280,15.075,15.075,15.075,15.075,43,31273
1513097340,15.075,15.075,15.075,15.075,43,31273
1513097400,15.075,15.075,15.075,15.075,221,31492
1513097460,15.075,15.075,15.075,15.075,219,31492
1513097520,15.050,15.100,15.050,15.100,219,31492
1513097580,15.050,15.050,15.050,15.050,219,31492
1513097640,15.050,15.050,15.050,15.050,219,31492
1513097700,15.050,15.050,15.050,15.050,83,32589
1513097760,15.050,15.050,15.050,15.050,82,32589
1513097820,15.050,15.050,15.050,15.050,82,32589
1513097880,15.000,15.050,15.000,15.050,82,32589
1513097940,15.000,15.050,15.000,15.050,82,32589
1513098000,15.000,15.050,15.000,15.050,82,32589
1513098060,15.000,15.050,15.000,15.050,82,32589
1513098120,15.000,15.050,15.000,15.050,82,32589
1513098180,15.000,15.050,15.000,15.050,82,32589
1513098240,15.000,15.050,15.000,15.050,82,32589
1513098300,15.000,15.050,15.000,15.050,89,33000
1513098360,15.000,15.050,15.000,15.050,88,33000
1513098420,15.000,15.050,15.000,15.050,88,33000
1513098480,15.000,15.050,15.000,15.050,88,33000
1513098540,15.000,15.000,15.000,15.000,88,33000
1513098600,15.000,15.000,15.000,15.000,40,33441
1513098660,15.050,15.050,15.050,15.050,40,33441
1513098720,15.050,15.050,15.050,15.050,40,33441
1513098780,15.050,15.050,15.050,15.050,40,33441
1513098840,15.050,15.050,15.050,15.050,40,33441
1513098900,15.050,15.050,15.050,15.050,65,33641
1513098960,15.050,15.050,15.050,15.050,64,33641
1513099020,15.050,15.050,15.050,15.050,64,33641
1513099080,15.050,15.050,15.050,15.050,64,33641
1513099140,15.025,15.050,15.025,15.050,64,33641
1513099200,15.025,15.050,15.025,15.050,64,33641
1513099260,15.025,15.050,15.025,15.050,64,33641
1513099320,15.025,15.050,15.025,15.050,64,33641
1513099380,15.025,15.050,15.025,15.050,64,33641
1513099440,15.025,15.050,15.025,15.050,64,33641
1513099500,15.025,15.050,15.025,15.050,51,33962
1513099560,15.025,15.050,15.025,15.050,49,33962
1513099620,15.025,15.050,15.025,15.050,49,33962
1513099680,15.025,15.050,15.025,15.050,49,33962
1513099740,15.050,15.050,15.050,15.050,49,33962
1513099800,15.025,15.025,15.025,15.025,128,34209
1513099860,15.025,15.025,15.025,15.025,124,34209
1513099920,15.000,15.025,15.000,15.025,124,34209
1513099980,15.000,15.025,15.000,15.025,124,34209
1513100040,15.000,15.025,15.000,15.025,124,34209
1513100100,15.000,15.025,15.000,15.025,124,34209
1513100160,15.000,15.025,15.000,15.025,124,34209
1513100220,15.000,15.025,15.000,15.025,124,34209
1513100280,15.000,15.025,15.000,15.025,124,34209
1513100340,15.000,15.025,15.000,15.025,124,34209
1513100400,15.000,15.025,15.000,15.025,124,34209
1513100460,15.000,15.025,15.000,15.025,124,34209
1513100520,15.000,15.025,15.000,15.025,124,34209
1513100580,15.000,15.025,15.000,15.025,124,34209
1513100640,15.000,15.025,15.000,15.025,124,34209
1513100700,15.000,15.025,15.000,15.025,763,34833
1513100760,15.000,15.025,15.000,15.025,763,34833
1513100820,15.000,15.025,15.000,15.025,763,34833
1513100880,15.050,15.050,15.000,15.100,763,34833
1513100940,15.050,15.050,15.000,15.100,763,34833
1513101000,15.050,15.050,15.000,15.100,181,38648
1513101060,15.050,15.050,15.000,15.100,180,38648
1513101120,15.050,15.050,15.000,15.100,180,38648
1513101180,15.050,15.050,15.000,15.100,180,38648
1513101240,15.050,15.050,15.050,15.050,180,38648
1513101300,15.050,15.050,15.050,15.050,25,39549
1513101360,15.050,15.050,15.050,15.050,21,39549
1513101420,15.050,15.050,15.050,15.050,21,39549
1513101480,15.050,15.050,15.050,15.050,21,39549
1513101540,15.050,15.050,15.050,15.050,21,39549
1513101600,15.050,15.050,15.050,15.050,607,39658
1513101660,15.050,15.050,15.050,15.050,607,39658
1513101720,15.050,15.050,15.050,15.050,607,39658
1513101780,15.000,15.050,15.000,15.050,607,39658
1513101840,15.050,15.025,15.025,15.050,607,39658
1513101900,15.050,15.025,15.025,15.050,101,42693
1513101960,15.050,15.025,15.025,15.050,100,42693
1513102020,15.050,15.025,15.025,15.050,100,42693
1513102080,15.050,15.025,15.025,15.050,100,42693
1513102140,15.050,15.025,15.025,15.050,100,42693
1513102200,15.050,15.025,15.025,15.050,250,43194
1513102260,15.050,15.025,15.025,15.050,248,43194
1513102320,15.050,15.025,15.025,15.050,248,43194
1513102380,15.050,15.025,15.025,15.050,248,43194
1513102440,15.050,15.100,15.050,15.100,248,43194
1513102500,15.050,15.100,15.050,15.100,248,43194
1513102560,15.050,15.100,15.050,15.100,248,43194
1513102620,15.050,15.100,15.050,15.100,248,43194
1513102680,15.050,15.100,15.050,15.100,248,43194
1513102740,15.050,15.100,15.050,15.100,248,43194
1513102800,15.050,15.100,15.050,15.100,269,44436
1513102860,15.050,15.100,15.050,15.100,266,44436
1513102920,15.050,15.100,15.050,15.100,266,44436
1513102980,15.050,15.100,15.050,15.100,266,44436
1513103040,15.150,15.150,15.150,15.150,266,44436
1513103100,15.150,15.150,15.150,15.150,266,44436
1513103160,15.150,15.150,15.150,15.150,266,44436
1513103220,15.150,15.150,15.150,15.150,266,44436
1513103280,15.150,15.150,15.150,15.150,266,44436
1513103340,15.150,15.150,15.150,15.150,266,44436
1513103400,15.100,15.100,15.100,15.100,264,45769
1513103460,15.100,15.100,15.100,15.100,262,45769
1513103520,15.100,15.100,15.100,15.100,262,45769
1513103580,15.100,15.100,15.100,15.100,262,45769
1513103640,15.100,15.100,15.100,15.100,262,45769
1513103700,15.100,15.100,15.100,15.100,262,45769
1513103760,15.100,15.100,15.100,15.100,262,45769
1513103820,15.100,15.100,15.100,15.100,262,45769
1513103880,15.100,15.100,15.100,15.100,262,45769
1513103940,15.100,15.100,15.100,15.100,262,45769
1513104000,15.100,15.100,15.100,15.100,262,45769
1513104060,15.100,15.100,15.100,15.100,262,45769
1513104120,15.100,15.100,15.100,15.100,262,45769
1513104180,15.100,15.100,15.100,15.100,262,45769
1513104240,15.100,15.100,15.100,15.100,262,45769
1513104300,15.100,15.100,15.100,15.100,262,45769
1513104360,15.100,15.100,15.100,15.100,262,45769
1513104420,15.100,15.100,15.100,15.100,262,45769
1513104480,15.100,15.100,15.100,15.100,262,45769
1513104540,15.100,15.100,15.100,15.100,262,45769
1513104600,15.100,15.100,15.100,15.100,237,47081
1513104660,15.100,15.100,15.100,15.100,235,47081
1513104720,15.050,15.050,15.050,15.050,235,47081
1513104780,15.050,15.050,15.050,15.050,235,47081
1513104840,15.050,15.050,15.050,15.050,235,47081
1513104900,15.050,15.050,15.050,15.050,45,48258
1513104960,15.050,15.050,15.050,15.050,45,48258
1513105020,15.050,15.050,15.050,15.050,45,48258
1513105080,15.150,15.150,15.150,15.150,45,48258
1513105140,15.150,15.150,15.150,15.150,45,48258
1513105200,15.150,15.100,15.100,15.150,229,48483
1513105260,15.150,15.100,15.100,15.150,228,48483
1513105320,15.150,15.100,15.100,15.150,228,48483
1513105380,15.150,15.100,15.100,15.150,228,48483
1513105440,15.150,15.100,15.100,15.150,228,48483
1513105500,15.150,15.100,15.100,15.150,228,48483
1513105560,15.150,15.100,15.100,15.150,228,48483
1513105620,15.150,15.100,15.100,15.150,228,48483
1513105680,15.150,15.100,15.100,15.150,228,48483
1513105740,15.150,15.100,15.100,15.150,228,48483
1513105800,15.150,15.100,15.100,15.150,228,48483
1513105860,15.150,15.100,15.100,15.150,228,48483
1513105920,15.150,15.100,15.100,15.150,228,48483
1513105980,15.150,15.100,15.100,15.150,228,48483
1513106040,15.150,15.100,15.100,15.150,228,48483
1513106100,15.150,15.100,15.100,15.150,228,48483
1513106160,15.150,15.100,15.100,15.150,228,48483
1513106220,15.150,15.100,15.100,15.150,228,48483
1513106280,15.150,15.100,15.100,15.150,228,48483
1513106340,15.150,15.100,15.100,15.150,228,48483
1513106400,15.150,15.100,15.100,15.150,228,48483
1513106460,15.150,15.100,15.100,15.150,228,48483
1513106520,15.150,15.100,15.100,15.150,228,48483
1513106580,15.150,15.100,15.100,15.150,228,48483
1513106640,15.150,15.100,15.100,15.150,228,48483
1513106700,15.150,15.100,15.100,15.150,215,49624
1513106760,15.100,15.100,15.100,15.100,213,49624
1513106820,15.100,15.100,15.100,15.100,213,49624
1513106880,15.100,15.100,15.100,15.100,213,49624
1513106940,15.100,15.100,15.100,15.100,213,49624
1513107000,15.100,15.100,15.100,15.100,213,49624
1513107060,15.100,15.100,15.100,15.100,213,49624
1513107120,15.100,15.100,15.100,15.100,213,49624
1513107180,15.100,15.100,15.100,15.100,213,49624
1513107240,15.100,15.100,15.100,15.100,213,49624
1513107300,15.100,15.100,15.100,15.100,213,49624
1513107360,15.100,15.100,15.100,15.100,213,49624
1513107420,15.100,15.100,15.100,15.100,213,49624
1513107480,15.100,15.100,15.100,15.100,213,49624
1513107540,15.100,15.100,15.100,15.100,213,49624
1513107600,15.050,15.050,15.050,15.050,544,50691
1513107660,15.050,15.025,15.025,15.050,544,50691
1513107720,15.100,15.100,15.100,15.100,544,50691
1513107780,15.000,15.000,15.000,15.000,544,50691
1513107840,15.000,15.000,15.000,15.000,544,50691
1513107900,15.000,15.050,15.000,15.050,262,53411
1513107960,15.000,15.050,15.000,15.050,262,53411
1513108020,15.000,15.000,15.000,15.000,262,53411
1513108080,15.000,15.000,15.000,15.000,262,53411
1513108140,15.000,15.000,15.000,15.000,262,53411
1513108200,15.000,15.000,15.000,15.000,353,54721
1513108260,15.050,15.050,15.000,15.050,353,54721
1513108320,15.000,15.000,15.000,15.000,353,54721
1513108380,15.000,15.000,15.000,15.000,353,54721
1513108440,15.000,15.000,15.000,15.000,353,54721
1513108500,15.000,15.000,15.000,15.000,44,56486
1513108560,15.000,15.000,15.000,15.000,42,56486
1513108620,14.950,14.950,14.950,14.950,42,56486
1513108680,14.950,14.950,14.950,14.950,42,56486
1513108740,14.950,14.950,14.950,14.950,42,56486
1513108800,14.950,14.950,14.950,14.950,63,56698
1513108860,14.950,14.950,14.950,14.950,63,56698
1513108920,14.950,14.950,14.950,14.950,63,56698
1513108980,14.950,14.950,14.950,14.950,63,56698
1513109040,14.950,14.950,14.950,14.950,63,56698
1513109100,14.950,14.950,14.950,14.950,40,57013
1513109160,14.950,14.950,14.950,14.950,40,57013
1513109220,14.950,14.950,14.950,14.950,40,57013
1513109280,15.000,15.000,15.000,15.000,40,57013
1513109340,15.000,15.000,15.000,15.000,40,57013
1513109400,15.000,15.000,15.000,15.000,40,57013
1513109460,15.000,15.000,15.000,15.000,40,57013
1513109520,15.000,15.000,15.000,15.000,40,57013
1513109580,15.000,15.000,15.000,15.000,40,57013
1513109640,15.000,15.000,15.000,15.000,40,57013
1513109700,15.000,15.000,15.000,15.000,1161,57213
1513109760,15.000,15.000,15.000,15.000,1158,57213
1513109820,15.000,15.000,15.000,15.000,1158,57213
1513109880,15.000,15.000,15.000,15.000,1158,57213
1513109940,15.000,14.975,14.975,15.000,1158,57213
1513110000,15.000,14.975,14.975,15.000,581,63006
1513110060,14.975,14.975,14.975,14.975,580,63006
1513110120,14.975,14.975,14.975,14.975,580,63006
1513110180,14.975,14.975,14.975,14.975,580,63006
1513110240,14.975,15.019,14.975,15.050,580,63006
1513110300,15.000,15.000,15.000,15.000,133,65907
1513110360,15.000,15.000,15.000,15.000,133,65907
1513110420,15.000,15.000,15.000,15.000,133,65907
1513110480,15.050,15.050,15.050,15.050,133,65907
1513110540,15.050,15.050,15.050,15.050,133,65907
1513110600,15.050,15.050,15.050,15.050,43,66572
1513110660,15.050,15.050,15.050,15.050,39,66572
1513110720,15.000,15.000,15.000,15.000,39,66572
1513110780,15.000,15.000,15.000,15.000,39,66572
1513110840,15.000,15.000,15.000,15.000,39,66572
1513110900,15.000,15.000,15.000,15.000,245,66771
1513110960,15.000,15.000,15.000,15.000,243,66771
1513111020,15.050,14.975,14.950,15.050,243,66771
1513111080,14.975,14.975,14.975,14.975,243,66771
1513111140,15.000,15.000,15.000,15.000,243,66771
1513111200,15.000,15.000,15.000,15.000,350,67988
1513111260,15.000,15.000,15.000,15.000,350,67988
1513111320,14.975,14.975,14.975,14.975,350,67988
1513111380,14.975,14.975,14.975,14.975,350,67988
1513111440,14.950,15.000,14.950,15.000,350,67988
1513111500,14.950,15.000,14.950,15.000,249,69738
1513111560,14.950,15.000,14.950,15.000,246,69738
1513111620,15.000,15.000,15.000,15.000,246,69738
1513111680,15.000,15.000,15.000,15.000,246,69738
1513111740,15.025,15.025,15.025,15.025,246,69738
1513111800,15.000,14.950,14.950,15.000,3477,70971
1513111860,14.975,15.000,14.950,15.050,3476,70971
1513111920,15.000,14.975,14.950,15.000,3476,70971
1513111980,14.975,15.000,14.975,15.000,3476,70971
1513112040,15.000,15.000,14.950,15.000,3476,70971
1513112100,15.000,15.000,14.950,15.000,820,88352
1513112160,14.975,14.950,14.950,14.975,820,88352
1513112220,14.950,14.950,14.950,14.950,820,88352
1513112280,15.000,15.000,15.000,15.000,820,88352
1513112340,14.975,14.900,14.900,14.975,820,88352
1513175400,14.900,14.850,14.850,14.900,400,0
1513175460,14.900,14.850,14.850,14.900,399,0
1513175520,14.900,14.850,14.850,14.900,399,0
1513175580,14.900,14.900,14.900,14.900,399,0
1513175640,14.900,14.900,14.900,14.900,399,0
1513175700,14.900,14.900,14.900,14.900,399,0
1513175760,14.900,14.900,14.900,14.900,399,0
1513175820,14.900,14.900,14.900,14.900,399,0
1513175880,14.900,14.900,14.900,14.900,399,0
1513175940,14.900,14.900,14.900,14.900,399,0
1513176000,14.900,14.900,14.900,14.900,399,0
1513176060,14.900,14.900,14.900,14.900,399,0
1513176120,14.900,14.900,14.900,14.900,399,0
1513176180,14.900,14.900,14.900,14.900,399,0
1513176240,14.900,14.900,14.900,14.900,399,0
1513176300,14.900,14.900,14.900,14.900,359,1996
1513176360,15.025,15.025,15.025,15.025,359,1996
1513176420,15.050,15.050,15.050,15.050,359,1996
1513176480,15.050,15.050,15.050,15.050,359,1996
1513176540,15.050,15.050,15.050,15.050,359,1996
1513176600,15.050,15.050,15.050,15.050,359,1996
1513176660,15.050,15.050,15.050,15.050,359,1996
1513176720,15.050,15.050,15.050,15.050,359,1996
1513176780,15.050,15.050,15.050,15.050,359,1996
1513176840,15.050,15.050,15.050,15.050,359,1996
1513176900,15.050,15.050,15.050,15.050,359,1996
1513176960,15.050,15.050,15.050,15.050,359,1996
1513177020,15.050,15.050,15.050,15.050,359,1996
1513177080,15.050,15.050,15.050,15.050,359,1996
1513177140,15.050,15.050,15.050,15.050,359,1996
1513177200,15.100,15.100,15.100,15.100,188,3791
1513177260,15.100,15.100,15.100,15.100,187,3791
1513177320,15.100,15.100,15.100,15.100,187,3791
1513177380,15.100,15.100,15.100,15.100,187,3791
1513177440,15.100,15.100,15.100,15.100,187,3791
1513177500,15.100,15.100,15.100,15.100,487,4727
1513177560,15.100,15.100,15.100,15.100,487,4727
1513177620,15.100,15.100,15.100,15.100,487,4727
1513177680,15.100,15.100,15.100,15.100,487,4727
1513177740,15.050,15.100,15.050,15.100,487,4727
1513177800,15.050,15.100,15.050,15.100,487,4727
1513177860,15.050,15.100,15.050,15.100,487,4727
1513177920,15.050,15.100,15.050,15.100,487,4727
1513177980,15.050,15.100,15.050,15.100,487,4727
1513178040,15.050,15.100,15.050,15.100,487,4727
1513178100,15.050,15.100,15.050,15.100,38,7162
1513178160,15.050,15.100,15.050,15.100,37,7162
1513178220,15.050,15.050,15.050,15.050,37,7162
1513178280,15.050,15.050,15.050,15.050,37,7162
1513178340,15.050,15.050,15.050,15.050,37,7162
1513178400,15.100,15.150,15.100,15.150,226,7348
1513178460,15.150,15.150,15.150,15.150,222,7348
1513178520,15.150,15.150,15.150,15.150,222,7348
1513178580,15.150,15.150,15.150,15.150,222,7348
1513178640,15.150,15.150,15.150,15.150,222,7348
1513178700,15.150,15.150,15.150,15.150,109,8462
1513178760,15.200,15.200,15.200,15.200,105,8462
1513178820,15.200,15.200,15.200,15.200,105,8462
1513178880,15.200,15.200,15.200,15.200,105,8462
1513178940,15.200,15.200,15.200,15.200,105,8462
1513179000,15.200,15.200,15.200,15.200,121,8991
1513179060,15.200,15.200,15.200,15.200,118,8991
1513179120,15.200,15.200,15.200,15.200,118,8991
1513179180,15.200,15.200,15.200,15.200,118,8991
1513179240,15.200,15.200,15.200,15.200,118,8991
1513179300,15.200,15.200,15.200,15.200,118,8991
1513179360,15.200,15.200,15.200,15.200,118,8991
1513179420,15.200,15.200,15.200,15.200,118,8991
1513179480,15.200,15.200,15.200,15.200,118,8991
1513179540,15.200,15.200,15.200,15.200,118,8991
1513179600,15.200,15.200,15.200,15.200,118,8991
1513179660,15.200,15.200,15.200,15.200,118,8991
1513179720,15.200,15.200,15.200,15.200,118,8991
1513179780,15.200,15.200,15.200,15.200,118,8991
1513179840,15.200,15.200,15.200,15.200,118,8991
1513179900,15.200,15.200,15.200,15.200,118,8991
1513179960,15.200,15.200,15.200,15.200,118,8991
1513180020,15.200,15.200,15.200,15.200,118,8991
1513180080,15.200,15.200,15.200,15.200,118,8991
1513180140,15.200,15.200,15.200,15.200,118,8991
1513180200,15.150,15.150,15.150,15.150,529,9584
1513180260,15.150,15.150,15.150,15.150,526,9584
1513180320,15.150,15.150,15.150,15.150,526,9584
1513180380,15.175,15.175,15.175,15.175,526,9584
1513180440,15.175,15.175,15.175,15.175,526,9584
1513180500,15.200,15.200,15.200,15.200,243,12217
1513180560,15.200,15.200,15.200,15.200,240,12217
1513180620,15.200,15.200,15.200,15.200,240,12217
1513180680,15.200,15.200,15.200,15.200,240,12217
1513180740,15.200,15.200,15.200,15.200,240,12217
1513180800,15.200,15.200,15.200,15.200,476,13420
1513180860,15.200,15.200,15.200,15.200,473,13420
1513180920,15.200,15.200,15.200,15.200,473,13420
1513180980,15.200,15.200,15.200,15.200,473,13420
1513181040,15.200,15.200,15.200,15.200,473,13420
1513181100,15.250,15.250,15.250,15.250,419,15788
1513181160,15.250,15.250,15.250,15.250,416,15788
1513181220,15.250,15.250,15.250,15.250,416,15788
1513181280,15.250,15.250,15.250,15.250,416,15788
1513181340,15.250,15.250,15.250,15.250,416,15788
1513181400,15.250,15.250,15.250,15.250,150,17871
1513181460,15.250,15.250,15.250,15.250,150,17871
1513181520,15.250,15.250,15.250,15.250,150,17871
1513181580,15.250,15.250,15.250,15.250,150,17871
1513181640,15.250,15.250,15.250,15.250,150,17871
1513181700,15.250,15.250,15.250,15.250,74,18621
1513181760,15.250,15.250,15.250,15.250,71,18621
1513181820,15.250,15.250,15.250,15.250,71,18621
1513181880,15.250,15.250,15.250,15.250,71,18621
1513181940,15.250,15.250,15.250,15.250,71,18621
1513182000,15.250,15.250,15.250,15.250,115,18979
1513182060,15.250,15.250,15.250,15.250,114,18979
1513182120,15.250,15.250,15.250,15.250,114,18979
1513182180,15.250,15.250,15.250,15.250,114,18979
1513182240,15.250,15.250,15.250,15.250,114,18979
1513182300,15.250,15.250,15.250,15.250,484,19550
1513182360,15.200,15.200,15.200,15.200,481,19550
1513182420,15.200,15.200,15.200,15.200,481,19550
1513182480,15.225,15.250,15.225,15.250,481,19550
1513182540,15.225,15.250,15.225,15.250,481,19550
1513182600,15.225,15.250,15.225,15.250,224,21958
1513182660,15.225,15.250,15.225,15.250,222,21958
1513182720,15.200,15.200,15.200,15.200,222,21958
1513182780,15.200,15.200,15.200,15.200,222,21958
1513182840,15.200,15.200,15.200,15.200,222,21958
1513182900,15.200,15.200,15.200,15.200,174,23070
1513182960,15.200,15.200,15.200,15.200,172,23070
1513183020,15.200,15.200,15.200,15.200,172,23070
1513183080,15.150,15.150,15.150,15.150,172,23070
1513183140,15.150,15.150,15.150,15.150,172,23070
1513183200,15.150,15.150,15.150,15.150,268,23932
1513183260,15.125,15.150,15.125,15.150,267,23932
1513183320,15.100,15.100,15.100,15.100,267,23932
1513183380,15.100,15.100,15.100,15.100,267,23932
1513183440,15.100,15.100,15.100,15.100,267,23932
1513183500,15.100,15.100,15.100,15.100,817,25268
1513183560,15.100,15.100,15.100,15.100,813,25268
1513183620,15.100,15.100,15.100,15.100,813,25268
1513183680,15.100,15.100,15.100,15.100,813,25268
1513183740,15.125,15.125,15.125,15.150,813,25268
1513183800,15.125,15.125,15.125,15.150,813,25268
1513183860,15.125,15.125,15.125,15.150,813,25268
1513183920,15.125,15.125,15.125,15.150,813,25268
1513183980,15.125,15.125,15.125,15.150,813,25268
1513184040,15.125,15.125,15.125,15.150,813,25268
1513184100,15.150,15.125,15.125,15.150,405,29337
1513184160,15.150,15.125,15.125,15.150,401,29337
1513184220,15.150,15.125,15.125,15.150,401,29337
1513184280,15.150,15.125,15.125,15.150,401,29337
1513184340,15.150,15.125,15.125,15.150,401,29337
1513184400,15.150,15.125,15.125,15.150,24,31346
1513184460,15.150,15.125,15.125,15.150,24,31346
1513184520,15.150,15.125,15.125,15.150,24,31346
1513184580,15.150,15.150,15.150,15.150,24,31346
1513184640,15.150,15.150,15.150,15.150,24,31346
1513184700,15.150,15.150,15.150,15.150,24,31346
1513184760,15.150,15.150,15.150,15.150,24,31346
1513184820,15.150,15.150,15.150,15.150,24,31346
1513184880,15.150,15.150,15.150,15.150,24,31346
1513184940,15.150,15.150,15.150,15.150,24,31346
1513185000,15.150,15.150,15.150,15.150,24,31466
1513185060,15.150,15.150,15.150,15.150,20,31466
1513185120,15.150,15.150,15.150,15.150,20,31466
1513185180,15.150,15.150,15.150,15.150,20,31466
1513185240,15.150,15.150,15.150,15.150,20,31466
1513185300,15.100,15.100,15.100,15.100,76,31570
1513185360,15.100,15.100,15.100,15.100,74,31570
1513185420,15.100,15.100,15.100,15.100,74,31570
1513185480,15.100,15.100,15.100,15.100,74,31570
1513185540,15.100,15.100,15.100,15.100,74,31570
1513185600,15.100,15.100,15.100,15.100,992,31942
1513185660,15.100,15.100,15.100,15.100,990,31942
1513185720,15.100,15.100,15.100,15.100,990,31942
1513185780,15.100,15.100,15.100,15.100,990,31942
1513185840,15.100,15.100,15.100,15.100,990,31942
1513185900,15.100,15.100,15.100,15.100,160,36894
1513185960,15.100,15.100,15.100,15.100,160,36894
1513186020,15.100,15.100,15.100,15.100,160,36894
1513186080,15.100,15.100,15.100,15.100,160,36894
1513186140,15.100,15.100,15.100,15.100,160,36894
1513186200,15.100,15.100,15.100,15.100,1020,37694
1513186260,15.100,15.100,15.100,15.100,1020,37694
1513186320,15.100,15.100,15.100,15.100,1020,37694
1513186380,15.100,15.100,15.100,15.100,1020,37694
1513186440,15.100,15.100,15.100,15.100,1020,37694
1513186500,15.100,15.100,15.100,15.100,72,42794
1513186560,15.125,15.125,15.125,15.125,68,42794
1513186620,15.050,15.081,15.050,15.081,68,42794
1513186680,15.050,15.081,15.050,15.081,68,42794
1513186740,15.050,15.081,15.050,15.081,68,42794
1513186800,15.050,15.081,15.050,15.081,24,43138
1513186860,15.050,15.081,15.050,15.081,20,43138
1513186920,15.050,15.081,15.050,15.081,20,43138
1513186980,15.100,15.100,15.100,15.100,20,43138
1513187040,15.100,15.100,15.100,15.100,20,43138
1513187100,15.100,15.100,15.100,15.100,20,43138
1513187160,15.100,15.100,15.100,15.100,20,43138
1513187220,15.100,15.100,15.100,15.100,20,43138
1513187280,15.100,15.100,15.100,15.100,20,43138
1513187340,15.100,15.100,15.100,15.100,20,43138
1513187400,15.050,15.050,15.050,15.050,44,43242
1513187460,15.100,15.100,15.100,15.100,42,43242
1513187520,15.100,15.100,15.100,15.100,42,43242
1513187580,15.100,15.100,15.100,15.100,42,43242
1513187640,15.100,15.100,15.100,15.100,42,43242
1513187700,15.100,15.100,15.100,15.100,23,43454
1513187760,15.100,15.100,15.100,15.100,22,43454
1513187820,15.100,15.100,15.100,15.100,22,43454
1513187880,15.100,15.100,15.100,15.100,22,43454
1513187940,15.100,15.100,15.100,15.100,22,43454
1513188000,15.050,15.000,15.000,15.050,540,43565
1513188060,15.050,15.050,15.050,15.050,536,43565
1513188120,15.050,15.050,15.050,15.050,536,43565
1513188180,15.050,15.050,15.050,15.050,536,43565
1513188240,15.050,15.050,15.050,15.050,536,43565
1513188300,15.050,15.050,15.050,15.050,159,46249
1513188360,15.050,15.050,15.050,15.050,157,46249
1513188420,15.050,15.050,15.050,15.050,157,46249
1513188480,15.050,15.050,15.050,15.050,157,46249
1513188540,15.050,15.050,15.050,15.050,157,46249
1513188600,15.050,15.050,15.050,15.050,157,46249
1513188660,15.050,15.050,15.050,15.050,157,46249
1513188720,15.050,15.050,15.050,15.050,157,46249
1513188780,15.050,15.050,15.050,15.050,157,46249
1513188840,15.050,15.050,15.050,15.050,157,46249
1513188900,15.050,15.050,15.050,15.050,227,47036
1513188960,15.050,15.050,15.050,15.050,225,47036
1513189020,15.050,15.050,15.050,15.050,225,47036
1513189080,15.050,15.050,15.050,15.050,225,47036
1513189140,15.075,15.100,15.075,15.100,225,47036
1513189200,15.075,15.100,15.075,15.100,100,48163
1513189260,15.075,15.075,15.075,15.075,100,48163
1513189320,15.075,15.075,15.075,15.075,100,48163
1513189380,15.075,15.075,15.075,15.075,100,48163
1513189440,15.075,15.075,15.075,15.075,100,48163
1513189500,15.075,15.075,15.075,15.075,100,48163
1513189560,15.075,15.075,15.075,15.075,100,48163
1513189620,15.075,15.075,15.075,15.075,100,48163
1513189680,15.075,15.075,15.075,15.075,100,48163
1513189740,15.075,15.075,15.075,15.075,100,48163
1513189800,15.075,15.075,15.075,15.075,223,48663
1513189860,15.050,15.050,15.050,15.050,223,48663
1513189920,15.050,15.050,15.050,15.050,223,48663
1513189980,15.050,15.050,15.050,15.050,223,48663
1513190040,15.050,15.050,15.050,15.050,223,48663
1513190100,15.000,15.000,15.000,15.000,128,49778
1513190160,15.000,15.000,15.000,15.000,124,49778
1513190220,15.000,15.000,15.000,15.000,124,49778
1513190280,15.000,15.000,15.000,15.000,124,49778
1513190340,15.000,15.000,15.000,15.000,124,49778
1513190400,15.000,15.000,15.000,15.000,47,50402
1513190460,15.050,15.050,15.050,15.050,43,50402
1513190520,15.050,15.050,15.050,15.050,43,50402
1513190580,15.000,15.000,15.000,15.000,43,50402
1513190640,15.000,15.000,15.000,15.000,43,50402
1513190700,15.050,15.050,15.050,15.050,83,50621
1513190760,15.050,15.050,15.050,15.050,82,50621
1513190820,15.050,15.050,15.050,15.050,82,50621
1513190880,15.050,15.050,15.050,15.050,82,50621
1513190940,15.050,15.050,15.050,15.050,82,50621
1513191000,15.050,15.050,15.050,15.050,411,51032
1513191060,15.050,15.100,15.050,15.100,411,51032
1513191120,15.100,15.100,15.100,15.100,411,51032
1513191180,15.100,15.100,15.100,15.100,411,51032
1513191240,15.100,15.100,15.100,15.100,411,51032
1513191300,15.100,15.100,15.100,15.100,104,53087
1513191360,15.050,15.050,15.050,15.050,102,53087
1513191420,15.050,15.050,15.050,15.050,102,53087
1513191480,15.050,15.050,15.050,15.050,102,53087
1513191540,15.050,15.050,15.050,15.050,102,53087
1513191600,15.050,15.050,15.050,15.050,102,53087
1513191660,15.050,15.050,15.050,15.050,102,53087
1513191720,15.050,15.050,15.050,15.050,102,53087
1513191780,15.050,15.050,15.050,15.050,102,53087
1513191840,15.050,15.050,15.050,15.050,102,53087
1513191900,15.050,15.050,15.050,15.050,88,53599
1513191960,15.050,15.050,15.050,15.050,85,53599
1513192020,15.050,15.050,15.050,15.050,85,53599
1513192080,15.050,15.050,15.050,15.050,85,53599
1513192140,15.000,15.000,15.000,15.000,85,53599
1513192200,15.000,15.000,15.000,15.000,958,54027
1513192260,15.000,15.000,15.000,15.000,957,54027
1513192320,15.050,15.000,15.000,15.050,957,54027
1513192380,15.050,15.000,15.000,15.050,957,54027
1513192440,15.050,15.050,15.050,15.050,957,54027
1513192500,15.050,15.050,15.050,15.050,2922,58813
1513192560,15.050,15.050,15.050,15.050,2919,58813
1513192620,15.050,15.050,15.050,15.050,2919,58813
1513192680,15.050,15.050,15.050,15.050,2919,58813
1513192740,15.050,15.050,15.050,15.050,2919,58813
1513192800,15.050,15.050,15.050,15.050,80,73411
1513192860,15.050,15.050,15.050,15.050,80,73411
1513192920,15.050,15.050,15.050,15.050,80,73411
1513192980,15.050,15.050,15.050,15.050,80,73411
1513193040,15.050,15.050,15.050,15.050,80,73411
1513193100,15.050,15.050,15.050,15.050,382,73811
1513193160,15.075,15.100,15.075,15.100,380,73811
1513193220,15.075,15.100,15.075,15.100,380,73811
1513193280,15.075,15.100,15.075,15.100,380,73811
1513193340,15.075,15.100,15.075,15.100,380,73811
1513193400,15.075,15.100,15.075,15.100,380,73811
1513193460,15.075,15.100,15.075,15.100,380,73811
1513193520,15.075,15.100,15.075,15.100,380,73811
1513193580,15.075,15.100,15.075,15.100,380,73811
1513193640,15.075,15.100,15.075,15.100,380,73811
1513193700,15.075,15.100,15.075,15.100,832,75713
1513193760,15.075,15.100,15.075,15.100,831,75713
1513193820,15.075,15.100,15.075,15.100,831,75713
1513193880,15.100,15.100,15.100,15.100,831,75713
1513193940,15.100,15.100,15.100,15.100,831,75713
1513194000,15.100,15.100,15.100,15.100,831,75713
1513194060,15.100,15.100,15.100,15.100,831,75713
1513194120,15.100,15.100,15.100,15.100,831,75713
1513194180,15.100,15.100,15.100,15.100,831,75713
1513194240,15.100,15.100,15.100,15.100,831,75713
1513194300,15.100,15.100,15.100,15.100,350,79869
1513194360,15.150,15.150,15.150,15.150,350,79869
1513194420,15.150,15.150,15.150,15.150,350,79869
1513194480,15.150,15.150,15.150,15.150,350,79869
1513194540,15.100,15.100,15.100,15.100,350,79869
1513194600,15.100,15.100,15.100,15.100,132,81619
1513194660,15.100,15.100,15.100,15.100,131,81619
1513194720,15.100,15.100,15.100,15.100,131,81619
1513194780,15.125,15.125,15.125,15.125,131,81619
1513194840,15.100,15.100,15.100,15.100,131,81619
1513194900,15.100,15.100,15.100,15.100,131,81619
1513194960,15.100,15.100,15.100,15.100,131,81619
1513195020,15.100,15.100,15.100,15.100,131,81619
1513195080,15.100,15.100,15.100,15.100,131,81619
1513195140,15.100,15.100,15.100,15.100,131,81619
1513195200,15.150,15.150,15.150,15.150,220,82275
1513195260,15.150,15.150,15.150,15.150,220,82275
1513195320,15.150,15.150,15.150,15.150,220,82275
1513195380,15.150,15.150,15.150,15.150,220,82275
1513195440,15.150,15.150,15.150,15.150,220,82275
1513195500,15.150,15.150,15.150,15.150,232,83375
1513195560,15.150,15.150,15.150,15.150,230,83375
1513195620,15.150,15.150,15.150,15.150,230,83375
1513195680,15.150,15.150,15.150,15.150,230,83375
1513195740,15.150,15.150,15.150,15.150,230,83375
1513195800,15.150,15.150,15.150,15.150,681,84527
1513195860,15.100,15.150,15.100,15.150,677,84527
1513195920,15.100,15.150,15.100,15.150,677,84527
1513195980,15.100,15.150,15.100,15.150,677,84527
1513196040,15.100,15.150,15.100,15.150,677,84527
1513196100,15.150,15.150,15.150,15.150,476,87916
1513196160,15.150,15.150,15.150,15.150,476,87916
1513196220,15.150,15.150,15.150,15.150,476,87916
1513196280,15.100,15.100,15.100,15.100,476,87916
1513196340,15.150,15.150,15.150,15.150,476,87916
1513196400,15.150,15.150,15.150,15.150,170,90296
1513196460,15.150,15.150,15.150,15.150,166,90296
1513196520,15.150,15.150,15.150,15.150,166,90296
1513196580,15.150,15.150,15.150,15.150,166,90296
1513196640,15.150,15.150,15.150,15.150,166,90296
1513196700,15.100,15.100,15.100,15.100,150,91130
1513196760,15.100,15.100,15.100,15.100,149,91130
1513196820,15.100,15.100,15.100,15.100,149,91130
1513196880,15.188,15.188,15.188,15.188,149,91130
1513196940,15.188,15.188,15.188,15.188,149,91130
1513197000,15.188,15.188,15.188,15.188,80,91876
1513197060,15.188,15.188,15.188,15.188,80,91876
1513197120,15.188,15.150,15.150,15.188,80,91876
1513197180,15.188,15.150,15.150,15.188,80,91876
1513197240,15.188,15.150,15.150,15.188,80,91876
1513197300,15.188,15.188,15.188,15.188,149,92276
1513197360,15.188,15.188,15.188,15.188,146,92276
1513197420,15.188,15.188,15.188,15.188,146,92276
1513197480,15.200,15.188,15.188,15.200,146,92276
1513197540,15.150,15.150,15.150,15.150,146,92276
1513197600,15.150,15.150,15.150,15.150,100,93009
1513197660,15.188,15.188,15.188,15.188,100,93009
1513197720,15.200,15.200,15.200,15.200,100,93009
1513197780,15.200,15.200,15.200,15.200,100,93009
1513197840,15.188,15.188,15.188,15.188,100,93009
1513197900,15.175,15.150,15.150,15.175,438,93509
1513197960,15.200,15.175,15.175,15.200,436,93509
1513198020,15.150,15.150,15.150,15.150,436,93509
1513198080,15.150,15.150,15.150,15.150,436,93509
1513198140,15.188,15.188,15.188,15.188,436,93509
1513198200,15.100,15.100,15.100,15.100,658,95691
1513198260,15.100,15.100,15.100,15.100,654,95691
1513198320,15.100,15.100,15.100,15.100,654,95691
1513198380,15.129,15.100,15.100,15.129,654,95691
1513198440,15.100,15.150,15.100,15.150,654,95691
1513198500,15.100,15.150,15.100,15.150,11384,98965
1513198560,15.200,15.200,15.200,15.200,11380,98965
1513198620,15.200,15.100,15.100,15.200,11380,98965
1513198680,15.125,15.200,15.125,15.200,11380,98965
1513198740,15.200,15.150,15.150,15.200,11380,98965
1513261800,15.150,15.150,15.150,15.150,147,0
1513261860,15.000,15.000,15.000,15.000,144,0
1513261920,15.000,15.000,15.000,15.000,144,0
1513261980,15.000,15.000,15.000,15.000,144,0
1513262040,15.000,15.000,15.000,15.000,144,0
1513262100,15.000,15.000,15.000,15.000,144,0
1513262160,15.000,15.000,15.000,15.000,144,0
1513262220,15.000,15.000,15.000,15.000,144,0
1513262280,15.000,15.000,15.000,15.000,144,0
1513262340,15.000,15.000,15.000,15.000,144,0
1513262400,15.000,15.000,15.000,15.000,144,0
1513262460,15.000,15.000,15.000,15.000,144,0
1513262520,15.000,15.000,15.000,15.000,144,0
1513262580,15.000,15.000,15.000,15.000,144,0
1513262640,15.000,15.000,15.000,15.000,144,0
1513262700,15.150,15.150,15.150,15.150,96,723
1513262760,15.150,15.150,15.150,15.150,93,723
1513262820,15.150,15.150,15.150,15.150,93,723
1513262880,15.150,15.150,15.150,15.150,93,723
1513262940,15.150,15.150,15.150,15.150,93,723
1513263000,15.150,15.150,15.150,15.150,93,723
1513263060,15.150,15.150,15.150,15.150,93,723
1513263120,15.150,15.150,15.150,15.150,93,723
1513263180,15.150,15.150,15.150,15.150,93,723
1513263240,15.150,15.150,15.150,15.150,93,723
1513263300,15.150,15.150,15.150,15.150,905,1191
1513263360,15.150,15.150,15.150,15.150,901,1191
1513263420,15.100,15.100,15.050,15.150,901,1191
1513263480,15.100,15.100,15.100,15.100,901,1191
1513263540,15.100,15.100,15.100,15.100,901,1191
1513263600,15.100,15.100,15.100,15.100,20,5700
1513263660,15.100,15.100,15.100,15.100,20,5700
1513263720,15.100,15.100,15.100,15.100,20,5700
1513263780,15.100,15.100,15.100,15.100,20,5700
1513263840,15.100,15.100,15.100,15.100,20,5700
1513263900,15.150,15.150,15.150,15.150,4117,5800
1513263960,15.150,15.150,15.150,15.150,4115,5800
1513264020,15.150,15.150,15.150,15.150,4115,5800
1513264080,15.200,15.200,15.200,15.200,4115,5800
1513264140,15.200,15.200,15.200,15.200,4115,5800
1513264200,15.200,15.200,15.200,15.200,300,26377
1513264260,15.200,15.200,15.200,15.200,300,26377
1513264320,15.150,15.150,15.150,15.150,300,26377
1513264380,15.150,15.150,15.150,15.150,300,26377
1513264440,15.150,15.150,15.150,15.150,300,26377
1513264500,15.100,15.100,15.100,15.100,60,27877
1513264560,15.100,15.100,15.100,15.100,60,27877
1513264620,15.100,15.100,15.100,15.100,60,27877
1513264680,15.100,15.100,15.100,15.100,60,27877
1513264740,15.100,15.100,15.100,15.100,60,27877
1513264800,15.150,15.150,15.150,15.150,1173,28177
1513264860,15.200,15.200,15.200,15.200,1170,28177
1513264920,15.200,15.200,15.200,15.200,1170,28177
1513264980,15.200,15.250,15.200,15.250,1170,28177
1513265040,15.200,15.250,15.200,15.250,1170,28177
1513265100,15.200,15.250,15.200,15.250,300,34030
1513265160,15.268,15.268,15.268,15.268,300,34030
1513265220,15.268,15.268,15.268,15.268,300,34030
1513265280,15.268,15.268,15.268,15.268,300,34030
1513265340,15.268,15.268,15.268,15.268,300,34030
1513265400,15.300,15.350,15.300,15.350,661,35530
1513265460,15.300,15.350,15.300,15.350,657,35530
1513265520,15.300,15.350,15.300,15.350,657,35530
1513265580,15.300,15.350,15.300,15.350,657,35530
1513265640,15.300,15.350,15.300,15.350,657,35530
1513265700,15.300,15.350,15.300,15.350,657,35530
1513265760,15.300,15.350,15.300,15.350,657,35530
1513265820,15.300,15.350,15.300,15.350,657,35530
1513265880,15.300,15.350,15.300,15.350,657,35530
1513265940,15.300,15.350,15.300,15.350,657,35530
1513266000,15.300,15.350,15.300,15.350,657,35530
1513266060,15.300,15.350,15.300,15.350,657,35530
1513266120,15.300,15.350,15.300,15.350,657,35530
1513266180,15.300,15.350,15.300,15.350,657,35530
1513266240,15.300,15.350,15.300,15.350,657,35530
1513266300,15.300,15.350,15.300,15.350,227,38819
1513266360,15.300,15.350,15.300,15.350,227,38819
1513266420,15.300,15.350,15.300,15.350,227,38819
1513266480,15.400,15.400,15.400,15.400,227,38819
1513266540,15.400,15.400,15.400,15.400,227,38819
1513266600,15.400,15.400,15.400,15.400,160,39954
1513266660,15.400,15.350,15.350,15.400,157,39954
1513266720,15.400,15.350,15.350,15.400,157,39954
1513266780,15.400,15.350,15.350,15.400,157,39954
1513266840,15.400,15.350,15.350,15.400,157,39954
1513266900,15.400,15.350,15.350,15.400,157,39954
1513266960,15.400,15.350,15.350,15.400,157,39954
1513267020,15.400,15.350,15.350,15.400,157,39954
1513267080,15.400,15.350,15.350,15.400,157,39954
1513267140,15.400,15.350,15.350,15.400,157,39954
1513267200,15.400,15.350,15.350,15.400,178,40742
1513267260,15.250,15.250,15.250,15.250,178,40742
1513267320,15.250,15.250,15.250,15.250,178,40742
1513267380,15.250,15.250,15.250,15.250,178,40742
1513267440,15.300,15.300,15.300,15.300,178,40742
1513267500,15.300,15.300,15.300,15.300,178,40742
1513267560,15.300,15.300,15.300,15.300,178,40742
1513267620,15.300,15.300,15.300,15.300,178,40742
1513267680,15.300,15.300,15.300,15.300,178,40742
1513267740,15.300,15.300,15.300,15.300,178,40742
1513267800,15.300,15.300,15.300,15.300,178,40742
1513267860,15.300,15.300,15.300,15.300,178,40742
1513267920,15.300,15.300,15.300,15.300,178,40742
1513267980,15.300,15.300,15.300,15.300,178,40742
1513268040,15.300,15.300,15.300,15.300,178,40742
1513268100,15.300,15.300,15.300,15.300,178,40742
1513268160,15.300,15.300,15.300,15.300,178,40742
1513268220,15.300,15.300,15.300,15.300,178,40742
1513268280,15.300,15.300,15.300,15.300,178,40742
1513268340,15.300,15.300,15.300,15.300,178,40742
1513268400,15.300,15.300,15.300,15.300,178,40742
1513268460,15.300,15.300,15.300,15.300,178,40742
1513268520,15.300,15.300,15.300,15.300,178,40742
1513268580,15.300,15.300,15.300,15.300,178,40742
1513268640,15.300,15.300,15.300,15.300,178,40742
1513268700,15.325,15.325,15.325,15.325,40,41632
1513268760,15.325,15.325,15.325,15.325,40,41632
1513268820,15.325,15.325,15.325,15.325,40,41632
1513268880,15.325,15.325,15.325,15.325,40,41632
1513268940,15.325,15.325,15.325,15.325,40,41632
1513269000,15.325,15.325,15.325,15.325,40,41632
1513269060,15.325,15.325,15.325,15.325,40,41632
1513269120,15.325,15.325,15.325,15.325,40,41632
1513269180,15.325,15.325,15.325,15.325,40,41632
1513269240,15.325,15.325,15.325,15.325,40,41632
1513269300,15.250,15.250,15.250,15.250,73,41832
1513269360,15.250,15.250,15.250,15.250,71,41832
1513269420,15.250,15.250,15.250,15.250,71,41832
1513269480,15.250,15.250,15.250,15.250,71,41832
1513269540,15.250,15.250,15.250,15.250,71,41832
1513269600,15.250,15.250,15.250,15.250,71,41832
1513269660,15.250,15.250,15.250,15.250,71,41832
1513269720,15.250,15.250,15.250,15.250,71,41832
1513269780,15.250,15.250,15.250,15.250,71,41832
1513269840,15.250,15.250,15.250,15.250,71,41832
1513269900,15.250,15.250,15.250,15.250,241,42189
1513269960,15.250,15.250,15.250,15.250,241,42189
1513270020,15.250,15.250,15.250,15.250,241,42189
1513270080,15.300,15.300,15.300,15.300,241,42189
1513270140,15.300,15.300,15.300,15.300,241,42189
1513270200,15.300,15.300,15.300,15.300,241,42189
1513270260,15.300,15.300,15.300,15.300,241,42189
1513270320,15.300,15.300,15.300,15.300,241,42189
1513270380,15.300,15.300,15.300,15.300,241,42189
1513270440,15.300,15.300,15.300,15.300,241,42189
1513270500,15.300,15.300,15.300,15.300,241,42189
1513270560,15.300,15.300,15.300,15.300,241,42189
1513270620,15.300,15.300,15.300,15.300,241,42189
1513270680,15.300,15.300,15.300,15.300,241,42189
1513270740,15.300,15.300,15.300,15.300,241,42189
1513270800,15.300,15.300,15.300,15.300,241,42189
1513270860,15.300,15.300,15.300,15.300,241,42189
1513270920,15.300,15.300,15.300,15.300,241,42189
1513270980,15.300,15.300,15.300,15.300,241,42189
1513271040,15.300,15.300,15.300,15.300,241,42189
1513271100,15.300,15.300,15.300,15.300,82,43394
1513271160,15.300,15.300,15.300,15.300,78,43394
1513271220,15.300,15.300,15.300,15.300,78,43394
1513271280,15.300,15.300,15.300,15.300,78,43394
1513271340,15.300,15.300,15.300,15.300,78,43394
1513271400,15.300,15.300,15.300,15.300,78,43394
1513271460,15.300,15.300,15.300,15.300,78,43394
1513271520,15.300,15.300,15.300,15.300,78,43394
1513271580,15.300,15.300,15.300,15.300,78,43394
1513271640,15.300,15.300,15.300,15.300,78,43394
1513271700,15.300,15.300,15.300,15.300,20,43788
1513271760,15.300,15.300,15.300,15.300,20,43788
1513271820,15.350,15.350,15.350,15.350,20,43788
1513271880,15.350,15.350,15.350,15.350,20,43788
1513271940,15.350,15.350,15.350,15.350,20,43788
1513272000,15.350,15.350,15.350,15.350,20,43788
1513272060,15.350,15.350,15.350,15.350,20,43788
1513272120,15.350,15.350,15.350,15.350,20,43788
1513272180,15.350,15.350,15.350,15.350,20,43788
1513272240,15.350,15.350,15.350,15.350,20,43788
1513272300,15.350,15.350,15.350,15.350,580,43888
1513272360,15.350,15.350,15.350,15.350,577,43888
1513272420,15.350,15.350,15.350,15.350,577,43888
1513272480,15.267,15.250,15.250,15.267,577,43888
1513272540,15.200,15.200,15.200,15.200,577,43888
1513272600,15.200,15.200,15.200,15.200,600,46776
1513272660,15.225,15.225,15.225,15.225,600,46776
1513272720,15.225,15.225,15.225,15.225,600,46776
1513272780,15.225,15.225,15.225,15.225,600,46776
1513272840,15.200,15.200,15.200,15.200,600,46776
1513272900,15.250,15.250,15.250,15.250,9154,49776
1513272960,15.250,15.250,15.250,15.250,9153,49776
1513273020,15.250,15.250,15.200,15.250,9153,49776
1513273080,15.200,15.250,15.200,15.250,9153,49776
1513273140,15.200,15.214,15.200,15.214,9153,49776
1513273200,15.225,15.250,15.225,15.250,100,95542
1513273260,15.225,15.250,15.225,15.250,100,95542
1513273320,15.225,15.250,15.225,15.250,100,95542
1513273380,15.225,15.250,15.225,15.250,100,95542
1513273440,15.200,15.200,15.200,15.200,100,95542
1513273500,15.250,15.250,15.250,15.250,105,96042
1513273560,15.250,15.250,15.250,15.250,104,96042
1513273620,15.250,15.250,15.250,15.250,104,96042
1513273680,15.250,15.250,15.250,15.250,104,96042
1513273740,15.250,15.250,15.250,15.250,104,96042
1513273800,15.250,15.250,15.250,15.250,597,96563
1513273860,15.250,15.250,15.250,15.250,594,96563
1513273920,15.250,15.250,15.250,15.250,594,96563
1513273980,15.250,15.250,15.250,15.250,594,96563
1513274040,15.225,15.225,15.225,15.225,594,96563
1513274100,15.225,15.225,15.225,15.225,1139,99536
1513274160,15.250,15.225,15.225,15.250,1138,99536
1513274220,15.250,15.250,15.250,15.250,1138,99536
1513274280,15.250,15.250,15.250,15.250,1138,99536
1513274340,15.200,15.200,15.200,15.200,1138,99536
1513274400,15.200,15.200,15.200,15.200,60,105227
1513274460,15.200,15.200,15.200,15.200,60,105227
1513274520,15.200,15.200,15.200,15.200,60,105227
1513274580,15.200,15.200,15.200,15.200,60,105227
1513274640,15.225,15.225,15.225,15.225,60,105227
1513274700,15.225,15.225,15.225,15.225,45,105527
1513274760,15.225,15.225,15.225,15.225,45,105527
1513274820,15.250,15.250,15.250,15.250,45,105527
1513274880,15.250,15.250,15.250,15.250,45,105527
1513274940,15.250,15.250,15.250,15.250,45,105527
1513275000,15.225,15.225,15.225,15.225,760,105752
1513275060,15.225,15.225,15.225,15.225,760,105752
1513275120,15.225,15.225,15.225,15.225,760,105752
1513275180,15.225,15.225,15.225,15.225,760,105752
1513275240,15.225,15.250,15.200,15.250,760,105752
1513275300,15.250,15.225,15.225,15.250,186,109552
1513275360,15.250,15.225,15.225,15.250,183,109552
1513275420,15.250,15.250,15.250,15.250,183,109552
1513275480,15.250,15.250,15.250,15.250,183,109552
1513275540,15.250,15.250,15.250,15.250,183,109552
1513275600,15.250,15.250,15.250,15.250,183,109552
1513275660,15.250,15.250,15.250,15.250,183,109552
1513275720,15.250,15.250,15.250,15.250,183,109552
1513275780,15.250,15.250,15.250,15.250,183,109552
1513275840,15.250,15.250,15.250,15.250,183,109552
1513275900,15.275,15.275,15.275,15.275,103,110470
1513275960,15.275,15.275,15.275,15.275,101,110470
1513276020,15.275,15.275,15.275,15.275,101,110470
1513276080,15.275,15.275,15.275,15.275,101,110470
1513276140,15.275,15.275,15.275,15.275,101,110470
1513276200,15.275,15.275,15.275,15.275,255,110977
1513276260,15.275,15.275,15.275,15.275,255,110977
1513276320,15.275,15.275,15.275,15.275,255,110977
1513276380,15.250,15.200,15.200,15.250,255,110977
1513276440,15.250,15.200,15.200,15.250,255,110977
1513276500,15.200,15.200,15.200,15.200,560,112252
1513276560,15.200,15.200,15.200,15.200,560,112252
1513276620,15.200,15.200,15.200,15.200,560,112252
1513276680,15.200,15.200,15.200,15.200,560,112252
1513276740,15.200,15.200,15.200,15.200,560,112252
1513276800,15.200,15.200,15.200,15.200,2887,115052
1513276860,15.200,15.200,15.200,15.200,2885,115052
1513276920,15.200,15.250,15.200,15.250,2885,115052
1513276980,15.200,15.250,15.200,15.250,2885,115052
1513277040,15.200,15.200,15.200,15.200,2885,115052
1513277100,15.250,15.250,15.250,15.250,160,129479
1513277160,15.200,15.225,15.200,15.250,160,129479
1513277220,15.200,15.225,15.200,15.250,160,129479
1513277280,15.200,15.225,15.200,15.250,160,129479
1513277340,15.225,15.225,15.225,15.225,160,129479
1513277400,15.225,15.225,15.225,15.225,821,130279
1513277460,15.250,15.250,15.250,15.250,817,130279
1513277520,15.225,15.250,15.225,15.250,817,130279
1513277580,15.225,15.250,15.225,15.250,817,130279
1513277640,15.250,15.225,15.200,15.250,817,130279
1513277700,15.225,15.250,15.225,15.250,1380,134368
1513277760,15.225,15.250,15.225,15.250,1380,134368
1513277820,15.225,15.250,15.225,15.250,1380,134368
1513277880,15.225,15.200,15.200,15.250,1380,134368
1513277940,15.225,15.225,15.225,15.225,1380,134368
1513278000,15.225,15.225,15.225,15.225,280,141268
1513278060,15.225,15.225,15.225,15.225,280,141268
1513278120,15.200,15.200,15.200,15.200,280,141268
1513278180,15.200,15.250,15.200,15.250,280,141268
1513278240,15.250,15.250,15.250,15.250,280,141268
1513278300,15.225,15.250,15.225,15.250,1604,142668
1513278360,15.200,15.200,15.200,15.200,1601,142668
1513278420,15.250,15.225,15.200,15.250,1601,142668
1513278480,15.200,15.250,15.200,15.250,1601,142668
1513278540,15.250,15.300,15.250,15.300,1601,142668
1513278600,15.275,15.275,15.275,15.275,104,150676
1513278660,15.275,15.275,15.275,15.275,104,150676
1513278720,15.275,15.275,15.275,15.275,104,150676
1513278780,15.275,15.275,15.275,15.275,104,150676
1513278840,15.275,15.275,15.275,15.275,104,150676
1513278900,15.275,15.275,15.275,15.275,104,150676
1513278960,15.275,15.275,15.275,15.275,104,150676
1513279020,15.275,15.275,15.275,15.275,104,150676
1513279080,15.275,15.275,15.275,15.275,104,150676
1513279140,15.275,15.275,15.275,15.275,104,150676
1513279200,15.275,15.275,15.275,15.275,1362,151196
1513279260,15.275,15.275,15.275,15.275,1359,151196
1513279320,15.250,15.250,15.250,15.250,1359,151196
1513279380,15.250,15.250,15.250,15.250,1359,151196
1513279440,15.250,15.250,15.250,15.250,1359,151196
1513279500,15.250,15.250,15.250,15.250,749,157994
1513279560,15.250,15.250,15.250,15.250,746,157994
1513279620,15.250,15.250,15.250,15.250,746,157994
1513279680,15.250,15.250,15.250,15.250,746,157994
1513279740,15.250,15.250,15.250,15.250,746,157994
1513279800,15.200,15.200,15.200,15.200,415,161727
1513279860,15.200,15.200,15.200,15.200,412,161727
1513279920,15.200,15.200,15.200,15.200,412,161727
1513279980,15.200,15.200,15.200,15.200,412,161727
1513280040,15.200,15.216,15.200,15.216,412,161727
1513280100,15.200,15.200,15.200,15.200,60,163790
1513280160,15.200,15.200,15.200,15.200,60,163790
1513280220,15.200,15.200,15.200,15.200,60,163790
1513280280,15.200,15.200,15.200,15.200,60,163790
1513280340,15.200,15.200,15.200,15.200,60,163790
1513280400,15.200,15.200,15.200,15.200,496,164090
1513280460,15.200,15.200,15.200,15.200,493,164090
1513280520,15.200,15.200,15.200,15.200,493,164090
1513280580,15.200,15.200,15.200,15.200,493,164090
1513280640,15.200,15.200,15.200,15.200,493,164090
1513280700,15.150,15.150,15.150,15.150,67,166558
1513280760,15.150,15.150,15.150,15.150,67,166558
1513280820,15.150,15.150,15.150,15.150,67,166558
1513280880,15.150,15.150,15.150,15.150,67,166558
1513280940,15.150,15.150,15.150,15.150,67,166558
1513281000,15.150,15.150,15.150,15.150,83,166893
1513281060,15.100,15.100,15.100,15.100,81,166893
1513281120,15.100,15.100,15.100,15.100,81,166893
1513281180,15.100,15.100,15.100,15.100,81,166893
1513281240,15.100,15.100,15.100,15.100,81,166893
1513281300,15.100,15.100,15.100,15.100,60,167300
1513281360,15.100,15.100,15.100,15.100,60,167300
1513281420,15.100,15.100,15.100,15.100,60,167300
1513281480,15.150,15.150,15.150,15.150,60,167300
1513281540,15.150,15.150,15.150,15.150,60,167300
1513281600,15.200,15.200,15.150,15.200,600,167600
1513281660,15.200,15.200,15.200,15.200,600,167600
1513281720,15.200,15.200,15.200,15.200,600,167600
1513281780,15.200,15.200,15.200,15.200,600,167600
1513281840,15.100,15.150,15.100,15.150,600,167600
1513281900,15.100,15.150,15.100,15.150,80,170600
1513281960,15.150,15.150,15.150,15.150,80,170600
1513282020,15.150,15.150,15.150,15.150,80,170600
1513282080,15.150,15.150,15.150,15.150,80,170600
1513282140,15.150,15.150,15.150,15.150,80,170600
1513282200,15.150,15.150,15.150,15.150,2984,171000
1513282260,15.150,15.150,15.150,15.150,2980,171000
1513282320,15.200,15.200,15.200,15.200,2980,171000
1513282380,15.200,15.200,15.200,15.200,2980,171000
1513282440,15.200,15.200,15.200,15.200,2980,171000
1513282500,15.200,15.200,15.150,15.200,1102,185904
1513282560,15.200,15.200,15.150,15.200,1099,185904
1513282620,15.200,15.150,15.150,15.200,1099,185904
1513282680,15.200,15.200,15.200,15.200,1099,185904
1513282740,15.200,15.200,15.200,15.200,1099,185904
1513282800,15.200,15.200,15.200,15.200,180,191402
1513282860,15.200,15.200,15.200,15.200,180,191402
1513282920,15.200,15.200,15.200,15.200,180,191402
1513282980,15.200,15.200,15.200,15.200,180,191402
1513283040,15.200,15.200,15.200,15.200,180,191402
1513283100,15.200,15.250,15.200,15.250,1213,192302
1513283160,15.250,15.250,15.250,15.250,1213,192302
1513283220,15.250,15.250,15.250,15.250,1213,192302
1513283280,15.250,15.250,15.250,15.250,1213,192302
1513283340,15.250,15.250,15.250,15.250,1213,192302
1513283400,15.250,15.250,15.250,15.250,183,198367
1513283460,15.250,15.250,15.250,15.250,181,198367
1513283520,15.250,15.250,15.250,15.250,181,198367
1513283580,15.250,15.250,15.250,15.250,181,198367
1513283640,15.250,15.250,15.250,15.250,181,198367
1513283700,15.250,15.250,15.250,15.250,207,199274
1513283760,15.250,15.250,15.250,15.250,204,199274
1513283820,15.250,15.275,15.250,15.275,204,199274
1513283880,15.250,15.250,15.250,15.250,204,199274
1513283940,15.250,15.250,15.250,15.250,204,199274
1513284000,15.250,15.250,15.250,15.250,1773,200297
1513284060,15.250,15.250,15.250,15.250,1769,200297
1513284120,15.300,15.250,15.250,15.300,1769,200297
1513284180,15.250,15.225,15.225,15.250,1769,200297
1513284240,15.250,15.225,15.225,15.250,1769,200297
1513284300,15.250,15.250,15.200,15.250,1185,209146
1513284360,15.250,15.250,15.250,15.250,1185,209146
1513284420,15.250,15.250,15.225,15.250,1185,209146
1513284480,15.225,15.225,15.225,15.250,1185,209146
1513284540,15.250,15.225,15.225,15.250,1185,209146
1513284600,15.200,15.150,15.150,15.200,3242,215071
1513284660,15.150,15.150,15.150,15.150,3239,215071
1513284720,15.150,15.150,15.150,15.150,3239,215071
1513284780,15.150,15.150,15.150,15.150,3239,215071
1513284840,15.200,15.200,15.175,15.200,3239,215071
1513284900,15.225,15.200,15.200,15.225,4207,231269
1513284960,15.225,15.250,15.225,15.250,4207,231269
1513285020,15.238,15.225,15.225,15.250,4207,231269
1513285080,15.250,15.250,15.225,15.250,4207,231269
1513285140,15.225,15.200,15.200,15.250,4207,231269
1513348200,15.250,15.250,15.250,15.250,7648,0
1513348260,15.250,15.250,15.250,15.250,7648,0
1513348320,15.175,15.175,15.175,15.175,7648,0
1513348380,15.175,15.175,15.175,15.175,7648,0
1513348440,15.175,15.175,15.175,15.175,7648,0
1513348500,15.175,15.175,15.175,15.175,7648,0
1513348560,15.175,15.175,15.175,15.175,7648,0
1513348620,15.175,15.175,15.175,15.175,7648,0
1513348680,15.175,15.175,15.175,15.175,7648,0
1513348740,15.175,15.175,15.175,15.175,7648,0
1513348800,15.175,15.175,15.175,15.175,7648,0
1513348860,15.175,15.175,15.175,15.175,7648,0
1513348920,15.175,15.175,15.175,15.175,7648,0
1513348980,15.175,15.175,15.175,15.175,7648,0
1513349040,15.175,15.175,15.175,15.175,7648,0
1513349100,15.450,15.450,15.450,15.450,23,38240
1513349160,15.450,15.450,15.450,15.450,21,38240
1513349220,15.450,15.450,15.450,15.450,21,38240
1513349280,15.450,15.450,15.450,15.450,21,38240
1513349340,15.450,15.450,15.450,15.450,21,38240
1513349400,15.450,15.500,15.450,15.500,437,38347
1513349460,15.450,15.500,15.450,15.500,433,38347
1513349520,15.450,15.500,15.450,15.500,433,38347
1513349580,15.550,15.550,15.550,15.550,433,38347
1513349640,15.550,15.550,15.550,15.550,433,38347
1513349700,15.500,15.500,15.500,15.500,49,40516
1513349760,15.500,15.500,15.500,15.500,48,40516
1513349820,15.500,15.500,15.500,15.500,48,40516
1513349880,15.500,15.500,15.500,15.500,48,40516
1513349940,15.500,15.500,15.500,15.500,48,40516
1513350000,15.500,15.500,15.500,15.500,48,40516
1513350060,15.500,15.500,15.500,15.500,48,40516
1513350120,15.500,15.500,15.500,15.500,48,40516
1513350180,15.500,15.500,15.500,15.500,48,40516
1513350240,15.500,15.500,15.500,15.500,48,40516
1513350300,15.500,15.500,15.500,15.500,581,40757
1513350360,15.400,15.350,15.350,15.400,579,40757
1513350420,15.350,15.350,15.350,15.350,579,40757
1513350480,15.350,15.350,15.350,15.350,579,40757
1513350540,15.350,15.350,15.350,15.350,579,40757
1513350600,15.250,15.250,15.250,15.250,20,43654
1513350660,15.250,15.250,15.250,15.250,20,43654
1513350720,15.250,15.250,15.250,15.250,20,43654
1513350780,15.250,15.250,15.250,15.250,20,43654
1513350840,15.250,15.250,15.250,15.250,20,43654
1513350900,15.250,15.250,15.250,15.250,27,43754
1513350960,15.250,15.250,15.250,15.250,24,43754
1513351020,15.250,15.250,15.250,15.250,24,43754
1513351080,15.250,15.250,15.250,15.250,24,43754
1513351140,15.250,15.250,15.250,15.250,24,43754
1513351200,15.300,15.300,15.300,15.300,221,43877
1513351260,15.300,15.300,15.300,15.300,218,43877
1513351320,15.300,15.300,15.300,15.300,218,43877
1513351380,15.300,15.300,15.300,15.300,218,43877
1513351440,15.250,15.250,15.250,15.250,218,43877
1513351500,15.250,15.250,15.250,15.250,218,43877
1513351560,15.250,15.250,15.250,15.250,218,43877
1513351620,15.250,15.250,15.250,15.250,218,43877
1513351680,15.250,15.250,15.250,15.250,218,43877
1513351740,15.250,15.250,15.250,15.250,218,43877
1513351800,15.250,15.250,15.250,15.250,100,44970
1513351860,15.250,15.250,15.250,15.250,100,44970
1513351920,15.300,15.300,15.300,15.300,100,44970
1513351980,15.300,15.300,15.300,15.300,100,44970
1513352040,15.300,15.300,15.300,15.300,100,44970
1513352100,15.300,15.300,15.300,15.300,100,44970
1513352160,15.300,15.300,15.300,15.300,100,44970
1513352220,15.300,15.300,15.300,15.300,100,44970
1513352280,15.300,15.300,15.300,15.300,100,44970
1513352340,15.300,15.300,15.300,15.300,100,44970
1513352400,15.300,15.300,15.300,15.300,154,45470
1513352460,15.300,15.300,15.300,15.300,151,45470
1513352520,15.300,15.300,15.300,15.300,151,45470
1513352580,15.250,15.250,15.250,15.250,151,45470
1513352640,15.250,15.250,15.250,15.250,151,45470
1513352700,15.300,15.300,15.300,15.300,341,46228
1513352760,15.300,15.300,15.300,15.300,337,46228
1513352820,15.300,15.300,15.300,15.300,337,46228
1513352880,15.300,15.300,15.300,15.300,337,46228
1513352940,15.300,15.300,15.300,15.300,337,46228
1513353000,15.300,15.300,15.300,15.300,521,47917
1513353060,15.250,15.250,15.250,15.250,520,47917
1513353120,15.300,15.250,15.250,15.300,520,47917
1513353180,15.300,15.250,15.250,15.300,520,47917
1513353240,15.300,15.250,15.250,15.300,520,47917
1513353300,15.300,15.250,15.250,15.300,120,50518
1513353360,15.300,15.250,15.250,15.300,120,50518
1513353420,15.300,15.250,15.250,15.300,120,50518
1513353480,15.300,15.300,15.300,15.300,120,50518
1513353540,15.300,15.300,15.300,15.300,120,50518
1513353600,15.300,15.300,15.300,15.300,201,51118
1513353660,15.300,15.300,15.300,15.300,201,51118
1513353720,15.300,15.300,15.300,15.300,201,51118
1513353780,15.275,15.275,15.275,15.275,201,51118
1513353840,15.275,15.275,15.275,15.275,201,51118
1513353900,15.275,15.275,15.275,15.275,41,52123
1513353960,15.275,15.275,15.275,15.275,39,52123
1513354020,15.275,15.275,15.275,15.275,39,52123
1513354080,15.275,15.275,15.275,15.275,39,52123
1513354140,15.275,15.275,15.275,15.275,39,52123
1513354200,15.275,15.275,15.275,15.275,39,52123
1513354260,15.275,15.275,15.275,15.275,39,52123
1513354320,15.275,15.275,15.275,15.275,39,52123
1513354380,15.275,15.275,15.275,15.275,39,52123
1513354440,15.275,15.275,15.275,15.275,39,52123
1513354500,15.275,15.275,15.275,15.275,380,52320
1513354560,15.275,15.275,15.275,15.275,380,52320
1513354620,15.275,15.275,15.275,15.275,380,52320
1513354680,15.300,15.325,15.300,15.325,380,52320
1513354740,15.300,15.300,15.300,15.300,380,52320
1513354800,15.300,15.300,15.300,15.300,20,54220
1513354860,15.300,15.300,15.300,15.300,20,54220
1513354920,15.300,15.300,15.300,15.300,20,54220
1513354980,15.300,15.300,15.300,15.300,20,54220
1513355040,15.300,15.300,15.300,15.300,20,54220
1513355100,15.300,15.300,15.300,15.300,180,54320
1513355160,15.300,15.300,15.300,15.300,180,54320
1513355220,15.300,15.300,15.300,15.300,180,54320
1513355280,15.300,15.300,15.300,15.300,180,54320
1513355340,15.300,15.300,15.300,15.300,180,54320
1513355400,15.300,15.350,15.300,15.350,367,55220
1513355460,15.350,15.350,15.350,15.350,363,55220
1513355520,15.350,15.350,15.350,15.350,363,55220
1513355580,15.350,15.350,15.350,15.350,363,55220
1513355640,15.350,15.350,15.350,15.350,363,55220
1513355700,15.300,15.300,15.300,15.300,265,57039
1513355760,15.300,15.300,15.300,15.300,262,57039
1513355820,15.300,15.300,15.300,15.300,262,57039
1513355880,15.350,15.300,15.300,15.350,262,57039
1513355940,15.325,15.325,15.325,15.325,262,57039
1513356000,15.300,15.300,15.300,15.300,61,58352
1513356060,15.300,15.300,15.300,15.300,60,58352
1513356120,15.300,15.300,15.300,15.300,60,58352
1513356180,15.300,15.300,15.300,15.300,60,58352
1513356240,15.300,15.300,15.300,15.300,60,58352
1513356300,15.300,15.300,15.300,15.300,420,58653
1513356360,15.300,15.325,15.300,15.325,420,58653
1513356420,15.300,15.300,15.300,15.300,420,58653
1513356480,15.300,15.300,15.300,15.300,420,58653
1513356540,15.300,15.300,15.300,15.300,420,58653
1513356600,15.300,15.300,15.300,15.300,208,60753
1513356660,15.300,15.300,15.300,15.300,206,60753
1513356720,15.300,15.300,15.300,15.300,206,60753
1513356780,15.300,15.300,15.300,15.300,206,60753
1513356840,15.300,15.300,15.300,15.300,206,60753
1513356900,15.300,15.300,15.300,15.300,206,60753
1513356960,15.300,15.300,15.300,15.300,206,60753
1513357020,15.300,15.300,15.300,15.300,206,60753
1513357080,15.300,15.300,15.300,15.300,206,60753
1513357140,15.300,15.300,15.300,15.300,206,60753
1513357200,15.300,15.300,15.300,15.300,206,60753
1513357260,15.300,15.300,15.300,15.300,206,60753
1513357320,15.300,15.300,15.300,15.300,206,60753
1513357380,15.300,15.300,15.300,15.300,206,60753
1513357440,15.300,15.300,15.300,15.300,206,60753
1513357500,15.300,15.300,15.300,15.300,560,61785
1513357560,15.300,15.300,15.300,15.300,559,61785
1513357620,15.300,15.300,15.300,15.300,559,61785
1513357680,15.350,15.350,15.350,15.350,559,61785
1513357740,15.300,15.300,15.300,15.300,559,61785
1513357800,15.350,15.350,15.350,15.350,240,64581
1513357860,15.350,15.350,15.350,15.350,240,64581
1513357920,15.350,15.350,15.350,15.350,240,64581
1513357980,15.325,15.325,15.325,15.325,240,64581
1513358040,15.350,15.350,15.350,15.350,240,64581
1513358100,15.350,15.350,15.350,15.350,293,65781
1513358160,15.350,15.350,15.350,15.350,291,65781
1513358220,15.350,15.350,15.350,15.350,291,65781
1513358280,15.350,15.350,15.350,15.350,291,65781
1513358340,15.350,15.350,15.350,15.350,291,65781
1513358400,15.300,15.300,15.300,15.300,351,67238
1513358460,15.300,15.300,15.300,15.300,348,67238
1513358520,15.300,15.300,15.300,15.300,348,67238
1513358580,15.300,15.300,15.300,15.300,348,67238
1513358640,15.300,15.300,15.300,15.300,348,67238
1513358700,15.300,15.300,15.300,15.300,348,67238
1513358760,15.300,15.300,15.300,15.300,348,67238
1513358820,15.300,15.300,15.300,15.300,348,67238
1513358880,15.300,15.300,15.300,15.300,348,67238
1513358940,15.300,15.300,15.300,15.300,348,67238
1513359000,15.300,15.300,15.300,15.300,375,68981
1513359060,15.300,15.300,15.300,15.300,374,68981
1513359120,15.300,15.300,15.300,15.300,374,68981
1513359180,15.300,15.300,15.300,15.300,374,68981
1513359240,15.300,15.300,15.300,15.300,374,68981
1513359300,15.300,15.300,15.300,15.300,374,68981
1513359360,15.300,15.300,15.300,15.300,374,68981
1513359420,15.300,15.300,15.300,15.300,374,68981
1513359480,15.300,15.300,15.300,15.300,374,68981
1513359540,15.300,15.300,15.300,15.300,374,68981
1513359600,15.300,15.300,15.300,15.300,239,70852
1513359660,15.300,15.300,15.300,15.300,237,70852
1513359720,15.300,15.300,15.300,15.300,237,70852
1513359780,15.300,15.300,15.300,15.300,237,70852
1513359840,15.300,15.300,15.300,15.300,237,70852
1513359900,15.250,15.250,15.250,15.250,123,72039
1513359960,15.250,15.250,15.250,15.250,120,72039
1513360020,15.250,15.250,15.250,15.250,120,72039
1513360080,15.250,15.250,15.250,15.250,120,72039
1513360140,15.300,15.300,15.300,15.300,120,72039
1513360200,15.300,15.300,15.300,15.300,100,72642
1513360260,15.300,15.300,15.300,15.300,100,72642
1513360320,15.300,15.300,15.300,15.300,100,72642
1513360380,15.300,15.300,15.300,15.300,100,72642
1513360440,15.300,15.250,15.250,15.300,100,72642
1513360500,15.300,15.250,15.250,15.300,100,72642
1513360560,15.300,15.250,15.250,15.300,100,72642
1513360620,15.300,15.250,15.250,15.300,100,72642
1513360680,15.300,15.250,15.250,15.300,100,72642
1513360740,15.300,15.250,15.250,15.300,100,72642
1513360800,15.300,15.250,15.250,15.300,290,73142
1513360860,15.250,15.275,15.250,15.275,287,73142
1513360920,15.250,15.275,15.250,15.275,287,73142
1513360980,15.275,15.275,15.275,15.275,287,73142
1513361040,15.250,15.250,15.250,15.250,287,73142
1513361100,15.250,15.250,15.250,15.250,20,74580
1513361160,15.250,15.250,15.250,15.250,20,74580
1513361220,15.250,15.250,15.250,15.250,20,74580
1513361280,15.250,15.250,15.250,15.250,20,74580
1513361340,15.250,15.250,15.250,15.250,20,74580
1513361400,15.250,15.250,15.250,15.250,20,74680
1513361460,15.250,15.250,15.250,15.250,20,74680
1513361520,15.250,15.250,15.250,15.250,20,74680
1513361580,15.250,15.250,15.250,15.250,20,74680
1513361640,15.250,15.250,15.250,15.250,20,74680
1513361700,15.250,15.250,15.250,15.250,560,74780
1513361760,15.250,15.250,15.250,15.250,560,74780
1513361820,15.300,15.300,15.300,15.300,560,74780
1513361880,15.300,15.325,15.300,15.325,560,74780
1513361940,15.325,15.325,15.325,15.325,560,74780
1513362000,15.300,15.300,15.300,15.300,318,77580
1513362060,15.300,15.250,15.250,15.300,315,77580
1513362120,15.250,15.275,15.250,15.275,315,77580
1513362180,15.250,15.275,15.250,15.275,315,77580
1513362240,15.250,15.250,15.250,15.250,315,77580
1513362300,15.250,15.250,15.250,15.250,20,79158
1513362360,15.250,15.250,15.250,15.250,20,79158
1513362420,15.250,15.250,15.250,15.250,20,79158
1513362480,15.250,15.250,15.250,15.250,20,79158
1513362540,15.250,15.250,15.250,15.250,20,79158
1513362600,15.250,15.250,15.250,15.250,75,79258
1513362660,15.250,15.250,15.250,15.250,73,79258
1513362720,15.275,15.250,15.250,15.275,73,79258
1513362780,15.275,15.250,15.250,15.275,73,79258
1513362840,15.275,15.250,15.250,15.275,73,79258
1513362900,15.275,15.250,15.250,15.275,1009,79625
1513362960,15.250,15.275,15.250,15.275,1005,79625
1513363020,15.275,15.250,15.250,15.275,1005,79625
1513363080,15.275,15.250,15.250,15.275,1005,79625
1513363140,15.250,15.250,15.250,15.250,1005,79625
1513363200,15.250,15.250,15.250,15.250,40,84654
1513363260,15.250,15.250,15.250,15.250,40,84654
1513363320,15.250,15.250,15.250,15.250,40,84654
1513363380,15.250,15.250,15.250,15.250,40,84654
1513363440,15.275,15.275,15.275,15.275,40,84654
1513363500,15.250,15.275,15.250,15.275,360,84854
1513363560,15.289,15.289,15.289,15.289,360,84854
1513363620,15.300,15.300,15.300,15.300,360,84854
1513363680,15.250,15.250,15.250,15.250,360,84854
1513363740,15.250,15.250,15.250,15.250,360,84854
1513363800,15.325,15.325,15.325,15.325,429,86654
1513363860,15.300,15.300,15.300,15.300,425,86654
1513363920,15.300,15.300,15.300,15.300,425,86654
1513363980,15.300,15.300,15.300,15.300,425,86654
1513364040,15.300,15.250,15.250,15.300,425,86654
1513364100,15.300,15.300,15.300,15.300,136,88783
1513364160,15.300,15.300,15.300,15.300,135,88783
1513364220,15.300,15.300,15.300,15.300,135,88783
1513364280,15.300,15.300,15.300,15.300,135,88783
1513364340,15.300,15.300,15.300,15.300,135,88783
1513364400,15.300,15.300,15.300,15.300,60,89459
1513364460,15.300,15.300,15.300,15.300,60,89459
1513364520,15.300,15.325,15.300,15.325,60,89459
1513364580,15.300,15.325,15.300,15.325,60,89459
1513364640,15.300,15.325,15.300,15.325,60,89459
1513364700,15.350,15.350,15.350,15.350,64,89759
1513364760,15.350,15.350,15.350,15.350,62,89759
1513364820,15.350,15.350,15.350,15.350,62,89759
1513364880,15.350,15.350,15.350,15.350,62,89759
1513364940,15.350,15.350,15.350,15.350,62,89759
1513365000,15.350,15.350,15.350,15.350,62,89759
1513365060,15.350,15.350,15.350,15.350,62,89759
1513365120,15.350,15.350,15.350,15.350,62,89759
1513365180,15.350,15.350,15.350,15.350,62,89759
1513365240,15.350,15.350,15.350,15.350,62,89759
1513365300,15.300,15.300,15.300,15.300,102,90071
1513365360,15.300,15.300,15.300,15.300,101,90071
1513365420,15.300,15.300,15.300,15.300,101,90071
1513365480,15.300,15.300,15.300,15.300,101,90071
1513365540,15.300,15.300,15.300,15.300,101,90071
1513365600,15.300,15.300,15.300,15.300,20,90577
1513365660,15.300,15.300,15.300,15.300,20,90577
1513365720,15.300,15.300,15.300,15.300,20,90577
1513365780,15.300,15.300,15.300,15.300,20,90577
1513365840,15.300,15.300,15.300,15.300,20,90577
1513365900,15.350,15.300,15.300,15.350,400,90677
1513365960,15.350,15.300,15.300,15.350,400,90677
1513366020,15.350,15.300,15.300,15.350,400,90677
1513366080,15.350,15.300,15.300,15.350,400,90677
1513366140,15.350,15.300,15.300,15.350,400,90677
1513366200,15.300,15.350,15.300,15.350,123,92677
1513366260,15.300,15.350,15.300,15.350,121,92677
1513366320,15.300,15.350,15.300,15.350,121,92677
1513366380,15.300,15.350,15.300,15.350,121,92677
1513366440,15.300,15.350,15.300,15.350,121,92677
1513366500,15.300,15.350,15.300,15.350,40,93284
1513366560,15.300,15.350,15.300,15.350,40,93284
1513366620,15.300,15.350,15.300,15.350,40,93284
1513366680,15.300,15.350,15.300,15.350,40,93284
1513366740,15.300,15.300,15.300,15.300,40,93284
1513366800,15.300,15.300,15.300,15.300,80,93484
1513366860,15.350,15.350,15.350,15.350,80,93484
1513366920,15.350,15.350,15.350,15.350,80,93484
1513366980,15.325,15.300,15.300,15.325,80,93484
1513367040,15.325,15.300,15.300,15.325,80,93484
1513367100,15.300,15.300,15.300,15.300,364,93884
1513367160,15.350,15.350,15.350,15.350,364,93884
1513367220,15.350,15.350,15.350,15.350,364,93884
1513367280,15.300,15.300,15.300,15.300,364,93884
1513367340,15.350,15.350,15.350,15.350,364,93884
1513367400,15.350,15.350,15.350,15.350,262,95704
1513367460,15.350,15.350,15.350,15.350,261,95704
1513367520,15.350,15.350,15.350,15.350,261,95704
1513367580,15.350,15.400,15.350,15.400,261,95704
1513367640,15.400,15.400,15.400,15.400,261,95704
1513367700,15.400,15.400,15.400,15.400,923,97010
1513367760,15.400,15.400,15.400,15.400,920,97010
1513367820,15.350,15.300,15.300,15.350,920,97010
1513367880,15.350,15.300,15.300,15.350,920,97010
1513367940,15.350,15.300,15.300,15.350,920,97010
1513368000,15.350,15.300,15.300,15.350,20,101613
1513368060,15.350,15.300,15.300,15.350,20,101613
1513368120,15.350,15.300,15.300,15.350,20,101613
1513368180,15.350,15.300,15.300,15.350,20,101613
1513368240,15.300,15.300,15.300,15.300,20,101613
1513368300,15.300,15.300,15.300,15.300,20,101713
1513368360,15.300,15.300,15.300,15.300,20,101713
1513368420,15.300,15.300,15.300,15.300,20,101713
1513368480,15.300,15.300,15.300,15.300,20,101713
1513368540,15.300,15.300,15.300,15.300,20,101713
1513368600,15.300,15.300,15.300,15.300,1914,101813
1513368660,15.350,15.350,15.350,15.350,1910,101813
1513368720,15.350,15.325,15.325,15.350,1910,101813
1513368780,15.350,15.325,15.325,15.350,1910,101813
1513368840,15.300,15.350,15.300,15.350,1910,101813
1513368900,15.350,15.350,15.350,15.350,102,111367
1513368960,15.350,15.350,15.350,15.350,101,111367
1513369020,15.350,15.350,15.350,15.350,101,111367
1513369080,15.350,15.350,15.350,15.350,101,111367
1513369140,15.332,15.332,15.332,15.332,101,111367
1513369200,15.300,15.350,15.300,15.350,40,111873
1513369260,15.300,15.350,15.300,15.350,40,111873
1513369320,15.300,15.350,15.300,15.350,40,111873
1513369380,15.300,15.350,15.300,15.350,40,111873
1513369440,15.300,15.350,15.300,15.350,40,111873
1513369500,15.400,15.400,15.400,15.400,306,112073
1513369560,15.400,15.400,15.400,15.400,302,112073
1513369620,15.400,15.400,15.400,15.400,302,112073
1513369680,15.400,15.400,15.400,15.400,302,112073
1513369740,15.400,15.400,15.400,15.400,302,112073
1513369800,15.425,15.425,15.425,15.425,466,113587
1513369860,15.425,15.425,15.425,15.425,465,113587
1513369920,15.400,15.350,15.350,15.400,465,113587
1513369980,15.400,15.350,15.350,15.400,465,113587
1513370040,15.375,15.375,15.375,15.375,465,113587
1513370100,15.375,15.375,15.375,15.375,92,115913
1513370160,15.350,15.350,15.350,15.350,88,115913
1513370220,15.350,15.350,15.350,15.350,88,115913
1513370280,15.350,15.350,15.350,15.350,88,115913
1513370340,15.350,15.350,15.350,15.350,88,115913
1513370400,15.350,15.300,15.300,15.350,1931,116357
1513370460,15.322,15.300,15.300,15.322,1929,116357
1513370520,15.322,15.300,15.300,15.322,1929,116357
1513370580,15.322,15.300,15.300,15.322,1929,116357
1513370640,15.350,15.300,15.300,15.350,1929,116357
1513370700,15.300,15.300,15.300,15.300,1506,126004
1513370760,15.300,15.300,15.300,15.300,1502,126004
1513370820,15.300,15.300,15.300,15.300,1502,126004
1513370880,15.300,15.300,15.300,15.300,1502,126004
1513370940,15.300,15.350,15.300,15.350,1502,126004
1513371000,15.300,15.300,15.300,15.300,1045,133518
1513371060,15.300,15.300,15.300,15.300,1041,133518
1513371120,15.300,15.300,15.300,15.300,1041,133518
1513371180,15.300,15.300,15.300,15.300,1041,133518
1513371240,15.300,15.300,15.300,15.300,1041,133518
1513371300,15.300,15.300,15.300,15.300,14160,138727
1513371360,15.300,15.350,15.300,15.350,14160,138727
1513371420,15.300,15.350,15.300,15.350,14160,138727
1513371480,15.300,15.250,15.250,15.350,14160,138727
1513371540,15.275,15.250,15.250,15.350,14160,138727
1513607400,15.350,15.350,15.350,15.350,428,0
1513607460,15.350,15.350,15.350,15.350,428,0
1513607520,15.350,15.350,15.350,15.350,428,0
1513607580,15.350,15.500,15.350,15.500,428,0
1513607640,15.350,15.500,15.350,15.500,428,0
1513607700,15.350,15.500,15.350,15.500,428,0
1513607760,15.350,15.500,15.350,15.500,428,0
1513607820,15.350,15.500,15.350,15.500,428,0
1513607880,15.350,15.500,15.350,15.500,428,0
1513607940,15.350,15.500,15.350,15.500,428,0
1513608000,15.450,15.450,15.450,15.450,434,2140
1513608060,15.475,15.475,15.475,15.475,430,2140
1513608120,15.475,15.475,15.475,15.475,430,2140
1513608180,15.475,15.475,15.475,15.475,430,2140
1513608240,15.475,15.475,15.475,15.475,430,2140
1513608300,15.400,15.400,15.400,15.400,20,4294
1513608360,15.400,15.400,15.400,15.400,20,4294
1513608420,15.400,15.400,15.400,15.400,20,4294
1513608480,15.400,15.400,15.400,15.400,20,4294
1513608540,15.400,15.400,15.400,15.400,20,4294
1513608600,15.400,15.400,15.400,15.400,43,4394
1513608660,15.400,15.400,15.400,15.400,41,4394
1513608720,15.400,15.400,15.400,15.400,41,4394
1513608780,15.400,15.400,15.400,15.400,41,4394
1513608840,15.400,15.400,15.400,15.400,41,4394
1513608900,15.400,15.400,15.400,15.400,142,4601
1513608960,15.450,15.450,15.450,15.450,138,4601
1513609020,15.450,15.450,15.450,15.450,138,4601
1513609080,15.450,15.450,15.450,15.450,138,4601
1513609140,15.450,15.450,15.450,15.450,138,4601
1513609200,15.450,15.450,15.450,15.450,175,5295
1513609260,15.500,15.500,15.500,15.500,171,5295
1513609320,15.500,15.500,15.500,15.500,171,5295
1513609380,15.500,15.500,15.500,15.500,171,5295
1513609440,15.500,15.500,15.500,15.500,171,5295
1513609500,15.500,15.500,15.500,15.500,171,5295
1513609560,15.500,15.500,15.500,15.500,171,5295
1513609620,15.500,15.500,15.500,15.500,171,5295
1513609680,15.500,15.500,15.500,15.500,171,5295
1513609740,15.500,15.500,15.500,15.500,171,5295
1513609800,15.500,15.500,15.500,15.500,171,5295
1513609860,15.500,15.500,15.500,15.500,171,5295
1513609920,15.500,15.500,15.500,15.500,171,5295
1513609980,15.500,15.500,15.500,15.500,171,5295
1513610040,15.500,15.500,15.500,15.500,171,5295
1513610100,15.475,15.450,15.450,15.475,164,6154
1513610160,15.425,15.425,15.425,15.425,162,6154
1513610220,15.400,15.400,15.400,15.400,162,6154
1513610280,15.400,15.400,15.400,15.400,162,6154
1513610340,15.400,15.400,15.400,15.400,162,6154
1513610400,15.400,15.400,15.400,15.400,189,6966
1513610460,15.400,15.400,15.400,15.400,187,6966
1513610520,15.400,15.400,15.400,15.400,187,6966
1513610580,15.350,15.369,15.350,15.369,187,6966
1513610640,15.350,15.350,15.350,15.350,187,6966
1513610700,15.350,15.350,15.350,15.350,60,7903
1513610760,15.350,15.350,15.350,15.350,60,7903
1513610820,15.350,15.350,15.350,15.350,60,7903
1513610880,15.350,15.350,15.350,15.350,60,7903
1513610940,15.350,15.350,15.350,15.350,60,7903
1513611000,15.300,15.300,15.300,15.300,210,8203
1513611060,15.300,15.300,15.300,15.300,209,8203
1513611120,15.300,15.300,15.300,15.300,209,8203
1513611180,15.300,15.300,15.300,15.300,209,8203
1513611240,15.300,15.300,15.300,15.300,209,8203
1513611300,15.350,15.350,15.350,15.350,305,9249
1513611360,15.300,15.300,15.300,15.300,304,9249
1513611420,15.250,15.250,15.250,15.250,304,9249
1513611480,15.275,15.250,15.250,15.275,304,9249
1513611540,15.275,15.250,15.250,15.275,304,9249
1513611600,15.250,15.250,15.250,15.250,20,10770
1513611660,15.250,15.250,15.250,15.250,20,10770
1513611720,15.250,15.250,15.250,15.250,20,10770
1513611780,15.250,15.250,15.250,15.250,20,10770
1513611840,15.250,15.250,15.250,15.250,20,10770
1513611900,15.275,15.250,15.250,15.275,142,10870
1513611960,15.250,15.250,15.250,15.250,142,10870
1513612020,15.250,15.250,15.250,15.250,142,10870
1513612080,15.250,15.250,15.250,15.250,142,10870
1513612140,15.250,15.250,15.250,15.250,142,10870
1513612200,15.250,15.250,15.250,15.250,1034,11580
1513612260,15.250,15.250,15.250,15.250,1033,11580
1513612320,15.250,15.250,15.250,15.250,1033,11580
1513612380,15.250,15.250,15.250,15.250,1033,11580
1513612440,15.250,15.250,15.250,15.250,1033,11580
1513612500,15.250,15.250,15.250,15.250,64,16746
1513612560,15.250,15.250,15.250,15.250,60,16746
1513612620,15.250,15.250,15.250,15.250,60,16746
1513612680,15.275,15.275,15.275,15.275,60,16746
1513612740,15.275,15.275,15.275,15.275,60,16746
1513612800,15.250,15.250,15.250,15.250,83,17050
1513612860,15.250,15.250,15.250,15.250,83,17050
1513612920,15.275,15.250,15.250,15.275,83,17050
1513612980,15.275,15.250,15.250,15.275,83,17050
1513613040,15.275,15.250,15.250,15.275,83,17050
1513613100,15.275,15.275,15.275,15.275,406,17465
1513613160,15.275,15.275,15.275,15.275,406,17465
1513613220,15.300,15.300,15.300,15.300,406,17465
1513613280,15.300,15.300,15.300,15.300,406,17465
1513613340,15.300,15.300,15.300,15.300,406,17465
1513613400,15.300,15.300,15.300,15.300,406,17465
1513613460,15.300,15.300,15.300,15.300,406,17465
1513613520,15.300,15.300,15.300,15.300,406,17465
1513613580,15.300,15.300,15.300,15.300,406,17465
1513613640,15.300,15.300,15.300,15.300,406,17465
1513613700,15.300,15.300,15.300,15.300,106,19495
1513613760,15.300,15.300,15.300,15.300,105,19495
1513613820,15.300,15.300,15.300,15.300,105,19495
1513613880,15.250,15.250,15.250,15.250,105,19495
1513613940,15.250,15.250,15.250,15.250,105,19495
1513614000,15.250,15.250,15.250,15.250,105,19495
1513614060,15.250,15.250,15.250,15.250,105,19495
1513614120,15.250,15.250,15.250,15.250,105,19495
1513614180,15.250,15.250,15.250,15.250,105,19495
1513614240,15.250,15.250,15.250,15.250,105,19495
1513614300,15.300,15.300,15.300,15.300,162,20021
1513614360,15.300,15.300,15.300,15.300,159,20021
1513614420,15.300,15.300,15.300,15.300,159,20021
1513614480,15.300,15.300,15.300,15.300,159,20021
1513614540,15.284,15.284,15.284,15.284,159,20021
1513614600,15.284,15.284,15.284,15.284,40,20819
1513614660,15.300,15.300,15.300,15.300,40,20819
1513614720,15.275,15.275,15.275,15.275,40,20819
1513614780,15.275,15.275,15.275,15.275,40,20819
1513614840,15.275,15.275,15.275,15.275,40,20819
1513614900,15.269,15.269,15.269,15.269,1677,21019
1513614960,15.300,15.300,15.300,15.300,1676,21019
1513615020,15.300,15.300,15.300,15.300,1676,21019
1513615080,15.300,15.300,15.300,15.300,1676,21019
1513615140,15.250,15.250,15.250,15.250,1676,21019
1513615200,15.250,15.250,15.250,15.250,160,29400
1513615260,15.300,15.300,15.300,15.300,160,29400
1513615320,15.350,15.350,15.350,15.350,160,29400
1513615380,15.250,15.250,15.250,15.250,160,29400
1513615440,15.250,15.250,15.250,15.250,160,29400
1513615500,15.250,15.250,15.250,15.250,160,29400
1513615560,15.250,15.250,15.250,15.250,160,29400
1513615620,15.250,15.250,15.250,15.250,160,29400
1513615680,15.250,15.250,15.250,15.250,160,29400
1513615740,15.250,15.250,15.250,15.250,160,29400
1513615800,15.250,15.250,15.250,15.250,160,29400
1513615860,15.250,15.250,15.250,15.250,160,29400
1513615920,15.250,15.250,15.250,15.250,160,29400
1513615980,15.250,15.250,15.250,15.250,160,29400
1513616040,15.250,15.250,15.250,15.250,160,29400
1513616100,15.250,15.250,15.250,15.250,160,29400
1513616160,15.250,15.250,15.250,15.250,160,29400
1513616220,15.250,15.250,15.250,15.250,160,29400
1513616280,15.250,15.250,15.250,15.250,160,29400
1513616340,15.250,15.250,15.250,15.250,160,29400
1513616400,15.300,15.300,15.300,15.300,392,30200
1513616460,15.300,15.300,15.300,15.300,390,30200
1513616520,15.300,15.300,15.300,15.300,390,30200
1513616580,15.300,15.300,15.300,15.300,390,30200
1513616640,15.300,15.300,15.300,15.300,390,30200
1513616700,15.300,15.300,15.300,15.300,390,30200
1513616760,15.300,15.300,15.300,15.300,390,30200
1513616820,15.300,15.300,15.300,15.300,390,30200
1513616880,15.300,15.300,15.300,15.300,390,30200
1513616940,15.300,15.300,15.300,15.300,390,30200
1513617000,15.300,15.300,15.300,15.300,128,32152
1513617060,15.250,15.250,15.250,15.250,126,32152
1513617120,15.250,15.250,15.250,15.250,126,32152
1513617180,15.250,15.250,15.250,15.250,126,32152
1513617240,15.250,15.250,15.250,15.250,126,32152
1513617300,15.250,15.250,15.250,15.250,36,32784
1513617360,15.250,15.250,15.250,15.250,36,32784
1513617420,15.250,15.250,15.250,15.250,36,32784
1513617480,15.250,15.250,15.250,15.250,36,32784
1513617540,15.300,15.300,15.300,15.300,36,32784
1513617600,15.300,15.300,15.300,15.300,30,32964
1513617660,15.300,15.300,15.300,15.300,30,32964
1513617720,15.300,15.300,15.300,15.300,30,32964
1513617780,15.300,15.300,15.300,15.300,30,32964
1513617840,15.300,15.300,15.300,15.300,30,32964
1513617900,15.300,15.300,15.300,15.300,30,32964
1513617960,15.300,15.300,15.300,15.300,30,32964
1513618020,15.300,15.300,15.300,15.300,30,32964
1513618080,15.300,15.300,15.300,15.300,30,32964
1513618140,15.300,15.300,15.300,15.300,30,32964
1513618200,15.300,15.300,15.300,15.300,350,33114
1513618260,15.250,15.250,15.250,15.250,350,33114
1513618320,15.300,15.300,15.300,15.300,350,33114
1513618380,15.250,15.250,15.250,15.250,350,33114
1513618440,15.250,15.250,15.250,15.250,350,33114
1513618500,15.250,15.250,15.250,15.250,350,33114
1513618560,15.250,15.250,15.250,15.250,350,33114
1513618620,15.250,15.250,15.250,15.250,350,33114
1513618680,15.250,15.250,15.250,15.250,350,33114
1513618740,15.250,15.250,15.250,15.250,350,33114
1513618800,15.273,15.273,15.273,15.273,60,34864
1513618860,15.273,15.273,15.273,15.273,60,34864
1513618920,15.273,15.273,15.273,15.273,60,34864
1513618980,15.273,15.273,15.273,15.273,60,34864
1513619040,15.273,15.273,15.273,15.273,60,34864
1513619100,15.250,15.250,15.250,15.250,20,35164
1513619160,15.250,15.250,15.250,15.250,20,35164
1513619220,15.250,15.250,15.250,15.250,20,35164
1513619280,15.250,15.250,15.250,15.250,20,35164
1513619340,15.250,15.250,15.250,15.250,20,35164
1513619400,15.250,15.250,15.250,15.250,20,35164
1513619460,15.250,15.250,15.250,15.250,20,35164
1513619520,15.250,15.250,15.250,15.250,20,35164
1513619580,15.250,15.250,15.250,15.250,20,35164
1513619640,15.250,15.250,15.250,15.250,20,35164
1513619700,15.250,15.250,15.250,15.250,20,35164
1513619760,15.250,15.250,15.250,15.250,20,35164
1513619820,15.250,15.250,15.250,15.250,20,35164
1513619880,15.250,15.250,15.250,15.250,20,35164
1513619940,15.250,15.250,15.250,15.250,20,35164
1513620000,15.250,15.250,15.250,15.250,20,35164
1513620060,15.250,15.250,15.250,15.250,20,35164
1513620120,15.250,15.250,15.250,15.250,20,35164
1513620180,15.250,15.250,15.250,15.250,20,35164
1513620240,15.250,15.250,15.250,15.250,20,35164
1513620300,15.250,15.250,15.250,15.250,20,35164
1513620360,15.250,15.250,15.250,15.250,20,35164
1513620420,15.250,15.250,15.250,15.250,20,35164
1513620480,15.250,15.250,15.250,15.250,20,35164
1513620540,15.250,15.250,15.250,15.250,20,35164
1513620600,15.250,15.250,15.250,15.250,20,35164
1513620660,15.250,15.250,15.250,15.250,20,35164
1513620720,15.250,15.250,15.250,15.250,20,35164
1513620780,15.250,15.250,15.250,15.250,20,35164
1513620840,15.250,15.250,15.250,15.250,20,35164
1513620900,15.250,15.250,15.250,15.250,132,35264
1513620960,15.250,15.250,15.250,15.250,129,35264
1513621020,15.250,15.250,15.250,15.250,129,35264
1513621080,15.250,15.250,15.250,15.250,129,35264
1513621140,15.250,15.250,15.250,15.250,129,35264
1513621200,15.250,15.250,15.250,15.250,40,35912
1513621260,15.250,15.250,15.250,15.250,40,35912
1513621320,15.287,15.250,15.250,15.287,40,35912
1513621380,15.287,15.250,15.250,15.287,40,35912
1513621440,15.287,15.250,15.250,15.287,40,35912
1513621500,15.287,15.250,15.250,15.287,40,35912
1513621560,15.287,15.250,15.250,15.287,40,35912
1513621620,15.287,15.250,15.250,15.287,40,35912
1513621680,15.287,15.250,15.250,15.287,40,35912
1513621740,15.287,15.250,15.250,15.287,40,35912
1513621800,15.300,15.300,15.300,15.300,60,36112
1513621860,15.300,15.300,15.300,15.300,60,36112
1513621920,15.300,15.300,15.300,15.300,60,36112
1513621980,15.300,15.300,15.300,15.300,60,36112
1513622040,15.300,15.300,15.300,15.300,60,36112
1513622100,15.300,15.300,15.300,15.300,60,36112
1513622160,15.300,15.300,15.300,15.300,60,36112
1513622220,15.300,15.300,15.300,15.300,60,36112
1513622280,15.300,15.300,15.300,15.300,60,36112
1513622340,15.300,15.300,15.300,15.300,60,36112
1513622400,15.300,15.300,15.300,15.300,22,36412
1513622460,15.250,15.250,15.250,15.250,20,36412
1513622520,15.250,15.250,15.250,15.250,20,36412
1513622580,15.250,15.250,15.250,15.250,20,36412
1513622640,15.250,15.250,15.250,15.250,20,36412
1513622700,15.250,15.250,15.250,15.250,40,36514
1513622760,15.250,15.250,15.250,15.250,40,36514
1513622820,15.250,15.250,15.250,15.250,40,36514
1513622880,15.250,15.250,15.250,15.250,40,36514
1513622940,15.250,15.250,15.250,15.250,40,36514
1513623000,15.250,15.250,15.250,15.250,40,36514
1513623060,15.250,15.250,15.250,15.250,40,36514
1513623120,15.250,15.250,15.250,15.250,40,36514
1513623180,15.250,15.250,15.250,15.250,40,36514
1513623240,15.250,15.250,15.250,15.250,40,36514
1513623300,15.250,15.250,15.250,15.250,23,36714
1513623360,15.250,15.250,15.250,15.250,20,36714
1513623420,15.250,15.250,15.250,15.250,20,36714
1513623480,15.250,15.250,15.250,15.250,20,36714
1513623540,15.250,15.250,15.250,15.250,20,36714
1513623600,15.250,15.250,15.250,15.250,20,36714
1513623660,15.250,15.250,15.250,15.250,20,36714
1513623720,15.250,15.250,15.250,15.250,20,36714
1513623780,15.250,15.250,15.250,15.250,20,36714
1513623840,15.250,15.250,15.250,15.250,20,36714
1513623900,15.250,15.250,15.250,15.250,91,36817
1513623960,15.275,15.275,15.275,15.275,90,36817
1513624020,15.275,15.275,15.275,15.275,90,36817
1513624080,15.275,15.275,15.275,15.275,90,36817
1513624140,15.250,15.250,15.250,15.250,90,36817
1513624200,15.250,15.250,15.250,15.250,90,36817
1513624260,15.250,15.250,15.250,15.250,90,36817
1513624320,15.250,15.250,15.250,15.250,90,36817
1513624380,15.250,15.250,15.250,15.250,90,36817
1513624440,15.250,15.250,15.250,15.250,90,36817
1513624500,15.250,15.250,15.250,15.250,90,36817
1513624560,15.250,15.250,15.250,15.250,90,36817
1513624620,15.250,15.250,15.250,15.250,90,36817
1513624680,15.250,15.250,15.250,15.250,90,36817
1513624740,15.250,15.250,15.250,15.250,90,36817
1513624800,15.250,15.250,15.250,15.250,122,37268
1513624860,15.250,15.250,15.250,15.250,122,37268
1513624920,15.250,15.250,15.250,15.250,122,37268
1513624980,15.250,15.250,15.250,15.250,122,37268
1513625040,15.250,15.250,15.250,15.250,122,37268
1513625100,15.250,15.250,15.250,15.250,122,37268
1513625160,15.250,15.250,15.250,15.250,122,37268
1513625220,15.250,15.250,15.250,15.250,122,37268
1513625280,15.250,15.250,15.250,15.250,122,37268
1513625340,15.250,15.250,15.250,15.250,122,37268
1513625400,15.250,15.250,15.250,15.250,122,37268
1513625460,15.250,15.250,15.250,15.250,122,37268
1513625520,15.250,15.250,15.250,15.250,122,37268
1513625580,15.250,15.250,15.250,15.250,122,37268
1513625640,15.250,15.250,15.250,15.250,122,37268
1513625700,15.250,15.250,15.250,15.250,605,37878
1513625760,15.250,15.250,15.250,15.250,605,37878
1513625820,15.250,15.250,15.250,15.250,605,37878
1513625880,15.250,15.250,15.250,15.250,605,37878
1513625940,15.250,15.250,15.250,15.250,605,37878
1513626000,15.250,15.250,15.250,15.250,605,37878
1513626060,15.250,15.250,15.250,15.250,605,37878
1513626120,15.250,15.250,15.250,15.250,605,37878
1513626180,15.250,15.250,15.250,15.250,605,37878
1513626240,15.250,15.250,15.250,15.250,605,37878
1513626300,15.275,15.275,15.275,15.275,620,40903
1513626360,15.250,15.250,15.250,15.250,618,40903
1513626420,15.250,15.250,15.250,15.250,618,40903
1513626480,15.250,15.250,15.250,15.250,618,40903
1513626540,15.250,15.250,15.250,15.250,618,40903
1513626600,15.250,15.250,15.250,15.250,326,43995
1513626660,15.250,15.250,15.250,15.250,324,43995
1513626720,15.250,15.250,15.250,15.250,324,43995
1513626780,15.275,15.275,15.275,15.275,324,43995
1513626840,15.275,15.275,15.275,15.275,324,43995
1513626900,15.275,15.275,15.275,15.275,324,43995
1513626960,15.275,15.275,15.275,15.275,324,43995
1513627020,15.275,15.275,15.275,15.275,324,43995
1513627080,15.275,15.275,15.275,15.275,324,43995
1513627140,15.275,15.275,15.275,15.275,324,43995
1513627200,15.275,15.275,15.275,15.275,324,43995
1513627260,15.275,15.275,15.275,15.275,324,43995
1513627320,15.275,15.275,15.275,15.275,324,43995
1513627380,15.275,15.275,15.275,15.275,324,43995
1513627440,15.275,15.275,15.275,15.275,324,43995
1513627500,15.275,15.275,15.275,15.275,324,43995
1513627560,15.275,15.275,15.275,15.275,324,43995
1513627620,15.275,15.275,15.275,15.275,324,43995
1513627680,15.275,15.275,15.275,15.275,324,43995
1513627740,15.275,15.275,15.275,15.275,324,43995
1513627800,15.275,15.275,15.275,15.275,324,43995
1513627860,15.275,15.275,15.275,15.275,324,43995
1513627920,15.275,15.275,15.275,15.275,324,43995
1513627980,15.275,15.275,15.275,15.275,324,43995
1513628040,15.275,15.275,15.275,15.275,324,43995
1513628100,15.275,15.275,15.275,15.275,324,43995
1513628160,15.275,15.275,15.275,15.275,324,43995
1513628220,15.275,15.275,15.275,15.275,324,43995
1513628280,15.275,15.275,15.275,15.275,324,43995
1513628340,15.275,15.275,15.275,15.275,324,43995
1513628400,15.275,15.275,15.275,15.275,238,45617
1513628460,15.275,15.275,15.275,15.275,238,45617
1513628520,15.275,15.275,15.275,15.275,238,45617
1513628580,15.275,15.275,15.275,15.275,238,45617
1513628640,15.276,15.276,15.276,15.276,238,45617
1513628700,15.276,15.276,15.276,15.276,238,45617
1513628760,15.276,15.276,15.276,15.276,238,45617
1513628820,15.276,15.276,15.276,15.276,238,45617
1513628880,15.276,15.276,15.276,15.276,238,45617
1513628940,15.276,15.276,15.276,15.276,238,45617
1513629000,15.250,15.250,15.250,15.250,111,46807
1513629060,15.250,15.250,15.250,15.250,108,46807
1513629120,15.250,15.250,15.250,15.250,108,46807
1513629180,15.250,15.250,15.250,15.250,108,46807
1513629240,15.250,15.250,15.250,15.250,108,46807
1513629300,15.300,15.325,15.300,15.325,1563,47350
1513629360,15.300,15.325,15.300,15.325,1561,47350
1513629420,15.300,15.325,15.300,15.325,1561,47350
1513629480,15.300,15.300,15.300,15.300,1561,47350
1513629540,15.300,15.300,15.300,15.300,1561,47350
1513629600,15.300,15.300,15.300,15.300,60,55157
1513629660,15.300,15.300,15.300,15.300,56,55157
1513629720,15.300,15.300,15.300,15.300,56,55157
1513629780,15.300,15.300,15.300,15.300,56,55157
1513629840,15.350,15.350,15.350,15.350,56,55157
1513629900,15.300,15.300,15.300,15.300,1632,55441
1513629960,15.300,15.300,15.300,15.300,1632,55441
1513630020,15.300,15.300,15.300,15.300,1632,55441
1513630080,15.300,15.300,15.300,15.300,1632,55441
1513630140,15.300,15.275,15.275,15.300,1632,55441
1513630200,15.250,15.250,15.250,15.250,1184,63601
1513630260,15.225,15.200,15.200,15.225,1182,63601
1513630320,15.200,15.200,15.200,15.200,1182,63601
1513630380,15.200,15.200,15.200,15.200,1182,63601
1513630440,15.200,15.200,15.200,15.200,1182,63601
1513630500,15.200,15.200,15.200,15.200,9743,69513
1513630560,15.200,15.200,15.200,15.200,9740,69513
1513630620,15.200,15.225,15.200,15.250,9740,69513
1513630680,15.200,15.200,15.200,15.200,9740,69513
1513630740,15.200,15.200,15.150,15.200,9740,69513
1513693800,15.250,15.200,15.200,15.250,165,0
1513693860,15.200,15.200,15.200,15.200,163,0
1513693920,15.250,15.250,15.250,15.250,163,0
1513693980,15.250,15.250,15.250,15.250,163,0
1513694040,15.250,15.250,15.250,15.250,163,0
1513694100,15.250,15.250,15.250,15.250,439,817
1513694160,15.250,15.250,15.250,15.250,439,817
1513694220,15.250,15.250,15.250,15.250,439,817
1513694280,15.250,15.250,15.250,15.250,439,817
1513694340,15.250,15.250,15.250,15.250,439,817
1513694400,15.250,15.250,15.250,15.250,439,817
1513694460,15.250,15.250,15.250,15.250,439,817
1513694520,15.250,15.250,15.250,15.250,439,817
1513694580,15.250,15.250,15.250,15.250,439,817
1513694640,15.250,15.250,15.250,15.250,439,817
1513694700,15.300,15.250,15.250,15.300,125,3012
1513694760,15.300,15.300,15.300,15.300,122,3012
1513694820,15.300,15.300,15.300,15.300,122,3012
1513694880,15.300,15.300,15.300,15.300,122,3012
1513694940,15.300,15.300,15.300,15.300,122,3012
1513695000,15.300,15.300,15.300,15.300,122,3012
1513695060,15.300,15.300,15.300,15.300,122,3012
1513695120,15.300,15.300,15.300,15.300,122,3012
1513695180,15.300,15.300,15.300,15.300,122,3012
1513695240,15.300,15.300,15.300,15.300,122,3012
1513695300,15.300,15.300,15.300,15.300,122,3012
1513695360,15.300,15.300,15.300,15.300,122,3012
1513695420,15.300,15.300,15.300,15.300,122,3012
1513695480,15.300,15.300,15.300,15.300,122,3012
1513695540,15.300,15.300,15.300,15.300,122,3012
1513695600,15.300,15.300,15.300,15.300,122,3012
1513695660,15.300,15.300,15.300,15.300,122,3012
1513695720,15.300,15.300,15.300,15.300,122,3012
1513695780,15.300,15.300,15.300,15.300,122,3012
1513695840,15.300,15.300,15.300,15.300,122,3012
1513695900,15.300,15.300,15.300,15.300,122,3012
1513695960,15.300,15.300,15.300,15.300,122,3012
1513696020,15.300,15.300,15.300,15.300,122,3012
1513696080,15.300,15.300,15.300,15.300,122,3012
1513696140,15.300,15.300,15.300,15.300,122,3012
1513696200,15.300,15.300,15.300,15.300,122,3012
1513696260,15.300,15.300,15.300,15.300,122,3012
1513696320,15.300,15.300,15.300,15.300,122,3012
1513696380,15.300,15.300,15.300,15.300,122,3012
1513696440,15.300,15.300,15.300,15.300,122,3012
1513696500,15.300,15.300,15.300,15.300,122,3012
1513696560,15.300,15.300,15.300,15.300,122,3012
1513696620,15.300,15.300,15.300,15.300,122,3012
1513696680,15.300,15.300,15.300,15.300,122,3012
1513696740,15.300,15.300,15.300,15.300,122,3012
1513696800,15.300,15.300,15.300,15.300,204,3625
1513696860,15.300,15.300,15.300,15.300,200,3625
1513696920,15.300,15.300,15.300,15.300,200,3625
1513696980,15.300,15.300,15.300,15.300,200,3625
1513697040,15.300,15.300,15.300,15.300,200,3625
1513697100,15.300,15.300,15.300,15.300,200,3625
1513697160,15.300,15.300,15.300,15.300,200,3625
1513697220,15.300,15.300,15.300,15.300,200,3625
1513697280,15.300,15.300,15.300,15.300,200,3625
1513697340,15.300,15.300,15.300,15.300,200,3625
1513697400,15.300,15.300,15.300,15.300,200,3625
1513697460,15.300,15.300,15.300,15.300,200,3625
1513697520,15.300,15.300,15.300,15.300,200,3625
1513697580,15.300,15.300,15.300,15.300,200,3625
1513697640,15.300,15.300,15.300,15.300,200,3625
1513697700,15.300,15.300,15.300,15.300,200,3625
1513697760,15.300,15.300,15.300,15.300,200,3625
1513697820,15.300,15.300,15.300,15.300,200,3625
1513697880,15.300,15.300,15.300,15.300,200,3625
1513697940,15.300,15.300,15.300,15.300,200,3625
1513698000,15.300,15.300,15.300,15.300,200,3625
1513698060,15.300,15.300,15.300,15.300,200,3625
1513698120,15.300,15.300,15.300,15.300,200,3625
1513698180,15.300,15.300,15.300,15.300,200,3625
1513698240,15.300,15.300,15.300,15.300,200,3625
1513698300,15.250,15.250,15.250,15.250,230,4629
1513698360,15.250,15.250,15.250,15.250,230,4629
1513698420,15.250,15.250,15.250,15.250,230,4629
1513698480,15.200,15.200,15.200,15.200,230,4629
1513698540,15.200,15.200,15.200,15.200,230,4629
1513698600,15.200,15.200,15.200,15.200,60,5779
1513698660,15.200,15.200,15.200,15.200,60,5779
1513698720,15.200,15.200,15.200,15.200,60,5779
1513698780,15.200,15.200,15.200,15.200,60,5779
1513698840,15.200,15.200,15.200,15.200,60,5779
1513698900,15.200,15.200,15.200,15.200,60,6079
1513698960,15.200,15.300,15.200,15.300,60,6079
1513699020,15.200,15.300,15.200,15.300,60,6079
1513699080,15.200,15.300,15.200,15.300,60,6079
1513699140,15.200,15.300,15.200,15.300,60,6079
1513699200,15.200,15.300,15.200,15.300,160,6379
1513699260,15.250,15.275,15.250,15.275,156,6379
1513699320,15.250,15.300,15.250,15.300,156,6379
1513699380,15.250,15.300,15.250,15.300,156,6379
1513699440,15.250,15.300,15.250,15.300,156,6379
1513699500,15.250,15.300,15.250,15.300,156,6379
1513699560,15.250,15.300,15.250,15.300,156,6379
1513699620,15.250,15.300,15.250,15.300,156,6379
1513699680,15.250,15.300,15.250,15.300,156,6379
1513699740,15.250,15.300,15.250,15.300,156,6379
1513699800,15.250,15.300,15.250,15.300,156,6379
1513699860,15.250,15.300,15.250,15.300,156,6379
1513699920,15.250,15.300,15.250,15.300,156,6379
1513699980,15.250,15.300,15.250,15.300,156,6379
1513700040,15.250,15.300,15.250,15.300,156,6379
1513700100,15.250,15.300,15.250,15.300,156,6379
1513700160,15.250,15.300,15.250,15.300,156,6379
1513700220,15.250,15.300,15.250,15.300,156,6379
1513700280,15.250,15.300,15.250,15.300,156,6379
1513700340,15.250,15.300,15.250,15.300,156,6379
1513700400,15.350,15.350,15.350,15.350,349,7163
1513700460,15.350,15.350,15.350,15.350,348,7163
1513700520,15.350,15.350,15.350,15.350,348,7163
1513700580,15.350,15.350,15.350,15.350,348,7163
1513700640,15.350,15.350,15.350,15.350,348,7163
1513700700,15.350,15.350,15.350,15.350,668,8904
1513700760,15.400,15.400,15.400,15.400,665,8904
1513700820,15.400,15.400,15.400,15.400,665,8904
1513700880,15.400,15.400,15.400,15.400,665,8904
1513700940,15.400,15.400,15.400,15.400,665,8904
1513701000,15.400,15.375,15.375,15.400,1304,12232
1513701060,15.400,15.375,15.375,15.400,1302,12232
1513701120,15.375,15.400,15.375,15.400,1302,12232
1513701180,15.400,15.400,15.400,15.400,1302,12232
1513701240,15.400,15.400,15.400,15.400,1302,12232
1513701300,15.400,15.400,15.400,15.400,2506,18744
1513701360,15.400,15.400,15.400,15.400,2503,18744
1513701420,15.400,15.400,15.400,15.400,2503,18744
1513701480,15.400,15.400,15.400,15.400,2503,18744
1513701540,15.400,15.400,15.400,15.400,2503,18744
1513701600,15.400,15.400,15.400,15.400,84,31262
1513701660,15.400,15.400,15.400,15.400,80,31262
1513701720,15.400,15.400,15.400,15.400,80,31262
1513701780,15.400,15.400,15.400,15.400,80,31262
1513701840,15.400,15.400,15.400,15.400,80,31262
1513701900,15.400,15.400,15.400,15.400,381,31666
1513701960,15.400,15.400,15.400,15.400,381,31666
1513702020,15.400,15.400,15.400,15.400,381,31666
1513702080,15.400,15.350,15.350,15.400,381,31666
1513702140,15.400,15.350,15.350,15.400,381,31666
1513702200,15.400,15.350,15.350,15.400,424,33571
1513702260,15.400,15.350,15.350,15.400,421,33571
1513702320,15.400,15.350,15.350,15.400,421,33571
1513702380,15.450,15.400,15.400,15.450,421,33571
1513702440,15.450,15.400,15.400,15.450,421,33571
1513702500,15.450,15.400,15.400,15.450,212,35679
1513702560,15.450,15.400,15.400,15.450,208,35679
1513702620,15.400,15.400,15.400,15.400,208,35679
1513702680,15.400,15.400,15.400,15.400,208,35679
1513702740,15.400,15.400,15.400,15.400,208,35679
1513702800,15.400,15.400,15.400,15.400,208,35679
1513702860,15.400,15.400,15.400,15.400,208,35679
1513702920,15.400,15.400,15.400,15.400,208,35679
1513702980,15.400,15.400,15.400,15.400,208,35679
1513703040,15.400,15.400,15.400,15.400,208,35679
1513703100,15.400,15.400,15.400,15.400,208,35679
1513703160,15.400,15.400,15.400,15.400,208,35679
1513703220,15.400,15.400,15.400,15.400,208,35679
1513703280,15.400,15.400,15.400,15.400,208,35679
1513703340,15.400,15.400,15.400,15.400,208,35679
1513703400,15.400,15.400,15.400,15.400,440,36723
1513703460,15.400,15.400,15.400,15.400,440,36723
1513703520,15.400,15.400,15.400,15.400,440,36723
1513703580,15.400,15.400,15.400,15.400,440,36723
1513703640,15.400,15.350,15.350,15.400,440,36723
1513703700,15.400,15.375,15.375,15.400,1866,38923
1513703760,15.375,15.400,15.375,15.400,1863,38923
1513703820,15.375,15.400,15.375,15.400,1863,38923
1513703880,15.375,15.400,15.375,15.400,1863,38923
1513703940,15.400,15.375,15.375,15.400,1863,38923
1513704000,15.400,15.400,15.400,15.400,1887,48241
1513704060,15.350,15.400,15.350,15.400,1884,48241
1513704120,15.375,15.450,15.375,15.450,1884,48241
1513704180,15.375,15.450,15.375,15.450,1884,48241
1513704240,15.450,15.450,15.450,15.450,1884,48241
1513704300,15.450,15.450,15.450,15.450,1884,48241
1513704360,15.450,15.450,15.450,15.450,1884,48241
1513704420,15.450,15.450,15.450,15.450,1884,48241
1513704480,15.450,15.450,15.450,15.450,1884,48241
1513704540,15.450,15.450,15.450,15.450,1884,48241
1513704600,15.475,15.475,15.475,15.475,25,57664
1513704660,15.450,15.450,15.450,15.450,25,57664
1513704720,15.450,15.450,15.450,15.450,25,57664
1513704780,15.450,15.450,15.450,15.450,25,57664
1513704840,15.450,15.450,15.450,15.450,25,57664
1513704900,15.450,15.450,15.450,15.450,184,57789
1513704960,15.450,15.450,15.450,15.450,181,57789
1513705020,15.450,15.450,15.450,15.450,181,57789
1513705080,15.450,15.450,15.450,15.450,181,57789
1513705140,15.450,15.450,15.450,15.450,181,57789
1513705200,15.450,15.450,15.450,15.450,43,58697
1513705260,15.450,15.450,15.450,15.450,42,58697
1513705320,15.450,15.450,15.450,15.450,42,58697
1513705380,15.450,15.450,15.450,15.450,42,58697
1513705440,15.450,15.450,15.450,15.450,42,58697
1513705500,15.450,15.450,15.450,15.450,42,58697
1513705560,15.450,15.450,15.450,15.450,42,58697
1513705620,15.450,15.450,15.450,15.450,42,58697
1513705680,15.450,15.450,15.450,15.450,42,58697
1513705740,15.450,15.450,15.450,15.450,42,58697
1513705800,15.450,15.450,15.450,15.450,54,58908
1513705860,15.450,15.450,15.450,15.450,51,58908
1513705920,15.475,15.475,15.475,15.475,51,58908
1513705980,15.450,15.450,15.450,15.450,51,58908
1513706040,15.450,15.450,15.450,15.450,51,58908
1513706100,15.450,15.450,15.450,15.450,1282,59166
1513706160,15.450,15.475,15.450,15.475,1279,59166
1513706220,15.475,15.475,15.475,15.475,1279,59166
1513706280,15.500,15.450,15.450,15.500,1279,59166
1513706340,15.500,15.450,15.450,15.500,1279,59166
1513706400,15.500,15.450,15.450,15.500,169,65564
1513706460,15.500,15.450,15.450,15.500,167,65564
1513706520,15.500,15.450,15.450,15.500,167,65564
1513706580,15.500,15.450,15.450,15.500,167,65564
1513706640,15.450,15.450,15.450,15.450,167,65564
1513706700,15.450,15.450,15.450,15.450,22,66401
1513706760,15.450,15.450,15.450,15.450,20,66401
1513706820,15.450,15.450,15.450,15.450,20,66401
1513706880,15.450,15.450,15.450,15.450,20,66401
1513706940,15.450,15.450,15.450,15.450,20,66401
1513707000,15.450,15.450,15.450,15.450,1061,66503
1513707060,15.450,15.450,15.450,15.450,1061,66503
1513707120,15.450,15.450,15.450,15.450,1061,66503
1513707180,15.450,15.450,15.450,15.450,1061,66503
1513707240,15.400,15.400,15.400,15.400,1061,66503
1513707300,15.450,15.350,15.350,15.450,1838,71808
1513707360,15.450,15.350,15.350,15.450,1838,71808
1513707420,15.300,15.350,15.300,15.350,1838,71808
1513707480,15.300,15.350,15.300,15.350,1838,71808
1513707540,15.350,15.350,15.350,15.350,1838,71808
1513707600,15.350,15.350,15.350,15.350,1918,80998
1513707660,15.350,15.350,15.350,15.350,1917,80998
1513707720,15.400,15.350,15.350,15.400,1917,80998
1513707780,15.375,15.375,15.375,15.375,1917,80998
1513707840,15.375,15.375,15.375,15.375,1917,80998
1513707900,15.400,15.400,15.400,15.400,948,90584
1513707960,15.350,15.400,15.350,15.400,944,90584
1513708020,15.350,15.400,15.350,15.400,944,90584
1513708080,15.400,15.375,15.375,15.400,944,90584
1513708140,15.400,15.375,15.375,15.400,944,90584
1513708200,15.350,15.350,15.350,15.350,1168,95308
1513708260,15.350,15.350,15.350,15.350,1165,95308
1513708320,15.350,15.300,15.300,15.350,1165,95308
1513708380,15.300,15.300,15.300,15.300,1165,95308
1513708440,15.275,15.300,15.275,15.300,1165,95308
1513708500,15.300,15.350,15.300,15.375,892,101136
1513708560,15.350,15.350,15.350,15.350,892,101136
1513708620,15.350,15.350,15.350,15.350,892,101136
1513708680,15.350,15.350,15.350,15.350,892,101136
1513708740,15.350,15.350,15.350,15.350,892,101136
1513708800,15.350,15.350,15.350,15.350,1403,105596
1513708860,15.350,15.350,15.350,15.350,1399,105596
1513708920,15.350,15.350,15.350,15.350,1399,105596
1513708980,15.350,15.425,15.350,15.425,1399,105596
1513709040,15.425,15.425,15.425,15.425,1399,105596
1513709100,15.425,15.400,15.400,15.425,629,112595
1513709160,15.400,15.400,15.400,15.400,625,112595
1513709220,15.400,15.400,15.400,15.400,625,112595
1513709280,15.400,15.375,15.375,15.400,625,112595
1513709340,15.400,15.375,15.375,15.400,625,112595
1513709400,15.400,15.400,15.400,15.400,120,115724
1513709460,15.400,15.400,15.400,15.400,120,115724
1513709520,15.375,15.375,15.375,15.375,120,115724
1513709580,15.375,15.375,15.375,15.375,120,115724
1513709640,15.426,15.400,15.400,15.426,120,115724
1513709700,15.426,15.400,15.400,15.426,741,116324
1513709760,15.426,15.400,15.400,15.426,741,116324
1513709820,15.426,15.400,15.400,15.426,741,116324
1513709880,15.450,15.450,15.450,15.450,741,116324
1513709940,15.450,15.450,15.450,15.450,741,116324
1513710000,15.475,15.500,15.475,15.500,2484,120029
1513710060,15.500,15.500,15.500,15.500,2482,120029
1513710120,15.500,15.500,15.500,15.500,2482,120029
1513710180,15.500,15.500,15.500,15.500,2482,120029
1513710240,15.500,15.500,15.500,15.500,2482,120029
1513710300,15.550,15.550,15.550,15.550,111,132441
1513710360,15.500,15.500,15.500,15.500,109,132441
1513710420,15.500,15.500,15.500,15.500,109,132441
1513710480,15.500,15.500,15.500,15.500,109,132441
1513710540,15.500,15.500,15.500,15.500,109,132441
1513710600,15.500,15.500,15.500,15.500,994,132988
1513710660,15.550,15.550,15.550,15.550,993,132988
1513710720,15.550,15.550,15.550,15.550,993,132988
1513710780,15.600,15.550,15.550,15.600,993,132988
1513710840,15.600,15.550,15.550,15.600,993,132988
1513710900,15.600,15.550,15.550,15.600,280,137954
1513710960,15.600,15.550,15.550,15.600,278,137954
1513711020,15.550,15.550,15.550,15.550,278,137954
1513711080,15.550,15.550,15.550,15.550,278,137954
1513711140,15.550,15.550,15.550,15.550,278,137954
1513711200,15.550,15.550,15.550,15.550,42,139346
1513711260,15.550,15.550,15.550,15.550,40,139346
1513711320,15.550,15.550,15.550,15.550,40,139346
1513711380,15.550,15.550,15.550,15.550,40,139346
1513711440,15.550,15.550,15.550,15.550,40,139346
1513711500,15.500,15.500,15.500,15.500,1826,139548
1513711560,15.500,15.500,15.500,15.500,1824,139548
1513711620,15.500,15.500,15.500,15.500,1824,139548
1513711680,15.500,15.500,15.500,15.500,1824,139548
1513711740,15.500,15.500,15.500,15.500,1824,139548
1513711800,15.500,15.500,15.500,15.500,53,148670
1513711860,15.500,15.500,15.500,15.500,49,148670
1513711920,15.500,15.500,15.500,15.500,49,148670
1513711980,15.500,15.500,15.500,15.500,49,148670
1513712040,15.500,15.500,15.500,15.500,49,148670
1513712100,15.500,15.500,15.500,15.500,204,148919
1513712160,15.500,15.500,15.500,15.500,200,148919
1513712220,15.500,15.500,15.500,15.500,200,148919
1513712280,15.500,15.500,15.500,15.500,200,148919
1513712340,15.500,15.500,15.500,15.500,200,148919
1513712400,15.500,15.500,15.500,15.500,183,149923
1513712460,15.500,15.500,15.500,15.500,180,149923
1513712520,15.500,15.500,15.500,15.500,180,149923
1513712580,15.500,15.500,15.500,15.500,180,149923
1513712640,15.500,15.500,15.500,15.500,180,149923
1513712700,15.500,15.500,15.500,15.500,216,150826
1513712760,15.500,15.500,15.500,15.500,215,150826
1513712820,15.500,15.500,15.500,15.500,215,150826
1513712880,15.500,15.500,15.500,15.500,215,150826
1513712940,15.500,15.500,15.500,15.500,215,150826
1513713000,15.500,15.500,15.500,15.500,100,151902
1513713060,15.500,15.500,15.500,15.500,100,151902
1513713120,15.500,15.500,15.500,15.500,100,151902
1513713180,15.500,15.500,15.500,15.500,100,151902
1513713240,15.500,15.500,15.500,15.500,100,151902
1513713300,15.500,15.500,15.500,15.500,340,152402
1513713360,15.500,15.500,15.500,15.500,340,152402
1513713420,15.500,15.500,15.500,15.500,340,152402
1513713480,15.500,15.500,15.500,15.500,340,152402
1513713540,15.500,15.500,15.500,15.500,340,152402
1513713600,15.500,15.500,15.500,15.500,659,154102
1513713660,15.500,15.500,15.500,15.500,655,154102
1513713720,15.500,15.500,15.500,15.500,655,154102
1513713780,15.550,15.550,15.550,15.550,655,154102
1513713840,15.450,15.500,15.450,15.500,655,154102
1513713900,15.500,15.500,15.500,15.500,244,157381
1513713960,15.500,15.500,15.500,15.500,242,157381
1513714020,15.500,15.500,15.500,15.500,242,157381
1513714080,15.500,15.500,15.500,15.500,242,157381
1513714140,15.500,15.500,15.500,15.500,242,157381
1513714200,15.500,15.500,15.500,15.500,68,158593
1513714260,15.500,15.500,15.500,15.500,68,158593
1513714320,15.500,15.500,15.500,15.500,68,158593
1513714380,15.500,15.500,15.500,15.500,68,158593
1513714440,15.500,15.500,15.500,15.500,68,158593
1513714500,15.500,15.500,15.500,15.500,64,158933
1513714560,15.500,15.500,15.500,15.500,64,158933
1513714620,15.500,15.500,15.500,15.500,64,158933
1513714680,15.500,15.500,15.500,15.500,64,158933
1513714740,15.500,15.500,15.500,15.500,64,158933
1513714800,15.500,15.500,15.500,15.500,1306,159253
1513714860,15.500,15.500,15.500,15.500,1303,159253
1513714920,15.500,15.500,15.500,15.500,1303,159253
1513714980,15.500,15.500,15.500,15.500,1303,159253
1513715040,15.500,15.475,15.475,15.500,1303,159253
1513715100,15.475,15.475,15.475,15.475,140,165771
1513715160,15.475,15.475,15.475,15.475,140,165771
1513715220,15.475,15.475,15.475,15.475,140,165771
1513715280,15.475,15.500,15.475,15.500,140,165771
1513715340,15.500,15.500,15.500,15.500,140,165771
1513715400,15.500,15.450,15.450,15.500,883,166471
1513715460,15.475,15.500,15.475,15.500,881,166471
1513715520,15.500,15.500,15.500,15.500,881,166471
1513715580,15.500,15.500,15.500,15.500,881,166471
1513715640,15.500,15.500,15.500,15.500,881,166471
1513715700,15.500,15.500,15.500,15.500,528,170878
1513715760,15.500,15.500,15.500,15.500,528,170878
1513715820,15.500,15.450,15.450,15.500,528,170878
1513715880,15.500,15.500,15.500,15.500,528,170878
1513715940,15.500,15.500,15.500,15.500,528,170878
1513716000,15.500,15.500,15.500,15.500,2594,173518
1513716060,15.550,15.550,15.550,15.550,2594,173518
1513716120,15.550,15.550,15.550,15.550,2594,173518
1513716180,15.550,15.550,15.550,15.550,2594,173518
1513716240,15.550,15.525,15.500,15.550,2594,173518
1513716300,15.500,15.525,15.500,15.525,1329,186488
1513716360,15.525,15.500,15.500,15.525,1329,186488
1513716420,15.500,15.525,15.500,15.525,1329,186488
1513716480,15.500,15.525,15.500,15.525,1329,186488
1513716540,15.550,15.500,15.500,15.550,1329,186488
1513716600,15.500,15.525,15.500,15.525,5290,193133
1513716660,15.525,15.500,15.500,15.525,5286,193133
1513716720,15.525,15.500,15.500,15.525,5286,193133
1513716780,15.500,15.525,15.500,15.525,5286,193133
1513716840,15.525,15.550,15.525,15.550,5286,193133
1513716900,15.550,15.525,15.525,15.550,11644,219567
1513716960,15.550,15.525,15.525,15.550,11641,219567
1513717020,15.550,15.525,15.525,15.550,11641,219567
1513717080,15.550,15.600,15.525,15.600,11641,219567
1513717140,15.575,15.500,15.500,15.600,11641,219567
1513780200,15.500,15.500,15.500,15.500,759,0
1513780260,15.500,15.500,15.500,15.500,755,0
1513780320,15.500,15.500,15.500,15.500,755,0
1513780380,15.500,15.500,15.500,15.500,755,0
1513780440,15.500,15.750,15.500,15.750,755,0
1513780500,15.500,15.750,15.500,15.750,755,0
1513780560,15.500,15.750,15.500,15.750,755,0
1513780620,15.500,15.750,15.500,15.750,755,0
1513780680,15.500,15.750,15.500,15.750,755,0
1513780740,15.500,15.750,15.500,15.750,755,0
1513780800,15.500,15.750,15.500,15.750,362,3779
1513780860,15.713,15.713,15.713,15.713,362,3779
1513780920,15.750,15.750,15.750,15.750,362,3779
1513780980,15.750,15.750,15.750,15.750,362,3779
1513781040,15.725,15.725,15.725,15.725,362,3779
1513781100,15.700,15.750,15.700,15.750,1037,5589
1513781160,15.700,15.750,15.700,15.750,1033,5589
1513781220,15.700,15.750,15.700,15.750,1033,5589
1513781280,15.850,15.800,15.800,15.850,1033,5589
1513781340,15.800,15.782,15.782,15.800,1033,5589
1513781400,15.800,15.782,15.782,15.800,278,10758
1513781460,15.800,15.782,15.782,15.800,278,10758
1513781520,15.850,15.850,15.850,15.850,278,10758
1513781580,15.800,15.800,15.800,15.800,278,10758
1513781640,15.850,15.850,15.850,15.850,278,10758
1513781700,15.850,15.850,15.850,15.850,415,12148
1513781760,15.850,15.850,15.850,15.850,414,12148
1513781820,15.950,15.950,15.950,15.950,414,12148
1513781880,15.950,15.950,15.950,15.950,414,12148
1513781940,15.950,15.950,15.950,15.950,414,12148
1513782000,15.950,15.950,15.950,15.950,414,12148
1513782060,15.950,15.950,15.950,15.950,414,12148
1513782120,15.950,15.950,15.950,15.950,414,12148
1513782180,15.950,15.950,15.950,15.950,414,12148
1513782240,15.950,15.950,15.950,15.950,414,12148
1513782300,15.850,15.850,15.850,15.850,393,14219
1513782360,15.850,15.850,15.850,15.850,390,14219
1513782420,15.850,15.850,15.850,15.850,390,14219
1513782480,15.900,15.900,15.900,15.900,390,14219
1513782540,15.900,15.900,15.900,15.900,390,14219
1513782600,15.900,15.900,15.900,15.900,390,14219
1513782660,15.900,15.900,15.900,15.900,390,14219
1513782720,15.900,15.900,15.900,15.900,390,14219
1513782780,15.900,15.900,15.900,15.900,390,14219
1513782840,15.900,15.900,15.900,15.900,390,14219
1513782900,15.950,15.900,15.900,15.950,297,16172
1513782960,15.950,15.900,15.900,15.950,296,16172
1513783020,15.950,15.900,15.900,15.950,296,16172
1513783080,15.950,15.900,15.900,15.950,296,16172
1513783140,15.950,15.900,15.900,15.950,296,16172
1513783200,15.900,15.900,15.900,15.900,45,17653
1513783260,15.900,15.900,15.900,15.900,43,17653
1513783320,15.900,15.900,15.900,15.900,43,17653
1513783380,15.950,15.950,15.950,15.950,43,17653
1513783440,15.950,15.950,15.950,15.950,43,17653
1513783500,15.950,15.950,15.950,15.950,463,17870
1513783560,15.950,15.950,15.950,15.950,462,17870
1513783620,15.950,15.950,15.950,15.950,462,17870
1513783680,15.950,15.950,15.950,15.950,462,17870
1513783740,15.950,15.950,15.950,15.950,462,17870
1513783800,15.950,15.950,15.950,15.950,462,17870
1513783860,15.950,15.950,15.950,15.950,462,17870
1513783920,15.950,15.950,15.950,15.950,462,17870
1513783980,15.950,15.950,15.950,15.950,462,17870
1513784040,15.950,15.950,15.950,15.950,462,17870
1513784100,15.950,15.950,15.950,15.950,107,20181
1513784160,15.925,15.925,15.925,15.925,105,20181
1513784220,15.950,15.950,15.950,15.950,105,20181
1513784280,15.950,15.950,15.950,15.950,105,20181
1513784340,15.950,15.950,15.950,15.950,105,20181
1513784400,15.950,15.950,15.950,15.950,813,20708
1513784460,15.950,15.950,15.950,15.950,813,20708
1513784520,15.925,15.925,15.925,15.925,813,20708
1513784580,15.925,15.850,15.850,15.925,813,20708
1513784640,15.850,15.850,15.850,15.850,813,20708
1513784700,15.800,15.800,15.800,15.800,160,24773
1513784760,15.700,15.700,15.700,15.700,159,24773
1513784820,15.700,15.700,15.700,15.700,159,24773
1513784880,15.700,15.700,15.700,15.700,159,24773
1513784940,15.700,15.700,15.700,15.700,159,24773
1513785000,15.700,15.700,15.700,15.700,100,25569
1513785060,15.700,15.700,15.700,15.700,100,25569
1513785120,15.700,15.700,15.700,15.700,100,25569
1513785180,15.700,15.700,15.700,15.700,100,25569
1513785240,15.750,15.750,15.750,15.750,100,25569
1513785300,15.750,15.750,15.750,15.750,388,26069
1513785360,15.750,15.750,15.750,15.750,385,26069
1513785420,15.750,15.750,15.750,15.750,385,26069
1513785480,15.800,15.850,15.800,15.850,385,26069
1513785540,15.800,15.850,15.800,15.850,385,26069
1513785600,15.800,15.850,15.800,15.850,385,26069
1513785660,15.800,15.850,15.800,15.850,385,26069
1513785720,15.800,15.850,15.800,15.850,385,26069
1513785780,15.800,15.850,15.800,15.850,385,26069
1513785840,15.800,15.850,15.800,15.850,385,26069
1513785900,15.800,15.850,15.800,15.850,373,27997
1513785960,15.850,15.850,15.850,15.850,371,27997
1513786020,15.850,15.850,15.850,15.850,371,27997
1513786080,15.850,15.850,15.850,15.850,371,27997
1513786140,15.850,15.850,15.850,15.850,371,27997
1513786200,15.850,15.850,15.850,15.850,340,29854
1513786260,15.850,15.850,15.850,15.850,340,29854
1513786320,15.850,15.850,15.850,15.850,340,29854
1513786380,15.900,15.900,15.900,15.900,340,29854
1513786440,15.900,15.900,15.900,15.900,340,29854
1513786500,15.900,15.900,15.900,15.900,40,31554
1513786560,15.900,15.900,15.900,15.900,40,31554
1513786620,15.900,15.900,15.900,15.900,40,31554
1513786680,15.900,15.900,15.900,15.900,40,31554
1513786740,15.900,15.900,15.900,15.900,40,31554
1513786800,15.900,15.850,15.850,15.900,1485,31754
1513786860,15.900,15.850,15.850,15.900,1482,31754
1513786920,15.900,15.850,15.850,15.900,1482,31754
1513786980,15.850,15.900,15.850,15.900,1482,31754
1513787040,15.850,15.900,15.850,15.900,1482,31754
1513787100,15.850,15.900,15.850,15.900,1482,31754
1513787160,15.850,15.900,15.850,15.900,1482,31754
1513787220,15.850,15.900,15.850,15.900,1482,31754
1513787280,15.850,15.900,15.850,15.900,1482,31754
1513787340,15.850,15.900,15.850,15.900,1482,31754
1513787400,15.850,15.900,15.850,15.900,180,39167
1513787460,15.850,15.900,15.850,15.900,180,39167
1513787520,15.850,15.900,15.850,15.900,180,39167
1513787580,15.850,15.900,15.850,15.900,180,39167
1513787640,15.850,15.850,15.850,15.850,180,39167
1513787700,15.850,15.850,15.850,15.850,164,40067
1513787760,15.850,15.850,15.850,15.850,163,40067
1513787820,15.850,15.850,15.850,15.850,163,40067
1513787880,15.850,15.850,15.850,15.850,163,40067
1513787940,15.850,15.850,15.850,15.850,163,40067
1513788000,15.850,15.850,15.850,15.850,254,40883
1513788060,15.850,15.850,15.850,15.850,250,40883
1513788120,15.800,15.800,15.800,15.800,250,40883
1513788180,15.800,15.800,15.800,15.800,250,40883
1513788240,15.775,15.750,15.750,15.775,250,40883
1513788300,15.775,15.750,15.750,15.775,250,40883
1513788360,15.775,15.750,15.750,15.775,250,40883
1513788420,15.775,15.750,15.750,15.775,250,40883
1513788480,15.775,15.750,15.750,15.775,250,40883
1513788540,15.775,15.750,15.750,15.775,250,40883
1513788600,15.775,15.750,15.750,15.775,250,40883
1513788660,15.775,15.750,15.750,15.775,250,40883
1513788720,15.775,15.750,15.750,15.775,250,40883
1513788780,15.775,15.750,15.750,15.775,250,40883
1513788840,15.775,15.750,15.750,15.775,250,40883
1513788900,15.775,15.750,15.750,15.775,250,40883
1513788960,15.775,15.750,15.750,15.775,250,40883
1513789020,15.775,15.750,15.750,15.775,250,40883
1513789080,15.775,15.750,15.750,15.775,250,40883
1513789140,15.775,15.750,15.750,15.775,250,40883
1513789200,15.750,15.750,15.750,15.750,810,42137
1513789260,15.750,15.700,15.700,15.750,807,42137
1513789320,15.750,15.700,15.700,15.750,807,42137
1513789380,15.750,15.700,15.700,15.750,807,42137
1513789440,15.750,15.700,15.700,15.750,807,42137
1513789500,15.750,15.700,15.700,15.750,238,46175
1513789560,15.750,15.700,15.700,15.750,236,46175
1513789620,15.675,15.675,15.675,15.675,236,46175
1513789680,15.684,15.650,15.650,15.684,236,46175
1513789740,15.700,15.700,15.700,15.700,236,46175
1513789800,15.700,15.700,15.700,15.700,236,46175
1513789860,15.700,15.700,15.700,15.700,236,46175
1513789920,15.700,15.700,15.700,15.700,236,46175
1513789980,15.700,15.700,15.700,15.700,236,46175
1513790040,15.700,15.700,15.700,15.700,236,46175
1513790100,15.700,15.700,15.700,15.700,933,47357
1513790160,15.700,15.700,15.700,15.700,931,47357
1513790220,15.750,15.750,15.750,15.750,931,47357
1513790280,15.750,15.750,15.750,15.750,931,47357
1513790340,15.750,15.750,15.750,15.750,931,47357
1513790400,15.750,15.750,15.750,15.750,931,47357
1513790460,15.750,15.750,15.750,15.750,931,47357
1513790520,15.750,15.750,15.750,15.750,931,47357
1513790580,15.750,15.750,15.750,15.750,931,47357
1513790640,15.750,15.750,15.750,15.750,931,47357
1513790700,15.750,15.750,15.750,15.750,117,52014
1513790760,15.750,15.725,15.725,15.750,114,52014
1513790820,15.750,15.725,15.725,15.750,114,52014
1513790880,15.700,15.700,15.700,15.700,114,52014
1513790940,15.750,15.750,15.750,15.750,114,52014
1513791000,15.750,15.750,15.750,15.750,300,52587
1513791060,15.750,15.750,15.750,15.750,300,52587
1513791120,15.725,15.725,15.725,15.725,300,52587
1513791180,15.725,15.725,15.725,15.725,300,52587
1513791240,15.725,15.725,15.725,15.725,300,52587
1513791300,15.725,15.725,15.725,15.725,103,54087
1513791360,15.725,15.725,15.725,15.725,101,54087
1513791420,15.700,15.700,15.700,15.700,101,54087
1513791480,15.725,15.725,15.725,15.725,101,54087
1513791540,15.725,15.725,15.725,15.725,101,54087
1513791600,15.725,15.725,15.725,15.725,40,54594
1513791660,15.725,15.725,15.725,15.725,40,54594
1513791720,15.725,15.725,15.725,15.725,40,54594
1513791780,15.725,15.725,15.725,15.725,40,54594
1513791840,15.725,15.725,15.725,15.725,40,54594
1513791900,15.725,15.725,15.725,15.725,41,54794
1513791960,15.725,15.725,15.725,15.725,40,54794
1513792020,15.725,15.725,15.725,15.725,40,54794
1513792080,15.725,15.725,15.725,15.725,40,54794
1513792140,15.725,15.725,15.725,15.725,40,54794
1513792200,15.725,15.725,15.725,15.725,40,54794
1513792260,15.725,15.725,15.725,15.725,40,54794
1513792320,15.725,15.725,15.725,15.725,40,54794
1513792380,15.725,15.725,15.725,15.725,40,54794
1513792440,15.725,15.725,15.725,15.725,40,54794
1513792500,15.750,15.750,15.750,15.750,509,54995
1513792560,15.750,15.750,15.750,15.750,507,54995
1513792620,15.750,15.725,15.700,15.750,507,54995
1513792680,15.725,15.725,15.725,15.725,507,54995
1513792740,15.725,15.725,15.725,15.725,507,54995
1513792800,15.725,15.725,15.725,15.725,507,54995
1513792860,15.725,15.725,15.725,15.725,507,54995
1513792920,15.725,15.725,15.725,15.725,507,54995
1513792980,15.725,15.725,15.725,15.725,507,54995
1513793040,15.725,15.725,15.725,15.725,507,54995
1513793100,15.725,15.725,15.725,15.725,507,54995
1513793160,15.725,15.725,15.725,15.725,507,54995
1513793220,15.725,15.725,15.725,15.725,507,54995
1513793280,15.725,15.725,15.725,15.725,507,54995
1513793340,15.725,15.725,15.725,15.725,507,54995
1513793400,15.750,15.700,15.700,15.750,477,57532
1513793460,15.750,15.700,15.700,15.750,475,57532
1513793520,15.750,15.700,15.700,15.750,475,57532
1513793580,15.750,15.700,15.700,15.750,475,57532
1513793640,15.750,15.700,15.700,15.750,475,57532
1513793700,15.725,15.700,15.700,15.725,109,59909
1513793760,15.725,15.700,15.700,15.725,109,59909
1513793820,15.725,15.700,15.700,15.725,109,59909
1513793880,15.725,15.700,15.700,15.725,109,59909
1513793940,15.725,15.700,15.700,15.725,109,59909
1513794000,15.725,15.700,15.700,15.725,109,59909
1513794060,15.725,15.700,15.700,15.725,109,59909
1513794120,15.725,15.700,15.700,15.725,109,59909
1513794180,15.725,15.700,15.700,15.725,109,59909
1513794240,15.725,15.700,15.700,15.725,109,59909
1513794300,15.725,15.700,15.700,15.725,109,59909
1513794360,15.725,15.700,15.700,15.725,109,59909
1513794420,15.725,15.700,15.700,15.725,109,59909
1513794480,15.725,15.700,15.700,15.725,109,59909
1513794540,15.725,15.700,15.700,15.725,109,59909
1513794600,15.725,15.700,15.700,15.725,220,60454
1513794660,15.750,15.725,15.725,15.750,220,60454
1513794720,15.750,15.725,15.725,15.750,220,60454
1513794780,15.750,15.725,15.725,15.750,220,60454
1513794840,15.750,15.725,15.725,15.750,220,60454
1513794900,15.750,15.725,15.725,15.750,220,60454
1513794960,15.750,15.725,15.725,15.750,220,60454
1513795020,15.750,15.725,15.725,15.750,220,60454
1513795080,15.750,15.725,15.725,15.750,220,60454
1513795140,15.750,15.725,15.725,15.750,220,60454
1513795200,15.725,15.725,15.725,15.725,183,61554
1513795260,15.750,15.725,15.725,15.750,181,61554
1513795320,15.750,15.725,15.725,15.750,181,61554
1513795380,15.750,15.725,15.725,15.750,181,61554
1513795440,15.750,15.725,15.725,15.750,181,61554
1513795500,15.750,15.725,15.725,15.750,240,62461
1513795560,15.750,15.725,15.725,15.750,240,62461
1513795620,15.750,15.725,15.725,15.750,240,62461
1513795680,15.750,15.725,15.725,15.750,240,62461
1513795740,15.700,15.700,15.700,15.700,240,62461
1513795800,15.725,15.725,15.725,15.725,281,63661
1513795860,15.725,15.725,15.725,15.725,281,63661
1513795920,15.750,15.750,15.750,15.750,281,63661
1513795980,15.750,15.750,15.750,15.750,281,63661
1513796040,15.750,15.750,15.750,15.750,281,63661
1513796100,15.750,15.750,15.750,15.750,220,65066
1513796160,15.750,15.750,15.750,15.750,220,65066
1513796220,15.775,15.750,15.750,15.775,220,65066
1513796280,15.775,15.750,15.750,15.775,220,65066
1513796340,15.750,15.750,15.750,15.750,220,65066
1513796400,15.750,15.700,15.700,15.750,202,66166
1513796460,15.750,15.700,15.700,15.750,200,66166
1513796520,15.750,15.700,15.700,15.750,200,66166
1513796580,15.750,15.700,15.700,15.750,200,66166
1513796640,15.750,15.700,15.700,15.750,200,66166
1513796700,15.700,15.700,15.700,15.700,460,67168
1513796760,15.700,15.700,15.700,15.700,460,67168
1513796820,15.700,15.700,15.700,15.700,460,67168
1513796880,15.700,15.700,15.700,15.700,460,67168
1513796940,15.750,15.700,15.700,15.750,460,67168
1513797000,15.700,15.700,15.700,15.700,390,69468
1513797060,15.700,15.700,15.700,15.700,390,69468
1513797120,15.700,15.700,15.700,15.700,390,69468
1513797180,15.700,15.700,15.700,15.700,390,69468
1513797240,15.700,15.700,15.700,15.700,390,69468
1513797300,15.700,15.700,15.700,15.700,89,71418
1513797360,15.700,15.700,15.700,15.700,87,71418
1513797420,15.725,15.725,15.725,15.725,87,71418
1513797480,15.725,15.725,15.725,15.725,87,71418
1513797540,15.725,15.725,15.725,15.725,87,71418
1513797600,15.725,15.725,15.725,15.725,120,71855
1513797660,15.725,15.725,15.725,15.725,120,71855
1513797720,15.700,15.725,15.700,15.725,120,71855
1513797780,15.700,15.725,15.700,15.725,120,71855
1513797840,15.725,15.750,15.725,15.750,120,71855
1513797900,15.725,15.750,15.725,15.750,60,72455
1513797960,15.700,15.700,15.700,15.700,60,72455
1513798020,15.700,15.700,15.700,15.700,60,72455
1513798080,15.700,15.700,15.700,15.700,60,72455
1513798140,15.700,15.700,15.700,15.700,60,72455
1513798200,15.700,15.700,15.700,15.700,414,72755
1513798260,15.700,15.700,15.700,15.700,414,72755
1513798320,15.700,15.700,15.700,15.700,414,72755
1513798380,15.700,15.750,15.700,15.750,414,72755
1513798440,15.725,15.725,15.725,15.725,414,72755
1513798500,15.725,15.725,15.725,15.725,228,74825
1513798560,15.725,15.725,15.725,15.725,224,74825
1513798620,15.725,15.725,15.725,15.725,224,74825
1513798680,15.750,15.750,15.750,15.750,224,74825
1513798740,15.750,15.750,15.750,15.750,224,74825
1513798800,15.750,15.750,15.750,15.750,1036,75949
1513798860,15.750,15.750,15.750,15.750,1033,75949
1513798920,15.750,15.750,15.750,15.750,1033,75949
1513798980,15.750,15.750,15.750,15.750,1033,75949
1513799040,15.700,15.700,15.700,15.700,1033,75949
1513799100,15.700,15.700,15.700,15.700,1014,81117
1513799160,15.700,15.700,15.700,15.700,1014,81117
1513799220,15.700,15.700,15.700,15.700,1014,81117
1513799280,15.700,15.700,15.700,15.700,1014,81117
1513799340,15.700,15.650,15.650,15.700,1014,81117
1513799400,15.650,15.650,15.650,15.650,1019,86187
1513799460,15.625,15.600,15.600,15.625,1018,86187
1513799520,15.600,15.625,15.600,15.625,1018,86187
1513799580,15.600,15.550,15.550,15.600,1018,86187
1513799640,15.600,15.550,15.550,15.600,1018,86187
1513799700,15.600,15.550,15.550,15.600,1740,91278
1513799760,15.550,15.525,15.525,15.550,1740,91278
1513799820,15.550,15.575,15.550,15.575,1740,91278
1513799880,15.600,15.650,15.600,15.650,1740,91278
1513799940,15.600,15.650,15.600,15.650,1740,91278
1513800000,15.650,15.650,15.650,15.650,40,99978
1513800060,15.650,15.650,15.650,15.650,40,99978
1513800120,15.650,15.650,15.650,15.650,40,99978
1513800180,15.650,15.650,15.650,15.650,40,99978
1513800240,15.650,15.650,15.650,15.650,40,99978
1513800300,15.650,15.650,15.650,15.650,248,100178
1513800360,15.650,15.650,15.650,15.650,245,100178
1513800420,15.650,15.650,15.650,15.650,245,100178
1513800480,15.650,15.650,15.650,15.650,245,100178
1513800540,15.650,15.675,15.650,15.675,245,100178
1513800600,15.650,15.675,15.650,15.675,140,101406
1513800660,15.650,15.675,15.650,15.675,140,101406
1513800720,15.600,15.600,15.600,15.600,140,101406
1513800780,15.600,15.600,15.600,15.600,140,101406
1513800840,15.600,15.600,15.600,15.600,140,101406
1513800900,15.600,15.600,15.600,15.600,365,102106
1513800960,15.600,15.600,15.600,15.600,364,102106
1513801020,15.600,15.600,15.600,15.600,364,102106
1513801080,15.611,15.650,15.600,15.650,364,102106
1513801140,15.625,15.625,15.625,15.625,364,102106
1513801200,15.625,15.625,15.625,15.625,68,103927
1513801260,15.625,15.625,15.625,15.625,66,103927
1513801320,15.625,15.625,15.625,15.625,66,103927
1513801380,15.650,15.650,15.650,15.650,66,103927
1513801440,15.650,15.650,15.650,15.650,66,103927
1513801500,15.650,15.650,15.650,15.650,240,104259
1513801560,15.650,15.650,15.650,15.650,240,104259
1513801620,15.650,15.650,15.650,15.650,240,104259
1513801680,15.650,15.650,15.650,15.650,240,104259
1513801740,15.650,15.675,15.650,15.675,240,104259
1513801800,15.675,15.675,15.675,15.675,643,105459
1513801860,15.675,15.675,15.675,15.675,642,105459
1513801920,15.700,15.700,15.700,15.700,642,105459
1513801980,15.700,15.700,15.700,15.700,642,105459
1513802040,15.700,15.700,15.700,15.700,642,105459
1513802100,15.700,15.700,15.700,15.700,470,108670
1513802160,15.750,15.750,15.750,15.750,470,108670
1513802220,15.750,15.750,15.750,15.750,470,108670
1513802280,15.750,15.750,15.750,15.750,470,108670
1513802340,15.700,15.700,15.700,15.700,470,108670
1513802400,15.700,15.700,15.700,15.700,561,111020
1513802460,15.750,15.750,15.750,15.750,560,111020
1513802520,15.750,15.750,15.750,15.750,560,111020
1513802580,15.750,15.750,15.750,15.750,560,111020
1513802640,15.750,15.750,15.750,15.750,560,111020
1513802700,15.700,15.700,15.700,15.700,478,113821
1513802760,15.650,15.650,15.650,15.650,474,113821
1513802820,15.625,15.625,15.625,15.625,474,113821
1513802880,15.625,15.625,15.625,15.625,474,113821
1513802940,15.600,15.600,15.600,15.600,474,113821
1513803000,15.675,15.600,15.600,15.675,2073,116195
1513803060,15.700,15.675,15.675,15.700,2073,116195
1513803120,15.625,15.650,15.625,15.650,2073,116195
1513803180,15.625,15.650,15.625,15.650,2073,116195
1513803240,15.625,15.625,15.625,15.625,2073,116195
1513803300,15.650,15.675,15.650,15.675,4720,126560
1513803360,15.675,15.650,15.650,15.675,4720,126560
1513803420,15.600,15.600,15.600,15.600,4720,126560
1513803480,15.700,15.650,15.625,15.700,4720,126560
1513803540,15.650,15.600,15.600,15.700,4720,126560
1513803600,15.650,15.600,15.600,15.700,4720,126560
1513803660,15.650,15.600,15.600,15.700,4720,126560
1513803720,15.650,15.600,15.600,15.700,4720,126560
1513803780,15.650,15.600,15.600,15.700,4720,126560
1513803840,15.650,15.600,15.600,15.700,4720,126560
1513803900,15.650,15.600,15.600,15.700,4720,126560
1513803960,15.650,15.600,15.600,15.700,4720,126560
1513804020,15.650,15.600,15.600,15.700,4720,126560
1513804080,15.650,15.600,15.600,15.700,4720,126560
1513804140,15.650,15.600,15.600,15.700,4720,126560
1513804200,15.650,15.600,15.600,15.700,4720,126560
1513804260,15.650,15.600,15.600,15.700,4720,126560
1513804320,15.650,15.600,15.600,15.700,4720,126560
1513804380,15.650,15.600,15.600,15.700,4720,126560
1513804440,15.650,15.600,15.600,15.700,4720,126560
1513804500,15.650,15.600,15.600,15.700,4720,126560
1513804560,15.650,15.600,15.600,15.700,4720,126560
1513804620,15.650,15.600,15.600,15.700,4720,126560
1513804680,15.650,15.600,15.600,15.700,4720,126560
1513804740,15.650,15.600,15.600,15.700,4720,126560
1513804800,15.650,15.600,15.600,15.700,4720,126560
1513804860,15.650,15.600,15.600,15.700,4720,126560
1513804920,15.650,15.600,15.600,15.700,4720,126560
1513804980,15.650,15.600,15.600,15.700,4720,126560
1513805040,15.650,15.600,15.600,15.700,4720,126560
1513805100,15.650,15.600,15.600,15.700,4720,126560
1513805160,15.650,15.600,15.600,15.700,4720,126560
1513805220,15.650,15.600,15.600,15.700,4720,126560
1513805280,15.650,15.600,15.600,15.700,4720,126560
1513805340,15.650,15.600,15.600,15.700,4720,126560
1513805400,15.650,15.600,15.600,15.700,4720,126560
1513805460,15.650,15.600,15.600,15.700,4720,126560
1513805520,15.650,15.600,15.600,15.700,4720,126560
1513805580,15.650,15.600,15.600,15.700,4720,126560
1513805640,15.650,15.600,15.600,15.700,4720,126560
1513805700,15.650,15.600,15.600,15.700,4720,126560
1513805760,15.650,15.600,15.600,15.700,4720,126560
1513805820,15.650,15.600,15.600,15.700,4720,126560
1513805880,15.650,15.600,15.600,15.700,4720,126560
1513805940,15.650,15.600,15.600,15.700,4720,126560
1513806000,15.650,15.600,15.600,15.700,4720,126560
1513806060,15.650,15.600,15.600,15.700,4720,126560
1513806120,15.650,15.600,15.600,15.700,4720,126560
1513806180,15.650,15.600,15.600,15.700,4720,126560
1513806240,15.650,15.600,15.600,15.700,4720,126560
1513806300,15.650,15.600,15.600,15.700,4720,126560
1513806360,15.650,15.600,15.600,15.700,4720,126560
1513806420,15.650,15.600,15.600,15.700,4720,126560
1513806480,15.650,15.600,15.600,15.700,4720,126560
1513806540,15.650,15.600,15.600,15.700,4720,126560
1513806600,15.650,15.600,15.600,15.700,4720,126560
1513806660,15.650,15.600,15.600,15.700,4720,126560
1513806720,15.650,15.600,15.600,15.700,4720,126560
1513806780,15.650,15.600,15.600,15.700,4720,126560
1513806840,15.650,15.600,15.600,15.700,4720,126560
1513806900,15.650,15.600,15.600,15.700,4720,126560
1513806960,15.650,15.600,15.600,15.700,4720,126560
1513807020,15.650,15.600,15.600,15.700,4720,126560
1513807080,15.650,15.600,15.600,15.700,4720,126560
1513807140,15.650,15.600,15.600,15.700,4720,126560
1513807200,15.650,15.600,15.600,15.700,4720,126560
1513807260,15.650,15.600,15.600,15.700,4720,126560
1513807320,15.650,15.600,15.600,15.700,4720,126560
1513807380,15.650,15.600,15.600,15.700,4720,126560
1513807440,15.650,15.600,15.600,15.700,4720,126560
1513807500,15.650,15.600,15.600,15.700,4720,126560
1513807560,15.650,15.600,15.600,15.700,4720,126560
1513807620,15.650,15.600,15.600,15.700,4720,126560
1513807680,15.650,15.600,15.600,15.700,4720,126560
1513807740,15.650,15.600,15.600,15.700,4720,126560
1513807800,15.650,15.600,15.600,15.700,4720,126560
1513807860,15.650,15.600,15.600,15.700,4720,126560
1513807920,15.650,15.600,15.600,15.700,4720,126560
1513807980,15.650,15.600,15.600,15.700,4720,126560
1513808040,15.650,15.600,15.600,15.700,4720,126560
1513808100,15.650,15.600,15.600,15.700,4720,126560
1513808160,15.650,15.600,15.600,15.700,4720,126560
1513808220,15.650,15.600,15.600,15.700,4720,126560
1513808280,15.650,15.600,15.600,15.700,4720,126560
1513808340,15.650,15.600,15.600,15.700,4720,126560
1513808400,15.650,15.600,15.600,15.700,4720,126560
1513808460,15.650,15.600,15.600,15.700,4720,126560
1513808520,15.650,15.600,15.600,15.700,4720,126560
1513808580,15.650,15.600,15.600,15.700,4720,126560
1513808640,15.650,15.600,15.600,15.700,4720,126560
1513808700,15.650,15.600,15.600,15.700,4720,126560
1513808760,15.650,15.600,15.600,15.700,4720,126560
1513808820,15.650,15.600,15.600,15.700,4720,126560
1513808880,15.650,15.600,15.600,15.700,4720,126560
1513808940,15.650,15.600,15.600,15.700,4720,126560
1513809000,15.650,15.600,15.600,15.700,4720,126560
1513809060,15.650,15.600,15.600,15.700,4720,126560
1513809120,15.650,15.600,15.600,15.700,4720,126560
1513809180,15.650,15.600,15.600,15.700,4720,126560
1513809240,15.650,15.600,15.600,15.700,4720,126560
1513809300,15.650,15.600,15.600,15.700,4720,126560
1513809360,15.650,15.600,15.600,15.700,4720,126560
1513809420,15.650,15.600,15.600,15.700,4720,126560
1513809480,15.650,15.600,15.600,15.700,4720,126560
1513809540,15.650,15.600,15.600,15.700,4720,126560
1513809600,15.650,15.600,15.600,15.700,4720,126560
1513809660,15.650,15.600,15.600,15.700,4720,126560
1513809720,15.650,15.600,15.600,15.700,4720,126560
1513809780,15.650,15.600,15.600,15.700,4720,126560
1513809840,15.650,15.600,15.600,15.700,4720,126560
1513809900,15.650,15.600,15.600,15.700,4720,126560
1513809960,15.650,15.600,15.600,15.700,4720,126560
1513810020,15.650,15.600,15.600,15.700,4720,126560
1513810080,15.650,15.600,15.600,15.700,4720,126560
1513810140,15.650,15.600,15.600,15.700,4720,126560
1513810200,15.650,15.600,15.600,15.700,4720,126560
1513810260,15.650,15.600,15.600,15.700,4720,126560
1513810320,15.650,15.600,15.600,15.700,4720,126560
1513810380,15.650,15.600,15.600,15.700,4720,126560
1513810440,15.650,15.600,15.600,15.700,4720,126560
1513810500,15.650,15.600,15.600,15.700,4720,126560
1513810560,15.650,15.600,15.600,15.700,4720,126560
1513810620,15.650,15.600,15.600,15.700,4720,126560
1513810680,15.650,15.600,15.600,15.700,4720,126560
1513810740,15.650,15.600,15.600,15.700,4720,126560
1513810800,15.650,15.600,15.600,15.700,4720,126560
1513810860,15.650,15.600,15.600,15.700,4720,126560
1513810920,15.650,15.600,15.600,15.700,4720,126560
1513810980,15.650,15.600,15.600,15.700,4720,126560
1513811040,15.650,15.600,15.600,15.700,4720,126560
1513811100,15.650,15.600,15.600,15.700,4720,126560
1513811160,15.650,15.600,15.600,15.700,4720,126560
1513811220,15.650,15.600,15.600,15.700,4720,126560
1513811280,15.650,15.600,15.600,15.700,4720,126560
1513811340,15.650,15.600,15.600,15.700,4720,126560
1513811400,15.650,15.600,15.600,15.700,4720,126560
1513811460,15.650,15.600,15.600,15.700,4720,126560
1513811520,15.650,15.600,15.600,15.700,4720,126560
1513811580,15.650,15.600,15.600,15.700,4720,126560
1513811640,15.650,15.600,15.600,15.700,4720,126560
1513811700,15.650,15.600,15.600,15.700,4720,126560
1513811760,15.650,15.600,15.600,15.700,4720,126560
1513811820,15.650,15.600,15.600,15.700,4720,126560
1513811880,15.650,15.600,15.600,15.700,4720,126560
1513811940,15.650,15.600,15.600,15.700,4720,126560
1513812000,15.650,15.600,15.600,15.700,4720,126560
1513812060,15.650,15.600,15.600,15.700,4720,126560
1513812120,15.650,15.600,15.600,15.700,4720,126560
1513812180,15.650,15.600,15.600,15.700,4720,126560
1513812240,15.650,15.600,15.600,15.700,4720,126560
1513812300,15.650,15.600,15.600,15.700,4720,126560
1513812360,15.650,15.600,15.600,15.700,4720,126560
1513812420,15.650,15.600,15.600,15.700,4720,126560
1513812480,15.650,15.600,15.600,15.700,4720,126560
1513812540,15.650,15.600,15.600,15.700,4720,126560
1513812600,15.650,15.600,15.600,15.700,4720,126560
1513812660,15.650,15.600,15.600,15.700,4720,126560
1513812720,15.650,15.600,15.600,15.700,4720,126560
1513812780,15.650,15.600,15.600,15.700,4720,126560
1513812840,15.650,15.600,15.600,15.700,4720,126560
1513812900,15.650,15.600,15.600,15.700,4720,126560
1513812960,15.650,15.600,15.600,15.700,4720,126560
1513813020,15.650,15.600,15.600,15.700,4720,126560
1513813080,15.650,15.600,15.600,15.700,4720,126560
1513813140,15.650,15.600,15.600,15.700,4720,126560
1513813200,15.650,15.600,15.600,15.700,4720,126560
1513813260,15.650,15.600,15.600,15.700,4720,126560
1513813320,15.650,15.600,15.600,15.700,4720,126560
1513813380,15.650,15.600,15.600,15.700,4720,126560
1513813440,15.650,15.600,15.600,15.700,4720,126560
1513813500,15.650,15.600,15.600,15.700,4720,126560
1513813560,15.650,15.600,15.600,15.700,4720,126560
1513813620,15.650,15.600,15.600,15.700,4720,126560
1513813680,15.650,15.600,15.600,15.700,4720,126560
1513813740,15.650,15.600,15.600,15.700,4720,126560
1513813800,15.650,15.600,15.600,15.700,4720,126560
1513813860,15.650,15.600,15.600,15.700,4720,126560
1513813920,15.650,15.600,15.600,15.700,4720,126560
1513813980,15.650,15.600,15.600,15.700,4720,126560
1513814040,15.650,15.600,15.600,15.700,4720,126560
1513814100,15.650,15.600,15.600,15.700,4720,126560
1513814160,15.650,15.600,15.600,15.700,4720,126560
1513814220,15.650,15.600,15.600,15.700,4720,126560
1513814280,15.650,15.600,15.600,15.700,4720,126560
1513814340,15.650,15.600,15.600,15.700,4720,126560
1513814400,15.650,15.600,15.600,15.700,4720,126560
1513814460,15.650,15.600,15.600,15.700,4720,126560
1513814520,15.650,15.600,15.600,15.700,4720,126560
1513814580,15.650,15.600,15.600,15.700,4720,126560
1513814640,15.650,15.600,15.600,15.700,4720,126560
1513814700,15.650,15.600,15.600,15.700,4720,126560
1513814760,15.650,15.600,15.600,15.700,4720,126560
1513814820,15.650,15.600,15.600,15.700,4720,126560
1513814880,15.650,15.600,15.600,15.700,4720,126560
1513814940,15.650,15.600,15.600,15.700,4720,126560
1513815000,15.650,15.600,15.600,15.700,4720,126560
1513815060,15.650,15.600,15.600,15.700,4720,126560
1513815120,15.650,15.600,15.600,15.700,4720,126560
1513815180,15.650,15.600,15.600,15.700,4720,126560
1513815240,15.650,15.600,15.600,15.700,4720,126560
1513815300,15.650,15.600,15.600,15.700,4720,126560
1513815360,15.650,15.600,15.600,15.700,4720,126560
1513815420,15.650,15.600,15.600,15.700,4720,126560
1513815480,15.650,15.600,15.600,15.700,4720,126560
1513815540,15.650,15.600,15.600,15.700,4720,126560
1513815600,15.650,15.600,15.600,15.700,4720,126560
1513815660,15.650,15.600,15.600,15.700,4720,126560
1513815720,15.650,15.600,15.600,15.700,4720,126560
1513815780,15.650,15.600,15.600,15.700,4720,126560
1513815840,15.650,15.600,15.600,15.700,4720,126560
1513815900,15.650,15.600,15.600,15.700,4720,126560
1513815960,15.650,15.600,15.600,15.700,4720,126560
1513816020,15.650,15.600,15.600,15.700,4720,126560
1513816080,15.650,15.600,15.600,15.700,4720,126560
1513816140,15.650,15.600,15.600,15.700,4720,126560
1513816200,15.650,15.600,15.600,15.700,4720,126560
1513816260,15.650,15.600,15.600,15.700,4720,126560
1513816320,15.650,15.600,15.600,15.700,4720,126560
1513816380,15.650,15.600,15.600,15.700,4720,126560
1513816440,15.650,15.600,15.600,15.700,4720,126560
1513816500,15.650,15.600,15.600,15.700,4720,126560
1513816560,15.650,15.600,15.600,15.700,4720,126560
1513816620,15.650,15.600,15.600,15.700,4720,126560
1513816680,15.650,15.600,15.600,15.700,4720,126560
1513816740,15.650,15.600,15.600,15.700,4720,126560
1513816800,15.650,15.600,15.600,15.700,4720,126560
1513816860,15.650,15.600,15.600,15.700,4720,126560
1513816920,15.650,15.600,15.600,15.700,4720,126560
1513816980,15.650,15.600,15.600,15.700,4720,126560
1513817040,15.650,15.600,15.600,15.700,4720,126560
1513817100,15.650,15.600,15.600,15.700,4720,126560
1513817160,15.650,15.600,15.600,15.700,4720,126560
1513817220,15.650,15.600,15.600,15.700,4720,126560
1513817280,15.650,15.600,15.600,15.700,4720,126560
1513817340,15.650,15.600,15.600,15.700,4720,126560
1513817400,15.650,15.600,15.600,15.700,4720,126560
1513817460,15.650,15.600,15.600,15.700,4720,126560
1513817520,15.650,15.600,15.600,15.700,4720,126560
1513817580,15.650,15.600,15.600,15.700,4720,126560
1513817640,15.650,15.600,15.600,15.700,4720,126560
1513817700,15.650,15.600,15.600,15.700,4720,126560
1513817760,15.650,15.600,15.600,15.700,4720,126560
1513817820,15.650,15.600,15.600,15.700,4720,126560
1513817880,15.650,15.600,15.600,15.700,4720,126560
1513817940,15.650,15.600,15.600,15.700,4720,126560
1513818000,15.650,15.600,15.600,15.700,4720,126560
1513818060,15.650,15.600,15.600,15.700,4720,126560
1513818120,15.650,15.600,15.600,15.700,4720,126560
1513818180,15.650,15.600,15.600,15.700,4720,126560
1513818240,15.650,15.600,15.600,15.700,4720,126560
1513818300,15.650,15.600,15.600,15.700,4720,126560
1513818360,15.650,15.600,15.600,15.700,4720,126560
1513818420,15.650,15.600,15.600,15.700,4720,126560
1513818480,15.650,15.600,15.600,15.700,4720,126560
1513818540,15.650,15.600,15.600,15.700,4720,126560
1513818600,15.650,15.600,15.600,15.700,4720,126560
1513818660,15.650,15.600,15.600,15.700,4720,126560
1513818720,15.650,15.600,15.600,15.700,4720,126560
1513818780,15.650,15.600,15.600,15.700,4720,126560
1513818840,15.650,15.600,15.600,15.700,4720,126560
1513818900,15.650,15.600,15.600,15.700,4720,126560
1513818960,15.650,15.600,15.600,15.700,4720,126560
1513819020,15.650,15.600,15.600,15.700,4720,126560
1513819080,15.650,15.600,15.600,15.700,4720,126560
1513819140,15.650,15.600,15.600,15.700,4720,126560
1513819200,15.650,15.600,15.600,15.700,4720,126560
1513819260,15.650,15.600,15.600,15.700,4720,126560
1513819320,15.650,15.600,15.600,15.700,4720,126560
1513819380,15.650,15.600,15.600,15.700,4720,126560
1513819440,15.650,15.600,15.600,15.700,4720,126560
1513819500,15.650,15.600,15.600,15.700,4720,126560
1513819560,15.650,15.600,15.600,15.700,4720,126560
1513819620,15.650,15.600,15.600,15.700,4720,126560
1513819680,15.650,15.600,15.600,15.700,4720,126560
1513819740,15.650,15.600,15.600,15.700,4720,126560
1513819800,15.650,15.600,15.600,15.700,4720,126560
1513819860,15.650,15.600,15.600,15.700,4720,126560
1513819920,15.650,15.600,15.600,15.700,4720,126560
1513819980,15.650,15.600,15.600,15.700,4720,126560
1513820040,15.650,15.600,15.600,15.700,4720,126560
1513820100,15.650,15.600,15.600,15.700,4720,126560
1513820160,15.650,15.600,15.600,15.700,4720,126560
1513820220,15.650,15.600,15.600,15.700,4720,126560
1513820280,15.650,15.600,15.600,15.700,4720,126560
1513820340,15.650,15.600,15.600,15.700,4720,126560
1513820400,15.650,15.600,15.600,15.700,4720,126560
1513820460,15.650,15.600,15.600,15.700,4720,126560
1513820520,15.650,15.600,15.600,15.700,4720,126560
1513820580,15.650,15.600,15.600,15.700,4720,126560
1513820640,15.650,15.600,15.600,15.700,4720,126560
1513820700,15.650,15.600,15.600,15.700,4720,126560
1513820760,15.650,15.600,15.600,15.700,4720,126560
1513820820,15.650,15.600,15.600,15.700,4720,126560
1513820880,15.650,15.600,15.600,15.700,4720,126560
1513820940,15.650,15.600,15.600,15.700,4720,126560
1513821000,15.650,15.600,15.600,15.700,4720,126560
1513821060,15.650,15.600,15.600,15.700,4720,126560
1513821120,15.650,15.600,15.600,15.700,4720,126560
1513821180,15.650,15.600,15.600,15.700,4720,126560
1513821240,15.650,15.600,15.600,15.700,4720,126560
1513821300,15.650,15.600,15.600,15.700,4720,126560
1513821360,15.650,15.600,15.600,15.700,4720,126560
1513821420,15.650,15.600,15.600,15.700,4720,126560
1513821480,15.650,15.600,15.600,15.700,4720,126560
1513821540,15.650,15.600,15.600,15.700,4720,126560
1513821600,15.650,15.600,15.600,15.700,4720,126560
1513821660,15.650,15.600,15.600,15.700,4720,126560
1513821720,15.650,15.600,15.600,15.700,4720,126560
1513821780,15.650,15.600,15.600,15.700,4720,126560
1513821840,15.650,15.600,15.600,15.700,4720,126560
1513821900,15.650,15.600,15.600,15.700,4720,126560
1513821960,15.650,15.600,15.600,15.700,4720,126560
1513822020,15.650,15.600,15.600,15.700,4720,126560
1513822080,15.650,15.600,15.600,15.700,4720,126560
1513822140,15.650,15.600,15.600,15.700,4720,126560
1513822200,15.650,15.600,15.600,15.700,4720,126560
1513822260,15.650,15.600,15.600,15.700,4720,126560
1513822320,15.650,15.600,15.600,15.700,4720,126560
1513822380,15.650,15.600,15.600,15.700,4720,126560
1513822440,15.650,15.600,15.600,15.700,4720,126560
1513822500,15.650,15.600,15.600,15.700,4720,126560
1513822560,15.650,15.600,15.600,15.700,4720,126560
1513822620,15.650,15.600,15.600,15.700,4720,126560
1513822680,15.650,15.600,15.600,15.700,4720,126560
1513822740,15.650,15.600,15.600,15.700,4720,126560
1513822800,15.650,15.600,15.600,15.700,4720,126560
1513822860,15.650,15.600,15.600,15.700,4720,126560
1513822920,15.650,15.600,15.600,15.700,4720,126560
1513822980,15.650,15.600,15.600,15.700,4720,126560
1513823040,15.650,15.600,15.600,15.700,4720,126560
1513823100,15.650,15.600,15.600,15.700,4720,126560
1513823160,15.650,15.600,15.600,15.700,4720,126560
1513823220,15.650,15.600,15.600,15.700,4720,126560
1513823280,15.650,15.600,15.600,15.700,4720,126560
1513823340,15.650,15.600,15.600,15.700,4720,126560
1513823400,15.650,15.600,15.600,15.700,4720,126560
1513823460,15.650,15.600,15.600,15.700,4720,126560
1513823520,15.650,15.600,15.600,15.700,4720,126560
1513823580,15.650,15.600,15.600,15.700,4720,126560
1513823640,15.650,15.600,15.600,15.700,4720,126560
1513823700,15.650,15.600,15.600,15.700,4720,126560
1513823760,15.650,15.600,15.600,15.700,4720,126560
1513823820,15.650,15.600,15.600,15.700,4720,126560
1513823880,15.650,15.600,15.600,15.700,4720,126560
1513823940,15.650,15.600,15.600,15.700,4720,126560
1513824000,15.650,15.600,15.600,15.700,4720,126560
1513824060,15.650,15.600,15.600,15.700,4720,126560
1513824120,15.650,15.600,15.600,15.700,4720,126560
1513824180,15.650,15.600,15.600,15.700,4720,126560
1513824240,15.650,15.600,15.600,15.700,4720,126560
1513824300,15.650,15.600,15.600,15.700,4720,126560
1513824360,15.650,15.600,15.600,15.700,4720,126560
1513824420,15.650,15.600,15.600,15.700,4720,126560
1513824480,15.650,15.600,15.600,15.700,4720,126560
1513824540,15.650,15.600,15.600,15.700,4720,126560
1513824600,15.650,15.600,15.600,15.700,4720,126560
1513824660,15.650,15.600,15.600,15.700,4720,126560
1513824720,15.650,15.600,15.600,15.700,4720,126560
1513824780,15.650,15.600,15.600,15.700,4720,126560
1513824840,15.650,15.600,15.600,15.700,4720,126560
1513824900,15.650,15.600,15.600,15.700,4720,126560
1513824960,15.650,15.600,15.600,15.700,4720,126560
1513825020,15.650,15.600,15.600,15.700,4720,126560
1513825080,15.650,15.600,15.600,15.700,4720,126560
1513825140,15.650,15.600,15.600,15.700,4720,126560
1513825200,15.650,15.600,15.600,15.700,4720,126560
1513825260,15.650,15.600,15.600,15.700,4720,126560
1513825320,15.650,15.600,15.600,15.700,4720,126560
1513825380,15.650,15.600,15.600,15.700,4720,126560
1513825440,15.650,15.600,15.600,15.700,4720,126560
1513825500,15.650,15.600,15.600,15.700,4720,126560
1513825560,15.650,15.600,15.600,15.700,4720,126560
1513825620,15.650,15.600,15.600,15.700,4720,126560
1513825680,15.650,15.600,15.600,15.700,4720,126560
1513825740,15.650,15.600,15.600,15.700,4720,126560
1513825800,15.650,15.600,15.600,15.700,4720,126560
1513825860,15.650,15.600,15.600,15.700,4720,126560
1513825920,15.650,15.600,15.600,15.700,4720,126560
1513825980,15.650,15.600,15.600,15.700,4720,126560
1513826040,15.650,15.600,15.600,15.700,4720,126560
1513826100,15.650,15.600,15.600,15.700,4720,126560
1513826160,15.650,15.600,15.600,15.700,4720,126560
1513826220,15.650,15.600,15.600,15.700,4720,126560
1513826280,15.650,15.600,15.600,15.700,4720,126560
1513826340,15.650,15.600,15.600,15.700,4720,126560
1513826400,15.650,15.600,15.600,15.700,4720,126560
1513826460,15.650,15.600,15.600,15.700,4720,126560
1513826520,15.650,15.600,15.600,15.700,4720,126560
1513826580,15.650,15.600,15.600,15.700,4720,126560
1513826640,15.650,15.600,15.600,15.700,4720,126560
1513826700,15.650,15.600,15.600,15.700,4720,126560
1513826760,15.650,15.600,15.600,15.700,4720,126560
1513826820,15.650,15.600,15.600,15.700,4720,126560
1513826880,15.650,15.600,15.600,15.700,4720,126560
1513826940,15.650,15.600,15.600,15.700,4720,126560
1513827000,15.650,15.600,15.600,15.700,4720,126560
1513827060,15.650,15.600,15.600,15.700,4720,126560
1513827120,15.650,15.600,15.600,15.700,4720,126560
1513827180,15.650,15.600,15.600,15.700,4720,126560
1513827240,15.650,15.600,15.600,15.700,4720,126560
1513827300,15.650,15.600,15.600,15.700,4720,126560
1513827360,15.650,15.600,15.600,15.700,4720,126560
1513827420,15.650,15.600,15.600,15.700,4720,126560
1513827480,15.650,15.600,15.600,15.700,4720,126560
1513827540,15.650,15.600,15.600,15.700,4720,126560
1513827600,15.650,15.600,15.600,15.700,4720,126560
1513827660,15.650,15.600,15.600,15.700,4720,126560
1513827720,15.650,15.600,15.600,15.700,4720,126560
1513827780,15.650,15.600,15.600,15.700,4720,126560
1513827840,15.650,15.600,15.600,15.700,4720,126560
1513827900,15.650,15.600,15.600,15.700,4720,126560
1513827960,15.650,15.600,15.600,15.700,4720,126560
1513828020,15.650,15.600,15.600,15.700,4720,126560
1513828080,15.650,15.600,15.600,15.700,4720,126560
1513828140,15.650,15.600,15.600,15.700,4720,126560
1513828200,15.650,15.600,15.600,15.700,4720,126560
1513828260,15.650,15.600,15.600,15.700,4720,126560
1513828320,15.650,15.600,15.600,15.700,4720,126560
1513828380,15.650,15.600,15.600,15.700,4720,126560
1513828440,15.650,15.600,15.600,15.700,4720,126560
1513828500,15.650,15.600,15.600,15.700,4720,126560
1513828560,15.650,15.600,15.600,15.700,4720,126560
1513828620,15.650,15.600,15.600,15.700,4720,126560
1513828680,15.650,15.600,15.600,15.700,4720,126560
1513828740,15.650,15.600,15.600,15.700,4720,126560
1513828800,15.650,15.600,15.600,15.700,4720,126560
1513828860,15.650,15.600,15.600,15.700,4720,126560
1513828920,15.650,15.600,15.600,15.700,4720,126560
1513828980,15.650,15.600,15.600,15.700,4720,126560
1513829040,15.650,15.600,15.600,15.700,4720,126560
1513829100,15.650,15.600,15.600,15.700,4720,126560
1513829160,15.650,15.600,15.600,15.700,4720,126560
1513829220,15.650,15.600,15.600,15.700,4720,126560
1513829280,15.650,15.600,15.600,15.700,4720,126560
1513829340,15.650,15.600,15.600,15.700,4720,126560
1513829400,15.650,15.600,15.600,15.700,4720,126560
1513829460,15.650,15.600,15.600,15.700,4720,126560
1513829520,15.650,15.600,15.600,15.700,4720,126560
1513829580,15.650,15.600,15.600,15.700,4720,126560
1513829640,15.650,15.600,15.600,15.700,4720,126560
1513829700,15.650,15.600,15.600,15.700,4720,126560
1513829760,15.650,15.600,15.600,15.700,4720,126560
1513829820,15.650,15.600,15.600,15.700,4720,126560
1513829880,15.650,15.600,15.600,15.700,4720,126560
1513829940,15.650,15.600,15.600,15.700,4720,126560
1513830000,15.650,15.600,15.600,15.700,4720,126560
1513830060,15.650,15.600,15.600,15.700,4720,126560
1513830120,15.650,15.600,15.600,15.700,4720,126560
1513830180,15.650,15.600,15.600,15.700,4720,126560
1513830240,15.650,15.600,15.600,15.700,4720,126560
1513830300,15.650,15.600,15.600,15.700,4720,126560
1513830360,15.650,15.600,15.600,15.700,4720,126560
1513830420,15.650,15.600,15.600,15.700,4720,126560
1513830480,15.650,15.600,15.600,15.700,4720,126560
1513830540,15.650,15.600,15.600,15.700,4720,126560
1513830600,15.650,15.600,15.600,15.700,4720,126560
1513830660,15.650,15.600,15.600,15.700,4720,126560
1513830720,15.650,15.600,15.600,15.700,4720,126560
1513830780,15.650,15.600,15.600,15.700,4720,126560
1513830840,15.650,15.600,15.600,15.700,4720,126560
1513830900,15.650,15.600,15.600,15.700,4720,126560
1513830960,15.650,15.600,15.600,15.700,4720,126560
1513831020,15.650,15.600,15.600,15.700,4720,126560
1513831080,15.650,15.600,15.600,15.700,4720,126560
1513831140,15.650,15.600,15.600,15.700,4720,126560
1513831200,15.650,15.600,15.600,15.700,4720,126560
1513831260,15.650,15.600,15.600,15.700,4720,126560
1513831320,15.650,15.600,15.600,15.700,4720,126560
1513831380,15.650,15.600,15.600,15.700,4720,126560
1513831440,15.650,15.600,15.600,15.700,4720,126560
1513831500,15.650,15.600,15.600,15.700,4720,126560
1513831560,15.650,15.600,15.600,15.700,4720,126560
1513831620,15.650,15.600,15.600,15.700,4720,126560
1513831680,15.650,15.600,15.600,15.700,4720,126560
1513831740,15.650,15.600,15.600,15.700,4720,126560
1513831800,15.650,15.600,15.600,15.700,4720,126560
1513831860,15.650,15.600,15.600,15.700,4720,126560
1513831920,15.650,15.600,15.600,15.700,4720,126560
1513831980,15.650,15.600,15.600,15.700,4720,126560
1513832040,15.650,15.600,15.600,15.700,4720,126560
1513832100,15.650,15.600,15.600,15.700,4720,126560
1513832160,15.650,15.600,15.600,15.700,4720,126560
1513832220,15.650,15.600,15.600,15.700,4720,126560
1513832280,15.650,15.600,15.600,15.700,4720,126560
1513832340,15.650,15.600,15.600,15.700,4720,126560
1513832400,15.650,15.600,15.600,15.700,4720,126560
1513832460,15.650,15.600,15.600,15.700,4720,126560
1513832520,15.650,15.600,15.600,15.700,4720,126560
1513832580,15.650,15.600,15.600,15.700,4720,126560
1513832640,15.650,15.600,15.600,15.700,4720,126560
1513832700,15.650,15.600,15.600,15.700,4720,126560
1513832760,15.650,15.600,15.600,15.700,4720,126560
1513832820,15.650,15.600,15.600,15.700,4720,126560
1513832880,15.650,15.600,15.600,15.700,4720,126560
1513832940,15.650,15.600,15.600,15.700,4720,126560
1513833000,15.650,15.600,15.600,15.700,4720,126560
1513833060,15.650,15.600,15.600,15.700,4720,126560
1513833120,15.650,15.600,15.600,15.700,4720,126560
1513833180,15.650,15.600,15.600,15.700,4720,126560
1513833240,15.650,15.600,15.600,15.700,4720,126560
1513833300,15.650,15.600,15.600,15.700,4720,126560
1513833360,15.650,15.600,15.600,15.700,4720,126560
1513833420,15.650,15.600,15.600,15.700,4720,126560
1513833480,15.650,15.600,15.600,15.700,4720,126560
1513833540,15.650,15.600,15.600,15.700,4720,126560
1513833600,15.650,15.600,15.600,15.700,4720,126560
1513833660,15.650,15.600,15.600,15.700,4720,126560
1513833720,15.650,15.600,15.600,15.700,4720,126560
1513833780,15.650,15.600,15.600,15.700,4720,126560
1513833840,15.650,15.600,15.600,15.700,4720,126560
1513833900,15.650,15.600,15.600,15.700,4720,126560
1513833960,15.650,15.600,15.600,15.700,4720,126560
1513834020,15.650,15.600,15.600,15.700,4720,126560
1513834080,15.650,15.600,15.600,15.700,4720,126560
1513834140,15.650,15.600,15.600,15.700,4720,126560
1513834200,15.650,15.600,15.600,15.700,4720,126560
1513834260,15.650,15.600,15.600,15.700,4720,126560
1513834320,15.650,15.600,15.600,15.700,4720,126560
1513834380,15.650,15.600,15.600,15.700,4720,126560
1513834440,15.650,15.600,15.600,15.700,4720,126560
1513834500,15.650,15.600,15.600,15.700,4720,126560
1513834560,15.650,15.600,15.600,15.700,4720,126560
1513834620,15.650,15.600,15.600,15.700,4720,126560
1513834680,15.650,15.600,15.600,15.700,4720,126560
1513834740,15.650,15.600,15.600,15.700,4720,126560
1513834800,15.650,15.600,15.600,15.700,4720,126560
1513834860,15.650,15.600,15.600,15.700,4720,126560
1513834920,15.650,15.600,15.600,15.700,4720,126560
1513834980,15.650,15.600,15.600,15.700,4720,126560
1513835040,15.650,15.600,15.600,15.700,4720,126560
1513835100,15.650,15.600,15.600,15.700,4720,126560
1513835160,15.650,15.600,15.600,15.700,4720,126560
1513835220,15.650,15.600,15.600,15.700,4720,126560
1513835280,15.650,15.600,15.600,15.700,4720,126560
1513835340,15.650,15.600,15.600,15.700,4720,126560
1513835400,15.650,15.600,15.600,15.700,4720,126560
1513835460,15.650,15.600,15.600,15.700,4720,126560
1513835520,15.650,15.600,15.600,15.700,4720,126560
1513835580,15.650,15.600,15.600,15.700,4720,126560
1513835640,15.650,15.600,15.600,15.700,4720,126560
1513835700,15.650,15.600,15.600,15.700,4720,126560
1513835760,15.650,15.600,15.600,15.700,4720,126560
1513835820,15.650,15.600,15.600,15.700,4720,126560
1513835880,15.650,15.600,15.600,15.700,4720,126560
1513835940,15.650,15.600,15.600,15.700,4720,126560
1513836000,15.650,15.600,15.600,15.700,4720,126560
1513836060,15.650,15.600,15.600,15.700,4720,126560
1513836120,15.650,15.600,15.600,15.700,4720,126560
1513836180,15.650,15.600,15.600,15.700,4720,126560
1513836240,15.650,15.600,15.600,15.700,4720,126560
1513836300,15.650,15.600,15.600,15.700,4720,126560
1513836360,15.650,15.600,15.600,15.700,4720,126560
1513836420,15.650,15.600,15.600,15.700,4720,126560
1513836480,15.650,15.600,15.600,15.700,4720,126560
1513836540,15.650,15.600,15.600,15.700,4720,126560
1513836600,15.650,15.600,15.600,15.700,4720,126560
1513836660,15.650,15.600,15.600,15.700,4720,126560
1513836720,15.650,15.600,15.600,15.700,4720,126560
1513836780,15.650,15.600,15.600,15.700,4720,126560
1513836840,15.650,15.600,15.600,15.700,4720,126560
1513836900,15.650,15.600,15.600,15.700,4720,126560
1513836960,15.650,15.600,15.600,15.700,4720,126560
1513837020,15.650,15.600,15.600,15.700,4720,126560
1513837080,15.650,15.600,15.600,15.700,4720,126560
1513837140,15.650,15.600,15.600,15.700,4720,126560
1513837200,15.650,15.600,15.600,15.700,4720,126560
1513837260,15.650,15.600,15.600,15.700,4720,126560
1513837320,15.650,15.600,15.600,15.700,4720,126560
1513837380,15.650,15.600,15.600,15.700,4720,126560
1513837440,15.650,15.600,15.600,15.700,4720,126560
1513837500,15.650,15.600,15.600,15.700,4720,126560
1513837560,15.650,15.600,15.600,15.700,4720,126560
1513837620,15.650,15.600,15.600,15.700,4720,126560
1513837680,15.650,15.600,15.600,15.700,4720,126560
1513837740,15.650,15.600,15.600,15.700,4720,126560
1513837800,15.650,15.600,15.600,15.700,4720,126560
1513837860,15.650,15.600,15.600,15.700,4720,126560
1513837920,15.650,15.600,15.600,15.700,4720,126560
1513837980,15.650,15.600,15.600,15.700,4720,126560
1513838040,15.650,15.600,15.600,15.700,4720,126560
1513838100,15.650,15.600,15.600,15.700,4720,126560
1513838160,15.650,15.600,15.600,15.700,4720,126560
1513838220,15.650,15.600,15.600,15.700,4720,126560
1513838280,15.650,15.600,15.600,15.700,4720,126560
1513838340,15.650,15.600,15.600,15.700,4720,126560
1513838400,15.650,15.600,15.600,15.700,4720,126560
1513838460,15.650,15.600,15.600,15.700,4720,126560
1513838520,15.650,15.600,15.600,15.700,4720,126560
1513838580,15.650,15.600,15.600,15.700,4720,126560
1513838640,15.650,15.600,15.600,15.700,4720,126560
1513838700,15.650,15.600,15.600,15.700,4720,126560
1513838760,15.650,15.600,15.600,15.700,4720,126560
1513838820,15.650,15.600,15.600,15.700,4720,126560
1513838880,15.650,15.600,15.600,15.700,4720,126560
1513838940,15.650,15.600,15.600,15.700,4720,126560
1513839000,15.650,15.600,15.600,15.700,4720,126560
1513839060,15.650,15.600,15.600,15.700,4720,126560
1513839120,15.650,15.600,15.600,15.700,4720,126560
1513839180,15.650,15.600,15.600,15.700,4720,126560
1513839240,15.650,15.600,15.600,15.700,4720,126560
1513839300,15.650,15.600,15.600,15.700,4720,126560
1513839360,15.650,15.600,15.600,15.700,4720,126560
1513839420,15.650,15.600,15.600,15.700,4720,126560
1513839480,15.650,15.600,15.600,15.700,4720,126560
1513839540,15.650,15.600,15.600,15.700,4720,126560
1513839600,15.650,15.600,15.600,15.700,4720,126560
1513839660,15.650,15.600,15.600,15.700,4720,126560
1513839720,15.650,15.600,15.600,15.700,4720,126560
1513839780,15.650,15.600,15.600,15.700,4720,126560
1513839840,15.650,15.600,15.600,15.700,4720,126560
1513839900,15.650,15.600,15.600,15.700,4720,126560
1513839960,15.650,15.600,15.600,15.700,4720,126560
1513840020,15.650,15.600,15.600,15.700,4720,126560
1513840080,15.650,15.600,15.600,15.700,4720,126560
1513840140,15.650,15.600,15.600,15.700,4720,126560
1513840200,15.650,15.600,15.600,15.700,4720,126560
1513840260,15.650,15.600,15.600,15.700,4720,126560
1513840320,15.650,15.600,15.600,15.700,4720,126560
1513840380,15.650,15.600,15.600,15.700,4720,126560
1513840440,15.650,15.600,15.600,15.700,4720,126560
1513840500,15.650,15.600,15.600,15.700,4720,126560
1513840560,15.650,15.600,15.600,15.700,4720,126560
1513840620,15.650,15.600,15.600,15.700,4720,126560
1513840680,15.650,15.600,15.600,15.700,4720,126560
1513840740,15.650,15.600,15.600,15.700,4720,126560
1513840800,15.650,15.600,15.600,15.700,4720,126560
1513840860,15.650,15.600,15.600,15.700,4720,126560
1513840920,15.650,15.600,15.600,15.700,4720,126560
1513840980,15.650,15.600,15.600,15.700,4720,126560
1513841040,15.650,15.600,15.600,15.700,4720,126560
1513841100,15.650,15.600,15.600,15.700,4720,126560
1513841160,15.650,15.600,15.600,15.700,4720,126560
1513841220,15.650,15.600,15.600,15.700,4720,126560
1513841280,15.650,15.600,15.600,15.700,4720,126560
1513841340,15.650,15.600,15.600,15.700,4720,126560
1513841400,15.650,15.600,15.600,15.700,4720,126560
1513841460,15.650,15.600,15.600,15.700,4720,126560
1513841520,15.650,15.600,15.600,15.700,4720,126560
1513841580,15.650,15.600,15.600,15.700,4720,126560
1513841640,15.650,15.600,15.600,15.700,4720,126560
1513841700,15.650,15.600,15.600,15.700,4720,126560
1513841760,15.650,15.600,15.600,15.700,4720,126560
1513841820,15.650,15.600,15.600,15.700,4720,126560
1513841880,15.650,15.600,15.600,15.700,4720,126560
1513841940,15.650,15.600,15.600,15.700,4720,126560
1513842000,15.650,15.600,15.600,15.700,4720,126560
1513842060,15.650,15.600,15.600,15.700,4720,126560
1513842120,15.650,15.600,15.600,15.700,4720,126560
1513842180,15.650,15.600,15.600,15.700,4720,126560
1513842240,15.650,15.600,15.600,15.700,4720,126560
1513842300,15.650,15.600,15.600,15.700,4720,126560
1513842360,15.650,15.600,15.600,15.700,4720,126560
1513842420,15.650,15.600,15.600,15.700,4720,126560
1513842480,15.650,15.600,15.600,15.700,4720,126560
1513842540,15.650,15.600,15.600,15.700,4720,126560
1513842600,15.650,15.600,15.600,15.700,4720,126560
1513842660,15.650,15.600,15.600,15.700,4720,126560
1513842720,15.650,15.600,15.600,15.700,4720,126560
1513842780,15.650,15.600,15.600,15.700,4720,126560
1513842840,15.650,15.600,15.600,15.700,4720,126560
1513842900,15.650,15.600,15.600,15.700,4720,126560
1513842960,15.650,15.600,15.600,15.700,4720,126560
1513843020,15.650,15.600,15.600,15.700,4720,126560
1513843080,15.650,15.600,15.600,15.700,4720,126560
1513843140,15.650,15.600,15.600,15.700,4720,126560
1513843200,15.650,15.600,15.600,15.700,4720,126560
1513843260,15.650,15.600,15.600,15.700,4720,126560
1513843320,15.650,15.600,15.600,15.700,4720,126560
1513843380,15.650,15.600,15.600,15.700,4720,126560
1513843440,15.650,15.600,15.600,15.700,4720,126560
1513843500,15.650,15.600,15.600,15.700,4720,126560
1513843560,15.650,15.600,15.600,15.700,4720,126560
1513843620,15.650,15.600,15.600,15.700,4720,126560
1513843680,15.650,15.600,15.600,15.700,4720,126560
1513843740,15.650,15.600,15.600,15.700,4720,126560
1513843800,15.650,15.600,15.600,15.700,4720,126560
1513843860,15.650,15.600,15.600,15.700,4720,126560
1513843920,15.650,15.600,15.600,15.700,4720,126560
1513843980,15.650,15.600,15.600,15.700,4720,126560
1513844040,15.650,15.600,15.600,15.700,4720,126560
1513844100,15.650,15.600,15.600,15.700,4720,126560
1513844160,15.650,15.600,15.600,15.700,4720,126560
1513844220,15.650,15.600,15.600,15.700,4720,126560
1513844280,15.650,15.600,15.600,15.700,4720,126560
1513844340,15.650,15.600,15.600,15.700,4720,126560
1513844400,15.650,15.600,15.600,15.700,4720,126560
1513844460,15.650,15.600,15.600,15.700,4720,126560
1513844520,15.650,15.600,15.600,15.700,4720,126560
1513844580,15.650,15.600,15.600,15.700,4720,126560
1513844640,15.650,15.600,15.600,15.700,4720,126560
1513844700,15.650,15.600,15.600,15.700,4720,126560
1513844760,15.650,15.600,15.600,15.700,4720,126560
1513844820,15.650,15.600,15.600,15.700,4720,126560
1513844880,15.650,15.600,15.600,15.700,4720,126560
1513844940,15.650,15.600,15.600,15.700,4720,126560
1513845000,15.650,15.600,15.600,15.700,4720,126560
1513845060,15.650,15.600,15.600,15.700,4720,126560
1513845120,15.650,15.600,15.600,15.700,4720,126560
1513845180,15.650,15.600,15.600,15.700,4720,126560
1513845240,15.650,15.600,15.600,15.700,4720,126560
1513845300,15.650,15.600,15.600,15.700,4720,126560
1513845360,15.650,15.600,15.600,15.700,4720,126560
1513845420,15.650,15.600,15.600,15.700,4720,126560
1513845480,15.650,15.600,15.600,15.700,4720,126560
1513845540,15.650,15.600,15.600,15.700,4720,126560
1513845600,15.650,15.600,15.600,15.700,4720,126560
1513845660,15.650,15.600,15.600,15.700,4720,126560
1513845720,15.650,15.600,15.600,15.700,4720,126560
1513845780,15.650,15.600,15.600,15.700,4720,126560
1513845840,15.650,15.600,15.600,15.700,4720,126560
1513845900,15.650,15.600,15.600,15.700,4720,126560
1513845960,15.650,15.600,15.600,15.700,4720,126560
1513846020,15.650,15.600,15.600,15.700,4720,126560
1513846080,15.650,15.600,15.600,15.700,4720,126560
1513846140,15.650,15.600,15.600,15.700,4720,126560
1513846200,15.650,15.600,15.600,15.700,4720,126560
1513846260,15.650,15.600,15.600,15.700,4720,126560
1513846320,15.650,15.600,15.600,15.700,4720,126560
1513846380,15.650,15.600,15.600,15.700,4720,126560
1513846440,15.650,15.600,15.600,15.700,4720,126560
1513846500,15.650,15.600,15.600,15.700,4720,126560
1513846560,15.650,15.600,15.600,15.700,4720,126560
1513846620,15.650,15.600,15.600,15.700,4720,126560
1513846680,15.650,15.600,15.600,15.700,4720,126560
1513846740,15.650,15.600,15.600,15.700,4720,126560
1513846800,15.650,15.600,15.600,15.700,4720,126560
1513846860,15.650,15.600,15.600,15.700,4720,126560
1513846920,15.650,15.600,15.600,15.700,4720,126560
1513846980,15.650,15.600,15.600,15.700,4720,126560
1513847040,15.650,15.600,15.600,15.700,4720,126560
1513847100,15.650,15.600,15.600,15.700,4720,126560
1513847160,15.650,15.600,15.600,15.700,4720,126560
1513847220,15.650,15.600,15.600,15.700,4720,126560
1513847280,15.650,15.600,15.600,15.700,4720,126560
1513847340,15.650,15.600,15.600,15.700,4720,126560
1513847400,15.650,15.600,15.600,15.700,4720,126560
1513847460,15.650,15.600,15.600,15.700,4720,126560
1513847520,15.650,15.600,15.600,15.700,4720,126560
1513847580,15.650,15.600,15.600,15.700,4720,126560
1513847640,15.650,15.600,15.600,15.700,4720,126560
1513847700,15.650,15.600,15.600,15.700,4720,126560
1513847760,15.650,15.600,15.600,15.700,4720,126560
1513847820,15.650,15.600,15.600,15.700,4720,126560
1513847880,15.650,15.600,15.600,15.700,4720,126560
1513847940,15.650,15.600,15.600,15.700,4720,126560
1513848000,15.650,15.600,15.600,15.700,4720,126560
1513848060,15.650,15.600,15.600,15.700,4720,126560
1513848120,15.650,15.600,15.600,15.700,4720,126560
1513848180,15.650,15.600,15.600,15.700,4720,126560
1513848240,15.650,15.600,15.600,15.700,4720,126560
1513848300,15.650,15.600,15.600,15.700,4720,126560
1513848360,15.650,15.600,15.600,15.700,4720,126560
1513848420,15.650,15.600,15.600,15.700,4720,126560
1513848480,15.650,15.600,15.600,15.700,4720,126560
1513848540,15.650,15.600,15.600,15.700,4720,126560
1513848600,15.650,15.600,15.600,15.700,4720,126560
1513848660,15.650,15.600,15.600,15.700,4720,126560
1513848720,15.650,15.600,15.600,15.700,4720,126560
1513848780,15.650,15.600,15.600,15.700,4720,126560
1513848840,15.650,15.600,15.600,15.700,4720,126560
1513848900,15.650,15.600,15.600,15.700,4720,126560
1513848960,15.650,15.600,15.600,15.700,4720,126560
1513849020,15.650,15.600,15.600,15.700,4720,126560
1513849080,15.650,15.600,15.600,15.700,4720,126560
1513849140,15.650,15.600,15.600,15.700,4720,126560
1513849200,15.650,15.600,15.600,15.700,4720,126560
1513849260,15.650,15.600,15.600,15.700,4720,126560
1513849320,15.650,15.600,15.600,15.700,4720,126560
1513849380,15.650,15.600,15.600,15.700,4720,126560
1513849440,15.650,15.600,15.600,15.700,4720,126560
1513849500,15.650,15.600,15.600,15.700,4720,126560
1513849560,15.650,15.600,15.600,15.700,4720,126560
1513849620,15.650,15.600,15.600,15.700,4720,126560
1513849680,15.650,15.600,15.600,15.700,4720,126560
1513849740,15.650,15.600,15.600,15.700,4720,126560
1513849800,15.650,15.600,15.600,15.700,4720,126560
1513849860,15.650,15.600,15.600,15.700,4720,126560
1513849920,15.650,15.600,15.600,15.700,4720,126560
1513849980,15.650,15.600,15.600,15.700,4720,126560
1513850040,15.650,15.600,15.600,15.700,4720,126560
1513850100,15.650,15.600,15.600,15.700,4720,126560
1513850160,15.650,15.600,15.600,15.700,4720,126560
1513850220,15.650,15.600,15.600,15.700,4720,126560
1513850280,15.650,15.600,15.600,15.700,4720,126560
1513850340,15.650,15.600,15.600,15.700,4720,126560
1513850400,15.650,15.600,15.600,15.700,4720,126560
1513850460,15.650,15.600,15.600,15.700,4720,126560
1513850520,15.650,15.600,15.600,15.700,4720,126560
1513850580,15.650,15.600,15.600,15.700,4720,126560
1513850640,15.650,15.600,15.600,15.700,4720,126560
1513850700,15.650,15.600,15.600,15.700,4720,126560
1513850760,15.650,15.600,15.600,15.700,4720,126560
1513850820,15.650,15.600,15.600,15.700,4720,126560
1513850880,15.650,15.600,15.600,15.700,4720,126560
1513850940,15.650,15.600,15.600,15.700,4720,126560
1513851000,15.650,15.600,15.600,15.700,4720,126560
1513851060,15.650,15.600,15.600,15.700,4720,126560
1513851120,15.650,15.600,15.600,15.700,4720,126560
1513851180,15.650,15.600,15.600,15.700,4720,126560
1513851240,15.650,15.600,15.600,15.700,4720,126560
1513851300,15.650,15.600,15.600,15.700,4720,126560
1513851360,15.650,15.600,15.600,15.700,4720,126560
1513851420,15.650,15.600,15.600,15.700,4720,126560
1513851480,15.650,15.600,15.600,15.700,4720,126560
1513851540,15.650,15.600,15.600,15.700,4720,126560
1513851600,15.650,15.600,15.600,15.700,4720,126560
1513851660,15.650,15.600,15.600,15.700,4720,126560
1513851720,15.650,15.600,15.600,15.700,4720,126560
1513851780,15.650,15.600,15.600,15.700,4720,126560
1513851840,15.650,15.600,15.600,15.700,4720,126560
1513851900,15.650,15.600,15.600,15.700,4720,126560
1513851960,15.650,15.600,15.600,15.700,4720,126560
1513852020,15.650,15.600,15.600,15.700,4720,126560
1513852080,15.650,15.600,15.600,15.700,4720,126560
1513852140,15.650,15.600,15.600,15.700,4720,126560
1513852200,15.650,15.600,15.600,15.700,4720,126560
1513852260,15.650,15.600,15.600,15.700,4720,126560
1513852320,15.650,15.600,15.600,15.700,4720,126560
1513852380,15.650,15.600,15.600,15.700,4720,126560
1513852440,15.650,15.600,15.600,15.700,4720,126560
1513852500,15.650,15.600,15.600,15.700,4720,126560
1513852560,15.650,15.600,15.600,15.700,4720,126560
1513852620,15.650,15.600,15.600,15.700,4720,126560
1513852680,15.650,15.600,15.600,15.700,4720,126560
1513852740,15.650,15.600,15.600,15.700,4720,126560
1513852800,15.650,15.600,15.600,15.700,4720,126560
1513852860,15.650,15.600,15.600,15.700,4720,126560
1513852920,15.650,15.600,15.600,15.700,4720,126560
1513852980,15.650,15.600,15.600,15.700,4720,126560
1513853040,15.650,15.600,15.600,15.700,4720,126560
1513853100,15.650,15.600,15.600,15.700,4720,126560
1513853160,15.650,15.600,15.600,15.700,4720,126560
1513853220,15.650,15.600,15.600,15.700,4720,126560
1513853280,15.650,15.600,15.600,15.700,4720,126560
1513853340,15.650,15.600,15.600,15.700,4720,126560
1513853400,15.650,15.600,15.600,15.700,4720,126560
1513853460,15.650,15.600,15.600,15.700,4720,126560
1513853520,15.650,15.600,15.600,15.700,4720,126560
1513853580,15.650,15.600,15.600,15.700,4720,126560
1513853640,15.650,15.600,15.600,15.700,4720,126560
1513853700,15.650,15.600,15.600,15.700,4720,126560
1513853760,15.650,15.600,15.600,15.700,4720,126560
1513853820,15.650,15.600,15.600,15.700,4720,126560
1513853880,15.650,15.600,15.600,15.700,4720,126560
1513853940,15.650,15.600,15.600,15.700,4720,126560
1513854000,15.650,15.600,15.600,15.700,4720,126560
1513854060,15.650,15.600,15.600,15.700,4720,126560
1513854120,15.650,15.600,15.600,15.700,4720,126560
1513854180,15.650,15.600,15.600,15.700,4720,126560
1513854240,15.650,15.600,15.600,15.700,4720,126560
1513854300,15.650,15.600,15.600,15.700,4720,126560
1513854360,15.650,15.600,15.600,15.700,4720,126560
1513854420,15.650,15.600,15.600,15.700,4720,126560
1513854480,15.650,15.600,15.600,15.700,4720,126560
1513854540,15.650,15.600,15.600,15.700,4720,126560
1513854600,15.650,15.600,15.600,15.700,4720,126560
1513854660,15.650,15.600,15.600,15.700,4720,126560
1513854720,15.650,15.600,15.600,15.700,4720,126560
1513854780,15.650,15.600,15.600,15.700,4720,126560
1513854840,15.650,15.600,15.600,15.700,4720,126560
1513854900,15.650,15.600,15.600,15.700,4720,126560
1513854960,15.650,15.600,15.600,15.700,4720,126560
1513855020,15.650,15.600,15.600,15.700,4720,126560
1513855080,15.650,15.600,15.600,15.700,4720,126560
1513855140,15.650,15.600,15.600,15.700,4720,126560
1513855200,15.650,15.600,15.600,15.700,4720,126560
1513855260,15.650,15.600,15.600,15.700,4720,126560
1513855320,15.650,15.600,15.600,15.700,4720,126560
1513855380,15.650,15.600,15.600,15.700,4720,126560
1513855440,15.650,15.600,15.600,15.700,4720,126560
1513855500,15.650,15.600,15.600,15.700,4720,126560
1513855560,15.650,15.600,15.600,15.700,4720,126560
1513855620,15.650,15.600,15.600,15.700,4720,126560
1513855680,15.650,15.600,15.600,15.700,4720,126560
1513855740,15.650,15.600,15.600,15.700,4720,126560
1513855800,15.650,15.600,15.600,15.700,4720,126560
1513855860,15.650,15.600,15.600,15.700,4720,126560
1513855920,15.650,15.600,15.600,15.700,4720,126560
1513855980,15.650,15.600,15.600,15.700,4720,126560
1513856040,15.650,15.600,15.600,15.700,4720,126560
1513856100,15.650,15.600,15.600,15.700,4720,126560
1513856160,15.650,15.600,15.600,15.700,4720,126560
1513856220,15.650,15.600,15.600,15.700,4720,126560
1513856280,15.650,15.600,15.600,15.700,4720,126560
1513856340,15.650,15.600,15.600,15.700,4720,126560
1513856400,15.650,15.600,15.600,15.700,4720,126560
1513856460,15.650,15.600,15.600,15.700,4720,126560
1513856520,15.650,15.600,15.600,15.700,4720,126560
1513856580,15.650,15.600,15.600,15.700,4720,126560
1513856640,15.650,15.600,15.600,15.700,4720,126560
1513856700,15.650,15.600,15.600,15.700,4720,126560
1513856760,15.650,15.600,15.600,15.700,4720,126560
1513856820,15.650,15.600,15.600,15.700,4720,126560
1513856880,15.650,15.600,15.600,15.700,4720,126560
1513856940,15.650,15.600,15.600,15.700,4720,126560
1513857000,15.650,15.600,15.600,15.700,4720,126560
1513857060,15.650,15.600,15.600,15.700,4720,126560
1513857120,15.650,15.600,15.600,15.700,4720,126560
1513857180,15.650,15.600,15.600,15.700,4720,126560
1513857240,15.650,15.600,15.600,15.700,4720,126560
1513857300,15.650,15.600,15.600,15.700,4720,126560
1513857360,15.650,15.600,15.600,15.700,4720,126560
1513857420,15.650,15.600,15.600,15.700,4720,126560
1513857480,15.650,15.600,15.600,15.700,4720,126560
1513857540,15.650,15.600,15.600,15.700,4720,126560
1513857600,15.650,15.600,15.600,15.700,4720,126560
1513857660,15.650,15.600,15.600,15.700,4720,126560
1513857720,15.650,15.600,15.600,15.700,4720,126560
1513857780,15.650,15.600,15.600,15.700,4720,126560
1513857840,15.650,15.600,15.600,15.700,4720,126560
1513857900,15.650,15.600,15.600,15.700,4720,126560
1513857960,15.650,15.600,15.600,15.700,4720,126560
1513858020,15.650,15.600,15.600,15.700,4720,126560
1513858080,15.650,15.600,15.600,15.700,4720,126560
1513858140,15.650,15.600,15.600,15.700,4720,126560
1513858200,15.650,15.600,15.600,15.700,4720,126560
1513858260,15.650,15.600,15.600,15.700,4720,126560
1513858320,15.650,15.600,15.600,15.700,4720,126560
1513858380,15.650,15.600,15.600,15.700,4720,126560
1513858440,15.650,15.600,15.600,15.700,4720,126560
1513858500,15.650,15.600,15.600,15.700,4720,126560
1513858560,15.650,15.600,15.600,15.700,4720,126560
1513858620,15.650,15.600,15.600,15.700,4720,126560
1513858680,15.650,15.600,15.600,15.700,4720,126560
1513858740,15.650,15.600,15.600,15.700,4720,126560
1513858800,15.650,15.600,15.600,15.700,4720,126560
1513858860,15.650,15.600,15.600,15.700,4720,126560
1513858920,15.650,15.600,15.600,15.700,4720,126560
1513858980,15.650,15.600,15.600,15.700,4720,126560
1513859040,15.650,15.600,15.600,15.700,4720,126560
1513859100,15.650,15.600,15.600,15.700,4720,126560
1513859160,15.650,15.600,15.600,15.700,4720,126560
1513859220,15.650,15.600,15.600,15.700,4720,126560
1513859280,15.650,15.600,15.600,15.700,4720,126560
1513859340,15.650,15.600,15.600,15.700,4720,126560
1513859400,15.650,15.600,15.600,15.700,4720,126560
1513859460,15.650,15.600,15.600,15.700,4720,126560
1513859520,15.650,15.600,15.600,15.700,4720,126560
1513859580,15.650,15.600,15.600,15.700,4720,126560
1513859640,15.650,15.600,15.600,15.700,4720,126560
1513859700,15.650,15.600,15.600,15.700,4720,126560
1513859760,15.650,15.600,15.600,15.700,4720,126560
1513859820,15.650,15.600,15.600,15.700,4720,126560
1513859880,15.650,15.600,15.600,15.700,4720,126560
1513859940,15.650,15.600,15.600,15.700,4720,126560
1513860000,15.650,15.600,15.600,15.700,4720,126560
1513860060,15.650,15.600,15.600,15.700,4720,126560
1513860120,15.650,15.600,15.600,15.700,4720,126560
1513860180,15.650,15.600,15.600,15.700,4720,126560
1513860240,15.650,15.600,15.600,15.700,4720,126560
1513860300,15.650,15.600,15.600,15.700,4720,126560
1513860360,15.650,15.600,15.600,15.700,4720,126560
1513860420,15.650,15.600,15.600,15.700,4720,126560
1513860480,15.650,15.600,15.600,15.700,4720,126560
1513860540,15.650,15.600,15.600,15.700,4720,126560
1513860600,15.650,15.600,15.600,15.700,4720,126560
1513860660,15.650,15.600,15.600,15.700,4720,126560
1513860720,15.650,15.600,15.600,15.700,4720,126560
1513860780,15.650,15.600,15.600,15.700,4720,126560
1513860840,15.650,15.600,15.600,15.700,4720,126560
1513860900,15.650,15.600,15.600,15.700,4720,126560
1513860960,15.650,15.600,15.600,15.700,4720,126560
1513861020,15.650,15.600,15.600,15.700,4720,126560
1513861080,15.650,15.600,15.600,15.700,4720,126560
1513861140,15.650,15.600,15.600,15.700,4720,126560
1513861200,15.650,15.600,15.600,15.700,4720,126560
1513861260,15.650,15.600,15.600,15.700,4720,126560
1513861320,15.650,15.600,15.600,15.700,4720,126560
1513861380,15.650,15.600,15.600,15.700,4720,126560
1513861440,15.650,15.600,15.600,15.700,4720,126560
1513861500,15.650,15.600,15.600,15.700,4720,126560
1513861560,15.650,15.600,15.600,15.700,4720,126560
1513861620,15.650,15.600,15.600,15.700,4720,126560
1513861680,15.650,15.600,15.600,15.700,4720,126560
1513861740,15.650,15.600,15.600,15.700,4720,126560
1513861800,15.650,15.600,15.600,15.700,4720,126560
1513861860,15.650,15.600,15.600,15.700,4720,126560
1513861920,15.650,15.600,15.600,15.700,4720,126560
1513861980,15.650,15.600,15.600,15.700,4720,126560
1513862040,15.650,15.600,15.600,15.700,4720,126560
1513862100,15.650,15.600,15.600,15.700,4720,126560
1513862160,15.650,15.600,15.600,15.700,4720,126560
1513862220,15.650,15.600,15.600,15.700,4720,126560
1513862280,15.650,15.600,15.600,15.700,4720,126560
1513862340,15.650,15.600,15.600,15.700,4720,126560
1513862400,15.650,15.600,15.600,15.700,4720,126560
1513862460,15.650,15.600,15.600,15.700,4720,126560
1513862520,15.650,15.600,15.600,15.700,4720,126560
1513862580,15.650,15.600,15.600,15.700,4720,126560
1513862640,15.650,15.600,15.600,15.700,4720,126560
1513862700,15.650,15.600,15.600,15.700,4720,126560
1513862760,15.650,15.600,15.600,15.700,4720,126560
1513862820,15.650,15.600,15.600,15.700,4720,126560
1513862880,15.650,15.600,15.600,15.700,4720,126560
1513862940,15.650,15.600,15.600,15.700,4720,126560
1513863000,15.650,15.600,15.600,15.700,4720,126560
1513863060,15.650,15.600,15.600,15.700,4720,126560
1513863120,15.650,15.600,15.600,15.700,4720,126560
1513863180,15.650,15.600,15.600,15.700,4720,126560
1513863240,15.650,15.600,15.600,15.700,4720,126560
1513863300,15.650,15.600,15.600,15.700,4720,126560
1513863360,15.650,15.600,15.600,15.700,4720,126560
1513863420,15.650,15.600,15.600,15.700,4720,126560
1513863480,15.650,15.600,15.600,15.700,4720,126560
1513863540,15.650,15.600,15.600,15.700,4720,126560
1513863600,15.650,15.600,15.600,15.700,4720,126560
1513863660,15.650,15.600,15.600,15.700,4720,126560
1513863720,15.650,15.600,15.600,15.700,4720,126560
1513863780,15.650,15.600,15.600,15.700,4720,126560
1513863840,15.650,15.600,15.600,15.700,4720,126560
1513863900,15.650,15.600,15.600,15.700,4720,126560
1513863960,15.650,15.600,15.600,15.700,4720,126560
1513864020,15.650,15.600,15.600,15.700,4720,126560
1513864080,15.650,15.600,15.600,15.700,4720,126560
1513864140,15.650,15.600,15.600,15.700,4720,126560
1513864200,15.650,15.600,15.600,15.700,4720,126560
1513864260,15.650,15.600,15.600,15.700,4720,126560
1513864320,15.650,15.600,15.600,15.700,4720,126560
1513864380,15.650,15.600,15.600,15.700,4720,126560
1513864440,15.650,15.600,15.600,15.700,4720,126560
1513864500,15.650,15.600,15.600,15.700,4720,126560
1513864560,15.650,15.600,15.600,15.700,4720,126560
1513864620,15.650,15.600,15.600,15.700,4720,126560
1513864680,15.650,15.600,15.600,15.700,4720,126560
1513864740,15.650,15.600,15.600,15.700,4720,126560
1513864800,15.650,15.600,15.600,15.700,4720,126560
1513864860,15.650,15.600,15.600,15.700,4720,126560
1513864920,15.650,15.600,15.600,15.700,4720,126560
1513864980,15.650,15.600,15.600,15.700,4720,126560
1513865040,15.650,15.600,15.600,15.700,4720,126560
1513865100,15.650,15.600,15.600,15.700,4720,126560
1513865160,15.650,15.600,15.600,15.700,4720,126560
1513865220,15.650,15.600,15.600,15.700,4720,126560
1513865280,15.650,15.600,15.600,15.700,4720,126560
1513865340,15.650,15.600,15.600,15.700,4720,126560
1513865400,15.650,15.600,15.600,15.700,4720,126560
1513865460,15.650,15.600,15.600,15.700,4720,126560
1513865520,15.650,15.600,15.600,15.700,4720,126560
1513865580,15.650,15.600,15.600,15.700,4720,126560
1513865640,15.650,15.600,15.600,15.700,4720,126560
1513865700,15.650,15.600,15.600,15.700,4720,126560
1513865760,15.650,15.600,15.600,15.700,4720,126560
1513865820,15.650,15.600,15.600,15.700,4720,126560
1513865880,15.650,15.600,15.600,15.700,4720,126560
1513865940,15.650,15.600,15.600,15.700,4720,126560
1513866000,15.650,15.600,15.600,15.700,4720,126560
1513866060,15.650,15.600,15.600,15.700,4720,126560
1513866120,15.650,15.600,15.600,15.700,4720,126560
1513866180,15.650,15.600,15.600,15.700,4720,126560
1513866240,15.650,15.600,15.600,15.700,4720,126560
1513866300,15.650,15.600,15.600,15.700,4720,126560
1513866360,15.650,15.600,15.600,15.700,4720,126560
1513866420,15.650,15.600,15.600,15.700,4720,126560
1513866480,15.650,15.600,15.600,15.700,4720,126560
1513866540,15.650,15.600,15.600,15.700,4720,126560
1513866600,15.550,15.550,15.550,15.550,0,0
1513866660,15.550,15.550,15.550,15.550,0,0
1513866720,15.550,15.550,15.550,15.550,0,0
1513866780,15.550,15.550,15.550,15.550,0,0
1513866840,15.550,15.550,15.550,15.550,0,0
1513866900,15.550,15.550,15.550,15.550,479,0
1513866960,15.550,15.550,15.550,15.550,478,0
1513867020,15.550,15.550,15.550,15.550,478,0
1513867080,15.600,15.600,15.600,15.600,478,0
1513867140,15.800,15.800,15.800,15.800,478,0
1513867200,15.800,15.800,15.800,15.800,478,0
1513867260,15.800,15.800,15.800,15.800,478,0
1513867320,15.800,15.800,15.800,15.800,478,0
1513867380,15.800,15.800,15.800,15.800,478,0
1513867440,15.800,15.800,15.800,15.800,478,0
1513867500,15.800,15.800,15.800,15.800,60,2391
1513867560,15.800,15.800,15.800,15.800,60,2391
1513867620,15.800,15.800,15.800,15.800,60,2391
1513867680,15.800,15.800,15.800,15.800,60,2391
1513867740,15.800,15.800,15.800,15.800,60,2391
1513867800,15.800,15.800,15.800,15.800,407,2691
1513867860,15.850,15.850,15.850,15.850,406,2691
1513867920,15.850,15.850,15.850,15.850,406,2691
1513867980,15.850,15.850,15.850,15.850,406,2691
1513868040,15.850,15.850,15.850,15.850,406,2691
1513868100,15.850,15.850,15.850,15.850,406,2691
1513868160,15.850,15.850,15.850,15.850,406,2691
1513868220,15.850,15.850,15.850,15.850,406,2691
1513868280,15.850,15.850,15.850,15.850,406,2691
1513868340,15.850,15.850,15.850,15.850,406,2691
1513868400,15.850,15.850,15.850,15.850,31,4722
1513868460,15.850,15.850,15.850,15.850,28,4722
1513868520,15.850,15.850,15.850,15.850,28,4722
1513868580,15.850,15.850,15.850,15.850,28,4722
1513868640,15.850,15.850,15.850,15.850,28,4722
1513868700,15.850,15.850,15.850,15.850,303,4865
1513868760,15.850,15.850,15.850,15.850,301,4865
1513868820,15.850,15.850,15.850,15.850,301,4865
1513868880,15.850,15.800,15.800,15.850,301,4865
1513868940,15.850,15.800,15.800,15.850,301,4865
1513869000,15.875,15.875,15.875,15.875,100,6372
1513869060,15.875,15.875,15.875,15.875,100,6372
1513869120,15.850,15.850,15.850,15.850,100,6372
1513869180,15.850,15.850,15.850,15.850,100,6372
1513869240,15.850,15.850,15.850,15.850,100,6372
1513869300,15.850,15.850,15.850,15.850,157,6872
1513869360,15.850,15.850,15.850,15.850,155,6872
1513869420,15.800,15.800,15.800,15.800,155,6872
1513869480,15.800,15.800,15.800,15.800,155,6872
1513869540,15.800,15.800,15.800,15.800,155,6872
1513869600,15.800,15.800,15.800,15.800,100,7649
1513869660,15.800,15.800,15.800,15.800,100,7649
1513869720,15.800,15.800,15.800,15.800,100,7649
1513869780,15.800,15.800,15.800,15.800,100,7649
1513869840,15.800,15.800,15.800,15.800,100,7649
1513869900,15.800,15.800,15.800,15.800,123,8149
1513869960,15.850,15.850,15.850,15.850,122,8149
1513870020,15.850,15.850,15.850,15.850,122,8149
1513870080,15.850,15.850,15.850,15.850,122,8149
1513870140,15.850,15.850,15.850,15.850,122,8149
1513870200,15.850,15.850,15.850,15.850,180,8760
1513870260,15.850,15.850,15.850,15.850,180,8760
1513870320,15.850,15.850,15.850,15.850,180,8760
1513870380,15.850,15.850,15.850,15.850,180,8760
1513870440,15.850,15.850,15.850,15.850,180,8760
1513870500,15.850,15.850,15.850,15.850,180,8760
1513870560,15.850,15.850,15.850,15.850,180,8760
1513870620,15.850,15.850,15.850,15.850,180,8760
1513870680,15.850,15.850,15.850,15.850,180,8760
1513870740,15.850,15.850,15.850,15.850,180,8760
1513870800,15.850,15.850,15.850,15.850,180,8760
1513870860,15.850,15.850,15.850,15.850,180,8760
1513870920,15.850,15.850,15.850,15.850,180,8760
1513870980,15.850,15.850,15.850,15.850,180,8760
1513871040,15.850,15.850,15.850,15.850,180,8760
1513871100,15.850,15.850,15.850,15.850,61,9660
1513871160,15.850,15.850,15.850,15.850,61,9660
1513871220,15.850,15.850,15.850,15.850,61,9660
1513871280,15.850,15.850,15.850,15.850,61,9660
1513871340,15.850,15.850,15.850,15.850,61,9660
1513871400,15.800,15.800,15.800,15.800,802,9965
1513871460,15.800,15.800,15.800,15.800,800,9965
1513871520,15.800,15.800,15.800,15.800,800,9965
1513871580,15.800,15.800,15.800,15.800,800,9965
1513871640,15.850,15.863,15.850,15.863,800,9965
1513871700,15.850,15.850,15.850,15.850,300,13967
1513871760,15.850,15.850,15.850,15.850,300,13967
1513871820,15.850,15.850,15.850,15.850,300,13967
1513871880,15.850,15.850,15.850,15.850,300,13967
1513871940,15.850,15.850,15.850,15.850,300,13967
1513872000,15.850,15.850,15.850,15.850,99,15467
1513872060,15.850,15.850,15.850,15.850,99,15467
1513872120,15.850,15.850,15.850,15.850,99,15467
1513872180,15.850,15.850,15.850,15.850,99,15467
1513872240,15.850,15.850,15.850,15.850,99,15467
1513872300,15.850,15.850,15.850,15.850,80,15962
1513872360,15.850,15.850,15.850,15.850,80,15962
1513872420,15.850,15.850,15.850,15.850,80,15962
1513872480,15.850,15.850,15.850,15.850,80,15962
1513872540,15.850,15.850,15.850,15.850,80,15962
1513872600,15.850,15.850,15.850,15.850,80,15962
1513872660,15.850,15.850,15.850,15.850,80,15962
1513872720,15.850,15.850,15.850,15.850,80,15962
1513872780,15.850,15.850,15.850,15.850,80,15962
1513872840,15.850,15.850,15.850,15.850,80,15962
1513872900,15.850,15.850,15.850,15.850,80,15962
1513872960,15.850,15.850,15.850,15.850,80,15962
1513873020,15.850,15.850,15.850,15.850,80,15962
1513873080,15.850,15.850,15.850,15.850,80,15962
1513873140,15.850,15.850,15.850,15.850,80,15962
1513873200,15.850,15.850,15.850,15.850,80,15962
1513873260,15.850,15.850,15.850,15.850,80,15962
1513873320,15.850,15.850,15.850,15.850,80,15962
1513873380,15.850,15.850,15.850,15.850,80,15962
1513873440,15.850,15.850,15.850,15.850,80,15962
1513873500,15.850,15.850,15.850,15.850,80,15962
1513873560,15.850,15.850,15.850,15.850,80,15962
1513873620,15.850,15.850,15.850,15.850,80,15962
1513873680,15.850,15.850,15.850,15.850,80,15962
1513873740,15.850,15.850,15.850,15.850,80,15962
1513873800,15.850,15.850,15.850,15.850,80,15962
1513873860,15.850,15.850,15.850,15.850,80,15962
1513873920,15.850,15.850,15.850,15.850,80,15962
1513873980,15.850,15.850,15.850,15.850,80,15962
1513874040,15.850,15.850,15.850,15.850,80,15962
1513874100,15.850,15.850,15.850,15.850,80,15962
1513874160,15.850,15.850,15.850,15.850,80,15962
1513874220,15.850,15.850,15.850,15.850,80,15962
1513874280,15.850,15.850,15.850,15.850,80,15962
1513874340,15.850,15.850,15.850,15.850,80,15962
1513874400,15.850,15.850,15.850,15.850,80,15962
1513874460,15.850,15.850,15.850,15.850,80,15962
1513874520,15.850,15.850,15.850,15.850,80,15962
1513874580,15.850,15.850,15.850,15.850,80,15962
1513874640,15.850,15.850,15.850,15.850,80,15962
1513874700,15.850,15.850,15.850,15.850,80,15962
1513874760,15.850,15.850,15.850,15.850,80,15962
1513874820,15.850,15.850,15.850,15.850,80,15962
1513874880,15.850,15.850,15.850,15.850,80,15962
1513874940,15.850,15.850,15.850,15.850,80,15962
1513875000,15.850,15.850,15.850,15.850,227,16362
1513875060,15.850,15.850,15.850,15.850,225,16362
1513875120,15.850,15.850,15.850,15.850,225,16362
1513875180,15.850,15.850,15.850,15.850,225,16362
1513875240,15.850,15.850,15.850,15.850,225,16362
1513875300,15.850,15.850,15.850,15.850,225,16362
1513875360,15.850,15.850,15.850,15.850,225,16362
1513875420,15.850,15.850,15.850,15.850,225,16362
1513875480,15.850,15.850,15.850,15.850,225,16362
1513875540,15.850,15.850,15.850,15.850,225,16362
1513875600,15.850,15.850,15.850,15.850,425,17489
1513875660,15.800,15.800,15.800,15.800,425,17489
1513875720,15.800,15.800,15.800,15.800,425,17489
1513875780,15.800,15.800,15.800,15.800,425,17489
1513875840,15.797,15.797,15.797,15.797,425,17489
1513875900,15.797,15.797,15.797,15.797,425,17489
1513875960,15.797,15.797,15.797,15.797,425,17489
1513876020,15.797,15.797,15.797,15.797,425,17489
1513876080,15.797,15.797,15.797,15.797,425,17489
1513876140,15.797,15.797,15.797,15.797,425,17489
1513876200,15.797,15.797,15.797,15.797,425,17489
1513876260,15.797,15.797,15.797,15.797,425,17489
1513876320,15.797,15.797,15.797,15.797,425,17489
1513876380,15.797,15.797,15.797,15.797,425,17489
1513876440,15.797,15.797,15.797,15.797,425,17489
1513876500,15.797,15.797,15.797,15.797,20,19614
1513876560,15.797,15.797,15.797,15.797,20,19614
1513876620,15.797,15.797,15.797,15.797,20,19614
1513876680,15.797,15.797,15.797,15.797,20,19614
1513876740,15.750,15.750,15.750,15.750,20,19614
1513876800,15.750,15.750,15.750,15.750,200,19714
1513876860,15.750,15.750,15.750,15.750,200,19714
1513876920,15.750,15.750,15.750,15.750,200,19714
1513876980,15.800,15.850,15.800,15.850,200,19714
1513877040,15.800,15.850,15.800,15.850,200,19714
1513877100,15.800,15.850,15.800,15.850,200,19714
1513877160,15.800,15.850,15.800,15.850,200,19714
1513877220,15.800,15.850,15.800,15.850,200,19714
1513877280,15.800,15.850,15.800,15.850,200,19714
1513877340,15.800,15.850,15.800,15.850,200,19714
1513877400,15.800,15.850,15.800,15.850,200,19714
1513877460,15.800,15.850,15.800,15.850,200,19714
1513877520,15.800,15.850,15.800,15.850,200,19714
1513877580,15.800,15.850,15.800,15.850,200,19714
1513877640,15.800,15.850,15.800,15.850,200,19714
1513877700,15.800,15.850,15.800,15.850,200,19714
1513877760,15.800,15.850,15.800,15.850,200,19714
1513877820,15.800,15.850,15.800,15.850,200,19714
1513877880,15.800,15.850,15.800,15.850,200,19714
1513877940,15.800,15.850,15.800,15.850,200,19714
1513878000,15.800,15.850,15.800,15.850,81,20714
1513878060,15.800,15.800,15.800,15.800,81,20714
1513878120,15.800,15.800,15.800,15.800,81,20714
1513878180,15.800,15.800,15.800,15.800,81,20714
1513878240,15.800,15.800,15.800,15.800,81,20714
1513878300,15.800,15.800,15.800,15.800,81,20714
1513878360,15.800,15.800,15.800,15.800,81,20714
1513878420,15.800,15.800,15.800,15.800,81,20714
1513878480,15.800,15.800,15.800,15.800,81,20714
1513878540,15.800,15.800,15.800,15.800,81,20714
1513878600,15.800,15.800,15.800,15.800,81,20714
1513878660,15.800,15.800,15.800,15.800,81,20714
1513878720,15.800,15.800,15.800,15.800,81,20714
1513878780,15.800,15.800,15.800,15.800,81,20714
1513878840,15.800,15.800,15.800,15.800,81,20714
1513878900,15.800,15.800,15.800,15.800,37,21119
1513878960,15.800,15.800,15.800,15.800,37,21119
1513879020,15.800,15.800,15.800,15.800,37,21119
1513879080,15.800,15.800,15.800,15.800,37,21119
1513879140,15.800,15.800,15.800,15.800,37,21119
1513879200,15.800,15.800,15.800,15.800,83,21304
1513879260,15.800,15.800,15.800,15.800,80,21304
1513879320,15.800,15.800,15.800,15.800,80,21304
1513879380,15.800,15.800,15.800,15.800,80,21304
1513879440,15.800,15.800,15.800,15.800,80,21304
1513879500,15.800,15.800,15.800,15.800,80,21304
1513879560,15.800,15.800,15.800,15.800,80,21304
1513879620,15.800,15.800,15.800,15.800,80,21304
1513879680,15.800,15.800,15.800,15.800,80,21304
1513879740,15.800,15.800,15.800,15.800,80,21304
1513879800,15.800,15.800,15.800,15.800,80,21304
1513879860,15.800,15.800,15.800,15.800,80,21304
1513879920,15.800,15.800,15.800,15.800,80,21304
1513879980,15.800,15.800,15.800,15.800,80,21304
1513880040,15.800,15.800,15.800,15.800,80,21304
1513880100,15.800,15.800,15.800,15.800,168,21707
1513880160,15.800,15.800,15.800,15.800,164,21707
1513880220,15.850,15.825,15.825,15.850,164,21707
1513880280,15.850,15.825,15.825,15.850,164,21707
1513880340,15.850,15.825,15.825,15.850,164,21707
1513880400,15.850,15.825,15.825,15.850,302,22531
1513880460,15.850,15.825,15.825,15.850,302,22531
1513880520,15.850,15.850,15.850,15.850,302,22531
1513880580,15.850,15.850,15.850,15.850,302,22531
1513880640,15.850,15.850,15.850,15.850,302,22531
1513880700,15.850,15.850,15.850,15.850,460,24041
1513880760,15.850,15.850,15.850,15.850,460,24041
1513880820,15.850,15.850,15.850,15.850,460,24041
1513880880,15.850,15.850,15.850,15.850,460,24041
1513880940,15.900,15.900,15.900,15.900,460,24041
1513881000,15.900,15.900,15.900,15.900,20,26341
1513881060,15.900,15.900,15.900,15.900,20,26341
1513881120,15.900,15.900,15.900,15.900,20,26341
1513881180,15.900,15.900,15.900,15.900,20,26341
1513881240,15.900,15.900,15.900,15.900,20,26341
1513881300,15.900,15.900,15.900,15.900,339,26441
1513881360,15.900,15.900,15.900,15.900,337,26441
1513881420,15.833,15.850,15.833,15.850,337,26441
1513881480,15.833,15.850,15.833,15.850,337,26441
1513881540,15.850,15.875,15.850,15.900,337,26441
1513881600,15.850,15.875,15.850,15.900,337,26441
1513881660,15.850,15.875,15.850,15.900,337,26441
1513881720,15.850,15.875,15.850,15.900,337,26441
1513881780,15.850,15.875,15.850,15.900,337,26441
1513881840,15.850,15.875,15.850,15.900,337,26441
1513881900,15.850,15.875,15.850,15.900,337,26441
1513881960,15.850,15.875,15.850,15.900,337,26441
1513882020,15.850,15.875,15.850,15.900,337,26441
1513882080,15.850,15.875,15.850,15.900,337,26441
1513882140,15.850,15.875,15.850,15.900,337,26441
1513882200,15.850,15.875,15.850,15.900,20,28128
1513882260,15.850,15.850,15.850,15.850,20,28128
1513882320,15.850,15.850,15.850,15.850,20,28128
1513882380,15.850,15.850,15.850,15.850,20,28128
1513882440,15.850,15.850,15.850,15.850,20,28128
1513882500,15.850,15.850,15.850,15.850,20,28228
1513882560,15.850,15.850,15.850,15.850,20,28228
1513882620,15.850,15.850,15.850,15.850,20,28228
1513882680,15.850,15.850,15.850,15.850,20,28228
1513882740,15.850,15.850,15.850,15.850,20,28228
1513882800,15.850,15.850,15.850,15.850,183,28328
1513882860,15.850,15.850,15.850,15.850,180,28328
1513882920,15.850,15.875,15.850,15.875,180,28328
1513882980,15.850,15.875,15.850,15.875,180,28328
1513883040,15.850,15.875,15.850,15.875,180,28328
1513883100,15.850,15.875,15.850,15.875,222,29231
1513883160,15.850,15.875,15.850,15.875,219,29231
1513883220,15.850,15.875,15.850,15.875,219,29231
1513883280,15.850,15.875,15.850,15.875,219,29231
1513883340,15.900,15.900,15.900,15.900,219,29231
1513883400,15.900,15.900,15.900,15.900,219,29231
1513883460,15.900,15.900,15.900,15.900,219,29231
1513883520,15.900,15.900,15.900,15.900,219,29231
1513883580,15.900,15.900,15.900,15.900,219,29231
1513883640,15.900,15.900,15.900,15.900,219,29231
1513883700,15.900,15.900,15.900,15.900,360,30329
1513883760,15.870,15.870,15.870,15.870,360,30329
1513883820,15.870,15.870,15.870,15.870,360,30329
1513883880,15.850,15.875,15.850,15.875,360,30329
1513883940,15.850,15.850,15.850,15.850,360,30329
1513884000,15.850,15.850,15.850,15.850,80,32129
1513884060,15.850,15.850,15.850,15.850,80,32129
1513884120,15.850,15.850,15.850,15.850,80,32129
1513884180,15.850,15.850,15.850,15.850,80,32129
1513884240,15.850,15.850,15.850,15.850,80,32129
1513884300,15.850,15.850,15.850,15.850,80,32129
1513884360,15.850,15.850,15.850,15.850,80,32129
1513884420,15.850,15.850,15.850,15.850,80,32129
1513884480,15.850,15.850,15.850,15.850,80,32129
1513884540,15.850,15.850,15.850,15.850,80,32129
1513884600,15.850,15.850,15.850,15.850,80,32129
1513884660,15.850,15.850,15.850,15.850,80,32129
1513884720,15.850,15.850,15.850,15.850,80,32129
1513884780,15.850,15.850,15.850,15.850,80,32129
1513884840,15.850,15.850,15.850,15.850,80,32129
1513884900,15.850,15.850,15.850,15.850,215,32529
1513884960,15.812,15.812,15.812,15.812,211,32529
1513885020,15.812,15.812,15.812,15.812,211,32529
1513885080,15.812,15.812,15.812,15.812,211,32529
1513885140,15.812,15.812,15.812,15.812,211,32529
1513885200,15.812,15.812,15.812,15.812,211,32529
1513885260,15.812,15.812,15.812,15.812,211,32529
1513885320,15.812,15.812,15.812,15.812,211,32529
1513885380,15.812,15.812,15.812,15.812,211,32529
1513885440,15.812,15.812,15.812,15.812,211,32529
1513885500,15.850,15.850,15.850,15.850,207,33588
1513885560,15.850,15.850,15.850,15.850,204,33588
1513885620,15.850,15.850,15.850,15.850,204,33588
1513885680,15.850,15.850,15.850,15.850,204,33588
1513885740,15.850,15.850,15.850,15.850,204,33588
1513885800,15.850,15.850,15.850,15.850,204,33588
1513885860,15.850,15.850,15.850,15.850,204,33588
1513885920,15.850,15.850,15.850,15.850,204,33588
1513885980,15.850,15.850,15.850,15.850,204,33588
1513886040,15.850,15.850,15.850,15.850,204,33588
1513886100,15.850,15.850,15.850,15.850,108,34611
1513886160,15.850,15.850,15.850,15.850,107,34611
1513886220,15.850,15.850,15.850,15.850,107,34611
1513886280,15.850,15.850,15.850,15.850,107,34611
1513886340,15.850,15.850,15.850,15.850,107,34611
1513886400,15.850,15.850,15.850,15.850,107,34611
1513886460,15.850,15.850,15.850,15.850,107,34611
1513886520,15.850,15.850,15.850,15.850,107,34611
1513886580,15.850,15.850,15.850,15.850,107,34611
1513886640,15.850,15.850,15.850,15.850,107,34611
1513886700,15.850,15.850,15.850,15.850,236,35147
1513886760,15.850,15.850,15.850,15.850,232,35147
1513886820,15.900,15.875,15.875,15.900,232,35147
1513886880,15.900,15.875,15.875,15.900,232,35147
1513886940,15.900,15.875,15.875,15.900,232,35147
1513887000,15.900,15.875,15.875,15.900,28,36311
1513887060,15.900,15.875,15.875,15.900,24,36311
1513887120,15.900,15.875,15.875,15.900,24,36311
1513887180,15.850,15.850,15.850,15.850,24,36311
1513887240,15.850,15.850,15.850,15.850,24,36311
1513887300,15.850,15.850,15.850,15.850,24,36311
1513887360,15.850,15.850,15.850,15.850,24,36311
1513887420,15.850,15.850,15.850,15.850,24,36311
1513887480,15.850,15.850,15.850,15.850,24,36311
1513887540,15.850,15.850,15.850,15.850,24,36311
1513887600,15.850,15.850,15.850,15.850,24,36311
1513887660,15.850,15.850,15.850,15.850,24,36311
1513887720,15.850,15.850,15.850,15.850,24,36311
1513887780,15.850,15.850,15.850,15.850,24,36311
1513887840,15.850,15.850,15.850,15.850,24,36311
1513887900,15.850,15.850,15.850,15.850,70,36435
1513887960,15.850,15.850,15.850,15.850,66,36435
1513888020,15.850,15.850,15.850,15.850,66,36435
1513888080,15.875,15.875,15.875,15.875,66,36435
1513888140,15.875,15.875,15.875,15.875,66,36435
1513888200,15.875,15.875,15.875,15.875,741,36769
1513888260,15.850,15.875,15.850,15.875,739,36769
1513888320,15.850,15.850,15.850,15.850,739,36769
1513888380,15.850,15.850,15.850,15.850,739,36769
1513888440,15.850,15.850,15.850,15.850,739,36769
1513888500,15.825,15.825,15.825,15.825,120,40466
1513888560,15.825,15.825,15.825,15.825,120,40466
1513888620,15.825,15.825,15.825,15.825,120,40466
1513888680,15.825,15.825,15.825,15.825,120,40466
1513888740,15.825,15.825,15.825,15.825,120,40466
1513888800,15.825,15.825,15.825,15.825,607,41066
1513888860,15.825,15.825,15.825,15.825,607,41066
1513888920,15.825,15.825,15.825,15.825,607,41066
1513888980,15.850,15.875,15.850,15.875,607,41066
1513889040,15.875,15.875,15.875,15.875,607,41066
1513889100,15.850,15.800,15.800,15.850,592,44101
1513889160,15.850,15.800,15.800,15.850,588,44101
1513889220,15.850,15.800,15.800,15.850,588,44101
1513889280,15.850,15.800,15.800,15.850,588,44101
1513889340,15.850,15.800,15.800,15.850,588,44101
1513889400,15.825,15.825,15.825,15.825,488,47045
1513889460,15.825,15.825,15.825,15.825,484,47045
1513889520,15.825,15.825,15.825,15.825,484,47045
1513889580,15.825,15.825,15.825,15.825,484,47045
1513889640,15.825,15.850,15.825,15.850,484,47045
1513889700,15.825,15.850,15.825,15.850,3786,49469
1513889760,15.825,15.800,15.800,15.825,3784,49469
1513889820,15.850,15.825,15.825,15.850,3784,49469
1513889880,15.800,15.850,15.800,15.850,3784,49469
1513889940,15.800,15.850,15.800,15.850,3784,49469
1513953000,15.800,15.800,15.800,15.800,0,0
1513953060,15.800,15.800,15.800,15.800,0,0
1513953120,15.800,15.800,15.800,15.800,0,0
1513953180,15.800,15.800,15.800,15.800,0,0
1513953240,15.800,15.800,15.800,15.800,0,0
1513953300,15.800,15.800,15.800,15.800,0,0
1513953360,15.800,15.800,15.800,15.800,0,0
1513953420,15.800,15.800,15.800,15.800,0,0
1513953480,15.800,15.800,15.800,15.800,0,0
1513953540,15.800,15.800,15.800,15.800,0,0
1513953600,15.800,15.800,15.800,15.800,0,0
1513953660,15.800,15.800,15.800,15.800,0,0
1513953720,15.800,15.800,15.800,15.800,0,0
1513953780,15.800,15.800,15.800,15.800,0,0
1513953840,15.800,15.800,15.800,15.800,0,0
1513953900,15.650,15.650,15.650,15.650,207,0
1513953960,15.650,15.650,15.650,15.650,206,0
1513954020,15.650,15.650,15.650,15.650,206,0
1513954080,15.650,15.650,15.650,15.650,206,0
1513954140,15.650,15.650,15.650,15.650,206,0
1513954200,15.650,15.650,15.650,15.650,206,0
1513954260,15.650,15.650,15.650,15.650,206,0
1513954320,15.650,15.650,15.650,15.650,206,0
1513954380,15.650,15.650,15.650,15.650,206,0
1513954440,15.650,15.650,15.650,15.650,206,0
1513954500,15.750,15.750,15.750,15.750,240,1031
1513954560,15.750,15.750,15.750,15.750,240,1031
1513954620,15.750,15.750,15.750,15.750,240,1031
1513954680,15.750,15.750,15.750,15.750,240,1031
1513954740,15.750,15.750,15.750,15.750,240,1031
1513954800,15.750,15.750,15.750,15.750,240,1031
1513954860,15.750,15.750,15.750,15.750,240,1031
1513954920,15.750,15.750,15.750,15.750,240,1031
1513954980,15.750,15.750,15.750,15.750,240,1031
1513955040,15.750,15.750,15.750,15.750,240,1031
1513955100,15.750,15.750,15.750,15.750,240,1031
1513955160,15.750,15.750,15.750,15.750,240,1031
1513955220,15.750,15.750,15.750,15.750,240,1031
1513955280,15.750,15.750,15.750,15.750,240,1031
1513955340,15.750,15.750,15.750,15.750,240,1031
1513955400,15.750,15.750,15.750,15.750,240,1031
1513955460,15.750,15.750,15.750,15.750,240,1031
1513955520,15.750,15.750,15.750,15.750,240,1031
1513955580,15.750,15.750,15.750,15.750,240,1031
1513955640,15.750,15.750,15.750,15.750,240,1031
1513955700,15.700,15.700,15.700,15.700,138,2231
1513955760,15.700,15.700,15.700,15.700,136,2231
1513955820,15.700,15.700,15.700,15.700,136,2231
1513955880,15.701,15.701,15.701,15.701,136,2231
1513955940,15.701,15.701,15.701,15.701,136,2231
1513956000,15.750,15.750,15.750,15.750,62,2913
1513956060,15.750,15.750,15.750,15.750,62,2913
1513956120,15.750,15.750,15.750,15.750,62,2913
1513956180,15.750,15.750,15.750,15.750,62,2913
1513956240,15.750,15.750,15.750,15.750,62,2913
1513956300,15.750,15.750,15.750,15.750,62,2913
1513956360,15.750,15.750,15.750,15.750,62,2913
1513956420,15.750,15.750,15.750,15.750,62,2913
1513956480,15.750,15.750,15.750,15.750,62,2913
1513956540,15.750,15.750,15.750,15.750,62,2913
1513956600,15.750,15.750,15.750,15.750,300,3223
1513956660,15.750,15.750,15.750,15.750,300,3223
1513956720,15.750,15.750,15.750,15.750,300,3223
1513956780,15.750,15.750,15.750,15.750,300,3223
1513956840,15.650,15.650,15.650,15.650,300,3223
1513956900,15.650,15.650,15.650,15.650,266,4723
1513956960,15.650,15.650,15.650,15.650,262,4723
1513957020,15.625,15.625,15.625,15.625,262,4723
1513957080,15.625,15.625,15.625,15.625,262,4723
1513957140,15.600,15.600,15.600,15.600,262,4723
1513957200,15.600,15.600,15.600,15.600,20,6037
1513957260,15.600,15.600,15.600,15.600,20,6037
1513957320,15.600,15.600,15.600,15.600,20,6037
1513957380,15.600,15.600,15.600,15.600,20,6037
1513957440,15.600,15.600,15.600,15.600,20,6037
1513957500,15.600,15.600,15.600,15.600,20,6037
1513957560,15.600,15.600,15.600,15.600,20,6037
1513957620,15.600,15.600,15.600,15.600,20,6037
1513957680,15.600,15.600,15.600,15.600,20,6037
1513957740,15.600,15.600,15.600,15.600,20,6037
1513957800,15.600,15.600,15.600,15.600,171,6137
1513957860,15.600,15.600,15.600,15.600,168,6137
1513957920,15.600,15.600,15.600,15.600,168,6137
1513957980,15.600,15.600,15.600,15.600,168,6137
1513958040,15.600,15.600,15.600,15.600,168,6137
1513958100,15.600,15.600,15.600,15.600,41,6980
1513958160,15.600,15.600,15.600,15.600,40,6980
1513958220,15.600,15.600,15.600,15.600,40,6980
1513958280,15.600,15.600,15.600,15.600,40,6980
1513958340,15.600,15.600,15.600,15.600,40,6980
1513958400,15.600,15.600,15.600,15.600,40,6980
1513958460,15.600,15.600,15.600,15.600,40,6980
1513958520,15.600,15.600,15.600,15.600,40,6980
1513958580,15.600,15.600,15.600,15.600,40,6980
1513958640,15.600,15.600,15.600,15.600,40,6980
1513958700,15.600,15.600,15.600,15.600,40,6980
1513958760,15.600,15.600,15.600,15.600,40,6980
1513958820,15.600,15.600,15.600,15.600,40,6980
1513958880,15.600,15.600,15.600,15.600,40,6980
1513958940,15.600,15.600,15.600,15.600,40,6980
1513959000,15.600,15.600,15.600,15.600,40,6980
1513959060,15.600,15.600,15.600,15.600,40,6980
1513959120,15.600,15.600,15.600,15.600,40,6980
1513959180,15.600,15.600,15.600,15.600,40,6980
1513959240,15.600,15.600,15.600,15.600,40,6980
1513959300,15.600,15.600,15.600,15.600,40,6980
1513959360,15.600,15.600,15.600,15.600,40,6980
1513959420,15.600,15.600,15.600,15.600,40,6980
1513959480,15.600,15.600,15.600,15.600,40,6980
1513959540,15.600,15.600,15.600,15.600,40,6980
1513959600,15.600,15.600,15.600,15.600,175,7181
1513959660,15.600,15.600,15.600,15.600,175,7181
1513959720,15.600,15.600,15.600,15.600,175,7181
1513959780,15.600,15.600,15.600,15.600,175,7181
1513959840,15.600,15.600,15.600,15.600,175,7181
1513959900,15.600,15.600,15.600,15.600,100,8056
1513959960,15.600,15.600,15.600,15.600,100,8056
1513960020,15.600,15.600,15.600,15.600,100,8056
1513960080,15.600,15.600,15.600,15.600,100,8056
1513960140,15.600,15.600,15.600,15.600,100,8056
1513960200,15.625,15.625,15.625,15.625,100,8556
1513960260,15.625,15.625,15.625,15.625,99,8556
1513960320,15.625,15.625,15.625,15.625,99,8556
1513960380,15.625,15.625,15.625,15.625,99,8556
1513960440,15.600,15.550,15.550,15.600,99,8556
1513960500,15.600,15.550,15.550,15.600,99,8556
1513960560,15.600,15.550,15.550,15.600,99,8556
1513960620,15.600,15.550,15.550,15.600,99,8556
1513960680,15.600,15.550,15.550,15.600,99,8556
1513960740,15.600,15.550,15.550,15.600,99,8556
1513960800,15.600,15.550,15.550,15.600,99,8556
1513960860,15.600,15.550,15.550,15.600,99,8556
1513960920,15.600,15.550,15.550,15.600,99,8556
1513960980,15.600,15.550,15.550,15.600,99,8556
1513961040,15.600,15.550,15.550,15.600,99,8556
1513961100,15.600,15.550,15.550,15.600,99,8556
1513961160,15.600,15.550,15.550,15.600,99,8556
1513961220,15.600,15.550,15.550,15.600,99,8556
1513961280,15.600,15.550,15.550,15.600,99,8556
1513961340,15.600,15.550,15.550,15.600,99,8556
1513961400,15.600,15.550,15.550,15.600,99,8556
1513961460,15.600,15.550,15.550,15.600,99,8556
1513961520,15.600,15.550,15.550,15.600,99,8556
1513961580,15.600,15.550,15.550,15.600,99,8556
1513961640,15.600,15.550,15.550,15.600,99,8556
1513961700,15.600,15.550,15.550,15.600,99,8556
1513961760,15.600,15.550,15.550,15.600,99,8556
1513961820,15.600,15.550,15.550,15.600,99,8556
1513961880,15.600,15.550,15.550,15.600,99,8556
1513961940,15.600,15.550,15.550,15.600,99,8556
1513962000,15.600,15.550,15.550,15.600,99,8556
1513962060,15.600,15.550,15.550,15.600,99,8556
1513962120,15.600,15.550,15.550,15.600,99,8556
1513962180,15.600,15.550,15.550,15.600,99,8556
1513962240,15.600,15.550,15.550,15.600,99,8556
1513962300,15.600,15.550,15.550,15.600,99,8556
1513962360,15.600,15.550,15.550,15.600,99,8556
1513962420,15.600,15.550,15.550,15.600,99,8556
1513962480,15.600,15.550,15.550,15.600,99,8556
1513962540,15.600,15.550,15.550,15.600,99,8556
1513962600,15.600,15.550,15.550,15.600,99,8556
1513962660,15.600,15.550,15.550,15.600,99,8556
1513962720,15.600,15.550,15.550,15.600,99,8556
1513962780,15.600,15.550,15.550,15.600,99,8556
1513962840,15.600,15.550,15.550,15.600,99,8556
1513962900,15.600,15.550,15.550,15.600,99,8556
1513962960,15.600,15.550,15.550,15.600,99,8556
1513963020,15.600,15.550,15.550,15.600,99,8556
1513963080,15.600,15.550,15.550,15.600,99,8556
1513963140,15.600,15.550,15.550,15.600,99,8556
1513963200,15.550,15.550,15.550,15.550,165,9052
1513963260,15.550,15.550,15.550,15.550,165,9052
1513963320,15.550,15.550,15.550,15.550,165,9052
1513963380,15.550,15.550,15.550,15.550,165,9052
1513963440,15.550,15.550,15.550,15.550,165,9052
1513963500,15.550,15.550,15.550,15.550,142,9877
1513963560,15.550,15.550,15.550,15.550,140,9877
1513963620,15.550,15.550,15.550,15.550,140,9877
1513963680,15.550,15.550,15.550,15.550,140,9877
1513963740,15.550,15.550,15.550,15.550,140,9877
1513963800,15.550,15.550,15.550,15.550,662,10579
1513963860,15.550,15.550,15.550,15.550,660,10579
1513963920,15.550,15.450,15.450,15.550,660,10579
1513963980,15.450,15.400,15.400,15.450,660,10579
1513964040,15.450,15.400,15.400,15.450,660,10579
1513964100,15.450,15.400,15.400,15.450,21,13881
1513964160,15.400,15.400,15.400,15.400,20,13881
1513964220,15.400,15.400,15.400,15.400,20,13881
1513964280,15.400,15.400,15.400,15.400,20,13881
1513964340,15.400,15.400,15.400,15.400,20,13881
1513964400,15.400,15.400,15.400,15.400,40,13982
1513964460,15.400,15.400,15.400,15.400,40,13982
1513964520,15.400,15.400,15.400,15.400,40,13982
1513964580,15.400,15.400,15.400,15.400,40,13982
1513964640,15.400,15.400,15.400,15.400,40,13982
1513964700,15.400,15.400,15.400,15.400,60,14182
1513964760,15.400,15.400,15.400,15.400,60,14182
1513964820,15.400,15.400,15.400,15.400,60,14182
1513964880,15.400,15.400,15.400,15.400,60,14182
1513964940,15.400,15.400,15.400,15.400,60,14182
1513965000,15.400,15.400,15.400,15.400,1058,14482
1513965060,15.400,15.400,15.400,15.400,1058,14482
1513965120,15.400,15.400,15.400,15.400,1058,14482
1513965180,15.400,15.400,15.400,15.400,1058,14482
1513965240,15.400,15.450,15.400,15.450,1058,14482
1513965300,15.450,15.450,15.450,15.450,20,19772
1513965360,15.450,15.450,15.450,15.450,20,19772
1513965420,15.450,15.450,15.450,15.450,20,19772
1513965480,15.450,15.450,15.450,15.450,20,19772
1513965540,15.450,15.450,15.450,15.450,20,19772
1513965600,15.450,15.450,15.450,15.450,600,19872
1513965660,15.450,15.450,15.450,15.450,600,19872
1513965720,15.450,15.450,15.450,15.450,600,19872
1513965780,15.450,15.450,15.450,15.450,600,19872
1513965840,15.450,15.450,15.450,15.450,600,19872
1513965900,15.450,15.450,15.450,15.450,30,22872
1513965960,15.450,15.450,15.450,15.450,30,22872
1513966020,15.450,15.450,15.450,15.450,30,22872
1513966080,15.450,15.450,15.450,15.450,30,22872
1513966140,15.450,15.450,15.450,15.450,30,22872
1513966200,15.450,15.450,15.450,15.450,100,23022
1513966260,15.450,15.450,15.450,15.450,100,23022
1513966320,15.450,15.450,15.450,15.450,100,23022
1513966380,15.450,15.450,15.450,15.450,100,23022
1513966440,15.450,15.450,15.450,15.450,100,23022
1513966500,15.450,15.450,15.450,15.450,280,23522
1513966560,15.450,15.450,15.450,15.450,280,23522
1513966620,15.425,15.425,15.425,15.425,280,23522
1513966680,15.450,15.450,15.450,15.450,280,23522
1513966740,15.450,15.450,15.450,15.450,280,23522
1513966800,15.450,15.450,15.450,15.450,241,24922
1513966860,15.450,15.450,15.450,15.450,239,24922
1513966920,15.450,15.450,15.450,15.450,239,24922
1513966980,15.450,15.450,15.450,15.450,239,24922
1513967040,15.450,15.450,15.450,15.450,239,24922
1513967100,15.450,15.450,15.450,15.450,660,26119
1513967160,15.475,15.463,15.463,15.475,660,26119
1513967220,15.475,15.475,15.475,15.475,660,26119
1513967280,15.475,15.475,15.475,15.475,660,26119
1513967340,15.475,15.475,15.475,15.475,660,26119
1513967400,15.475,15.475,15.475,15.475,660,26119
1513967460,15.475,15.475,15.475,15.475,660,26119
1513967520,15.475,15.475,15.475,15.475,660,26119
1513967580,15.475,15.475,15.475,15.475,660,26119
1513967640,15.475,15.475,15.475,15.475,660,26119
1513967700,15.475,15.475,15.475,15.475,103,29419
1513967760,15.475,15.475,15.475,15.475,101,29419
1513967820,15.475,15.475,15.475,15.475,101,29419
1513967880,15.475,15.475,15.475,15.475,101,29419
1513967940,15.475,15.475,15.475,15.475,101,29419
1513968000,15.475,15.475,15.475,15.475,2353,29926
1513968060,15.500,15.525,15.500,15.525,2353,29926
1513968120,15.525,15.500,15.500,15.550,2353,29926
1513968180,15.450,15.450,15.450,15.450,2353,29926
1513968240,15.450,15.450,15.450,15.450,2353,29926
1513968300,15.500,15.488,15.488,15.500,140,41691
1513968360,15.500,15.488,15.488,15.500,140,41691
1513968420,15.500,15.500,15.500,15.500,140,41691
1513968480,15.500,15.500,15.500,15.500,140,41691
1513968540,15.500,15.500,15.500,15.500,140,41691
1513968600,15.500,15.500,15.500,15.500,29,42391
1513968660,15.500,15.500,15.500,15.500,28,42391
1513968720,15.500,15.500,15.500,15.500,28,42391
1513968780,15.500,15.500,15.500,15.500,28,42391
1513968840,15.500,15.500,15.500,15.500,28,42391
1513968900,15.500,15.500,15.500,15.500,162,42532
1513968960,15.500,15.500,15.500,15.500,161,42532
1513969020,15.500,15.500,15.500,15.500,161,42532
1513969080,15.500,15.500,15.500,15.500,161,42532
1513969140,15.500,15.500,15.500,15.500,161,42532
1513969200,15.500,15.500,15.500,15.500,342,43338
1513969260,15.500,15.500,15.500,15.500,341,43338
1513969320,15.500,15.500,15.500,15.500,341,43338
1513969380,15.500,15.500,15.500,15.500,341,43338
1513969440,15.500,15.500,15.500,15.500,341,43338
1513969500,15.500,15.500,15.500,15.500,341,43338
1513969560,15.500,15.500,15.500,15.500,341,43338
1513969620,15.500,15.500,15.500,15.500,341,43338
1513969680,15.500,15.500,15.500,15.500,341,43338
1513969740,15.500,15.500,15.500,15.500,341,43338
1513969800,15.500,15.500,15.500,15.500,83,45044
1513969860,15.500,15.500,15.500,15.500,82,45044
1513969920,15.500,15.500,15.500,15.500,82,45044
1513969980,15.500,15.500,15.500,15.500,82,45044
1513970040,15.500,15.500,15.500,15.500,82,45044
1513970100,15.500,15.450,15.450,15.500,83,45455
1513970160,15.500,15.450,15.450,15.500,79,45455
1513970220,15.500,15.450,15.450,15.500,79,45455
1513970280,15.500,15.500,15.500,15.500,79,45455
1513970340,15.500,15.500,15.500,15.500,79,45455
1513970400,15.500,15.500,15.500,15.500,40,45854
1513970460,15.500,15.500,15.500,15.500,40,45854
1513970520,15.500,15.500,15.500,15.500,40,45854
1513970580,15.500,15.500,15.500,15.500,40,45854
1513970640,15.500,15.500,15.500,15.500,40,45854
1513970700,15.500,15.500,15.500,15.500,61,46054
1513970760,15.500,15.500,15.500,15.500,60,46054
1513970820,15.525,15.525,15.525,15.525,60,46054
1513970880,15.500,15.500,15.500,15.500,60,46054
1513970940,15.500,15.500,15.500,15.500,60,46054
1513971000,15.500,15.500,15.500,15.500,651,46355
1513971060,15.500,15.500,15.500,15.500,650,46355
1513971120,15.500,15.500,15.500,15.500,650,46355
1513971180,15.500,15.500,15.500,15.500,650,46355
1513971240,15.500,15.500,15.500,15.500,650,46355
1513971300,15.500,15.500,15.500,15.500,100,49606
1513971360,15.500,15.500,15.500,15.500,99,49606
1513971420,15.500,15.500,15.500,15.500,99,49606
1513971480,15.503,15.503,15.503,15.503,99,49606
1513971540,15.500,15.500,15.500,15.500,99,49606
1513971600,15.500,15.500,15.500,15.500,60,50102
1513971660,15.500,15.500,15.500,15.500,60,50102
1513971720,15.500,15.500,15.500,15.500,60,50102
1513971780,15.500,15.500,15.500,15.500,60,50102
1513971840,15.500,15.500,15.500,15.500,60,50102
1513971900,15.500,15.500,15.500,15.500,20,50402
1513971960,15.550,15.500,15.500,15.550,20,50402
1513972020,15.550,15.500,15.500,15.550,20,50402
1513972080,15.550,15.500,15.500,15.550,20,50402
1513972140,15.550,15.500,15.500,15.550,20,50402
1513972200,15.500,15.500,15.500,15.500,200,50502
1513972260,15.500,15.500,15.500,15.500,200,50502
1513972320,15.500,15.500,15.500,15.500,200,50502
1513972380,15.450,15.500,15.450,15.500,200,50502
1513972440,15.500,15.500,15.500,15.500,200,50502
1513972500,15.450,15.450,15.450,15.450,20,51502
1513972560,15.500,15.500,15.500,15.500,20,51502
1513972620,15.500,15.500,15.500,15.500,20,51502
1513972680,15.500,15.500,15.500,15.500,20,51502
1513972740,15.500,15.500,15.500,15.500,20,51502
1513972800,15.500,15.500,15.500,15.500,83,51602
1513972860,15.500,15.500,15.500,15.500,81,51602
1513972920,15.500,15.500,15.500,15.500,81,51602
1513972980,15.500,15.500,15.500,15.500,81,51602
1513973040,15.550,15.550,15.550,15.550,81,51602
1513973100,15.550,15.550,15.550,15.550,315,52009
1513973160,15.550,15.500,15.500,15.550,313,52009
1513973220,15.500,15.500,15.500,15.500,313,52009
1513973280,15.500,15.500,15.500,15.500,313,52009
1513973340,15.550,15.550,15.550,15.550,313,52009
1513973400,15.550,15.550,15.550,15.550,296,53576
1513973460,15.550,15.550,15.550,15.550,294,53576
1513973520,15.525,15.525,15.525,15.525,294,53576
1513973580,15.525,15.525,15.525,15.525,294,53576
1513973640,15.525,15.525,15.525,15.525,294,53576
1513973700,15.525,15.525,15.525,15.525,20,55048
1513973760,15.525,15.525,15.525,15.525,20,55048
1513973820,15.525,15.525,15.525,15.525,20,55048
1513973880,15.525,15.525,15.525,15.525,20,55048
1513973940,15.525,15.525,15.525,15.525,20,55048
1513974000,15.500,15.525,15.500,15.525,609,55148
1513974060,15.500,15.525,15.500,15.525,607,55148
1513974120,15.525,15.500,15.500,15.525,607,55148
1513974180,15.525,15.500,15.500,15.525,607,55148
1513974240,15.500,15.500,15.500,15.500,607,55148
1513974300,15.500,15.500,15.500,15.500,200,58185
1513974360,15.500,15.500,15.500,15.500,200,58185
1513974420,15.450,15.450,15.450,15.450,200,58185
1513974480,15.450,15.450,15.450,15.450,200,58185
1513974540,15.475,15.475,15.475,15.475,200,58185
1513974600,15.475,15.450,15.450,15.500,395,59185
1513974660,15.500,15.500,15.500,15.500,395,59185
1513974720,15.500,15.500,15.500,15.500,395,59185
1513974780,15.500,15.500,15.500,15.500,395,59185
1513974840,15.500,15.500,15.500,15.500,395,59185
1513974900,15.525,15.525,15.525,15.525,641,61160
1513974960,15.525,15.525,15.525,15.525,640,61160
1513975020,15.525,15.525,15.525,15.525,640,61160
1513975080,15.500,15.500,15.500,15.500,640,61160
1513975140,15.475,15.475,15.475,15.475,640,61160
1513975200,15.500,15.475,15.475,15.500,302,64361
1513975260,15.500,15.475,15.475,15.500,300,64361
1513975320,15.475,15.500,15.475,15.500,300,64361
1513975380,15.450,15.450,15.450,15.450,300,64361
1513975440,15.475,15.450,15.450,15.500,300,64361
1513975500,15.500,15.475,15.475,15.500,455,65863
1513975560,15.500,15.500,15.500,15.500,453,65863
1513975620,15.475,15.500,15.475,15.500,453,65863
1513975680,15.475,15.500,15.475,15.500,453,65863
1513975740,15.475,15.488,15.475,15.488,453,65863
1513975800,15.450,15.475,15.450,15.500,821,68130
1513975860,15.450,15.450,15.450,15.450,821,68130
1513975920,15.450,15.475,15.450,15.475,821,68130
1513975980,15.475,15.450,15.450,15.475,821,68130
1513976040,15.475,15.450,15.450,15.475,821,68130
1513976100,15.450,15.450,15.450,15.450,3764,72235
1513976160,15.450,15.400,15.400,15.450,3762,72235
1513976220,15.400,15.500,15.400,15.500,3762,72235
1513976280,15.450,15.475,15.450,15.500,3762,72235
1513976340,15.475,15.450,15.450,15.475,3762,72235
1514298600,15.450,15.450,15.450,15.450,0,0
1514298660,15.450,15.450,15.450,15.450,0,0
1514298720,15.450,15.450,15.450,15.450,0,0
1514298780,15.450,15.450,15.450,15.450,0,0
1514298840,15.450,15.450,15.450,15.450,0,0
1514298900,15.450,15.450,15.450,15.450,477,0
1514298960,15.450,15.450,15.450,15.450,476,0
1514299020,15.450,15.450,15.450,15.450,476,0
1514299080,15.550,15.550,15.550,15.550,476,0
1514299140,15.550,15.550,15.550,15.550,476,0
1514299200,15.550,15.550,15.550,15.550,62,2381
1514299260,15.550,15.550,15.550,15.550,62,2381
1514299320,15.550,15.550,15.550,15.550,62,2381
1514299380,15.550,15.550,15.550,15.550,62,2381
1514299440,15.550,15.550,15.550,15.550,62,2381
1514299500,15.550,15.550,15.550,15.550,40,2691
1514299560,15.550,15.550,15.550,15.550,40,2691
1514299620,15.550,15.550,15.550,15.550,40,2691
1514299680,15.550,15.550,15.550,15.550,40,2691
1514299740,15.550,15.550,15.550,15.550,40,2691
1514299800,15.550,15.550,15.550,15.550,40,2691
1514299860,15.550,15.550,15.550,15.550,40,2691
1514299920,15.550,15.550,15.550,15.550,40,2691
1514299980,15.550,15.550,15.550,15.550,40,2691
1514300040,15.550,15.550,15.550,15.550,40,2691
1514300100,15.550,15.550,15.550,15.550,40,2691
1514300160,15.550,15.550,15.550,15.550,40,2691
1514300220,15.550,15.550,15.550,15.550,40,2691
1514300280,15.550,15.550,15.550,15.550,40,2691
1514300340,15.550,15.550,15.550,15.550,40,2691
1514300400,15.550,15.550,15.550,15.550,920,2891
1514300460,15.550,15.550,15.550,15.550,920,2891
1514300520,15.550,15.500,15.500,15.550,920,2891
1514300580,15.450,15.450,15.450,15.450,920,2891
1514300640,15.450,15.450,15.450,15.450,920,2891
1514300700,15.450,15.450,15.450,15.450,66,7491
1514300760,15.450,15.450,15.450,15.450,64,7491
1514300820,15.450,15.450,15.450,15.450,64,7491
1514300880,15.450,15.450,15.450,15.450,64,7491
1514300940,15.450,15.450,15.450,15.450,64,7491
1514301000,15.450,15.450,15.450,15.450,64,7491
1514301060,15.450,15.450,15.450,15.450,64,7491
1514301120,15.450,15.450,15.450,15.450,64,7491
1514301180,15.450,15.450,15.450,15.450,64,7491
1514301240,15.450,15.450,15.450,15.450,64,7491
1514301300,15.450,15.450,15.450,15.450,64,7491
1514301360,15.450,15.450,15.450,15.450,64,7491
1514301420,15.450,15.450,15.450,15.450,64,7491
1514301480,15.450,15.450,15.450,15.450,64,7491
1514301540,15.450,15.450,15.450,15.450,64,7491
1514301600,15.450,15.450,15.450,15.450,60,7813
1514301660,15.450,15.450,15.450,15.450,60,7813
1514301720,15.450,15.450,15.450,15.450,60,7813
1514301780,15.450,15.450,15.450,15.450,60,7813
1514301840,15.450,15.450,15.450,15.450,60,7813
1514301900,15.450,15.450,15.450,15.450,52,8113
1514301960,15.450,15.450,15.450,15.450,52,8113
1514302020,15.450,15.450,15.450,15.450,52,8113
1514302080,15.450,15.450,15.450,15.450,52,8113
1514302140,15.481,15.450,15.450,15.481,52,8113
1514302200,15.481,15.450,15.450,15.481,52,8113
1514302260,15.481,15.450,15.450,15.481,52,8113
1514302320,15.481,15.450,15.450,15.481,52,8113
1514302380,15.481,15.450,15.450,15.481,52,8113
1514302440,15.481,15.450,15.450,15.481,52,8113
1514302500,15.481,15.450,15.450,15.481,52,8113
1514302560,15.481,15.450,15.450,15.481,52,8113
1514302620,15.481,15.450,15.450,15.481,52,8113
1514302680,15.481,15.450,15.450,15.481,52,8113
1514302740,15.481,15.450,15.450,15.481,52,8113
1514302800,15.481,15.450,15.450,15.481,261,8373
1514302860,15.481,15.450,15.450,15.481,261,8373
1514302920,15.481,15.450,15.450,15.481,261,8373
1514302980,15.475,15.475,15.475,15.475,261,8373
1514303040,15.475,15.450,15.450,15.475,261,8373
1514303100,15.475,15.450,15.450,15.475,283,9678
1514303160,15.475,15.450,15.450,15.475,279,9678
1514303220,15.475,15.450,15.450,15.475,279,9678
1514303280,15.495,15.450,15.450,15.495,279,9678
1514303340,15.495,15.450,15.450,15.495,279,9678
1514303400,15.495,15.450,15.450,15.495,80,11077
1514303460,15.495,15.450,15.450,15.495,80,11077
1514303520,15.495,15.450,15.450,15.495,80,11077
1514303580,15.495,15.450,15.450,15.495,80,11077
1514303640,15.499,15.499,15.499,15.499,80,11077
1514303700,15.450,15.450,15.450,15.450,347,11477
1514303760,15.450,15.425,15.425,15.450,347,11477
1514303820,15.450,15.425,15.425,15.450,347,11477
1514303880,15.450,15.425,15.425,15.450,347,11477
1514303940,15.450,15.425,15.425,15.450,347,11477
1514304000,15.450,15.425,15.425,15.450,63,13212
1514304060,15.450,15.425,15.425,15.450,60,13212
1514304120,15.450,15.425,15.425,15.450,60,13212
1514304180,15.425,15.425,15.425,15.425,60,13212
1514304240,15.425,15.425,15.425,15.425,60,13212
1514304300,15.425,15.425,15.425,15.425,260,13515
1514304360,15.425,15.425,15.425,15.425,259,13515
1514304420,15.425,15.425,15.425,15.425,259,13515
1514304480,15.450,15.475,15.450,15.475,259,13515
1514304540,15.450,15.475,15.450,15.475,259,13515
1514304600,15.400,15.400,15.400,15.400,257,14811
1514304660,15.400,15.400,15.400,15.400,256,14811
1514304720,15.400,15.400,15.400,15.400,256,14811
1514304780,15.400,15.400,15.400,15.400,256,14811
1514304840,15.400,15.400,15.400,15.400,256,14811
1514304900,15.400,15.400,15.400,15.400,256,14811
1514304960,15.400,15.400,15.400,15.400,256,14811
1514305020,15.400,15.400,15.400,15.400,256,14811
1514305080,15.400,15.400,15.400,15.400,256,14811
1514305140,15.400,15.400,15.400,15.400,256,14811
1514305200,15.400,15.400,15.400,15.400,256,14811
1514305260,15.400,15.400,15.400,15.400,256,14811
1514305320,15.400,15.400,15.400,15.400,256,14811
1514305380,15.400,15.400,15.400,15.400,256,14811
1514305440,15.400,15.400,15.400,15.400,256,14811
1514305500,15.400,15.400,15.400,15.400,268,16092
1514305560,15.400,15.400,15.400,15.400,267,16092
1514305620,15.400,15.400,15.400,15.400,267,16092
1514305680,15.450,15.450,15.450,15.450,267,16092
1514305740,15.450,15.450,15.450,15.450,267,16092
1514305800,15.450,15.450,15.450,15.450,267,16092
1514305860,15.450,15.450,15.450,15.450,267,16092
1514305920,15.450,15.450,15.450,15.450,267,16092
1514305980,15.450,15.450,15.450,15.450,267,16092
1514306040,15.450,15.450,15.450,15.450,267,16092
1514306100,15.450,15.450,15.450,15.450,267,16092
1514306160,15.450,15.450,15.450,15.450,267,16092
1514306220,15.450,15.450,15.450,15.450,267,16092
1514306280,15.450,15.450,15.450,15.450,267,16092
1514306340,15.450,15.450,15.450,15.450,267,16092
1514306400,15.450,15.450,15.450,15.450,267,16092
1514306460,15.450,15.450,15.450,15.450,267,16092
1514306520,15.450,15.450,15.450,15.450,267,16092
1514306580,15.450,15.450,15.450,15.450,267,16092
1514306640,15.450,15.450,15.450,15.450,267,16092
1514306700,15.450,15.450,15.450,15.450,267,16092
1514306760,15.450,15.450,15.450,15.450,267,16092
1514306820,15.450,15.450,15.450,15.450,267,16092
1514306880,15.450,15.450,15.450,15.450,267,16092
1514306940,15.450,15.450,15.450,15.450,267,16092
1514307000,15.450,15.450,15.450,15.450,267,16092
1514307060,15.450,15.450,15.450,15.450,267,16092
1514307120,15.450,15.450,15.450,15.450,267,16092
1514307180,15.450,15.450,15.450,15.450,267,16092
1514307240,15.450,15.450,15.450,15.450,267,16092
1514307300,15.450,15.450,15.450,15.450,267,16092
1514307360,15.450,15.450,15.450,15.450,267,16092
1514307420,15.450,15.450,15.450,15.450,267,16092
1514307480,15.450,15.450,15.450,15.450,267,16092
1514307540,15.450,15.450,15.450,15.450,267,16092
1514307600,15.450,15.450,15.450,15.450,84,17428
1514307660,15.455,15.455,15.455,15.455,83,17428
1514307720,15.455,15.455,15.455,15.455,83,17428
1514307780,15.455,15.455,15.455,15.455,83,17428
1514307840,15.450,15.450,15.450,15.450,83,17428
1514307900,15.450,15.450,15.450,15.450,68,17844
1514307960,15.489,15.489,15.489,15.489,67,17844
1514308020,15.489,15.489,15.489,15.489,67,17844
1514308080,15.489,15.489,15.489,15.489,67,17844
1514308140,15.489,15.489,15.489,15.489,67,17844
1514308200,15.465,15.465,15.465,15.465,57,18180
1514308260,15.465,15.465,15.465,15.465,57,18180
1514308320,15.465,15.465,15.465,15.465,57,18180
1514308380,15.465,15.465,15.465,15.465,57,18180
1514308440,15.465,15.465,15.465,15.465,57,18180
1514308500,15.465,15.465,15.465,15.465,306,18465
1514308560,15.400,15.450,15.400,15.450,302,18465
1514308620,15.400,15.450,15.400,15.450,302,18465
1514308680,15.400,15.450,15.400,15.450,302,18465
1514308740,15.400,15.450,15.400,15.450,302,18465
1514308800,15.400,15.450,15.400,15.450,302,18465
1514308860,15.400,15.450,15.400,15.450,302,18465
1514308920,15.400,15.450,15.400,15.450,302,18465
1514308980,15.400,15.450,15.400,15.450,302,18465
1514309040,15.400,15.450,15.400,15.450,302,18465
1514309100,15.400,15.450,15.400,15.450,302,18465
1514309160,15.400,15.450,15.400,15.450,302,18465
1514309220,15.400,15.450,15.400,15.450,302,18465
1514309280,15.400,15.450,15.400,15.450,302,18465
1514309340,15.400,15.450,15.400,15.450,302,18465
1514309400,15.400,15.450,15.400,15.450,302,18465
1514309460,15.400,15.450,15.400,15.450,302,18465
1514309520,15.400,15.450,15.400,15.450,302,18465
1514309580,15.400,15.450,15.400,15.450,302,18465
1514309640,15.400,15.450,15.400,15.450,302,18465
1514309700,15.400,15.450,15.400,15.450,175,19979
1514309760,15.400,15.450,15.400,15.450,173,19979
1514309820,15.500,15.450,15.450,15.500,173,19979
1514309880,15.500,15.450,15.450,15.500,173,19979
1514309940,15.500,15.450,15.450,15.500,173,19979
1514310000,15.500,15.450,15.450,15.500,173,19979
1514310060,15.500,15.450,15.450,15.500,173,19979
1514310120,15.500,15.450,15.450,15.500,173,19979
1514310180,15.500,15.450,15.450,15.500,173,19979
1514310240,15.500,15.450,15.450,15.500,173,19979
1514310300,15.500,15.450,15.450,15.500,173,19979
1514310360,15.500,15.450,15.450,15.500,173,19979
1514310420,15.500,15.450,15.450,15.500,173,19979
1514310480,15.500,15.450,15.450,15.500,173,19979
1514310540,15.500,15.450,15.450,15.500,173,19979
1514310600,15.500,15.450,15.450,15.500,206,20846
1514310660,15.500,15.450,15.450,15.500,202,20846
1514310720,15.500,15.450,15.450,15.500,202,20846
1514310780,15.412,15.412,15.412,15.412,202,20846
1514310840,15.412,15.412,15.412,15.412,202,20846
1514310900,15.412,15.412,15.412,15.412,202,20846
1514310960,15.412,15.412,15.412,15.412,202,20846
1514311020,15.412,15.412,15.412,15.412,202,20846
1514311080,15.412,15.412,15.412,15.412,202,20846
1514311140,15.412,15.412,15.412,15.412,202,20846
1514311200,15.412,15.412,15.412,15.412,202,20846
1514311260,15.412,15.412,15.412,15.412,202,20846
1514311320,15.412,15.412,15.412,15.412,202,20846
1514311380,15.412,15.412,15.412,15.412,202,20846
1514311440,15.412,15.412,15.412,15.412,202,20846
1514311500,15.425,15.425,15.425,15.425,247,21860
1514311560,15.425,15.425,15.425,15.425,244,21860
1514311620,15.425,15.425,15.425,15.425,244,21860
1514311680,15.425,15.425,15.425,15.425,244,21860
1514311740,15.425,15.425,15.425,15.425,244,21860
1514311800,15.425,15.425,15.425,15.425,244,21860
1514311860,15.425,15.425,15.425,15.425,244,21860
1514311920,15.425,15.425,15.425,15.425,244,21860
1514311980,15.425,15.425,15.425,15.425,244,21860
1514312040,15.425,15.425,15.425,15.425,244,21860
1514312100,15.425,15.425,15.425,15.425,20,23083
1514312160,15.425,15.425,15.425,15.425,20,23083
1514312220,15.425,15.425,15.425,15.425,20,23083
1514312280,15.450,15.450,15.450,15.450,20,23083
1514312340,15.425,15.425,15.425,15.425,20,23083
1514312400,15.425,15.425,15.425,15.425,20,23083
1514312460,15.425,15.425,15.425,15.425,20,23083
1514312520,15.425,15.425,15.425,15.425,20,23083
1514312580,15.425,15.425,15.425,15.425,20,23083
1514312640,15.425,15.425,15.425,15.425,20,23083
1514312700,15.450,15.450,15.450,15.450,49,23183
1514312760,15.450,15.450,15.450,15.450,46,23183
1514312820,15.450,15.450,15.450,15.450,46,23183
1514312880,15.450,15.450,15.450,15.450,46,23183
1514312940,15.450,15.450,15.450,15.450,46,23183
1514313000,15.450,15.450,15.450,15.450,20,23416
1514313060,15.450,15.450,15.450,15.450,20,23416
1514313120,15.450,15.450,15.450,15.450,20,23416
1514313180,15.450,15.450,15.450,15.450,20,23416
1514313240,15.450,15.450,15.450,15.450,20,23416
1514313300,15.450,15.450,15.450,15.450,20,23516
1514313360,15.450,15.450,15.450,15.450,20,23516
1514313420,15.450,15.450,15.450,15.450,20,23516
1514313480,15.450,15.450,15.450,15.450,20,23516
1514313540,15.450,15.450,15.450,15.450,20,23516
1514313600,15.450,15.450,15.450,15.450,20,23516
1514313660,15.450,15.450,15.450,15.450,20,23516
1514313720,15.450,15.450,15.450,15.450,20,23516
1514313780,15.450,15.450,15.450,15.450,20,23516
1514313840,15.450,15.450,15.450,15.450,20,23516
1514313900,15.425,15.425,15.425,15.425,40,23616
1514313960,15.425,15.425,15.425,15.425,40,23616
1514314020,15.450,15.450,15.450,15.450,40,23616
1514314080,15.450,15.450,15.450,15.450,40,23616
1514314140,15.450,15.450,15.450,15.450,40,23616
1514314200,15.450,15.450,15.450,15.450,128,23816
1514314260,15.425,15.425,15.425,15.425,127,23816
1514314320,15.450,15.450,15.450,15.450,127,23816
1514314380,15.450,15.450,15.450,15.450,127,23816
1514314440,15.450,15.450,15.450,15.450,127,23816
1514314500,15.450,15.450,15.450,15.450,20,24452
1514314560,15.450,15.450,15.450,15.450,20,24452
1514314620,15.450,15.450,15.450,15.450,20,24452
1514314680,15.450,15.450,15.450,15.450,20,24452
1514314740,15.450,15.450,15.450,15.450,20,24452
1514314800,15.450,15.450,15.450,15.450,20,24452
1514314860,15.450,15.450,15.450,15.450,20,24452
1514314920,15.450,15.450,15.450,15.450,20,24452
1514314980,15.450,15.450,15.450,15.450,20,24452
1514315040,15.450,15.450,15.450,15.450,20,24452
1514315100,15.450,15.450,15.450,15.450,180,24552
1514315160,15.450,15.450,15.450,15.450,180,24552
1514315220,15.425,15.425,15.425,15.425,180,24552
1514315280,15.425,15.425,15.425,15.425,180,24552
1514315340,15.425,15.425,15.425,15.425,180,24552
1514315400,15.425,15.425,15.425,15.425,20,25452
1514315460,15.425,15.425,15.425,15.425,20,25452
1514315520,15.425,15.425,15.425,15.425,20,25452
1514315580,15.425,15.425,15.425,15.425,20,25452
1514315640,15.425,15.425,15.425,15.425,20,25452
1514315700,15.425,15.425,15.425,15.425,20,25452
1514315760,15.425,15.425,15.425,15.425,20,25452
1514315820,15.425,15.425,15.425,15.425,20,25452
1514315880,15.425,15.425,15.425,15.425,20,25452
1514315940,15.425,15.425,15.425,15.425,20,25452
1514316000,15.425,15.425,15.425,15.425,20,25452
1514316060,15.425,15.425,15.425,15.425,20,25452
1514316120,15.425,15.425,15.425,15.425,20,25452
1514316180,15.425,15.425,15.425,15.425,20,25452
1514316240,15.425,15.425,15.425,15.425,20,25452
1514316300,15.425,15.425,15.425,15.425,20,25452
1514316360,15.425,15.425,15.425,15.425,20,25452
1514316420,15.425,15.425,15.425,15.425,20,25452
1514316480,15.425,15.425,15.425,15.425,20,25452
1514316540,15.425,15.425,15.425,15.425,20,25452
1514316600,15.400,15.400,15.400,15.400,60,25552
1514316660,15.400,15.400,15.400,15.400,60,25552
1514316720,15.400,15.400,15.400,15.400,60,25552
1514316780,15.400,15.400,15.400,15.400,60,25552
1514316840,15.400,15.400,15.400,15.400,60,25552
1514316900,15.400,15.400,15.400,15.400,40,25852
1514316960,15.400,15.400,15.400,15.400,40,25852
1514317020,15.400,15.400,15.400,15.400,40,25852
1514317080,15.450,15.450,15.450,15.450,40,25852
1514317140,15.450,15.450,15.450,15.450,40,25852
1514317200,15.450,15.450,15.450,15.450,80,26052
1514317260,15.450,15.450,15.450,15.450,80,26052
1514317320,15.450,15.450,15.450,15.450,80,26052
1514317380,15.450,15.450,15.450,15.450,80,26052
1514317440,15.403,15.403,15.403,15.403,80,26052
1514317500,15.403,15.403,15.403,15.403,40,26452
1514317560,15.403,15.403,15.403,15.403,40,26452
1514317620,15.403,15.403,15.403,15.403,40,26452
1514317680,15.400,15.400,15.400,15.400,40,26452
1514317740,15.400,15.400,15.400,15.400,40,26452
1514317800,15.400,15.400,15.400,15.400,40,26452
1514317860,15.400,15.400,15.400,15.400,40,26452
1514317920,15.400,15.400,15.400,15.400,40,26452
1514317980,15.400,15.400,15.400,15.400,40,26452
1514318040,15.400,15.400,15.400,15.400,40,26452
1514318100,15.400,15.400,15.400,15.400,20,26652
1514318160,15.450,15.400,15.400,15.450,20,26652
1514318220,15.450,15.400,15.400,15.450,20,26652
1514318280,15.450,15.400,15.400,15.450,20,26652
1514318340,15.450,15.400,15.400,15.450,20,26652
1514318400,15.450,15.400,15.400,15.450,20,26652
1514318460,15.450,15.400,15.400,15.450,20,26652
1514318520,15.450,15.400,15.400,15.450,20,26652
1514318580,15.450,15.400,15.400,15.450,20,26652
1514318640,15.450,15.400,15.400,15.450,20,26652
1514318700,15.450,15.400,15.400,15.450,20,26652
1514318760,15.450,15.400,15.400,15.450,20,26652
1514318820,15.450,15.400,15.400,15.450,20,26652
1514318880,15.450,15.400,15.400,15.450,20,26652
1514318940,15.450,15.400,15.400,15.450,20,26652
1514319000,15.450,15.450,15.450,15.450,124,26752
1514319060,15.450,15.450,15.450,15.450,122,26752
1514319120,15.450,15.450,15.450,15.450,122,26752
1514319180,15.450,15.450,15.450,15.450,122,26752
1514319240,15.450,15.450,15.450,15.450,122,26752
1514319300,15.425,15.425,15.425,15.425,100,27364
1514319360,15.425,15.425,15.425,15.425,98,27364
1514319420,15.425,15.425,15.425,15.425,98,27364
1514319480,15.425,15.425,15.425,15.425,98,27364
1514319540,15.425,15.425,15.425,15.425,98,27364
1514319600,15.425,15.425,15.425,15.425,98,27364
1514319660,15.425,15.425,15.425,15.425,98,27364
1514319720,15.425,15.425,15.425,15.425,98,27364
1514319780,15.425,15.425,15.425,15.425,98,27364
1514319840,15.425,15.425,15.425,15.425,98,27364
1514319900,15.425,15.425,15.425,15.425,737,27856
1514319960,15.425,15.425,15.425,15.425,735,27856
1514320020,15.425,15.425,15.425,15.425,735,27856
1514320080,15.425,15.425,15.425,15.425,735,27856
1514320140,15.450,15.475,15.450,15.475,735,27856
1514320200,15.450,15.475,15.450,15.475,80,31533
1514320260,15.475,15.475,15.475,15.475,80,31533
1514320320,15.450,15.450,15.450,15.450,80,31533
1514320380,15.450,15.450,15.450,15.450,80,31533
1514320440,15.450,15.450,15.450,15.450,80,31533
1514320500,15.450,15.450,15.450,15.450,145,31933
1514320560,15.450,15.450,15.450,15.450,142,31933
1514320620,15.450,15.450,15.450,15.450,142,31933
1514320680,15.450,15.450,15.450,15.450,142,31933
1514320740,15.450,15.450,15.450,15.450,142,31933
1514320800,15.475,15.475,15.475,15.475,200,32646
1514320860,15.475,15.475,15.475,15.475,200,32646
1514320920,15.475,15.475,15.475,15.475,200,32646
1514320980,15.475,15.475,15.475,15.475,200,32646
1514321040,15.475,15.475,15.475,15.475,200,32646
1514321100,15.475,15.475,15.475,15.475,498,33646
1514321160,15.500,15.475,15.475,15.500,495,33646
1514321220,15.475,15.494,15.475,15.500,495,33646
1514321280,15.450,15.450,15.450,15.450,495,33646
1514321340,15.450,15.450,15.450,15.450,495,33646
1514321400,15.450,15.500,15.450,15.500,439,36124
1514321460,15.450,15.500,15.450,15.500,437,36124
1514321520,15.500,15.500,15.500,15.500,437,36124
1514321580,15.500,15.500,15.500,15.500,437,36124
1514321640,15.500,15.475,15.475,15.500,437,36124
1514321700,15.500,15.475,15.475,15.500,3352,38311
1514321760,15.500,15.450,15.450,15.500,3350,38311
1514321820,15.500,15.450,15.450,15.500,3350,38311
1514321880,15.475,15.450,15.450,15.475,3350,38311
1514321940,15.450,15.450,15.450,15.500,3350,38311
1514385000,15.500,15.500,15.500,15.500,0,0
1514385060,15.500,15.500,15.500,15.500,0,0
1514385120,15.500,15.500,15.500,15.500,0,0
1514385180,15.500,15.500,15.500,15.500,0,0
1514385240,15.500,15.500,15.500,15.500,0,0
1514385300,15.500,15.500,15.500,15.500,0,0
1514385360,15.500,15.500,15.500,15.500,0,0
1514385420,15.500,15.500,15.500,15.500,0,0
1514385480,15.500,15.500,15.500,15.500,0,0
1514385540,15.500,15.500,15.500,15.500,0,0
1514385600,15.500,15.500,15.500,15.500,223,0
1514385660,15.500,15.500,15.500,15.500,222,0
1514385720,15.500,15.500,15.500,15.500,222,0
1514385780,15.500,15.500,15.500,15.500,222,0
1514385840,15.610,15.610,15.610,15.610,222,0
1514385900,15.610,15.610,15.610,15.610,78,1111
1514385960,15.610,15.610,15.610,15.610,78,1111
1514386020,15.600,15.600,15.600,15.600,78,1111
1514386080,15.600,15.600,15.600,15.600,78,1111
1514386140,15.600,15.600,15.600,15.600,78,1111
1514386200,15.600,15.600,15.600,15.600,78,1111
1514386260,15.600,15.600,15.600,15.600,78,1111
1514386320,15.600,15.600,15.600,15.600,78,1111
1514386380,15.600,15.600,15.600,15.600,78,1111
1514386440,15.600,15.600,15.600,15.600,78,1111
1514386500,15.600,15.600,15.600,15.600,285,1501
1514386560,15.650,15.650,15.650,15.650,283,1501
1514386620,15.600,15.600,15.600,15.600,283,1501
1514386680,15.550,15.550,15.550,15.550,283,1501
1514386740,15.550,15.550,15.550,15.550,283,1501
1514386800,15.550,15.550,15.550,15.550,283,1501
1514386860,15.550,15.550,15.550,15.550,283,1501
1514386920,15.550,15.550,15.550,15.550,283,1501
1514386980,15.550,15.550,15.550,15.550,283,1501
1514387040,15.550,15.550,15.550,15.550,283,1501
1514387100,15.550,15.550,15.550,15.550,222,2918
1514387160,15.550,15.550,15.550,15.550,220,2918
1514387220,15.550,15.550,15.550,15.550,220,2918
1514387280,15.550,15.550,15.550,15.550,220,2918
1514387340,15.587,15.587,15.587,15.587,220,2918
1514387400,15.587,15.587,15.587,15.587,491,4020
1514387460,15.587,15.587,15.587,15.587,489,4020
1514387520,15.587,15.587,15.587,15.587,489,4020
1514387580,15.500,15.500,15.500,15.500,489,4020
1514387640,15.450,15.450,15.450,15.450,489,4020
1514387700,15.475,15.475,15.475,15.475,20,6467
1514387760,15.450,15.450,15.450,15.450,20,6467
1514387820,15.450,15.450,15.450,15.450,20,6467
1514387880,15.450,15.450,15.450,15.450,20,6467
1514387940,15.450,15.450,15.450,15.450,20,6467
1514388000,15.500,15.500,15.500,15.500,367,6567
1514388060,15.500,15.500,15.500,15.500,366,6567
1514388120,15.500,15.500,15.500,15.500,366,6567
1514388180,15.500,15.500,15.500,15.500,366,6567
1514388240,15.500,15.500,15.500,15.500,366,6567
1514388300,15.500,15.500,15.500,15.500,366,6567
1514388360,15.500,15.500,15.500,15.500,366,6567
1514388420,15.500,15.500,15.500,15.500,366,6567
1514388480,15.500,15.500,15.500,15.500,366,6567
1514388540,15.500,15.500,15.500,15.500,366,6567
1514388600,15.500,15.500,15.500,15.500,366,6567
1514388660,15.500,15.500,15.500,15.500,366,6567
1514388720,15.500,15.500,15.500,15.500,366,6567
1514388780,15.500,15.500,15.500,15.500,366,6567
1514388840,15.500,15.500,15.500,15.500,366,6567
1514388900,15.500,15.500,15.500,15.500,81,8398
1514388960,15.500,15.500,15.500,15.500,80,8398
1514389020,15.500,15.525,15.500,15.525,80,8398
1514389080,15.500,15.525,15.500,15.525,80,8398
1514389140,15.500,15.525,15.500,15.525,80,8398
1514389200,15.500,15.500,15.500,15.500,228,8799
1514389260,15.500,15.500,15.500,15.500,226,8799
1514389320,15.500,15.500,15.500,15.500,226,8799
1514389380,15.500,15.500,15.500,15.500,226,8799
1514389440,15.500,15.550,15.500,15.550,226,8799
1514389500,15.500,15.500,15.500,15.500,20,9931
1514389560,15.500,15.500,15.500,15.500,20,9931
1514389620,15.500,15.500,15.500,15.500,20,9931
1514389680,15.500,15.500,15.500,15.500,20,9931
1514389740,15.500,15.500,15.500,15.500,20,9931
1514389800,15.500,15.500,15.500,15.500,186,10031
1514389860,15.500,15.500,15.500,15.500,185,10031
1514389920,15.500,15.500,15.500,15.500,185,10031
1514389980,15.500,15.500,15.500,15.500,185,10031
1514390040,15.500,15.500,15.500,15.500,185,10031
1514390100,15.500,15.500,15.500,15.500,20,10957
1514390160,15.500,15.500,15.500,15.500,20,10957
1514390220,15.500,15.500,15.500,15.500,20,10957
1514390280,15.500,15.500,15.500,15.500,20,10957
1514390340,15.500,15.500,15.500,15.500,20,10957
1514390400,15.500,15.500,15.500,15.500,20,10957
1514390460,15.500,15.500,15.500,15.500,20,10957
1514390520,15.500,15.500,15.500,15.500,20,10957
1514390580,15.500,15.500,15.500,15.500,20,10957
1514390640,15.500,15.500,15.500,15.500,20,10957
1514390700,15.500,15.500,15.500,15.500,65,11057
1514390760,15.525,15.525,15.525,15.525,62,11057
1514390820,15.500,15.500,15.500,15.500,62,11057
1514390880,15.500,15.500,15.500,15.500,62,11057
1514390940,15.500,15.500,15.500,15.500,62,11057
1514391000,15.500,15.500,15.500,15.500,62,11057
1514391060,15.500,15.500,15.500,15.500,62,11057
1514391120,15.500,15.500,15.500,15.500,62,11057
1514391180,15.500,15.500,15.500,15.500,62,11057
1514391240,15.500,15.500,15.500,15.500,62,11057
1514391300,15.500,15.500,15.500,15.500,133,11370
1514391360,15.500,15.500,15.500,15.500,133,11370
1514391420,15.500,15.500,15.500,15.500,133,11370
1514391480,15.500,15.500,15.500,15.500,133,11370
1514391540,15.500,15.500,15.500,15.500,133,11370
1514391600,15.500,15.500,15.500,15.500,133,11370
1514391660,15.500,15.500,15.500,15.500,133,11370
1514391720,15.500,15.500,15.500,15.500,133,11370
1514391780,15.500,15.500,15.500,15.500,133,11370
1514391840,15.500,15.500,15.500,15.500,133,11370
1514391900,15.500,15.500,15.500,15.500,133,11370
1514391960,15.500,15.500,15.500,15.500,133,11370
1514392020,15.500,15.500,15.500,15.500,133,11370
1514392080,15.500,15.500,15.500,15.500,133,11370
1514392140,15.500,15.500,15.500,15.500,133,11370
1514392200,15.500,15.500,15.500,15.500,133,11370
1514392260,15.500,15.500,15.500,15.500,133,11370
1514392320,15.500,15.500,15.500,15.500,133,11370
1514392380,15.500,15.500,15.500,15.500,133,11370
1514392440,15.500,15.500,15.500,15.500,133,11370
1514392500,15.500,15.500,15.500,15.500,133,11370
1514392560,15.500,15.500,15.500,15.500,133,11370
1514392620,15.500,15.500,15.500,15.500,133,11370
1514392680,15.500,15.500,15.500,15.500,133,11370
1514392740,15.500,15.500,15.500,15.500,133,11370
1514392800,15.500,15.500,15.500,15.500,133,11370
1514392860,15.500,15.500,15.500,15.500,133,11370
1514392920,15.500,15.500,15.500,15.500,133,11370
1514392980,15.500,15.500,15.500,15.500,133,11370
1514393040,15.500,15.500,15.500,15.500,133,11370
1514393100,15.500,15.500,15.500,15.500,211,12035
1514393160,15.500,15.500,15.500,15.500,209,12035
1514393220,15.500,15.500,15.500,15.500,209,12035
1514393280,15.450,15.450,15.450,15.450,209,12035
1514393340,15.450,15.450,15.450,15.450,209,12035
1514393400,15.450,15.450,15.450,15.450,209,12035
1514393460,15.450,15.450,15.450,15.450,209,12035
1514393520,15.450,15.450,15.450,15.450,209,12035
1514393580,15.450,15.450,15.450,15.450,209,12035
1514393640,15.450,15.450,15.450,15.450,209,12035
1514393700,15.450,15.450,15.450,15.450,209,12035
1514393760,15.450,15.450,15.450,15.450,209,12035
1514393820,15.450,15.450,15.450,15.450,209,12035
1514393880,15.450,15.450,15.450,15.450,209,12035
1514393940,15.450,15.450,15.450,15.450,209,12035
1514394000,15.450,15.450,15.450,15.450,209,12035
1514394060,15.450,15.450,15.450,15.450,209,12035
1514394120,15.450,15.450,15.450,15.450,209,12035
1514394180,15.450,15.450,15.450,15.450,209,12035
1514394240,15.450,15.450,15.450,15.450,209,12035
1514394300,15.450,15.450,15.450,15.450,209,12035
1514394360,15.450,15.450,15.450,15.450,209,12035
1514394420,15.450,15.450,15.450,15.450,209,12035
1514394480,15.450,15.450,15.450,15.450,209,12035
1514394540,15.450,15.450,15.450,15.450,209,12035
1514394600,15.450,15.450,15.450,15.450,209,12035
1514394660,15.450,15.450,15.450,15.450,209,12035
1514394720,15.450,15.450,15.450,15.450,209,12035
1514394780,15.450,15.450,15.450,15.450,209,12035
1514394840,15.450,15.450,15.450,15.450,209,12035
1514394900,15.500,15.500,15.500,15.500,107,13082
1514394960,15.500,15.500,15.500,15.500,104,13082
1514395020,15.500,15.500,15.500,15.500,104,13082
1514395080,15.500,15.500,15.500,15.500,104,13082
1514395140,15.500,15.500,15.500,15.500,104,13082
1514395200,15.500,15.500,15.500,15.500,104,13082
1514395260,15.500,15.500,15.500,15.500,104,13082
1514395320,15.500,15.500,15.500,15.500,104,13082
1514395380,15.500,15.500,15.500,15.500,104,13082
1514395440,15.500,15.500,15.500,15.500,104,13082
1514395500,15.500,15.500,15.500,15.500,104,13082
1514395560,15.500,15.500,15.500,15.500,104,13082
1514395620,15.500,15.500,15.500,15.500,104,13082
1514395680,15.500,15.500,15.500,15.500,104,13082
1514395740,15.500,15.500,15.500,15.500,104,13082
1514395800,15.500,15.500,15.500,15.500,113,13605
1514395860,15.500,15.500,15.500,15.500,111,13605
1514395920,15.500,15.500,15.500,15.500,111,13605
1514395980,15.450,15.450,15.450,15.450,111,13605
1514396040,15.450,15.450,15.450,15.450,111,13605
1514396100,15.450,15.450,15.450,15.450,111,13605
1514396160,15.450,15.450,15.450,15.450,111,13605
1514396220,15.450,15.450,15.450,15.450,111,13605
1514396280,15.450,15.450,15.450,15.450,111,13605
1514396340,15.450,15.450,15.450,15.450,111,13605
1514396400,15.450,15.450,15.450,15.450,111,13605
1514396460,15.450,15.450,15.450,15.450,111,13605
1514396520,15.450,15.450,15.450,15.450,111,13605
1514396580,15.450,15.450,15.450,15.450,111,13605
1514396640,15.450,15.450,15.450,15.450,111,13605
1514396700,15.450,15.450,15.450,15.450,52,14162
1514396760,15.475,15.475,15.475,15.475,49,14162
1514396820,15.475,15.475,15.475,15.475,49,14162
1514396880,15.475,15.475,15.475,15.475,49,14162
1514396940,15.475,15.475,15.475,15.475,49,14162
1514397000,15.475,15.475,15.475,15.475,49,14162
1514397060,15.475,15.475,15.475,15.475,49,14162
1514397120,15.475,15.475,15.475,15.475,49,14162
1514397180,15.475,15.475,15.475,15.475,49,14162
1514397240,15.475,15.475,15.475,15.475,49,14162
1514397300,15.475,15.475,15.475,15.475,49,14162
1514397360,15.475,15.475,15.475,15.475,49,14162
1514397420,15.475,15.475,15.475,15.475,49,14162
1514397480,15.475,15.475,15.475,15.475,49,14162
1514397540,15.475,15.475,15.475,15.475,49,14162
1514397600,15.475,15.475,15.475,15.475,834,14410
1514397660,15.450,15.450,15.450,15.450,833,14410
1514397720,15.400,15.400,15.400,15.400,833,14410
1514397780,15.400,15.400,15.400,15.400,833,14410
1514397840,15.400,15.400,15.400,15.400,833,14410
1514397900,15.400,15.400,15.400,15.400,833,14410
1514397960,15.400,15.400,15.400,15.400,833,14410
1514398020,15.400,15.400,15.400,15.400,833,14410
1514398080,15.400,15.400,15.400,15.400,833,14410
1514398140,15.400,15.400,15.400,15.400,833,14410
1514398200,15.400,15.400,15.400,15.400,582,18576
1514398260,15.400,15.400,15.400,15.400,578,18576
1514398320,15.400,15.400,15.400,15.400,578,18576
1514398380,15.350,15.350,15.350,15.350,578,18576
1514398440,15.350,15.350,15.350,15.350,578,18576
1514398500,15.350,15.350,15.350,15.350,578,18576
1514398560,15.350,15.350,15.350,15.350,578,18576
1514398620,15.350,15.350,15.350,15.350,578,18576
1514398680,15.350,15.350,15.350,15.350,578,18576
1514398740,15.350,15.350,15.350,15.350,578,18576
1514398800,15.350,15.350,15.350,15.350,178,21470
1514398860,15.350,15.350,15.350,15.350,177,21470
1514398920,15.350,15.350,15.350,15.350,177,21470
1514398980,15.350,15.350,15.350,15.350,177,21470
1514399040,15.350,15.350,15.350,15.350,177,21470
1514399100,15.350,15.350,15.350,15.350,177,21470
1514399160,15.350,15.350,15.350,15.350,177,21470
1514399220,15.350,15.350,15.350,15.350,177,21470
1514399280,15.350,15.350,15.350,15.350,177,21470
1514399340,15.350,15.350,15.350,15.350,177,21470
1514399400,15.350,15.350,15.350,15.350,177,21470
1514399460,15.350,15.350,15.350,15.350,177,21470
1514399520,15.350,15.350,15.350,15.350,177,21470
1514399580,15.350,15.350,15.350,15.350,177,21470
1514399640,15.350,15.350,15.350,15.350,177,21470
1514399700,15.350,15.350,15.350,15.350,283,22356
1514399760,15.350,15.350,15.350,15.350,279,22356
1514399820,15.350,15.350,15.350,15.350,279,22356
1514399880,15.400,15.400,15.400,15.400,279,22356
1514399940,15.400,15.400,15.400,15.400,279,22356
1514400000,15.400,15.400,15.400,15.400,35,23755
1514400060,15.400,15.400,15.400,15.400,34,23755
1514400120,15.400,15.400,15.400,15.400,34,23755
1514400180,15.400,15.400,15.400,15.400,34,23755
1514400240,15.400,15.400,15.400,15.400,34,23755
1514400300,15.400,15.400,15.400,15.400,85,23926
1514400360,15.400,15.400,15.400,15.400,82,23926
1514400420,15.400,15.400,15.400,15.400,82,23926
1514400480,15.350,15.350,15.350,15.350,82,23926
1514400540,15.400,15.384,15.384,15.400,82,23926
1514400600,15.350,15.350,15.350,15.350,92,24339
1514400660,15.350,15.350,15.350,15.350,89,24339
1514400720,15.350,15.350,15.350,15.350,89,24339
1514400780,15.350,15.350,15.350,15.350,89,24339
1514400840,15.350,15.350,15.350,15.350,89,24339
1514400900,15.350,15.350,15.350,15.350,81,24787
1514400960,15.350,15.350,15.350,15.350,80,24787
1514401020,15.400,15.400,15.400,15.400,80,24787
1514401080,15.400,15.400,15.400,15.400,80,24787
1514401140,15.400,15.400,15.400,15.400,80,24787
1514401200,15.400,15.400,15.400,15.400,80,24787
1514401260,15.400,15.400,15.400,15.400,80,24787
1514401320,15.400,15.400,15.400,15.400,80,24787
1514401380,15.400,15.400,15.400,15.400,80,24787
1514401440,15.400,15.400,15.400,15.400,80,24787
1514401500,15.400,15.400,15.400,15.400,80,24787
1514401560,15.400,15.400,15.400,15.400,80,24787
1514401620,15.400,15.400,15.400,15.400,80,24787
1514401680,15.400,15.400,15.400,15.400,80,24787
1514401740,15.400,15.400,15.400,15.400,80,24787
1514401800,15.400,15.400,15.400,15.400,214,25188
1514401860,15.400,15.400,15.400,15.400,212,25188
1514401920,15.400,15.400,15.400,15.400,212,25188
1514401980,15.400,15.400,15.400,15.400,212,25188
1514402040,15.400,15.400,15.400,15.400,212,25188
1514402100,15.400,15.400,15.400,15.400,122,26250
1514402160,15.400,15.400,15.400,15.400,120,26250
1514402220,15.400,15.400,15.400,15.400,120,26250
1514402280,15.400,15.400,15.400,15.400,120,26250
1514402340,15.400,15.400,15.400,15.400,120,26250
1514402400,15.400,15.400,15.400,15.400,120,26250
1514402460,15.400,15.400,15.400,15.400,120,26250
1514402520,15.400,15.400,15.400,15.400,120,26250
1514402580,15.400,15.400,15.400,15.400,120,26250
1514402640,15.400,15.400,15.400,15.400,120,26250
1514402700,15.400,15.400,15.400,15.400,365,26852
1514402760,15.400,15.400,15.400,15.400,361,26852
1514402820,15.400,15.400,15.400,15.400,361,26852
1514402880,15.400,15.400,15.400,15.400,361,26852
1514402940,15.400,15.400,15.400,15.400,361,26852
1514403000,15.400,15.400,15.400,15.400,20,28661
1514403060,15.400,15.400,15.400,15.400,20,28661
1514403120,15.400,15.400,15.400,15.400,20,28661
1514403180,15.400,15.400,15.400,15.400,20,28661
1514403240,15.400,15.400,15.400,15.400,20,28661
1514403300,15.400,15.400,15.400,15.400,70,28761
1514403360,15.400,15.400,15.400,15.400,70,28761
1514403420,15.400,15.400,15.400,15.400,70,28761
1514403480,15.400,15.400,15.400,15.400,70,28761
1514403540,15.400,15.400,15.400,15.400,70,28761
1514403600,15.400,15.400,15.400,15.400,70,28761
1514403660,15.400,15.400,15.400,15.400,70,28761
1514403720,15.400,15.400,15.400,15.400,70,28761
1514403780,15.400,15.400,15.400,15.400,70,28761
1514403840,15.400,15.400,15.400,15.400,70,28761
1514403900,15.400,15.400,15.400,15.400,81,29111
1514403960,15.400,15.400,15.400,15.400,81,29111
1514404020,15.400,15.400,15.400,15.400,81,29111
1514404080,15.350,15.350,15.350,15.350,81,29111
1514404140,15.350,15.350,15.350,15.350,81,29111
1514404200,15.350,15.350,15.350,15.350,61,29516
1514404260,15.350,15.350,15.350,15.350,61,29516
1514404320,15.350,15.350,15.350,15.350,61,29516
1514404380,15.350,15.350,15.350,15.350,61,29516
1514404440,15.400,15.400,15.400,15.400,61,29516
1514404500,15.400,15.400,15.400,15.400,61,29516
1514404560,15.400,15.400,15.400,15.400,61,29516
1514404620,15.400,15.400,15.400,15.400,61,29516
1514404680,15.400,15.400,15.400,15.400,61,29516
1514404740,15.400,15.400,15.400,15.400,61,29516
1514404800,15.450,15.450,15.450,15.450,84,29821
1514404860,15.450,15.450,15.450,15.450,81,29821
1514404920,15.400,15.400,15.400,15.400,81,29821
1514404980,15.400,15.400,15.400,15.400,81,29821
1514405040,15.350,15.450,15.350,15.450,81,29821
1514405100,15.350,15.450,15.350,15.450,941,30229
1514405160,15.350,15.450,15.350,15.450,940,30229
1514405220,15.400,15.450,15.400,15.450,940,30229
1514405280,15.450,15.450,15.450,15.450,940,30229
1514405340,15.450,15.450,15.450,15.450,940,30229
1514405400,15.450,15.450,15.450,15.450,802,34930
1514405460,15.450,15.450,15.450,15.450,800,34930
1514405520,15.450,15.450,15.450,15.450,800,34930
1514405580,15.450,15.450,15.450,15.450,800,34930
1514405640,15.450,15.450,15.450,15.450,800,34930
1514405700,15.450,15.450,15.450,15.450,24,38932
1514405760,15.450,15.450,15.450,15.450,20,38932
1514405820,15.450,15.450,15.450,15.450,20,38932
1514405880,15.400,15.400,15.400,15.400,20,38932
1514405940,15.400,15.400,15.400,15.400,20,38932
1514406000,15.400,15.400,15.400,15.400,20,38932
1514406060,15.400,15.400,15.400,15.400,20,38932
1514406120,15.400,15.400,15.400,15.400,20,38932
1514406180,15.400,15.400,15.400,15.400,20,38932
1514406240,15.400,15.400,15.400,15.400,20,38932
1514406300,15.400,15.400,15.400,15.400,25,39036
1514406360,15.400,15.400,15.400,15.400,21,39036
1514406420,15.400,15.400,15.400,15.400,21,39036
1514406480,15.400,15.400,15.400,15.400,21,39036
1514406540,15.400,15.400,15.400,15.400,21,39036
1514406600,15.400,15.400,15.400,15.400,302,39145
1514406660,15.419,15.419,15.419,15.419,299,39145
1514406720,15.419,15.419,15.419,15.419,299,39145
1514406780,15.425,15.425,15.425,15.425,299,39145
1514406840,15.400,15.400,15.400,15.400,299,39145
1514406900,15.400,15.400,15.400,15.400,359,40643
1514406960,15.400,15.400,15.400,15.400,356,40643
1514407020,15.400,15.400,15.400,15.400,356,40643
1514407080,15.400,15.400,15.400,15.400,356,40643
1514407140,15.400,15.400,15.400,15.400,356,40643
1514407200,15.400,15.400,15.400,15.400,774,42426
1514407260,15.400,15.400,15.400,15.400,772,42426
1514407320,15.400,15.400,15.400,15.400,772,42426
1514407380,15.400,15.400,15.400,15.400,772,42426
1514407440,15.377,15.377,15.377,15.377,772,42426
1514407500,15.375,15.375,15.375,15.375,1790,46288
1514407560,15.375,15.375,15.375,15.375,1786,46288
1514407620,15.400,15.400,15.400,15.400,1786,46288
1514407680,15.400,15.400,15.400,15.400,1786,46288
1514407740,15.400,15.450,15.400,15.450,1786,46288
1514407800,15.400,15.450,15.400,15.450,162,55222
1514407860,15.450,15.450,15.450,15.450,162,55222
1514407920,15.450,15.450,15.450,15.450,162,55222
1514407980,15.450,15.450,15.450,15.450,162,55222
1514408040,15.450,15.450,15.450,15.450,162,55222
1514408100,15.450,15.450,15.450,15.450,3808,56032
1514408160,15.500,15.475,15.475,15.500,3807,56032
1514408220,15.500,15.475,15.475,15.500,3807,56032
1514408280,15.450,15.450,15.450,15.450,3807,56032
1514408340,15.450,15.450,15.450,15.500,3807,56032
1514471400,15.500,15.500,15.500,15.500,0,0
1514471460,15.500,15.500,15.500,15.500,0,0
1514471520,15.500,15.500,15.500,15.500,0,0
1514471580,15.500,15.500,15.500,15.500,0,0
1514471640,15.500,15.500,15.500,15.500,0,0
1514471700,15.550,15.550,15.550,15.550,113,0
1514471760,15.550,15.550,15.550,15.550,113,0
1514471820,15.550,15.550,15.550,15.550,113,0
1514471880,15.550,15.550,15.550,15.550,113,0
1514471940,15.550,15.550,15.550,15.550,113,0
1514472000,15.550,15.550,15.550,15.550,113,0
1514472060,15.550,15.550,15.550,15.550,113,0
1514472120,15.550,15.550,15.550,15.550,113,0
1514472180,15.550,15.550,15.550,15.550,113,0
1514472240,15.550,15.550,15.550,15.550,113,0
1514472300,15.550,15.550,15.550,15.550,119,565
1514472360,15.550,15.550,15.550,15.550,117,565
1514472420,15.550,15.550,15.550,15.550,117,565
1514472480,15.400,15.400,15.400,15.400,117,565
1514472540,15.400,15.400,15.400,15.400,117,565
1514472600,15.400,15.400,15.400,15.400,117,565
1514472660,15.400,15.400,15.400,15.400,117,565
1514472720,15.400,15.400,15.400,15.400,117,565
1514472780,15.400,15.400,15.400,15.400,117,565
1514472840,15.400,15.400,15.400,15.400,117,565
1514472900,15.400,15.400,15.400,15.400,116,1152
1514472960,15.400,15.400,15.400,15.400,112,1152
1514473020,15.400,15.400,15.400,15.400,112,1152
1514473080,15.400,15.400,15.400,15.400,112,1152
1514473140,15.450,15.450,15.450,15.450,112,1152
1514473200,15.450,15.450,15.450,15.450,112,1152
1514473260,15.450,15.450,15.450,15.450,112,1152
1514473320,15.450,15.450,15.450,15.450,112,1152
1514473380,15.450,15.450,15.450,15.450,112,1152
1514473440,15.450,15.450,15.450,15.450,112,1152
1514473500,15.450,15.450,15.450,15.450,133,1716
1514473560,15.450,15.450,15.450,15.450,129,1716
1514473620,15.450,15.450,15.450,15.450,129,1716
1514473680,15.450,15.450,15.450,15.450,129,1716
1514473740,15.450,15.450,15.450,15.450,129,1716
1514473800,15.450,15.450,15.450,15.450,129,1716
1514473860,15.450,15.450,15.450,15.450,129,1716
1514473920,15.450,15.450,15.450,15.450,129,1716
1514473980,15.450,15.450,15.450,15.450,129,1716
1514474040,15.450,15.450,15.450,15.450,129,1716
1514474100,15.450,15.450,15.450,15.450,129,1716
1514474160,15.450,15.450,15.450,15.450,129,1716
1514474220,15.450,15.450,15.450,15.450,129,1716
1514474280,15.450,15.450,15.450,15.450,129,1716
1514474340,15.450,15.450,15.450,15.450,129,1716
1514474400,15.450,15.450,15.450,15.450,40,2365
1514474460,15.450,15.450,15.450,15.450,40,2365
1514474520,15.450,15.450,15.450,15.450,40,2365
1514474580,15.450,15.450,15.450,15.450,40,2365
1514474640,15.450,15.450,15.450,15.450,40,2365
1514474700,15.450,15.450,15.450,15.450,40,2365
1514474760,15.450,15.450,15.450,15.450,40,2365
1514474820,15.450,15.450,15.450,15.450,40,2365
1514474880,15.450,15.450,15.450,15.450,40,2365
1514474940,15.450,15.450,15.450,15.450,40,2365
1514475000,15.450,15.450,15.450,15.450,56,2565
1514475060,15.450,15.450,15.450,15.450,55,2565
1514475120,15.450,15.450,15.450,15.450,55,2565
1514475180,15.400,15.400,15.400,15.400,55,2565
1514475240,15.400,15.400,15.400,15.400,55,2565
1514475300,15.400,15.400,15.400,15.400,55,2565
1514475360,15.400,15.400,15.400,15.400,55,2565
1514475420,15.400,15.400,15.400,15.400,55,2565
1514475480,15.400,15.400,15.400,15.400,55,2565
1514475540,15.400,15.400,15.400,15.400,55,2565
1514475600,15.400,15.400,15.400,15.400,55,2565
1514475660,15.400,15.400,15.400,15.400,55,2565
1514475720,15.400,15.400,15.400,15.400,55,2565
1514475780,15.400,15.400,15.400,15.400,55,2565
1514475840,15.400,15.400,15.400,15.400,55,2565
1514475900,15.400,15.400,15.400,15.400,55,2565
1514475960,15.400,15.400,15.400,15.400,55,2565
1514476020,15.400,15.400,15.400,15.400,55,2565
1514476080,15.400,15.400,15.400,15.400,55,2565
1514476140,15.400,15.400,15.400,15.400,55,2565
1514476200,15.400,15.400,15.400,15.400,55,2565
1514476260,15.400,15.400,15.400,15.400,55,2565
1514476320,15.400,15.400,15.400,15.400,55,2565
1514476380,15.400,15.400,15.400,15.400,55,2565
1514476440,15.400,15.400,15.400,15.400,55,2565
1514476500,15.400,15.400,15.400,15.400,47,2841
1514476560,15.400,15.400,15.400,15.400,47,2841
1514476620,15.400,15.400,15.400,15.400,47,2841
1514476680,15.400,15.400,15.400,15.400,47,2841
1514476740,15.400,15.400,15.400,15.400,47,2841
1514476800,15.400,15.400,15.400,15.400,47,2841
1514476860,15.400,15.400,15.400,15.400,47,2841
1514476920,15.400,15.400,15.400,15.400,47,2841
1514476980,15.400,15.400,15.400,15.400,47,2841
1514477040,15.400,15.400,15.400,15.400,47,2841
1514477100,15.400,15.400,15.400,15.400,47,2841
1514477160,15.400,15.400,15.400,15.400,47,2841
1514477220,15.400,15.400,15.400,15.400,47,2841
1514477280,15.400,15.400,15.400,15.400,47,2841
1514477340,15.400,15.400,15.400,15.400,47,2841
1514477400,15.400,15.400,15.400,15.400,77,3076
1514477460,15.400,15.400,15.400,15.400,75,3076
1514477520,15.400,15.400,15.400,15.400,75,3076
1514477580,15.400,15.400,15.400,15.400,75,3076
1514477640,15.400,15.400,15.400,15.400,75,3076
1514477700,15.400,15.400,15.400,15.400,75,3076
1514477760,15.400,15.400,15.400,15.400,75,3076
1514477820,15.400,15.400,15.400,15.400,75,3076
1514477880,15.400,15.400,15.400,15.400,75,3076
1514477940,15.400,15.400,15.400,15.400,75,3076
1514478000,15.400,15.400,15.400,15.400,75,3076
1514478060,15.400,15.400,15.400,15.400,75,3076
1514478120,15.400,15.400,15.400,15.400,75,3076
1514478180,15.400,15.400,15.400,15.400,75,3076
1514478240,15.400,15.400,15.400,15.400,75,3076
1514478300,15.400,15.400,15.400,15.400,83,3453
1514478360,15.425,15.425,15.425,15.425,81,3453
1514478420,15.425,15.425,15.425,15.425,81,3453
1514478480,15.425,15.425,15.425,15.425,81,3453
1514478540,15.425,15.425,15.425,15.425,81,3453
1514478600,15.425,15.425,15.425,15.425,42,3860
1514478660,15.400,15.400,15.400,15.400,40,3860
1514478720,15.400,15.400,15.400,15.400,40,3860
1514478780,15.400,15.400,15.400,15.400,40,3860
1514478840,15.400,15.400,15.400,15.400,40,3860
1514478900,15.400,15.400,15.400,15.400,40,3860
1514478960,15.400,15.400,15.400,15.400,40,3860
1514479020,15.400,15.400,15.400,15.400,40,3860
1514479080,15.400,15.400,15.400,15.400,40,3860
1514479140,15.400,15.400,15.400,15.400,40,3860
1514479200,15.400,15.400,15.400,15.400,40,3860
1514479260,15.400,15.400,15.400,15.400,40,3860
1514479320,15.400,15.400,15.400,15.400,40,3860
1514479380,15.400,15.400,15.400,15.400,40,3860
1514479440,15.400,15.400,15.400,15.400,40,3860
1514479500,15.400,15.400,15.400,15.400,40,3860
1514479560,15.400,15.400,15.400,15.400,40,3860
1514479620,15.400,15.400,15.400,15.400,40,3860
1514479680,15.400,15.400,15.400,15.400,40,3860
1514479740,15.400,15.400,15.400,15.400,40,3860
1514479800,15.400,15.400,15.400,15.400,40,3860
1514479860,15.400,15.400,15.400,15.400,40,3860
1514479920,15.400,15.400,15.400,15.400,40,3860
1514479980,15.400,15.400,15.400,15.400,40,3860
1514480040,15.400,15.400,15.400,15.400,40,3860
1514480100,15.400,15.400,15.400,15.400,40,3860
1514480160,15.400,15.400,15.400,15.400,40,3860
1514480220,15.400,15.400,15.400,15.400,40,3860
1514480280,15.400,15.400,15.400,15.400,40,3860
1514480340,15.400,15.400,15.400,15.400,40,3860
1514480400,15.400,15.400,15.400,15.400,40,3860
1514480460,15.400,15.400,15.400,15.400,40,3860
1514480520,15.400,15.400,15.400,15.400,40,3860
1514480580,15.400,15.400,15.400,15.400,40,3860
1514480640,15.400,15.400,15.400,15.400,40,3860
1514480700,15.400,15.400,15.400,15.400,22,4062
1514480760,15.400,15.400,15.400,15.400,22,4062
1514480820,15.400,15.400,15.400,15.400,22,4062
1514480880,15.400,15.400,15.400,15.400,22,4062
1514480940,15.400,15.400,15.400,15.400,22,4062
1514481000,15.400,15.400,15.400,15.400,22,4062
1514481060,15.400,15.400,15.400,15.400,22,4062
1514481120,15.400,15.400,15.400,15.400,22,4062
1514481180,15.400,15.400,15.400,15.400,22,4062
1514481240,15.400,15.400,15.400,15.400,22,4062
1514481300,15.400,15.400,15.400,15.400,22,4062
1514481360,15.400,15.400,15.400,15.400,22,4062
1514481420,15.400,15.400,15.400,15.400,22,4062
1514481480,15.400,15.400,15.400,15.400,22,4062
1514481540,15.400,15.400,15.400,15.400,22,4062
1514481600,15.400,15.400,15.400,15.400,22,4062
1514481660,15.400,15.400,15.400,15.400,22,4062
1514481720,15.400,15.400,15.400,15.400,22,4062
1514481780,15.400,15.400,15.400,15.400,22,4062
1514481840,15.400,15.400,15.400,15.400,22,4062
1514481900,15.400,15.400,15.400,15.400,22,4062
1514481960,15.400,15.400,15.400,15.400,22,4062
1514482020,15.400,15.400,15.400,15.400,22,4062
1514482080,15.400,15.400,15.400,15.400,22,4062
1514482140,15.400,15.400,15.400,15.400,22,4062
1514482200,15.400,15.400,15.400,15.400,22,4062
1514482260,15.400,15.400,15.400,15.400,22,4062
1514482320,15.400,15.400,15.400,15.400,22,4062
1514482380,15.400,15.400,15.400,15.400,22,4062
1514482440,15.400,15.400,15.400,15.400,22,4062
1514482500,15.400,15.400,15.400,15.400,22,4062
1514482560,15.400,15.400,15.400,15.400,22,4062
1514482620,15.400,15.400,15.400,15.400,22,4062
1514482680,15.400,15.400,15.400,15.400,22,4062
1514482740,15.400,15.400,15.400,15.400,22,4062
1514482800,15.400,15.400,15.400,15.400,400,4172
1514482860,15.400,15.400,15.400,15.400,398,4172
1514482920,15.350,15.400,15.350,15.400,398,4172
1514482980,15.400,15.400,15.400,15.400,398,4172
1514483040,15.400,15.400,15.400,15.400,398,4172
1514483100,15.350,15.350,15.350,15.350,223,6164
1514483160,15.350,15.350,15.350,15.350,222,6164
1514483220,15.350,15.350,15.350,15.350,222,6164
1514483280,15.350,15.350,15.350,15.350,222,6164
1514483340,15.350,15.350,15.350,15.350,222,6164
1514483400,15.375,15.375,15.375,15.375,120,7275
1514483460,15.375,15.375,15.375,15.375,120,7275
1514483520,15.375,15.375,15.375,15.375,120,7275
1514483580,15.375,15.375,15.375,15.375,120,7275
1514483640,15.350,15.350,15.350,15.350,120,7275
1514483700,15.350,15.350,15.350,15.350,631,7875
1514483760,15.350,15.350,15.350,15.350,627,7875
1514483820,15.400,15.400,15.400,15.400,627,7875
1514483880,15.400,15.400,15.400,15.400,627,7875
1514483940,15.375,15.350,15.350,15.375,627,7875
1514484000,15.350,15.350,15.350,15.350,83,11014
1514484060,15.350,15.350,15.350,15.350,79,11014
1514484120,15.350,15.350,15.350,15.350,79,11014
1514484180,15.350,15.350,15.350,15.350,79,11014
1514484240,15.350,15.350,15.350,15.350,79,11014
1514484300,15.350,15.350,15.350,15.350,79,11014
1514484360,15.350,15.350,15.350,15.350,79,11014
1514484420,15.350,15.350,15.350,15.350,79,11014
1514484480,15.350,15.350,15.350,15.350,79,11014
1514484540,15.350,15.350,15.350,15.350,79,11014
1514484600,15.350,15.350,15.350,15.350,79,11014
1514484660,15.350,15.350,15.350,15.350,79,11014
1514484720,15.350,15.350,15.350,15.350,79,11014
1514484780,15.350,15.350,15.350,15.350,79,11014
1514484840,15.350,15.350,15.350,15.350,79,11014
1514484900,15.350,15.350,15.350,15.350,79,11014
1514484960,15.350,15.350,15.350,15.350,79,11014
1514485020,15.350,15.350,15.350,15.350,79,11014
1514485080,15.350,15.350,15.350,15.350,79,11014
1514485140,15.350,15.350,15.350,15.350,79,11014
1514485200,15.350,15.350,15.350,15.350,79,11014
1514485260,15.350,15.350,15.350,15.350,79,11014
1514485320,15.350,15.350,15.350,15.350,79,11014
1514485380,15.350,15.350,15.350,15.350,79,11014
1514485440,15.350,15.350,15.350,15.350,79,11014
1514485500,15.350,15.350,15.350,15.350,79,11014
1514485560,15.350,15.350,15.350,15.350,79,11014
1514485620,15.350,15.350,15.350,15.350,79,11014
1514485680,15.350,15.350,15.350,15.350,79,11014
1514485740,15.350,15.350,15.350,15.350,79,11014
1514485800,15.350,15.350,15.350,15.350,252,11413
1514485860,15.350,15.350,15.350,15.350,249,11413
1514485920,15.350,15.350,15.350,15.350,249,11413
1514485980,15.350,15.350,15.350,15.350,249,11413
1514486040,15.350,15.350,15.350,15.350,249,11413
1514486100,15.350,15.350,15.350,15.350,249,11413
1514486160,15.350,15.350,15.350,15.350,249,11413
1514486220,15.350,15.350,15.350,15.350,249,11413
1514486280,15.350,15.350,15.350,15.350,249,11413
1514486340,15.350,15.350,15.350,15.350,249,11413
1514486400,15.300,15.300,15.300,15.300,20,12661
1514486460,15.300,15.300,15.300,15.300,20,12661
1514486520,15.300,15.300,15.300,15.300,20,12661
1514486580,15.300,15.300,15.300,15.300,20,12661
1514486640,15.300,15.300,15.300,15.300,20,12661
1514486700,15.300,15.300,15.300,15.300,20,12661
1514486760,15.300,15.300,15.300,15.300,20,12661
1514486820,15.300,15.300,15.300,15.300,20,12661
1514486880,15.300,15.300,15.300,15.300,20,12661
1514486940,15.300,15.300,15.300,15.300,20,12661
1514487000,15.300,15.300,15.300,15.300,145,12761
1514487060,15.300,15.300,15.300,15.300,141,12761
1514487120,15.300,15.300,15.300,15.300,141,12761
1514487180,15.300,15.350,15.300,15.350,141,12761
1514487240,15.350,15.350,15.350,15.350,141,12761
1514487300,15.350,15.350,15.350,15.350,83,13470
1514487360,15.350,15.350,15.350,15.350,80,13470
1514487420,15.400,15.400,15.400,15.400,80,13470
1514487480,15.400,15.400,15.400,15.400,80,13470
1514487540,15.400,15.400,15.400,15.400,80,13470
1514487600,15.400,15.400,15.400,15.400,80,13470
1514487660,15.400,15.400,15.400,15.400,80,13470
1514487720,15.400,15.400,15.400,15.400,80,13470
1514487780,15.400,15.400,15.400,15.400,80,13470
1514487840,15.400,15.400,15.400,15.400,80,13470
1514487900,15.400,15.400,15.400,15.400,89,13873
1514487960,15.400,15.400,15.400,15.400,88,13873
1514488020,15.400,15.400,15.400,15.400,88,13873
1514488080,15.400,15.400,15.400,15.400,88,13873
1514488140,15.400,15.400,15.400,15.400,88,13873
1514488200,15.400,15.400,15.400,15.400,106,14314
1514488260,15.400,15.400,15.400,15.400,102,14314
1514488320,15.400,15.400,15.400,15.400,102,14314
1514488380,15.400,15.400,15.400,15.400,102,14314
1514488440,15.400,15.400,15.400,15.400,102,14314
1514488500,15.400,15.400,15.400,15.400,43,14828
1514488560,15.400,15.400,15.400,15.400,40,14828
1514488620,15.400,15.400,15.400,15.400,40,14828
1514488680,15.400,15.400,15.400,15.400,40,14828
1514488740,15.400,15.400,15.400,15.400,40,14828
1514488800,15.400,15.400,15.400,15.400,60,15031
1514488860,15.400,15.400,15.400,15.400,60,15031
1514488920,15.425,15.450,15.425,15.450,60,15031
1514488980,15.425,15.450,15.425,15.450,60,15031
1514489040,15.425,15.450,15.425,15.450,60,15031
1514489100,15.425,15.450,15.425,15.450,60,15031
1514489160,15.425,15.450,15.425,15.450,60,15031
1514489220,15.425,15.450,15.425,15.450,60,15031
1514489280,15.425,15.450,15.425,15.450,60,15031
1514489340,15.425,15.450,15.425,15.450,60,15031
1514489400,15.425,15.425,15.425,15.425,148,15331
1514489460,15.425,15.425,15.425,15.425,144,15331
1514489520,15.425,15.425,15.425,15.425,144,15331
1514489580,15.400,15.400,15.400,15.400,144,15331
1514489640,15.400,15.400,15.400,15.400,144,15331
1514489700,15.400,15.400,15.400,15.400,66,16055
1514489760,15.400,15.400,15.400,15.400,66,16055
1514489820,15.400,15.400,15.400,15.400,66,16055
1514489880,15.400,15.400,15.400,15.400,66,16055
1514489940,15.360,15.360,15.360,15.360,66,16055
1514490000,15.360,15.360,15.360,15.360,66,16055
1514490060,15.360,15.360,15.360,15.360,66,16055
1514490120,15.360,15.360,15.360,15.360,66,16055
1514490180,15.360,15.360,15.360,15.360,66,16055
1514490240,15.360,15.360,15.360,15.360,66,16055
1514490300,15.360,15.360,15.360,15.360,66,16055
1514490360,15.360,15.360,15.360,15.360,66,16055
1514490420,15.360,15.360,15.360,15.360,66,16055
1514490480,15.360,15.360,15.360,15.360,66,16055
1514490540,15.360,15.360,15.360,15.360,66,16055
1514490600,15.393,15.393,15.393,15.393,288,16385
1514490660,15.393,15.393,15.393,15.393,286,16385
1514490720,15.393,15.393,15.393,15.393,286,16385
1514490780,15.393,15.393,15.393,15.393,286,16385
1514490840,15.400,15.400,15.400,15.400,286,16385
1514490900,15.400,15.400,15.400,15.400,286,16385
1514490960,15.400,15.400,15.400,15.400,286,16385
1514491020,15.400,15.400,15.400,15.400,286,16385
1514491080,15.400,15.400,15.400,15.400,286,16385
1514491140,15.400,15.400,15.400,15.400,286,16385
1514491200,15.400,15.400,15.400,15.400,286,16385
1514491260,15.400,15.400,15.400,15.400,286,16385
1514491320,15.400,15.400,15.400,15.400,286,16385
1514491380,15.400,15.400,15.400,15.400,286,16385
1514491440,15.400,15.400,15.400,15.400,286,16385
1514491500,15.400,15.400,15.400,15.400,286,16385
1514491560,15.400,15.400,15.400,15.400,286,16385
1514491620,15.400,15.400,15.400,15.400,286,16385
1514491680,15.400,15.400,15.400,15.400,286,16385
1514491740,15.400,15.400,15.400,15.400,286,16385
1514491800,15.400,15.400,15.400,15.400,286,16385
1514491860,15.400,15.400,15.400,15.400,286,16385
1514491920,15.400,15.400,15.400,15.400,286,16385
1514491980,15.400,15.400,15.400,15.400,286,16385
1514492040,15.400,15.400,15.400,15.400,286,16385
1514492100,15.400,15.400,15.400,15.400,286,16385
1514492160,15.400,15.400,15.400,15.400,286,16385
1514492220,15.400,15.400,15.400,15.400,286,16385
1514492280,15.400,15.400,15.400,15.400,286,16385
1514492340,15.400,15.400,15.400,15.400,286,16385
1514492400,15.400,15.400,15.400,15.400,286,16385
1514492460,15.400,15.400,15.400,15.400,286,16385
1514492520,15.400,15.400,15.400,15.400,286,16385
1514492580,15.400,15.400,15.400,15.400,286,16385
1514492640,15.400,15.400,15.400,15.400,286,16385
1514492700,15.400,15.400,15.400,15.400,286,16385
1514492760,15.400,15.400,15.400,15.400,286,16385
1514492820,15.400,15.400,15.400,15.400,286,16385
1514492880,15.400,15.400,15.400,15.400,286,16385
1514492940,15.400,15.400,15.400,15.400,286,16385
1514493000,15.317,15.350,15.317,15.350,631,17817
1514493060,15.350,15.350,15.350,15.350,631,17817
1514493120,15.350,15.350,15.350,15.350,631,17817
1514493180,15.350,15.350,15.350,15.350,631,17817
1514493240,15.350,15.350,15.350,15.350,631,17817
1514493300,15.375,15.375,15.375,15.375,304,20972
1514493360,15.375,15.375,15.375,15.375,300,20972
1514493420,15.400,15.450,15.400,15.450,300,20972
1514493480,15.450,15.450,15.450,15.450,300,20972
1514493540,15.450,15.450,15.450,15.450,300,20972
1514493600,15.425,15.425,15.425,15.425,924,22476
1514493660,15.425,15.425,15.425,15.425,923,22476
1514493720,15.400,15.400,15.400,15.400,923,22476
1514493780,15.400,15.400,15.400,15.400,923,22476
1514493840,15.350,15.350,15.350,15.350,923,22476
1514493900,15.400,15.351,15.351,15.400,408,27092
1514493960,15.375,15.375,15.375,15.375,405,27092
1514494020,15.375,15.375,15.375,15.375,405,27092
1514494080,15.375,15.375,15.375,15.375,405,27092
1514494140,15.350,15.400,15.350,15.400,405,27092
1514494200,15.400,15.400,15.400,15.400,214,29120
1514494260,15.400,15.400,15.400,15.400,210,29120
1514494320,15.400,15.400,15.400,15.400,210,29120
1514494380,15.400,15.400,15.400,15.400,210,29120
1514494440,15.400,15.400,15.400,15.400,210,29120
1514494500,15.400,15.400,15.400,15.400,2001,30174
1514494560,15.450,15.425,15.400,15.450,2001,30174
1514494620,15.450,15.425,15.400,15.450,2001,30174
1514494680,15.450,15.450,15.450,15.450,2001,30174
1514494740,15.400,15.400,15.400,15.450,2001,30174
1514557800,15.500,15.500,15.500,15.500,206,0
1514557860,15.500,15.500,15.500,15.500,204,0
1514557920,15.500,15.500,15.500,15.500,204,0
1514557980,15.400,15.400,15.400,15.400,204,0
1514558040,15.400,15.400,15.400,15.400,204,0
1514558100,15.400,15.400,15.400,15.400,120,1022
1514558160,15.400,15.400,15.400,15.400,120,1022
1514558220,15.400,15.400,15.400,15.400,120,1022
1514558280,15.400,15.400,15.400,15.400,120,1022
1514558340,15.400,15.400,15.400,15.400,120,1022
1514558400,15.400,15.400,15.400,15.400,129,1622
1514558460,15.400,15.400,15.400,15.400,129,1622
1514558520,15.400,15.400,15.400,15.400,129,1622
1514558580,15.400,15.400,15.400,15.400,129,1622
1514558640,15.400,15.400,15.400,15.400,129,1622
1514558700,15.450,15.450,15.450,15.450,60,2267
1514558760,15.400,15.400,15.400,15.400,60,2267
1514558820,15.400,15.400,15.400,15.400,60,2267
1514558880,15.400,15.400,15.400,15.400,60,2267
1514558940,15.450,15.450,15.450,15.450,60,2267
1514559000,15.450,15.450,15.450,15.450,60,2267
1514559060,15.450,15.450,15.450,15.450,60,2267
1514559120,15.450,15.450,15.450,15.450,60,2267
1514559180,15.450,15.450,15.450,15.450,60,2267
1514559240,15.450,15.450,15.450,15.450,60,2267
1514559300,15.450,15.450,15.450,15.450,60,2267
1514559360,15.450,15.450,15.450,15.450,60,2267
1514559420,15.450,15.450,15.450,15.450,60,2267
1514559480,15.450,15.450,15.450,15.450,60,2267
1514559540,15.450,15.450,15.450,15.450,60,2267
1514559600,15.450,15.450,15.450,15.450,414,2567
1514559660,15.400,15.400,15.400,15.400,412,2567
1514559720,15.400,15.400,15.400,15.400,412,2567
1514559780,15.400,15.400,15.400,15.400,412,2567
1514559840,15.400,15.400,15.400,15.400,412,2567
1514559900,15.400,15.400,15.400,15.400,78,4629
1514559960,15.400,15.400,15.400,15.400,74,4629
1514560020,15.400,15.400,15.400,15.400,74,4629
1514560080,15.500,15.500,15.500,15.500,74,4629
1514560140,15.500,15.500,15.500,15.500,74,4629
1514560200,15.500,15.500,15.500,15.500,74,4629
1514560260,15.500,15.500,15.500,15.500,74,4629
1514560320,15.500,15.500,15.500,15.500,74,4629
1514560380,15.500,15.500,15.500,15.500,74,4629
1514560440,15.500,15.500,15.500,15.500,74,4629
1514560500,15.500,15.450,15.450,15.500,44,5003
1514560560,15.500,15.450,15.450,15.500,42,5003
1514560620,15.500,15.500,15.500,15.500,42,5003
1514560680,15.500,15.500,15.500,15.500,42,5003
1514560740,15.500,15.500,15.500,15.500,42,5003
1514560800,15.500,15.500,15.500,15.500,42,5003
1514560860,15.500,15.500,15.500,15.500,42,5003
1514560920,15.500,15.500,15.500,15.500,42,5003
1514560980,15.500,15.500,15.500,15.500,42,5003
1514561040,15.500,15.500,15.500,15.500,42,5003
1514561100,15.500,15.500,15.500,15.500,42,5003
1514561160,15.500,15.500,15.500,15.500,42,5003
1514561220,15.500,15.500,15.500,15.500,42,5003
1514561280,15.500,15.500,15.500,15.500,42,5003
1514561340,15.500,15.500,15.500,15.500,42,5003
1514561400,15.475,15.488,15.475,15.488,136,5215
1514561460,15.475,15.488,15.475,15.488,134,5215
1514561520,15.475,15.488,15.475,15.488,134,5215
1514561580,15.475,15.488,15.475,15.488,134,5215
1514561640,15.475,15.488,15.475,15.488,134,5215
1514561700,15.475,15.488,15.475,15.488,460,5887
1514561760,15.475,15.488,15.475,15.488,460,5887
1514561820,15.475,15.488,15.475,15.488,460,5887
1514561880,15.500,15.500,15.500,15.500,460,5887
1514561940,15.500,15.500,15.500,15.500,460,5887
1514562000,15.500,15.500,15.500,15.500,445,8187
1514562060,15.500,15.500,15.500,15.500,441,8187
1514562120,15.500,15.500,15.500,15.500,441,8187
1514562180,15.500,15.500,15.500,15.500,441,8187
1514562240,15.550,15.550,15.550,15.550,441,8187
1514562300,15.550,15.550,15.550,15.550,168,10396
1514562360,15.550,15.550,15.550,15.550,166,10396
1514562420,15.550,15.550,15.550,15.550,166,10396
1514562480,15.550,15.550,15.550,15.550,166,10396
1514562540,15.550,15.550,15.550,15.550,166,10396
1514562600,15.550,15.550,15.550,15.550,166,10396
1514562660,15.550,15.550,15.550,15.550,166,10396
1514562720,15.550,15.550,15.550,15.550,166,10396
1514562780,15.550,15.550,15.550,15.550,166,10396
1514562840,15.550,15.550,15.550,15.550,166,10396
1514562900,15.550,15.550,15.550,15.550,166,10396
1514562960,15.550,15.550,15.550,15.550,166,10396
1514563020,15.550,15.550,15.550,15.550,166,10396
1514563080,15.550,15.550,15.550,15.550,166,10396
1514563140,15.550,15.550,15.550,15.550,166,10396
1514563200,15.550,15.550,15.550,15.550,60,11228
1514563260,15.550,15.550,15.550,15.550,60,11228
1514563320,15.500,15.500,15.500,15.500,60,11228
1514563380,15.500,15.500,15.500,15.500,60,11228
1514563440,15.500,15.500,15.500,15.500,60,11228
1514563500,15.500,15.500,15.500,15.500,175,11528
1514563560,15.500,15.500,15.500,15.500,174,11528
1514563620,15.500,15.500,15.500,15.500,174,11528
1514563680,15.500,15.500,15.500,15.500,174,11528
1514563740,15.500,15.500,15.500,15.500,174,11528
1514563800,15.500,15.500,15.500,15.500,174,11528
1514563860,15.500,15.500,15.500,15.500,174,11528
1514563920,15.500,15.500,15.500,15.500,174,11528
1514563980,15.500,15.500,15.500,15.500,174,11528
1514564040,15.500,15.500,15.500,15.500,174,11528
1514564100,15.500,15.500,15.500,15.500,293,12399
1514564160,15.500,15.500,15.500,15.500,289,12399
1514564220,15.500,15.500,15.500,15.500,289,12399
1514564280,15.500,15.500,15.500,15.500,289,12399
1514564340,15.500,15.500,15.500,15.500,289,12399
1514564400,15.500,15.500,15.500,15.500,289,12399
1514564460,15.500,15.500,15.500,15.500,289,12399
1514564520,15.500,15.500,15.500,15.500,289,12399
1514564580,15.500,15.500,15.500,15.500,289,12399
1514564640,15.500,15.500,15.500,15.500,289,12399
1514564700,15.500,15.500,15.500,15.500,337,13848
1514564760,15.500,15.500,15.500,15.500,336,13848
1514564820,15.500,15.500,15.500,15.500,336,13848
1514564880,15.500,15.500,15.500,15.500,336,13848
1514564940,15.500,15.500,15.500,15.500,336,13848
1514565000,15.500,15.500,15.500,15.500,336,13848
1514565060,15.500,15.500,15.500,15.500,336,13848
1514565120,15.500,15.500,15.500,15.500,336,13848
1514565180,15.500,15.500,15.500,15.500,336,13848
1514565240,15.500,15.500,15.500,15.500,336,13848
1514565300,15.500,15.500,15.500,15.500,336,13848
1514565360,15.500,15.500,15.500,15.500,336,13848
1514565420,15.500,15.500,15.500,15.500,336,13848
1514565480,15.500,15.500,15.500,15.500,336,13848
1514565540,15.500,15.500,15.500,15.500,336,13848
1514565600,15.500,15.500,15.500,15.500,59,15529
1514565660,15.500,15.500,15.500,15.500,55,15529
1514565720,15.550,15.550,15.550,15.550,55,15529
1514565780,15.500,15.500,15.500,15.500,55,15529
1514565840,15.500,15.500,15.500,15.500,55,15529
1514565900,15.500,15.500,15.500,15.500,55,15529
1514565960,15.500,15.500,15.500,15.500,55,15529
1514566020,15.500,15.500,15.500,15.500,55,15529
1514566080,15.500,15.500,15.500,15.500,55,15529
1514566140,15.500,15.500,15.500,15.500,55,15529
1514566200,15.500,15.500,15.500,15.500,168,15808
1514566260,15.500,15.500,15.500,15.500,168,15808
1514566320,15.500,15.500,15.500,15.500,168,15808
1514566380,15.500,15.500,15.500,15.500,168,15808
1514566440,15.500,15.500,15.500,15.500,168,15808
1514566500,15.550,15.500,15.500,15.550,284,16648
1514566560,15.550,15.500,15.500,15.550,284,16648
1514566620,15.500,15.500,15.500,15.500,284,16648
1514566680,15.500,15.488,15.450,15.500,284,16648
1514566740,15.500,15.500,15.500,15.500,284,16648
1514566800,15.500,15.500,15.500,15.500,284,16648
1514566860,15.500,15.500,15.500,15.500,284,16648
1514566920,15.500,15.500,15.500,15.500,284,16648
1514566980,15.500,15.500,15.500,15.500,284,16648
1514567040,15.500,15.500,15.500,15.500,284,16648
1514567100,15.500,15.500,15.500,15.500,397,18068
1514567160,15.500,15.500,15.500,15.500,397,18068
1514567220,15.500,15.500,15.500,15.500,397,18068
1514567280,15.500,15.500,15.500,15.500,397,18068
1514567340,15.500,15.500,15.500,15.500,397,18068
1514567400,15.500,15.500,15.500,15.500,397,18068
1514567460,15.500,15.500,15.500,15.500,397,18068
1514567520,15.500,15.500,15.500,15.500,397,18068
1514567580,15.500,15.500,15.500,15.500,397,18068
1514567640,15.500,15.500,15.500,15.500,397,18068
1514567700,15.500,15.500,15.500,15.500,37,20053
1514567760,15.500,15.500,15.500,15.500,35,20053
1514567820,15.500,15.500,15.500,15.500,35,20053
1514567880,15.500,15.500,15.500,15.500,35,20053
1514567940,15.464,15.464,15.464,15.464,35,20053
1514568000,15.464,15.464,15.464,15.464,60,20230
1514568060,15.464,15.464,15.464,15.464,60,20230
1514568120,15.500,15.500,15.500,15.500,60,20230
1514568180,15.500,15.500,15.500,15.500,60,20230
1514568240,15.500,15.500,15.500,15.500,60,20230
1514568300,15.500,15.500,15.500,15.500,20,20530
1514568360,15.500,15.500,15.500,15.500,20,20530
1514568420,15.500,15.500,15.500,15.500,20,20530
1514568480,15.450,15.500,15.450,15.500,20,20530
1514568540,15.450,15.500,15.450,15.500,20,20530
1514568600,15.450,15.500,15.450,15.500,20,20530
1514568660,15.450,15.500,15.450,15.500,20,20530
1514568720,15.450,15.500,15.450,15.500,20,20530
1514568780,15.450,15.500,15.450,15.500,20,20530
1514568840,15.450,15.500,15.450,15.500,20,20530
1514568900,15.450,15.500,15.450,15.500,20,20530
1514568960,15.450,15.500,15.450,15.500,20,20530
1514569020,15.450,15.500,15.450,15.500,20,20530
1514569080,15.450,15.500,15.450,15.500,20,20530
1514569140,15.450,15.500,15.450,15.500,20,20530
1514569200,15.450,15.500,15.450,15.500,20,20530
1514569260,15.450,15.500,15.450,15.500,20,20530
1514569320,15.450,15.500,15.450,15.500,20,20530
1514569380,15.450,15.500,15.450,15.500,20,20530
1514569440,15.450,15.500,15.450,15.500,20,20530
1514569500,15.450,15.500,15.450,15.500,20,20530
1514569560,15.450,15.500,15.450,15.500,20,20530
1514569620,15.450,15.500,15.450,15.500,20,20530
1514569680,15.450,15.500,15.450,15.500,20,20530
1514569740,15.450,15.500,15.450,15.500,20,20530
1514569800,15.450,15.500,15.450,15.500,68,20630
1514569860,15.450,15.500,15.450,15.500,64,20630
1514569920,15.550,15.550,15.550,15.550,64,20630
1514569980,15.550,15.550,15.550,15.550,64,20630
1514570040,15.550,15.550,15.550,15.550,64,20630
1514570100,15.500,15.550,15.500,15.550,260,20954
1514570160,15.550,15.550,15.550,15.550,260,20954
1514570220,15.550,15.550,15.550,15.550,260,20954
1514570280,15.550,15.550,15.550,15.550,260,20954
1514570340,15.550,15.550,15.550,15.550,260,20954
1514570400,15.550,15.550,15.550,15.550,80,22254
1514570460,15.500,15.500,15.500,15.500,80,22254
1514570520,15.500,15.500,15.500,15.500,80,22254
1514570580,15.500,15.500,15.500,15.500,80,22254
1514570640,15.500,15.500,15.500,15.500,80,22254
1514570700,15.500,15.500,15.500,15.500,80,22254
1514570760,15.500,15.500,15.500,15.500,80,22254
1514570820,15.500,15.500,15.500,15.500,80,22254
1514570880,15.500,15.500,15.500,15.500,80,22254
1514570940,15.500,15.500,15.500,15.500,80,22254
1514571000,15.500,15.500,15.500,15.500,340,22654
1514571060,15.550,15.550,15.550,15.550,338,22654
1514571120,15.550,15.550,15.550,15.550,338,22654
1514571180,15.550,15.550,15.550,15.550,338,22654
1514571240,15.550,15.550,15.550,15.550,338,22654
1514571300,15.550,15.550,15.550,15.550,338,22654
1514571360,15.550,15.550,15.550,15.550,338,22654
1514571420,15.550,15.550,15.550,15.550,338,22654
1514571480,15.550,15.550,15.550,15.550,338,22654
1514571540,15.550,15.550,15.550,15.550,338,22654
1514571600,15.550,15.550,15.550,15.550,66,24346
1514571660,15.550,15.550,15.550,15.550,65,24346
1514571720,15.550,15.550,15.550,15.550,65,24346
1514571780,15.500,15.500,15.500,15.500,65,24346
1514571840,15.500,15.500,15.500,15.500,65,24346
1514571900,15.500,15.500,15.500,15.500,65,24346
1514571960,15.500,15.500,15.500,15.500,65,24346
1514572020,15.500,15.500,15.500,15.500,65,24346
1514572080,15.500,15.500,15.500,15.500,65,24346
1514572140,15.500,15.500,15.500,15.500,65,24346
1514572200,15.500,15.500,15.500,15.500,40,24672
1514572260,15.550,15.550,15.550,15.550,40,24672
1514572320,15.550,15.550,15.550,15.550,40,24672
1514572380,15.550,15.550,15.550,15.550,40,24672
1514572440,15.550,15.550,15.550,15.550,40,24672
1514572500,15.550,15.550,15.550,15.550,40,24672
1514572560,15.550,15.550,15.550,15.550,40,24672
1514572620,15.550,15.550,15.550,15.550,40,24672
1514572680,15.550,15.550,15.550,15.550,40,24672
1514572740,15.550,15.550,15.550,15.550,40,24672
1514572800,15.550,15.550,15.550,15.550,20,24872
1514572860,15.550,15.550,15.550,15.550,20,24872
1514572920,15.550,15.550,15.550,15.550,20,24872
1514572980,15.550,15.550,15.550,15.550,20,24872
1514573040,15.550,15.550,15.550,15.550,20,24872
1514573100,15.550,15.550,15.550,15.550,200,24972
1514573160,15.482,15.482,15.482,15.482,200,24972
1514573220,15.482,15.482,15.482,15.482,200,24972
1514573280,15.482,15.482,15.482,15.482,200,24972
1514573340,15.482,15.482,15.482,15.482,200,24972
1514573400,15.500,15.500,15.500,15.500,526,25972
1514573460,15.500,15.500,15.500,15.500,524,25972
1514573520,15.500,15.500,15.500,15.500,524,25972
1514573580,15.500,15.500,15.500,15.500,524,25972
1514573640,15.500,15.500,15.500,15.500,524,25972
1514573700,15.500,15.500,15.500,15.500,40,28594
1514573760,15.500,15.500,15.500,15.500,40,28594
1514573820,15.500,15.500,15.500,15.500,40,28594
1514573880,15.550,15.550,15.550,15.550,40,28594
1514573940,15.550,15.550,15.550,15.550,40,28594
1514574000,15.550,15.550,15.550,15.550,20,28794
1514574060,15.500,15.500,15.500,15.500,20,28794
1514574120,15.500,15.500,15.500,15.500,20,28794
1514574180,15.500,15.500,15.500,15.500,20,28794
1514574240,15.500,15.500,15.500,15.500,20,28794
1514574300,15.500,15.500,15.500,15.500,22,28894
1514574360,15.500,15.500,15.500,15.500,21,28894
1514574420,15.500,15.500,15.500,15.500,21,28894
1514574480,15.500,15.500,15.500,15.500,21,28894
1514574540,15.550,15.550,15.550,15.550,21,28894
1514574600,15.475,15.500,15.475,15.500,465,29000
1514574660,15.475,15.500,15.475,15.500,462,29000
1514574720,15.475,15.500,15.475,15.500,462,29000
1514574780,15.475,15.500,15.475,15.500,462,29000
1514574840,15.475,15.500,15.475,15.500,462,29000
1514574900,15.475,15.500,15.475,15.500,4215,31313
1514574960,15.500,15.500,15.500,15.500,4211,31313
1514575020,15.500,15.450,15.450,15.500,4211,31313
1514575080,15.400,15.400,15.400,15.400,4211,31313
1514575140,15.400,15.400,15.400,15.400,4211,31313
1514575200,15.400,15.400,15.400,15.400,40,52372
1514575260,15.400,15.400,15.400,15.400,40,52372
1514575320,15.400,15.400,15.400,15.400,40,52372
1514575380,15.400,15.400,15.400,15.400,40,52372
1514575440,15.400,15.400,15.400,15.400,40,52372
1514575500,15.400,15.400,15.400,15.400,200,52572
1514575560,15.450,15.450,15.450,15.450,200,52572
1514575620,15.450,15.450,15.450,15.450,200,52572
1514575680,15.450,15.450,15.450,15.450,200,52572
1514575740,15.450,15.450,15.450,15.450,200,52572
1514575800,15.400,15.400,15.400,15.400,5681,53572
1514575860,15.350,15.350,15.350,15.350,5681,53572
1514575920,15.300,15.300,15.300,15.300,5681,53572
1514575980,15.300,15.300,15.300,15.300,5681,53572
1514576040,15.325,15.300,15.300,15.325,5681,53572
1514576100,15.350,15.300,15.300,15.350,452,81977
1514576160,15.350,15.350,15.350,15.350,449,81977
1514576220,15.350,15.350,15.350,15.350,449,81977
1514576280,15.350,15.350,15.350,15.350,449,81977
1514576340,15.350,15.350,15.350,15.350,449,81977
1514576400,15.300,15.300,15.300,15.300,199,84225
1514576460,15.300,15.300,15.300,15.300,198,84225
1514576520,15.300,15.300,15.300,15.300,198,84225
1514576580,15.325,15.325,15.325,15.325,198,84225
1514576640,15.350,15.350,15.350,15.350,198,84225
1514576700,15.350,15.350,15.350,15.350,60,85216
1514576760,15.350,15.350,15.350,15.350,60,85216
1514576820,15.300,15.300,15.300,15.300,60,85216
1514576880,15.300,15.300,15.300,15.300,60,85216
1514576940,15.300,15.300,15.300,15.300,60,85216
1514577000,15.300,15.300,15.300,15.300,40,85516
1514577060,15.300,15.300,15.300,15.300,40,85516
1514577120,15.300,15.300,15.300,15.300,40,85516
1514577180,15.300,15.300,15.300,15.300,40,85516
1514577240,15.300,15.300,15.300,15.300,40,85516
1514577300,15.350,15.300,15.300,15.350,220,85716
1514577360,15.350,15.350,15.350,15.350,220,85716
1514577420,15.350,15.350,15.350,15.350,220,85716
1514577480,15.350,15.350,15.350,15.350,220,85716
1514577540,15.350,15.300,15.300,15.350,220,85716
1514577600,15.300,15.350,15.300,15.350,179,86816
1514577660,15.300,15.350,15.300,15.350,178,86816
1514577720,15.350,15.350,15.350,15.350,178,86816
1514577780,15.350,15.350,15.350,15.350,178,86816
1514577840,15.300,15.350,15.300,15.350,178,86816
1514577900,15.350,15.350,15.350,15.350,554,87707
1514577960,15.350,15.350,15.350,15.350,553,87707
1514578020,15.350,15.350,15.350,15.350,553,87707
1514578080,15.350,15.350,15.350,15.350,553,87707
1514578140,15.400,15.400,15.400,15.400,553,87707
1514578200,15.400,15.400,15.400,15.400,274,90473
1514578260,15.400,15.325,15.325,15.400,273,90473
1514578320,15.400,15.325,15.325,15.400,273,90473
1514578380,15.400,15.325,15.325,15.400,273,90473
1514578440,15.400,15.325,15.325,15.400,273,90473
1514578500,15.300,15.300,15.300,15.300,887,91839
1514578560,15.350,15.350,15.350,15.350,883,91839
1514578620,15.300,15.300,15.300,15.300,883,91839
1514578680,15.275,15.300,15.275,15.300,883,91839
1514578740,15.350,15.350,15.350,15.350,883,91839
1514578800,15.350,15.350,15.350,15.350,200,96258
1514578860,15.350,15.350,15.350,15.350,200,96258
1514578920,15.350,15.350,15.350,15.350,200,96258
1514578980,15.350,15.300,15.300,15.350,200,96258
1514579040,15.300,15.275,15.275,15.300,200,96258
1514579100,15.300,15.300,15.300,15.300,546,97258
1514579160,15.300,15.275,15.275,15.300,545,97258
1514579220,15.300,15.300,15.300,15.300,545,97258
1514579280,15.300,15.300,15.300,15.300,545,97258
1514579340,15.300,15.350,15.300,15.350,545,97258
1514579400,15.300,15.300,15.300,15.300,426,99984
1514579460,15.300,15.300,15.300,15.300,424,99984
1514579520,15.300,15.300,15.300,15.300,424,99984
1514579580,15.300,15.300,15.300,15.300,424,99984
1514579640,15.300,15.300,15.300,15.300,424,99984
1514579700,15.300,15.300,15.300,15.300,383,102106
1514579760,15.300,15.300,15.300,15.300,379,102106
1514579820,15.300,15.300,15.300,15.300,379,102106
1514579880,15.300,15.300,15.300,15.300,379,102106
1514579940,15.350,15.300,15.300,15.350,379,102106
1514580000,15.350,15.350,15.350,15.350,916,104005
1514580060,15.350,15.300,15.300,15.350,913,104005
1514580120,15.350,15.350,15.350,15.350,913,104005
1514580180,15.350,15.350,15.350,15.350,913,104005
1514580240,15.350,15.375,15.300,15.375,913,104005
1514580300,15.350,15.350,15.350,15.350,707,108573
1514580360,15.350,15.350,15.350,15.350,703,108573
1514580420,15.300,15.350,15.300,15.350,703,108573
1514580480,15.350,15.350,15.350,15.350,703,108573
1514580540,15.350,15.325,15.325,15.350,703,108573
1514580600,15.300,15.350,15.300,15.350,1685,112092
1514580660,15.300,15.350,15.300,15.350,1685,112092
1514580720,15.350,15.350,15.350,15.350,1685,112092
1514580780,15.300,15.350,15.300,15.350,1685,112092
1514580840,15.300,15.250,15.250,15.300,1685,112092
1514580900,15.275,15.275,15.275,15.275,3845,120517
1514580960,15.300,15.300,15.300,15.300,3844,120517
1514581020,15.300,15.350,15.300,15.350,3844,120517
1514581080,15.350,15.275,15.275,15.350,3844,120517
1514581140,15.275,15.250,15.200,15.300,3844,120517
