1525181400,188.900,189.030,188.720,189.030,25240,0
1525181460,188.940,188.850,188.850,188.940,0,0
1525181580,188.920,188.790,188.790,188.920,0,0
1525181640,188.890,188.890,188.890,188.890,0,0
1525181700,188.830,188.990,188.830,188.990,6747,25240
1525181760,188.830,188.990,188.830,188.990,0,0
1525181820,188.890,188.670,188.670,188.990,0,0
1525181880,188.610,188.610,188.610,188.610,0,0
1525181940,188.400,188.640,188.400,188.640,0,0
1525182000,188.770,188.900,188.770,188.900,7800,31987
1525182060,188.760,188.620,188.620,188.760,0,0
1525182120,188.440,188.440,188.440,188.440,0,0
1525182180,188.550,188.440,188.440,188.650,0,0
1525182240,188.250,188.250,188.250,188.250,0,0
1525182300,188.250,188.460,188.250,188.460,3195,39787
1525182360,188.500,188.500,188.500,188.500,0,0
1525182480,188.620,188.620,188.620,188.620,0,0
1525182600,188.720,188.670,188.670,188.720,10616,42982
1525182660,188.840,188.850,188.840,188.850,0,0
1525182720,188.900,188.860,188.860,188.900,0,0
1525182780,188.730,188.730,188.730,188.730,0,0
1525182840,188.730,188.710,188.710,188.780,0,0
1525182900,189.350,189.350,189.350,189.350,7148,53598
1525182960,189.350,189.350,189.350,189.350,0,0
1525183020,189.240,189.350,189.240,189.350,0,0
1525183080,189.340,189.290,189.290,189.340,0,0
1525183140,189.400,189.460,189.400,189.460,0,0
1525183200,189.300,189.220,189.200,189.300,18855,60746
1525183260,189.220,189.220,189.220,189.220,0,0
1525183320,189.370,189.270,189.190,189.460,0,0
1525183380,189.150,189.150,189.150,189.150,0,0
1525183440,189.230,189.200,189.150,189.260,0,0
1525183500,189.150,189.160,189.150,189.200,20373,79601
1525183560,189.250,189.300,189.170,189.350,0,0
1525183620,189.300,189.330,189.240,189.330,0,0
1525183680,189.240,189.420,189.240,189.500,0,0
1525183740,189.510,189.420,189.420,189.520,0,0
1525183800,189.310,189.450,189.270,189.450,13193,99974
1525183920,189.310,189.450,189.270,189.450,0,0
1525183980,189.560,189.510,189.470,189.560,0,0
1525184040,189.510,189.450,189.420,189.510,0,0
1525184100,189.310,189.300,189.300,189.310,8744,113167
1525184220,189.310,189.300,189.300,189.310,0,0
1525184280,189.300,189.310,189.300,189.310,0,0
1525184340,189.510,189.510,189.510,189.510,0,0
1525184400,189.600,189.680,189.600,189.680,9809,121911
1525184520,189.850,189.850,189.850,189.850,0,0
1525184580,189.790,189.560,189.560,189.870,0,0
1525184640,189.690,189.740,189.690,189.750,0,0
1525184700,189.650,189.650,189.650,189.650,15605,131720
1525184760,189.590,189.590,189.590,189.590,0,0
1525184820,189.540,189.510,189.510,189.570,0,0
1525184880,189.600,189.640,189.600,189.640,0,0
1525184940,189.470,189.520,189.470,189.520,0,0
1525185000,189.420,189.390,189.390,189.420,6356,147325
1525185060,189.420,189.390,189.390,189.420,0,0
1525185120,189.440,189.420,189.420,189.440,0,0
1525185180,189.470,189.630,189.470,189.630,0,0
1525185240,189.680,189.630,189.630,189.680,0,0
1525185300,189.590,189.590,189.590,189.590,6327,153681
1525185420,189.380,189.380,189.380,189.380,0,0
1525185480,189.390,189.540,189.390,189.540,0,0
1525185540,189.590,189.550,189.550,189.590,0,0
1525185600,189.800,189.800,189.800,189.800,8987,160008
1525185840,189.800,189.800,189.800,189.800,0,0
1525185900,189.800,189.810,189.800,189.810,5137,168995
1525185960,189.800,189.810,189.800,189.810,0,0
1525186020,189.870,189.940,189.870,189.950,0,0
1525186080,189.860,189.790,189.790,189.860,0,0
1525186140,189.800,189.720,189.720,189.800,0,0
1525186200,189.730,189.720,189.720,189.730,7577,174132
1525186320,189.790,189.720,189.720,189.790,0,0
1525186380,189.730,189.520,189.520,189.730,0,0
1525186440,189.490,189.490,189.490,189.490,0,0
1525186500,189.450,189.450,189.450,189.450,5660,181709
1525186560,189.480,189.510,189.480,189.530,0,0
1525186620,189.500,189.500,189.500,189.500,0,0
1525186680,189.570,189.490,189.490,189.570,0,0
1525186740,189.450,189.440,189.440,189.450,0,0
1525186800,189.460,189.470,189.410,189.500,19798,187369
1525186860,189.450,189.340,189.340,189.450,0,0
1525186920,189.310,189.350,189.280,189.350,0,0
1525186980,189.330,189.310,189.290,189.330,0,0
1525187040,189.240,189.240,189.240,189.240,0,0
1525187100,189.310,189.290,189.290,189.310,6955,207167
1525187160,189.360,189.360,189.360,189.360,0,0
1525187220,189.270,189.350,189.270,189.350,0,0
1525187340,189.410,189.410,189.410,189.410,0,0
1525187400,189.440,189.440,189.440,189.440,9954,214122
1525187460,189.500,189.460,189.340,189.500,0,0
1525187520,189.270,189.270,189.270,189.270,0,0
1525187580,189.290,189.290,189.290,189.290,0,0
1525187640,189.230,189.230,189.230,189.230,0,0
1525187700,189.340,189.370,189.340,189.370,5626,224076
1525187820,189.480,189.550,189.480,189.550,0,0
1525187880,189.440,189.420,189.420,189.440,0,0
1525187940,189.400,189.370,189.370,189.400,0,0
1525188000,189.420,189.500,189.420,189.500,5251,229702
1525188060,189.420,189.500,189.420,189.500,0,0
1525188120,189.530,189.550,189.530,189.550,0,0
1525188240,189.610,189.620,189.610,189.620,0,0
1525188300,189.530,189.540,189.500,189.540,9088,234953
1525188360,189.530,189.540,189.500,189.540,0,0
1525188420,189.530,189.560,189.530,189.560,0,0
1525188480,189.670,189.670,189.670,189.670,0,0
1525188540,189.660,189.660,189.660,189.660,0,0
1525188600,189.730,189.790,189.730,189.790,8877,244041
1525188660,189.780,189.780,189.780,189.780,0,0
1525188720,189.860,189.710,189.710,189.860,0,0
1525188780,189.500,189.500,189.500,189.500,0,0
1525188840,189.560,189.580,189.560,189.580,0,0
1525188900,189.500,189.500,189.500,189.500,11400,252918
1525188960,189.510,189.620,189.510,189.620,0,0
1525189020,189.570,189.540,189.540,189.590,0,0
1525189080,189.390,189.390,189.390,189.390,0,0
1525189140,189.390,189.390,189.390,189.390,0,0
1525189200,189.440,189.390,189.390,189.440,4570,264318
1525189260,189.470,189.430,189.430,189.470,0,0
1525189320,189.440,189.420,189.420,189.510,0,0
1525189380,189.440,189.440,189.440,189.440,0,0
1525189440,189.390,189.390,189.390,189.390,0,0
1525189500,189.490,189.490,189.490,189.490,11628,268888
1525189560,189.460,189.470,189.380,189.470,0,0
1525189620,189.360,189.290,189.290,189.360,0,0
1525189680,189.300,189.300,189.300,189.300,0,0
1525189740,189.200,189.360,189.200,189.460,0,0
1525189800,189.430,189.440,189.430,189.440,5962,280516
1525189860,189.540,189.510,189.510,189.540,0,0
1525189920,189.480,189.590,189.480,189.630,0,0
1525189980,189.530,189.530,189.530,189.530,0,0
1525190040,189.460,189.460,189.460,189.460,0,0
1525190100,189.490,189.420,189.420,189.490,7025,286478
1525190220,189.480,189.390,189.390,189.480,0,0
1525190340,189.420,189.320,189.320,189.420,0,0
1525190400,189.350,189.350,189.350,189.350,10977,293503
1525190460,189.420,189.320,189.320,189.440,0,0
1525190520,189.250,189.250,189.250,189.250,0,0
1525190580,189.310,189.280,189.280,189.410,0,0
1525190640,189.350,189.350,189.350,189.350,0,0
1525190700,189.380,189.380,189.380,189.380,9400,304480
1525190760,189.400,189.350,189.350,189.400,0,0
1525190820,189.340,189.350,189.340,189.350,0,0
1525190880,189.170,189.170,189.170,189.170,0,0
1525190940,189.150,189.200,189.110,189.200,0,0
1525191000,189.260,189.240,189.240,189.260,4488,313880
1525191120,189.270,189.340,189.270,189.340,0,0
1525191180,189.430,189.430,189.430,189.430,0,0
1525191240,189.340,189.340,189.340,189.340,0,0
1525191300,189.310,189.310,189.310,189.310,6284,318368
1525191360,189.310,189.310,189.310,189.310,0,0
1525191480,189.290,189.300,189.290,189.300,0,0
1525191540,189.400,189.400,189.400,189.400,0,0
1525191600,189.430,189.430,189.430,189.430,5228,324652
1525191660,189.380,189.430,189.380,189.430,0,0
1525191720,189.360,189.360,189.360,189.360,0,0
1525191780,189.310,189.380,189.310,189.380,0,0
1525191840,189.380,189.400,189.380,189.400,0,0
1525191900,189.470,189.470,189.470,189.470,6602,329880
1525191960,189.350,189.350,189.350,189.350,0,0
1525192020,189.450,189.450,189.450,189.450,0,0
1525192080,189.450,189.450,189.450,189.450,0,0
1525192140,189.550,189.550,189.550,189.550,0,0
1525192200,189.480,189.520,189.480,189.520,14039,336482
1525192260,189.530,189.490,189.470,189.540,0,0
1525192320,189.500,189.650,189.500,189.650,0,0
1525192380,189.660,189.640,189.600,189.660,0,0
1525192440,189.700,189.680,189.620,189.700,0,0
1525192500,189.580,189.590,189.580,189.600,6131,350521
1525192560,189.580,189.590,189.580,189.600,0,0
1525192620,189.600,189.610,189.600,189.610,0,0
1525192680,189.630,189.560,189.560,189.640,0,0
1525192740,189.540,189.480,189.480,189.540,0,0
1525192800,189.520,189.520,189.520,189.520,2824,356652
1525192920,189.440,189.440,189.440,189.440,0,0
1525192980,189.420,189.420,189.420,189.420,0,0
1525193040,189.340,189.340,189.340,189.340,0,0
1525193100,189.410,189.410,189.410,189.410,7707,359476
1525193160,189.360,189.360,189.360,189.360,0,0
1525193280,189.270,189.200,189.200,189.270,0,0
1525193340,189.070,189.230,189.070,189.230,0,0
1525193400,189.140,189.140,189.140,189.140,5050,367183
1525193460,189.020,189.020,189.020,189.020,0,0
1525193580,189.060,189.060,189.060,189.060,0,0
1525193640,189.170,189.030,189.030,189.170,0,0
1525193700,188.980,189.010,188.980,189.010,3407,372233
1525193940,188.980,189.010,188.980,189.010,0,0
1525194000,188.850,188.850,188.850,188.850,2983,375640
1525194060,188.720,188.720,188.720,188.720,0,0
1525194180,188.670,188.670,188.670,188.670,0,0
1525194240,188.730,188.730,188.730,188.730,0,0
1525194300,188.720,188.720,188.720,188.720,7399,378623
1525194360,188.580,188.420,188.420,188.580,0,0
1525194420,188.330,188.330,188.330,188.330,0,0
1525194540,188.340,188.290,188.220,188.340,0,0
1525194600,188.360,188.360,188.360,188.360,4348,386022
1525194780,188.360,188.450,188.360,188.480,0,0
1525194840,188.470,188.410,188.410,188.470,0,0
1525194900,188.370,188.370,188.370,188.370,5399,390370
1525194960,188.380,188.380,188.380,188.380,0,0
1525195080,188.390,188.380,188.380,188.390,0,0
1525195140,188.360,188.360,188.360,188.360,0,0
1525195200,188.490,188.410,188.410,188.490,2125,395769
1525195380,188.460,188.460,188.460,188.460,0,0
1525195440,188.380,188.380,188.380,188.380,0,0
1525195500,188.340,188.330,188.330,188.340,3620,397894
1525195560,188.380,188.470,188.380,188.470,0,0
1525195680,188.470,188.510,188.470,188.510,0,0
1525195740,188.510,188.510,188.510,188.510,0,0
1525195800,188.520,188.590,188.520,188.590,25397,401514
1525195860,188.580,188.630,188.580,188.640,0,0
1525195920,188.630,188.650,188.630,188.650,0,0
1525195980,188.680,188.630,188.630,188.710,0,0
1525196040,188.720,188.730,188.630,188.730,0,0
1525196100,188.700,188.710,188.700,188.750,28084,426911
1525196160,188.730,188.750,188.730,188.750,0,0
1525196220,188.670,188.580,188.580,188.670,0,0
1525196280,188.590,188.650,188.590,188.650,0,0
1525196340,188.690,188.690,188.690,188.690,0,0
1525196400,188.690,188.690,188.690,188.690,3149,454995
1525196460,188.690,188.690,188.690,188.690,0,0
1525196520,188.690,188.750,188.690,188.750,0,0
1525196580,188.890,188.890,188.890,188.890,0,0
1525196640,188.930,188.930,188.930,188.930,0,0
1525196700,189.000,189.110,189.000,189.130,9130,458144
1525196760,189.070,189.120,189.070,189.120,0,0
1525196820,189.110,189.150,189.110,189.150,0,0
1525196880,189.310,189.310,189.310,189.310,0,0
1525196940,189.280,189.340,189.280,189.340,0,0
1525197000,189.250,189.250,189.250,189.250,5872,467274
1525197060,189.320,189.320,189.320,189.320,0,0
1525197120,189.370,189.300,189.300,189.370,0,0
1525197240,189.240,189.280,189.190,189.280,0,0
1525197300,189.340,189.340,189.340,189.340,11153,473146
1525197360,189.420,189.470,189.420,189.470,0,0
1525197420,189.350,189.380,189.350,189.380,0,0
1525197480,189.320,189.210,189.210,189.360,0,0
1525197540,189.260,189.370,189.260,189.370,0,0
1525197600,189.470,189.440,189.440,189.470,8061,484299
1525197660,189.470,189.520,189.470,189.520,0,0
1525197720,189.520,189.530,189.470,189.540,0,0
1525197780,189.460,189.580,189.460,189.580,0,0
1525197840,189.520,189.610,189.520,189.610,0,0
1525197900,189.550,189.520,189.520,189.580,5685,492360
1525197960,189.440,189.440,189.440,189.440,0,0
1525198020,189.520,189.520,189.520,189.520,0,0
1525198080,189.540,189.550,189.540,189.550,0,0
1525198140,189.510,189.510,189.510,189.510,0,0
1525198200,189.670,189.670,189.670,189.670,9927,498045
1525198320,189.640,189.740,189.640,189.740,0,0
1525198380,189.780,189.780,189.780,189.780,0,0
1525198440,189.870,189.820,189.780,189.870,0,0
1525198500,189.960,189.960,189.960,189.960,2370,507972
1525198680,189.960,189.960,189.960,189.960,0,0
1525198740,189.840,189.940,189.840,189.940,0,0
1525198800,189.930,189.930,189.930,189.930,9186,510342
1525198860,189.890,189.890,189.890,189.890,0,0
1525198920,189.980,190.030,189.980,190.030,0,0
1525198980,190.060,190.060,190.060,190.060,0,0
1525199040,189.980,190.150,189.980,190.150,0,0
1525199100,190.190,190.150,190.150,190.190,5452,519528
1525199160,190.180,190.050,190.030,190.180,0,0
1525199220,189.940,189.950,189.940,189.950,0,0
1525199400,189.780,189.940,189.780,189.940,11463,524980
1525199460,189.840,189.900,189.840,189.900,0,0
1525199520,189.840,189.860,189.820,189.870,0,0
1525199580,189.710,189.710,189.710,189.710,0,0
1525199640,189.780,189.790,189.780,189.790,0,0
1525199700,189.870,189.820,189.820,189.870,6315,536443
1525199760,189.770,189.660,189.660,189.770,0,0
1525199820,189.670,189.670,189.670,189.670,0,0
1525199880,189.680,189.680,189.680,189.680,0,0
1525199940,189.680,189.730,189.680,189.730,0,0
1525200000,189.660,189.660,189.660,189.660,6564,542758
1525200060,189.740,189.740,189.740,189.740,0,0
1525200120,189.800,189.800,189.800,189.800,0,0
1525200180,189.840,189.840,189.840,189.840,0,0
1525200240,189.950,190.070,189.950,190.070,0,0
1525200300,190.110,190.100,190.080,190.120,5449,549322
1525200360,190.140,190.190,190.140,190.190,0,0
1525200420,190.120,190.180,190.120,190.180,0,0
1525200480,190.080,190.090,190.080,190.090,0,0
1525200600,189.960,190.060,189.960,190.060,8399,554771
1525200660,190.010,190.010,190.010,190.010,0,0
1525200720,190.130,190.040,190.030,190.130,0,0
1525200780,190.000,190.000,190.000,190.000,0,0
1525200840,189.880,189.820,189.820,189.880,0,0
1525200900,189.960,189.950,189.950,189.960,6298,563170
1525200960,189.940,189.940,189.940,189.940,0,0
1525201020,189.920,189.890,189.890,189.960,0,0
1525201080,190.010,190.080,190.010,190.080,0,0
1525201140,190.120,190.090,190.010,190.120,0,0
1525201200,190.080,190.110,190.080,190.170,14003,569468
1525201260,190.120,190.020,190.020,190.120,0,0
1525201320,190.060,190.110,190.060,190.110,0,0
1525201380,190.110,190.040,190.040,190.110,0,0
1525201440,190.000,189.860,189.860,190.000,0,0
1525201500,189.890,189.890,189.890,189.890,15152,583471
1525201560,189.920,189.920,189.920,189.920,0,0
1525201620,189.950,190.000,189.950,190.000,0,0
1525201680,189.960,190.110,189.930,190.110,0,0
1525201740,190.100,190.110,190.100,190.130,0,0
1525201800,190.070,190.020,190.020,190.070,13042,598623
1525201860,190.080,189.980,189.980,190.080,0,0
1525201920,189.930,189.930,189.930,189.930,0,0
1525201980,189.880,189.850,189.850,189.880,0,0
1525202040,189.850,189.870,189.850,189.940,0,0
1525202100,189.920,189.880,189.880,189.950,9404,611665
1525202160,189.920,189.880,189.880,189.950,0,0
1525202220,189.820,189.860,189.820,189.860,0,0
1525202280,189.790,189.860,189.790,189.860,0,0
1525202340,189.840,189.790,189.790,189.840,0,0
1525202400,189.820,189.860,189.790,189.860,11114,621069
1525202460,189.870,189.860,189.860,189.870,0,0
1525202520,189.840,189.910,189.840,189.910,0,0
1525202580,189.880,189.920,189.880,189.940,0,0
1525202640,189.880,189.910,189.840,189.910,0,0
1525202700,189.870,189.870,189.870,189.870,46462,632183
1525202760,189.840,189.710,189.710,189.840,0,0
1525202820,189.710,189.570,189.570,189.710,0,0
1525202880,189.650,189.660,189.640,189.700,0,0
1525202940,189.670,189.740,189.670,189.740,0,0
1525203000,189.680,189.730,189.680,189.730,11297,678645
1525203060,189.640,189.650,189.640,189.650,0,0
1525203120,189.710,189.720,189.710,189.770,0,0
1525203180,189.690,189.750,189.690,189.750,0,0
1525203240,189.760,189.770,189.760,189.770,0,0
1525203300,189.690,189.720,189.690,189.720,11163,689942
1525203360,189.660,189.710,189.660,189.710,0,0
1525203420,189.670,189.680,189.670,189.690,0,0
1525203480,189.610,189.480,189.480,189.610,0,0
1525203540,189.430,189.380,189.380,189.430,0,0
1525203600,189.470,189.610,189.470,189.610,14060,701105
1525203660,189.660,189.690,189.660,189.690,0,0
1525203720,189.750,189.730,189.730,189.750,0,0
1525203780,189.760,189.750,189.710,189.800,0,0
1525203840,189.810,189.860,189.810,189.930,0,0
1525203900,189.930,190.030,189.930,190.060,38816,715165
1525203960,190.060,190.050,190.030,190.070,0,0
1525204020,190.000,190.040,190.000,190.040,0,0
1525204080,190.030,189.980,189.980,190.030,0,0
1525204140,190.030,190.050,190.030,190.050,0,0
1525204200,190.050,190.140,190.050,190.210,25689,753981
1525204260,190.150,190.100,190.090,190.150,0,0
1525204320,190.170,190.130,190.130,190.170,0,0
1525204380,190.140,190.160,190.110,190.160,0,0
1525204440,190.140,190.100,190.100,190.140,0,0
1525204500,190.150,190.160,190.150,190.160,54293,779670
1525204560,190.120,190.100,190.100,190.120,0,0
1525204620,190.090,189.970,189.970,190.100,0,0
1525204680,189.960,189.780,189.780,189.960,0,0
1525204740,189.800,190.030,189.800,190.060,0,0
1525267800,188.260,188.190,188.190,188.260,19962,0
1525267860,188.280,188.850,188.280,188.850,0,0
1525267920,189.110,188.810,188.810,189.110,0,0
1525267980,189.220,189.220,189.220,189.220,0,0
1525268040,188.940,188.500,188.500,189.180,0,0
1525268100,188.890,188.560,188.560,189.060,14851,19962
1525268220,188.660,188.180,188.160,188.660,0,0
1525268280,188.390,188.650,188.390,188.650,0,0
1525268340,188.630,188.390,188.390,188.630,0,0
1525268400,188.390,188.560,188.390,188.570,5433,34813
1525268520,188.660,188.670,188.660,188.670,0,0
1525268580,188.570,188.570,188.570,188.570,0,0
1525268640,188.930,188.910,188.910,188.990,0,0
1525268700,188.890,188.640,188.640,188.890,8174,40246
1525268760,188.810,188.810,188.810,188.810,0,0
1525268820,188.960,188.830,188.820,188.960,0,0
1525268880,188.820,188.820,188.820,188.820,0,0
1525268940,188.970,188.790,188.790,188.970,0,0
1525269000,188.680,188.820,188.650,188.850,20243,48420
1525269120,189.030,189.050,189.000,189.200,0,0
1525269180,189.070,189.050,189.050,189.070,0,0
1525269240,189.050,189.050,189.050,189.050,0,0
1525269300,188.910,188.720,188.720,188.910,13116,68663
1525269360,188.700,188.700,188.700,188.700,0,0
1525269420,188.630,188.480,188.480,188.730,0,0
1525269480,188.490,188.590,188.420,188.590,0,0
1525269540,188.640,188.620,188.620,188.640,0,0
1525269600,188.590,188.770,188.560,188.770,7134,81779
1525269660,188.910,188.980,188.910,188.980,0,0
1525269720,188.950,188.990,188.950,188.990,0,0
1525269840,189.260,189.350,189.260,189.350,0,0
1525269900,189.410,189.250,189.250,189.430,10516,88913
1525269960,189.320,189.090,189.090,189.320,0,0
1525270020,189.210,189.210,189.210,189.210,0,0
1525270080,189.110,189.180,189.110,189.360,0,0
1525270140,189.300,189.070,189.070,189.300,0,0
1525270200,188.990,188.950,188.950,188.990,9543,99429
1525270260,188.970,188.940,188.940,188.970,0,0
1525270320,189.060,189.070,189.060,189.180,0,0
1525270380,188.920,188.920,188.920,188.920,0,0
1525270440,189.040,189.040,189.040,189.040,0,0
1525270500,188.980,189.060,188.980,189.060,10561,108972
1525270560,189.140,189.100,189.050,189.140,0,0
1525270620,189.150,189.460,189.150,189.460,0,0
1525270680,189.350,189.280,189.280,189.350,0,0
1525270740,189.290,189.290,189.290,189.290,0,0
1525270800,189.260,189.360,189.260,189.360,7557,119533
1525270860,189.280,189.160,189.160,189.280,0,0
1525270920,189.140,189.140,189.140,189.140,0,0
1525270980,189.070,188.870,188.870,189.070,0,0
1525271100,188.940,188.950,188.940,188.950,7589,127090
1525271160,188.900,189.010,188.900,189.010,0,0
1525271220,189.150,189.150,189.150,189.150,0,0
1525271280,189.180,188.890,188.890,189.180,0,0
1525271340,188.760,188.760,188.760,188.760,0,0
1525271400,188.730,188.780,188.730,188.780,9765,134679
1525271460,188.730,188.640,188.640,188.730,0,0
1525271520,188.750,188.810,188.750,188.870,0,0
1525271580,188.740,188.780,188.740,188.820,0,0
1525271640,188.810,188.820,188.810,188.820,0,0
1525271700,189.060,189.060,189.060,189.060,3645,144444
1525271820,189.120,189.120,189.120,189.120,0,0
1525271880,189.010,189.060,189.010,189.110,0,0
1525272000,189.150,188.990,188.990,189.150,4456,148089
1525272060,189.050,189.050,189.050,189.050,0,0
1525272120,188.940,188.890,188.890,188.940,0,0
1525272180,188.950,188.950,188.950,188.950,0,0
1525272240,188.810,188.810,188.810,188.810,0,0
1525272300,188.770,188.770,188.770,188.770,9954,152545
1525272420,189.060,188.840,188.840,189.060,0,0
1525272480,189.000,188.740,188.740,189.000,0,0
1525272540,188.910,188.700,188.700,188.910,0,0
1525272600,188.700,188.700,188.700,188.700,6207,162499
1525272660,188.620,188.640,188.620,188.640,0,0
1525272720,188.690,188.690,188.690,188.690,0,0
1525272780,188.820,188.940,188.810,188.940,0,0
1525272840,188.930,188.950,188.880,188.950,0,0
1525272900,188.940,188.940,188.940,188.940,9455,168706
1525272960,188.950,189.010,188.950,189.010,0,0
1525273020,188.930,189.040,188.930,189.040,0,0
1525273140,189.160,189.160,189.160,189.160,0,0
1525273200,189.210,189.210,189.210,189.210,12484,178161
1525273260,189.190,189.190,189.190,189.190,0,0
1525273320,189.390,189.390,189.390,189.390,0,0
1525273380,189.410,189.170,189.170,189.410,0,0
1525273440,189.260,189.400,189.260,189.400,0,0
1525273500,189.450,189.530,189.450,189.530,13234,190645
1525273560,189.630,189.510,189.510,189.630,0,0
1525273620,189.570,189.510,189.510,189.570,0,0
1525273680,189.590,189.530,189.530,189.590,0,0
1525273740,189.510,189.390,189.390,189.510,0,0
1525273800,189.440,189.570,189.440,189.570,4268,203879
1525273860,189.460,189.520,189.460,189.520,0,0
1525274100,189.780,189.780,189.780,189.780,34663,208147
1525274160,189.680,189.300,189.300,189.680,0,0
1525274220,189.400,189.180,189.180,189.400,0,0
1525274280,188.860,188.970,188.570,188.970,0,0
1525274340,188.820,188.870,188.820,188.870,0,0
1525274400,188.800,188.820,188.790,188.820,5310,242810
1525274460,188.760,188.770,188.730,188.770,0,0
1525274520,188.770,188.770,188.770,188.770,0,0
1525274580,188.800,188.620,188.620,188.800,0,0
1525274640,188.620,188.640,188.620,188.640,0,0
1525274700,188.640,188.740,188.620,188.740,10391,248120
1525274760,188.680,188.720,188.680,188.720,0,0
1525274820,188.800,188.710,188.710,188.800,0,0
1525274880,188.710,188.690,188.690,188.710,0,0
1525274940,188.670,188.640,188.640,188.690,0,0
1525275000,188.760,188.760,188.760,188.760,4010,258511
1525275060,188.710,188.700,188.700,188.710,0,0
1525275120,188.580,188.680,188.580,188.680,0,0
1525275180,188.620,188.530,188.530,188.620,0,0
1525275240,188.690,188.690,188.690,188.690,0,0
1525275300,188.760,188.760,188.760,188.760,3820,262521
1525275360,188.880,188.930,188.880,188.930,0,0
1525275420,188.940,188.930,188.880,188.940,0,0
1525275480,188.930,188.930,188.930,188.930,0,0
1525275540,188.940,188.990,188.940,188.990,0,0
1525275600,188.990,188.930,188.930,188.990,8198,266341
1525275660,188.950,188.950,188.950,188.950,0,0
1525275720,189.000,188.910,188.910,189.000,0,0
1525275780,188.880,188.810,188.810,188.880,0,0
1525275840,188.760,188.720,188.720,188.760,0,0
1525275900,188.740,188.620,188.620,188.770,17584,274539
1525275960,188.710,188.710,188.710,188.710,0,0
1525276020,188.720,188.840,188.720,188.840,0,0
1525276080,188.780,188.800,188.780,188.940,0,0
1525276140,188.660,188.550,188.550,188.660,0,0
1525276200,188.680,188.680,188.680,188.680,2022,292123
1525276260,188.680,188.680,188.680,188.680,0,0
1525276320,188.780,188.780,188.780,188.780,0,0
1525276380,188.910,188.980,188.910,188.980,0,0
1525276440,188.970,188.980,188.970,188.980,0,0
1525276500,188.920,189.000,188.920,189.000,14301,294145
1525276560,188.920,189.000,188.920,189.000,0,0
1525276620,188.970,189.060,188.970,189.060,0,0
1525276740,189.130,189.210,189.130,189.210,0,0
1525276800,189.200,188.970,188.970,189.200,11139,308446
1525276860,188.940,188.880,188.880,188.940,0,0
1525276920,188.980,188.980,188.980,188.980,0,0
1525276980,188.990,188.970,188.930,188.990,0,0
1525277040,188.990,189.070,188.990,189.070,0,0
1525277100,189.020,189.060,189.020,189.060,8462,319585
1525277160,189.110,189.140,189.110,189.140,0,0
1525277220,189.180,189.230,189.180,189.230,0,0
1525277280,189.310,189.260,189.220,189.310,0,0
1525277340,189.320,189.320,189.320,189.320,0,0
1525277400,189.320,189.400,189.320,189.400,6700,328047
1525277460,189.410,189.460,189.410,189.460,0,0
1525277520,189.440,189.400,189.400,189.440,0,0
1525277580,189.470,189.530,189.470,189.530,0,0
1525277640,189.500,189.400,189.400,189.500,0,0
1525277700,189.560,189.560,189.560,189.560,13639,334747
1525277760,189.560,189.560,189.560,189.560,0,0
1525277820,189.550,189.550,189.550,189.550,0,0
1525277880,189.530,189.440,189.440,189.530,0,0
1525277940,189.450,189.550,189.450,189.550,0,0
1525278000,189.570,189.570,189.570,189.570,4554,348386
1525278120,189.580,189.620,189.550,189.620,0,0
1525278180,189.600,189.600,189.600,189.600,0,0
1525278240,189.520,189.580,189.520,189.580,0,0
1525278300,189.600,189.620,189.600,189.620,3045,352940
1525278360,189.730,189.730,189.730,189.730,0,0
1525278420,189.730,189.690,189.690,189.730,0,0
1525278480,189.720,189.720,189.720,189.720,0,0
1525278600,189.800,189.800,189.800,189.800,5528,355985
1525278660,189.780,189.660,189.660,189.780,0,0
1525278720,189.690,189.690,189.690,189.690,0,0
1525278780,189.860,189.860,189.860,189.860,0,0
1525278840,189.840,189.860,189.840,189.860,0,0
1525278900,189.820,189.870,189.820,189.870,5981,361513
1525278960,189.790,189.790,189.790,189.790,0,0
1525279020,189.900,189.900,189.900,189.900,0,0
1525279080,189.810,189.810,189.810,189.810,0,0
1525279140,189.800,189.790,189.790,189.800,0,0
1525279200,189.820,189.800,189.800,189.870,7602,367494
1525279260,189.850,189.870,189.760,189.870,0,0
1525279320,189.920,190.060,189.920,190.060,0,0
1525279380,190.040,189.970,189.970,190.040,0,0
1525279440,190.060,190.060,190.060,190.060,0,0
1525279500,190.120,190.170,190.120,190.170,8319,375096
1525279560,190.120,190.070,190.070,190.120,0,0
1525279620,190.090,189.900,189.900,190.090,0,0
1525279680,189.780,189.780,189.780,189.780,0,0
1525279740,189.860,189.990,189.860,189.990,0,0
1525279800,189.920,189.910,189.910,189.920,2520,383415
1525279860,189.940,189.940,189.940,189.940,0,0
1525279920,190.060,190.060,190.060,190.060,0,0
1525279980,189.970,189.970,189.970,189.970,0,0
1525280040,189.930,189.990,189.930,189.990,0,0
1525280100,189.980,189.990,189.970,189.990,4761,385935
1525280160,190.090,190.090,190.090,190.090,0,0
1525280220,190.050,190.210,190.050,190.210,0,0
1525280280,190.310,190.310,190.310,190.310,0,0
1525280340,190.260,190.180,190.180,190.260,0,0
1525280400,190.250,190.250,190.250,190.250,4761,390696
1525280460,190.260,190.260,190.260,190.260,0,0
1525280520,190.350,190.500,190.350,190.500,0,0
1525280580,190.440,190.440,190.440,190.440,0,0
1525280640,190.400,190.400,190.400,190.400,0,0
1525280700,190.390,190.390,190.390,190.390,5756,395457
1525280760,190.350,190.350,190.350,190.350,0,0
1525280940,190.290,190.340,190.290,190.340,0,0
1525281000,190.460,190.460,190.460,190.460,10257,401213
1525281060,190.460,190.460,190.460,190.460,0,0
1525281120,190.520,190.520,190.520,190.520,0,0
1525281180,190.550,190.510,190.510,190.550,0,0
1525281240,190.560,190.550,190.460,190.590,0,0
1525281300,190.480,190.480,190.480,190.480,9387,411470
1525281360,190.450,190.360,190.330,190.450,0,0
1525281420,190.310,190.300,190.300,190.310,0,0
1525281480,190.250,190.280,190.250,190.280,0,0
1525281540,190.230,190.220,190.220,190.230,0,0
1525281600,190.270,190.270,190.270,190.270,4843,420857
1525281720,190.360,190.340,190.340,190.360,0,0
1525281840,190.470,190.470,190.470,190.470,0,0
1525281900,190.490,190.490,190.490,190.490,2785,425700
1525281960,190.410,190.410,190.410,190.410,0,0
1525282080,190.500,190.500,190.500,190.500,0,0
1525282140,190.490,190.490,190.490,190.490,0,0
1525282200,190.490,190.550,190.490,190.560,6710,428485
1525282260,190.450,190.590,190.450,190.590,0,0
1525282320,190.550,190.550,190.550,190.550,0,0
1525282380,190.470,190.520,190.470,190.520,0,0
1525282500,190.440,190.360,190.360,190.440,9312,435195
1525282560,190.370,190.370,190.370,190.370,0,0
1525282620,190.370,190.500,190.370,190.500,0,0
1525282680,190.500,190.370,190.370,190.500,0,0
1525282740,190.430,190.350,190.350,190.430,0,0
1525282800,190.410,190.410,190.410,190.410,3051,444507
1525282920,190.390,190.330,190.330,190.400,0,0
1525283040,190.280,190.350,190.280,190.350,0,0
1525283100,190.360,190.360,190.360,190.360,28855,447558
1525283220,190.360,190.410,190.360,190.410,0,0
1525283280,190.350,190.350,190.350,190.350,0,0
1525283340,190.300,190.280,190.280,190.340,0,0
1525283400,190.240,190.210,190.210,190.240,5733,476413
1525283460,190.190,190.250,190.190,190.250,0,0
1525283520,190.200,190.160,190.160,190.200,0,0
1525283640,190.120,190.120,190.120,190.120,0,0
1525283700,190.120,190.120,190.120,190.120,7825,482146
1525283760,190.190,190.100,190.100,190.190,0,0
1525283820,190.090,190.090,190.090,190.090,0,0
1525283880,190.190,190.010,190.010,190.190,0,0
1525283940,190.060,190.100,190.060,190.100,0,0
1525284000,190.170,190.450,190.170,190.470,6871,489971
1525284120,190.410,190.390,190.390,190.410,0,0
1525284180,190.400,190.400,190.400,190.400,0,0
1525284240,190.390,190.450,190.390,190.450,0,0
1525284300,190.480,190.450,190.390,190.480,8294,496842
1525284420,190.460,190.550,190.450,190.550,0,0
1525284480,190.620,190.570,190.570,190.630,0,0
1525284540,190.640,190.640,190.640,190.640,0,0
1525284600,190.660,190.680,190.660,190.700,11122,505136
1525284660,190.570,190.670,190.570,190.670,0,0
1525284780,190.540,190.410,190.410,190.540,0,0
1525284900,190.490,190.430,190.430,190.490,10918,516258
1525284960,190.410,190.500,190.410,190.500,0,0
1525285020,190.400,190.260,190.260,190.400,0,0
1525285080,190.130,190.170,190.130,190.260,0,0
1525285140,190.190,190.230,190.190,190.230,0,0
1525285200,190.260,190.340,190.260,190.340,9539,527176
1525285260,190.230,190.280,190.230,190.280,0,0
1525285320,190.280,190.280,190.280,190.280,0,0
1525285380,190.130,190.240,190.130,190.240,0,0
1525285440,190.050,190.170,190.050,190.170,0,0
1525285500,190.200,190.340,190.200,190.340,9283,536715
1525285560,190.410,190.450,190.410,190.450,0,0
1525285620,190.380,190.420,190.380,190.420,0,0
1525285680,190.650,190.650,190.650,190.650,0,0
1525285740,190.600,190.540,190.540,190.600,0,0
1525285800,190.370,190.370,190.370,190.370,37891,545998
1525285860,190.560,190.560,190.560,190.560,0,0
1525285920,190.570,190.550,190.550,190.590,0,0
1525286040,190.430,190.490,190.430,190.490,0,0
1525286100,190.380,190.320,190.320,190.380,17695,583889
1525286160,190.190,190.080,190.080,190.270,0,0
1525286220,190.220,190.340,190.220,190.340,0,0
1525286280,190.350,190.350,190.350,190.350,0,0
1525286340,190.350,190.290,190.290,190.350,0,0
1525286400,190.170,190.190,190.170,190.260,8540,601584
1525286460,190.060,190.060,190.060,190.060,0,0
1525286520,190.180,190.140,190.140,190.180,0,0
1525286640,190.040,190.140,190.040,190.140,0,0
1525286700,190.140,190.140,190.140,190.140,9674,610124
1525286760,190.080,190.010,190.010,190.080,0,0
1525286820,189.990,190.030,189.990,190.070,0,0
1525286880,189.990,189.990,189.990,189.990,0,0
1525287000,190.160,190.140,190.140,190.160,10426,619798
1525287060,190.110,190.110,190.110,190.110,0,0
1525287120,190.120,190.040,190.040,190.120,0,0
1525287180,189.960,189.810,189.810,189.960,0,0
1525287240,189.640,189.640,189.640,189.640,0,0
1525287300,189.600,189.610,189.590,189.610,24184,630224
1525287360,189.620,189.600,189.600,189.620,0,0
1525287420,189.590,189.640,189.540,189.640,0,0
1525287480,189.670,189.570,189.570,189.800,0,0
1525287540,189.530,189.560,189.510,189.560,0,0
1525287600,189.540,189.470,189.450,189.540,33394,654408
1525287660,189.350,189.430,189.350,189.430,0,0
1525287720,189.570,189.430,189.430,189.570,0,0
1525287780,189.380,189.440,189.380,189.440,0,0
1525287840,189.650,189.420,189.410,189.650,0,0
1525287900,189.500,189.620,189.500,189.620,17243,687802
1525287960,189.600,189.520,189.520,189.640,0,0
1525288020,189.510,189.770,189.490,189.770,0,0
1525288080,189.760,189.990,189.760,189.990,0,0
1525288140,189.950,189.880,189.880,189.990,0,0
1525288200,189.870,189.830,189.830,189.870,7396,705045
1525288260,189.730,189.690,189.690,189.730,0,0
1525288320,189.730,189.690,189.690,189.730,0,0
1525288380,189.680,189.660,189.660,189.690,0,0
1525288440,189.650,189.710,189.650,189.710,0,0
1525288500,189.710,189.360,189.360,189.750,12101,712441
1525288560,189.390,189.390,189.390,189.390,0,0
1525288620,189.540,189.540,189.540,189.540,0,0
1525288680,189.490,189.360,189.360,189.530,0,0
1525288740,189.340,189.290,189.290,189.340,0,0
1525288800,189.390,189.290,189.290,189.390,10914,724542
1525288860,189.350,189.280,189.280,189.350,0,0
1525288920,189.130,189.060,189.060,189.190,0,0
1525288980,189.060,189.010,189.010,189.110,0,0
1525289040,188.930,188.930,188.930,188.930,0,0
1525289100,188.960,189.000,188.920,189.000,19091,735456
1525289160,189.010,189.120,188.980,189.120,0,0
1525289220,189.110,189.100,189.080,189.150,0,0
1525289280,189.110,189.100,189.070,189.110,0,0
1525289340,189.100,189.020,189.020,189.100,0,0
1525289400,189.010,188.780,188.780,189.010,43671,754547
1525289460,188.680,188.830,188.680,188.830,0,0
1525289520,188.810,188.790,188.790,188.810,0,0
1525289580,188.830,188.670,188.630,188.830,0,0
1525289640,188.690,188.810,188.690,188.830,0,0
1525289700,188.720,188.920,188.660,188.920,33650,798218
1525289760,188.750,188.710,188.710,188.750,0,0
1525289820,188.740,188.600,188.600,188.760,0,0
1525289880,188.620,188.610,188.610,188.730,0,0
1525289940,188.610,188.760,188.610,188.760,0,0
1525290000,188.780,188.680,188.640,188.780,26677,831868
1525290060,188.680,188.800,188.680,188.800,0,0
1525290120,188.750,188.570,188.570,188.750,0,0
1525290180,188.530,188.490,188.450,188.530,0,0
1525290240,188.450,188.240,188.240,188.490,0,0
1525290300,188.180,188.160,188.040,188.180,43967,858545
1525290360,188.040,188.140,187.960,188.140,0,0
1525290420,188.120,188.090,188.060,188.150,0,0
1525290480,188.100,188.290,188.100,188.290,0,0
1525290540,188.240,188.200,188.200,188.260,0,0
1525290600,188.170,188.160,188.130,188.230,65826,902512
1525290660,188.150,188.160,188.150,188.180,0,0
1525290720,188.180,188.010,188.010,188.180,0,0
1525290780,188.030,188.060,188.000,188.080,0,0
1525290840,188.070,187.960,187.960,188.070,0,0
1525290900,187.960,188.100,187.950,188.120,257664,968338
1525290960,188.030,188.100,188.010,188.100,0,0
1525291020,188.150,188.160,188.140,188.210,0,0
1525291080,188.200,188.050,188.050,188.200,0,0
1525291140,188.120,187.980,187.910,188.120,0,0
1525354200,187.080,187.590,187.080,187.590,27467,0
1525354260,187.080,187.590,187.080,187.590,0,0
1525354320,187.950,187.950,187.950,187.950,0,0
1525354380,187.950,187.950,187.950,187.950,0,0
1525354440,188.310,187.640,187.640,188.310,0,0
1525354500,187.750,187.750,187.750,187.750,6086,27467
1525354560,187.170,187.170,187.170,187.170,0,0
1525354620,187.170,186.640,186.640,187.170,0,0
1525354680,186.780,186.780,186.780,186.780,0,0
1525354800,186.890,186.890,186.890,186.890,9353,33553
1525354860,187.080,187.140,187.080,187.140,0,0
1525354920,187.600,187.600,187.600,187.600,0,0
1525354980,187.060,186.850,186.850,187.060,0,0
1525355040,186.720,186.580,186.580,186.720,0,0
1525355100,186.870,186.840,186.840,186.870,10853,42906
1525355160,186.750,186.750,186.750,186.750,0,0
1525355280,186.780,186.590,186.590,186.780,0,0
1525355340,186.680,186.680,186.680,186.680,0,0
1525355400,186.680,186.760,186.620,186.810,29516,53759
1525355460,186.780,186.690,186.690,186.780,0,0
1525355520,186.660,186.520,186.520,186.660,0,0
1525355580,186.540,186.590,186.540,186.590,0,0
1525355640,186.680,186.780,186.680,186.780,0,0
1525355700,186.760,186.960,186.730,186.960,14952,83275
1525355760,187.200,187.200,187.200,187.200,0,0
1525355820,187.290,187.290,187.290,187.290,0,0
1525355880,187.250,187.190,187.190,187.250,0,0
1525356000,187.180,186.930,186.870,187.180,18854,98227
1525356060,186.930,187.000,186.930,187.070,0,0
1525356120,186.880,186.880,186.880,186.880,0,0
1525356180,186.940,187.010,186.940,187.090,0,0
1525356240,186.940,187.050,186.940,187.050,0,0
1525356300,187.100,186.850,186.850,187.100,7111,117081
1525356420,186.880,186.820,186.820,186.880,0,0
1525356480,186.830,186.960,186.830,187.060,0,0
1525356540,187.150,187.150,187.150,187.150,0,0
1525356600,187.260,187.180,187.150,187.260,25457,124192
1525356660,187.110,187.060,187.060,187.110,0,0
1525356720,186.900,186.940,186.870,186.940,0,0
1525356840,187.030,186.660,186.660,187.030,0,0
1525356900,186.650,186.970,186.650,186.970,7362,149649
1525356960,186.810,186.810,186.810,186.810,0,0
1525357020,186.720,186.710,186.660,186.720,0,0
1525357080,186.510,186.460,186.460,186.510,0,0
1525357140,186.600,186.600,186.600,186.600,0,0
1525357200,186.370,186.460,186.370,186.620,10022,157011
1525357260,186.200,186.300,186.190,186.300,0,0
1525357320,186.350,186.270,186.270,186.350,0,0
1525357380,186.080,186.080,186.080,186.080,0,0
1525357440,185.990,186.070,185.990,186.070,0,0
1525357500,186.190,186.190,186.190,186.190,9448,167033
1525357560,185.880,185.880,185.880,185.880,0,0
1525357620,185.960,186.120,185.960,186.120,0,0
1525357680,186.130,186.180,186.130,186.210,0,0
1525357740,186.260,186.150,186.150,186.290,0,0
1525357800,186.140,186.020,185.970,186.140,9555,176481
1525357860,186.070,186.070,186.070,186.070,0,0
1525357920,185.880,185.930,185.880,185.930,0,0
1525357980,185.860,185.790,185.790,185.860,0,0
1525358040,185.600,185.510,185.510,185.600,0,0
1525358100,185.530,185.710,185.530,185.710,14216,186036
1525358160,185.400,185.430,185.400,185.430,0,0
1525358220,185.340,185.350,185.340,185.420,0,0
1525358280,185.410,185.240,185.180,185.410,0,0
1525358340,185.260,185.430,185.260,185.430,0,0
1525358400,185.460,185.460,185.460,185.460,6852,200252
1525358460,185.420,185.420,185.420,185.420,0,0
1525358520,185.460,185.460,185.460,185.460,0,0
1525358640,185.750,185.500,185.500,185.750,0,0
1525358700,185.560,185.640,185.560,185.640,9304,207104
1525358760,185.710,185.790,185.710,185.790,0,0
1525358880,186.080,185.930,185.930,186.080,0,0
1525358940,185.950,185.990,185.950,185.990,0,0
1525359000,185.870,185.990,185.870,185.990,23754,216408
1525359060,185.790,185.790,185.790,185.790,0,0
1525359120,185.740,185.480,185.480,185.740,0,0
1525359180,185.660,185.830,185.660,185.830,0,0
1525359240,185.850,185.860,185.790,185.860,0,0
1525359300,185.690,185.420,185.420,185.690,26153,240162
1525359360,185.330,185.260,185.200,185.330,0,0
1525359420,185.230,185.230,185.230,185.230,0,0
1525359480,185.270,185.630,185.270,185.630,0,0
1525359540,185.530,185.580,185.530,185.730,0,0
1525359600,185.540,185.670,185.480,185.670,16994,266315
1525359660,185.900,185.900,185.900,185.900,0,0
1525359720,185.900,185.760,185.760,185.960,0,0
1525359780,185.690,185.690,185.690,185.690,0,0
1525359840,185.600,185.790,185.600,185.790,0,0
1525359900,185.760,185.890,185.760,185.890,13393,283309
1525359960,185.940,185.880,185.850,185.960,0,0
1525360020,185.900,185.870,185.870,185.900,0,0
1525360080,185.960,185.950,185.910,185.960,0,0
1525360140,185.860,185.970,185.790,185.970,0,0
1525360200,185.970,186.120,185.970,186.120,7202,296702
1525360260,186.090,186.230,186.090,186.230,0,0
1525360320,186.320,186.320,186.320,186.320,0,0
1525360380,186.250,186.230,186.230,186.280,0,0
1525360440,186.150,186.090,186.090,186.150,0,0
1525360500,186.130,186.430,186.130,186.430,12953,303904
1525360560,186.490,186.340,186.300,186.490,0,0
1525360620,186.460,186.420,186.420,186.460,0,0
1525360680,186.380,186.440,186.380,186.460,0,0
1525360740,186.460,186.280,186.280,186.460,0,0
1525360800,186.220,186.080,186.080,186.220,13820,316857
1525360860,186.000,185.880,185.880,186.000,0,0
1525360920,186.030,185.960,185.960,186.090,0,0
1525360980,185.940,185.930,185.930,185.940,0,0
1525361040,185.860,185.940,185.860,186.030,0,0
1525361100,185.930,185.830,185.820,185.930,13573,330677
1525361160,185.790,185.740,185.740,185.790,0,0
1525361220,185.850,185.680,185.680,185.850,0,0
1525361280,185.750,185.660,185.640,185.750,0,0
1525361340,185.560,185.470,185.470,185.560,0,0
1525361400,185.610,185.560,185.560,185.720,30181,344250
1525361460,185.520,185.620,185.520,185.620,0,0
1525361520,185.750,185.670,185.540,185.750,0,0
1525361580,185.370,185.520,185.330,185.520,0,0
1525361640,185.400,185.620,185.400,185.620,0,0
1525361700,185.730,185.650,185.650,185.730,10281,374431
1525361760,185.690,185.480,185.480,185.690,0,0
1525361820,185.530,185.620,185.530,185.620,0,0
1525361880,185.770,185.690,185.690,185.770,0,0
1525361940,185.710,185.650,185.650,185.710,0,0
1525362000,185.680,185.640,185.640,185.680,13761,384712
1525362060,185.770,185.580,185.580,185.770,0,0
1525362120,185.520,185.560,185.520,185.560,0,0
1525362180,185.710,185.760,185.710,185.800,0,0
1525362240,185.740,185.880,185.740,185.890,0,0
1525362300,186.000,185.710,185.710,186.000,54771,398473
1525362360,185.690,185.820,185.690,185.820,0,0
1525362420,185.970,185.940,185.650,185.970,0,0
1525362540,186.030,185.960,185.960,186.100,0,0
1525362600,186.160,186.430,186.160,186.470,37372,453244
1525362660,186.510,186.580,186.510,186.580,0,0
1525362720,186.630,186.760,186.630,186.760,0,0
1525362780,186.870,186.850,186.850,186.920,0,0
1525362840,187.090,186.970,186.970,187.090,0,0
1525362900,186.850,186.950,186.850,186.960,22356,490616
1525362960,186.880,187.260,186.880,187.260,0,0
1525363020,187.320,187.060,187.060,187.320,0,0
1525363080,187.150,187.030,186.820,187.150,0,0
1525363140,187.020,187.060,186.960,187.060,0,0
1525363200,187.040,186.930,186.920,187.050,18625,512972
1525363260,186.920,187.080,186.920,187.080,0,0
1525363320,187.190,187.050,187.020,187.220,0,0
1525363380,186.920,187.150,186.920,187.150,0,0
1525363440,187.110,187.120,187.110,187.120,0,0
1525363500,187.070,187.290,187.070,187.290,8447,531597
1525363560,187.380,187.510,187.380,187.530,0,0
1525363620,187.580,187.380,187.380,187.580,0,0
1525363680,187.320,187.250,187.250,187.320,0,0
1525363740,187.500,187.490,187.490,187.500,0,0
1525363800,187.550,187.520,187.520,187.550,7296,540044
1525363860,187.660,187.370,187.370,187.660,0,0
1525363920,187.440,187.470,187.440,187.470,0,0
1525363980,187.470,187.410,187.410,187.470,0,0
1525364040,187.590,187.640,187.590,187.640,0,0
1525364100,187.760,187.760,187.760,187.760,13928,547340
1525364160,187.490,187.280,187.280,187.560,0,0
1525364220,187.170,187.180,187.120,187.180,0,0
1525364280,186.980,187.070,186.980,187.070,0,0
1525364340,187.060,187.060,187.060,187.060,0,0
1525364400,187.140,187.060,187.060,187.210,16303,561268
1525364460,187.210,187.210,187.210,187.210,0,0
1525364520,187.200,187.200,187.200,187.200,0,0
1525364580,187.210,187.130,187.130,187.210,0,0
1525364640,187.190,186.890,186.890,187.190,0,0
1525364700,186.850,186.860,186.850,186.860,9449,577571
1525364760,186.930,186.820,186.820,186.940,0,0
1525364820,186.830,186.940,186.830,186.940,0,0
1525364880,186.940,186.950,186.880,186.960,0,0
1525364940,187.010,186.830,186.800,187.010,0,0
1525365000,186.920,187.000,186.920,187.000,5402,587020
1525365060,187.010,186.970,186.970,187.060,0,0
1525365120,186.970,187.060,186.970,187.060,0,0
1525365180,187.060,187.150,187.040,187.150,0,0
1525365300,187.210,187.320,187.210,187.330,11092,592422
1525365360,187.400,187.460,187.400,187.520,0,0
1525365420,187.400,187.490,187.400,187.490,0,0
1525365480,187.730,188.010,187.730,188.010,0,0
1525365540,187.920,187.850,187.850,188.010,0,0
1525365600,188.010,188.090,187.940,188.100,26378,603514
1525365660,188.290,188.220,187.850,188.290,0,0
1525365720,188.110,188.150,188.110,188.150,0,0
1525365840,188.440,188.240,188.240,188.440,0,0
1525365900,188.270,188.310,188.270,188.490,13498,629892
1525365960,188.080,188.050,188.050,188.250,0,0
1525366020,188.000,187.950,187.950,188.000,0,0
1525366080,187.860,188.040,187.830,188.040,0,0
1525366200,188.210,188.210,188.210,188.210,10030,643390
1525366260,188.210,188.200,188.200,188.210,0,0
1525366320,188.390,188.390,188.390,188.390,0,0
1525366380,188.620,188.780,188.620,188.780,0,0
1525366440,188.760,188.690,188.650,188.760,0,0
1525366500,188.710,188.570,188.570,188.790,36164,653420
1525366560,188.470,188.410,188.410,188.500,0,0
1525366620,188.460,188.500,188.460,188.520,0,0
1525366680,188.470,188.670,188.470,188.670,0,0
1525366740,188.780,188.780,188.780,188.780,0,0
1525366800,188.800,188.530,188.530,188.800,28547,689584
1525366860,188.240,188.210,188.210,188.240,0,0
1525366920,188.060,187.830,187.830,188.130,0,0
1525366980,187.800,187.790,187.690,187.800,0,0
1525367040,187.790,187.790,187.790,187.790,0,0
1525367100,187.870,187.670,187.670,187.870,5982,718131
1525367160,187.840,187.920,187.840,187.920,0,0
1525367220,188.110,188.110,188.110,188.110,0,0
1525367280,187.970,187.920,187.920,187.970,0,0
1525367340,187.990,187.930,187.930,188.060,0,0
1525367400,187.870,188.150,187.870,188.150,10592,724113
1525367460,188.090,187.970,187.970,188.090,0,0
1525367520,187.740,187.740,187.740,187.740,0,0
1525367580,187.980,187.940,187.910,188.010,0,0
1525367640,187.940,187.800,187.720,187.940,0,0
1525367700,188.020,188.020,188.020,188.020,5543,734705
1525367760,188.340,188.340,188.340,188.340,0,0
1525367820,188.350,188.300,188.260,188.350,0,0
1525367880,188.290,188.290,188.290,188.290,0,0
1525367940,188.290,188.290,188.290,188.290,0,0
1525368000,188.390,188.410,188.360,188.410,12665,740248
1525368060,188.390,188.430,188.390,188.660,0,0
1525368120,188.290,188.510,188.290,188.530,0,0
1525368180,188.510,188.290,188.230,188.510,0,0
1525368240,188.330,188.410,188.330,188.410,0,0
1525368300,188.360,188.270,188.270,188.360,8040,752913
1525368360,188.350,188.150,188.150,188.360,0,0
1525368420,188.360,188.360,188.360,188.360,0,0
1525368480,188.420,188.230,188.230,188.420,0,0
1525368540,188.320,188.320,188.320,188.320,0,0
1525368600,188.420,188.580,188.420,188.580,7119,760953
1525368660,188.560,188.930,188.560,188.930,0,0
1525368720,189.070,188.890,188.890,189.070,0,0
1525368780,188.800,188.950,188.800,188.950,0,0
1525368840,189.040,189.280,189.040,189.280,0,0
1525368900,189.230,189.220,189.180,189.230,6820,768072
1525368960,189.230,189.220,189.180,189.230,0,0
1525369020,189.330,189.330,189.330,189.330,0,0
1525369080,189.360,189.310,189.230,189.360,0,0
1525369140,189.280,189.310,189.280,189.310,0,0
1525369200,189.370,189.340,189.280,189.370,13439,774892
1525369260,189.370,189.330,189.330,189.370,0,0
1525369320,189.310,189.300,189.300,189.440,0,0
1525369380,189.390,189.300,189.290,189.390,0,0
1525369440,189.380,189.410,189.380,189.410,0,0
1525369500,189.350,189.480,189.350,189.480,6685,788331
1525369560,189.390,189.210,189.180,189.390,0,0
1525369620,189.220,189.080,189.080,189.390,0,0
1525369680,189.100,189.100,189.100,189.100,0,0
1525369740,189.200,189.270,189.200,189.270,0,0
1525369800,189.230,189.270,189.220,189.320,24139,795016
1525369860,189.210,189.200,189.200,189.210,0,0
1525369920,189.260,189.160,189.160,189.260,0,0
1525369980,189.170,189.290,189.170,189.360,0,0
1525370040,189.170,189.170,189.170,189.170,0,0
1525370100,189.410,189.320,189.320,189.410,10847,819155
1525370160,189.250,189.210,189.160,189.250,0,0
1525370220,189.190,189.320,189.190,189.320,0,0
1525370280,189.380,189.350,189.350,189.450,0,0
1525370340,189.230,189.070,189.070,189.280,0,0
1525370400,189.190,189.010,189.010,189.190,6562,830002
1525370460,189.000,189.050,188.970,189.050,0,0
1525370520,188.970,188.970,188.970,188.970,0,0
1525370580,188.960,189.090,188.950,189.090,0,0
1525370640,189.090,189.050,189.000,189.090,0,0
1525370700,189.040,189.030,189.000,189.090,29073,836564
1525370760,189.030,189.120,189.010,189.120,0,0
1525370820,189.110,189.260,189.110,189.260,0,0
1525370880,189.260,189.190,189.130,189.260,0,0
1525370940,189.350,189.100,189.100,189.350,0,0
1525371000,189.070,188.990,188.990,189.070,7519,865637
1525371060,189.010,189.030,189.000,189.030,0,0
1525371120,189.020,189.060,189.020,189.060,0,0
1525371180,189.050,189.030,189.030,189.060,0,0
1525371240,189.010,189.020,189.010,189.020,0,0
1525371300,189.130,188.880,188.880,189.130,15438,873156
1525371360,189.130,188.880,188.880,189.130,0,0
1525371420,188.830,188.960,188.830,188.960,0,0
1525371480,189.100,188.940,188.940,189.160,0,0
1525371540,188.850,188.930,188.850,188.930,0,0
1525371600,188.830,188.830,188.830,188.830,9006,888594
1525371660,188.800,188.850,188.800,188.850,0,0
1525371720,188.860,188.810,188.810,188.860,0,0
1525371840,188.820,188.850,188.820,188.860,0,0
1525371900,189.040,189.000,189.000,189.040,28157,897600
1525371960,189.160,189.050,189.050,189.170,0,0
1525372020,189.150,189.150,189.150,189.150,0,0
1525372080,189.040,189.160,189.040,189.170,0,0
1525372140,189.190,188.910,188.910,189.190,0,0
1525372200,188.910,189.010,188.910,189.040,29167,925757
1525372260,189.160,189.070,189.070,189.190,0,0
1525372320,189.020,189.190,189.020,189.190,0,0
1525372380,189.380,189.330,189.330,189.380,0,0
1525372440,189.340,189.170,189.100,189.340,0,0
1525372500,189.230,189.120,189.120,189.230,8132,954924
1525372560,189.310,189.310,189.310,189.310,0,0
1525372620,189.410,189.450,189.370,189.450,0,0
1525372680,189.400,189.450,189.390,189.450,0,0
1525372740,189.400,189.400,189.400,189.400,0,0
1525372800,189.370,189.440,189.370,189.440,32001,963056
1525372860,189.410,189.450,189.380,189.450,0,0
1525372920,189.490,189.160,189.160,189.490,0,0
1525372980,189.240,189.120,189.120,189.250,0,0
1525373040,189.140,189.080,188.990,189.140,0,0
1525373100,189.040,188.900,188.900,189.040,13225,995057
1525373160,188.910,189.000,188.910,189.030,0,0
1525373220,188.910,188.840,188.840,188.910,0,0
1525373280,188.930,189.100,188.930,189.100,0,0
1525373340,188.980,188.930,188.930,188.980,0,0
1525373400,188.920,188.930,188.920,188.990,17447,1008282
1525373460,188.960,188.930,188.920,188.960,0,0
1525373520,189.060,188.860,188.860,189.060,0,0
1525373580,188.950,188.940,188.910,188.990,0,0
1525373640,188.930,189.000,188.930,189.030,0,0
1525373700,189.110,189.040,189.040,189.110,13164,1025729
1525373760,188.970,188.850,188.850,188.970,0,0
1525373820,188.920,188.800,188.800,188.920,0,0
1525373880,188.890,188.820,188.820,188.940,0,0
1525373940,188.870,189.010,188.870,189.010,0,0
1525374000,189.030,189.150,189.030,189.300,10921,1038893
1525374060,189.180,189.180,189.180,189.180,0,0
1525374120,189.430,189.500,189.350,189.550,0,0
1525374180,189.390,189.440,189.390,189.460,0,0
1525374240,189.360,189.470,189.360,189.470,0,0
1525374300,189.410,189.260,189.260,189.410,18410,1049814
1525374360,189.330,189.200,189.200,189.330,0,0
1525374420,189.270,189.380,189.270,189.380,0,0
1525374480,189.380,189.380,189.380,189.380,0,0
1525374540,189.190,189.000,189.000,189.190,0,0
1525374600,188.960,188.940,188.940,188.960,14202,1068224
1525374660,188.960,189.030,188.960,189.080,0,0
1525374720,189.040,189.010,189.010,189.040,0,0
1525374780,188.990,189.260,188.990,189.260,0,0
1525374840,189.210,189.170,189.170,189.240,0,0
1525374900,189.430,189.480,189.370,189.480,37546,1082426
1525374960,189.430,189.480,189.370,189.480,0,0
1525375020,189.580,189.350,189.350,189.580,0,0
1525375080,189.440,189.410,189.350,189.570,0,0
1525375140,189.470,189.410,189.400,189.490,0,0
1525375200,189.340,189.440,189.260,189.440,17158,1119972
1525375260,189.410,189.410,189.410,189.410,0,0
1525375320,189.330,189.250,189.250,189.330,0,0
1525375380,189.320,189.450,189.320,189.450,0,0
1525375440,189.390,189.520,189.390,189.520,0,0
1525375500,189.500,189.430,189.430,189.500,13205,1137130
1525375560,189.470,189.610,189.470,189.610,0,0
1525375620,189.580,189.580,189.580,189.580,0,0
1525375680,189.620,189.520,189.520,189.620,0,0
1525375740,189.540,189.670,189.540,189.670,0,0
1525375800,189.700,189.800,189.700,189.800,12326,1150335
1525375860,189.780,189.770,189.770,189.780,0,0
1525375920,189.780,189.660,189.660,189.780,0,0
1525375980,189.690,189.610,189.610,189.690,0,0
1525376040,189.620,189.560,189.540,189.620,0,0
1525376100,189.500,189.510,189.500,189.540,43482,1162661
1525376160,189.520,189.410,189.410,189.520,0,0
1525376220,189.420,189.550,189.420,189.590,0,0
1525376280,189.500,189.370,189.370,189.500,0,0
1525376340,189.300,189.050,188.980,189.300,0,0
1525376400,189.100,189.030,189.030,189.120,14046,1206143
1525376460,189.100,189.070,189.070,189.110,0,0
1525376520,189.110,189.060,189.060,189.110,0,0
1525376580,189.200,189.090,189.050,189.200,0,0
1525376640,189.080,189.140,189.080,189.140,0,0
1525376700,189.190,189.400,189.190,189.410,133480,1220189
1525376760,189.410,189.470,189.340,189.510,0,0
1525376820,189.500,189.350,189.300,189.500,0,0
1525376880,189.330,189.220,189.200,189.360,0,0
1525376940,189.200,189.340,189.200,189.340,0,0
1525377000,189.300,189.490,189.300,189.490,42743,1353669
1525377060,189.610,189.580,189.460,189.610,0,0
1525377120,189.520,189.420,189.370,189.520,0,0
1525377180,189.460,189.450,189.440,189.470,0,0
1525377240,189.490,189.510,189.490,189.550,0,0
1525377300,189.420,189.260,189.260,189.520,250678,1396412
1525377360,189.240,189.070,189.030,189.300,0,0
1525377420,189.080,189.160,189.080,189.160,0,0
1525377480,189.150,189.270,189.090,189.270,0,0
1525377540,189.340,189.630,189.340,189.640,0,0
1525440600,189.210,189.210,189.210,189.210,0,0
1525440660,189.210,189.210,189.210,189.210,0,0
1525440900,189.060,189.060,189.060,189.060,17941,0
1525441080,189.060,189.060,189.060,189.060,0,0
1525441140,189.110,189.360,189.110,189.410,0,0
1525441200,188.720,188.570,188.570,188.720,6041,17941
1525441260,188.440,188.440,188.440,188.440,0,0
1525441440,188.640,188.730,188.640,188.730,0,0
1525441500,188.790,188.620,188.620,188.790,5835,23982
1525441680,188.790,188.620,188.620,188.790,0,0
1525441740,188.430,188.430,188.430,188.430,0,0
1525441800,188.280,188.280,188.280,188.280,3581,29817
1525441860,188.280,188.280,188.280,188.280,0,0
1525441920,188.140,188.140,188.140,188.140,0,0
1525441980,188.050,188.120,188.050,188.120,0,0
1525442040,188.290,188.290,188.290,188.290,0,0
1525442100,188.280,188.210,188.190,188.360,5577,33398
1525442160,188.230,188.230,188.230,188.230,0,0
1525442280,188.520,188.530,188.520,188.530,0,0
1525442340,188.720,188.650,188.650,188.720,0,0
1525442400,188.610,188.560,188.460,188.610,7760,38975
1525442520,188.460,188.600,188.460,188.600,0,0
1525442640,189.130,189.130,189.130,189.130,0,0
1525442700,188.990,188.960,188.830,188.990,8027,46735
1525442760,188.900,189.010,188.900,189.010,0,0
1525442820,189.040,189.400,189.040,189.400,0,0
1525442940,189.400,189.390,189.390,189.400,0,0
1525443000,189.390,189.390,189.390,189.390,3878,54762
1525443060,189.390,189.390,189.390,189.390,0,0
1525443120,189.330,189.320,189.320,189.330,0,0
1525443180,189.420,189.590,189.420,189.590,0,0
1525443300,189.510,189.370,189.370,189.510,6562,58640
1525443420,189.270,189.240,189.240,189.270,0,0
1525443480,189.130,189.050,189.050,189.130,0,0
1525443540,189.060,188.990,188.990,189.190,0,0
1525443600,189.180,189.180,189.180,189.180,946,65202
1525443780,189.180,189.180,189.180,189.180,0,0
1525443900,189.540,189.540,189.540,189.540,8839,66148
1525443960,189.760,189.710,189.710,189.760,0,0
1525444080,189.830,189.830,189.830,189.830,0,0
1525444140,189.840,189.840,189.840,189.840,0,0
1525444200,189.950,189.830,189.830,189.950,8006,74987
1525444320,189.900,189.950,189.900,189.950,0,0
1525444440,189.870,189.870,189.870,189.870,0,0
1525444500,189.840,189.840,189.840,189.840,1566,82993
1525444560,189.840,189.840,189.840,189.840,0,0
1525444620,189.850,189.850,189.850,189.850,0,0
1525444680,190.010,190.010,190.010,190.010,0,0
1525444800,190.340,190.440,190.340,190.440,7578,84559
1525444860,190.360,190.360,190.360,190.360,0,0
1525444920,190.330,190.330,190.330,190.330,0,0
1525445040,190.410,190.310,190.310,190.410,0,0
1525445100,190.410,190.410,190.410,190.410,3146,92137
1525445160,190.180,190.180,190.180,190.180,0,0
1525445280,190.050,190.050,190.050,190.050,0,0
1525445400,190.340,190.360,190.340,190.360,9163,95283
1525445460,190.340,190.360,190.340,190.360,0,0
1525445520,190.340,190.220,190.220,190.340,0,0
1525445580,190.160,190.160,190.160,190.160,0,0
1525445640,190.190,190.310,190.190,190.310,0,0
1525445700,190.360,190.410,190.360,190.410,6997,104446
1525445760,190.500,190.500,190.500,190.500,0,0
1525445820,190.520,190.520,190.520,190.520,0,0
1525445880,190.470,190.400,190.400,190.470,0,0
1525445940,190.390,190.260,190.260,190.390,0,0
1525446000,190.250,190.280,190.250,190.280,9332,111443
1525446120,190.330,190.380,190.330,190.380,0,0
1525446180,190.350,190.300,190.300,190.350,0,0
1525446240,190.350,190.200,190.200,190.350,0,0
1525446300,190.280,190.280,190.280,190.280,8767,120775
1525446420,190.220,190.190,190.190,190.230,0,0
1525446480,190.230,190.230,190.230,190.230,0,0
1525446540,190.290,190.400,190.290,190.400,0,0
1525446600,190.530,190.530,190.530,190.530,6549,129542
1525446660,190.530,190.530,190.530,190.530,0,0
1525446720,190.510,190.510,190.510,190.510,0,0
1525446780,190.510,190.510,190.510,190.510,0,0
1525446840,190.490,190.380,190.380,190.490,0,0
1525446900,190.320,190.240,190.240,190.350,9532,136091
1525447020,190.150,190.210,190.100,190.210,0,0
1525447080,190.200,190.200,190.200,190.200,0,0
1525447140,190.210,190.190,190.190,190.210,0,0
1525447200,190.200,190.160,190.160,190.200,21444,145623
1525447260,190.210,190.310,190.210,190.310,0,0
1525447320,190.260,190.410,190.260,190.410,0,0
1525447380,190.250,190.250,190.250,190.250,0,0
1525447500,190.290,190.340,190.290,190.340,9958,167067
1525447560,190.340,190.340,190.340,190.340,0,0
1525447680,190.380,190.250,190.250,190.380,0,0
1525447740,190.510,190.520,190.510,190.520,0,0
1525447800,190.440,190.460,190.440,190.460,15125,177025
1525447860,190.450,190.480,190.450,190.480,0,0
1525447920,190.520,190.540,190.520,190.540,0,0
1525447980,190.620,190.580,190.580,190.670,0,0
1525448040,190.690,190.690,190.690,190.690,0,0
1525448100,190.710,190.690,190.690,190.710,6530,192150
1525448220,190.600,190.590,190.590,190.620,0,0
1525448280,190.610,190.540,190.540,190.610,0,0
1525448340,190.530,190.530,190.530,190.530,0,0
1525448400,190.510,190.480,190.480,190.510,5604,198680
1525448520,190.380,190.500,190.380,190.500,0,0
1525448580,190.480,190.520,190.480,190.520,0,0
1525448700,190.360,190.410,190.360,190.410,6975,204284
1525448760,190.430,190.430,190.430,190.430,0,0
1525448820,190.290,190.190,190.190,190.290,0,0
1525448880,190.150,190.150,190.150,190.150,0,0
1525448940,190.210,190.210,190.210,190.210,0,0
1525449000,190.230,190.230,190.230,190.230,5390,211259
1525449060,190.170,190.360,190.170,190.360,0,0
1525449120,190.290,190.290,190.290,190.290,0,0
1525449180,190.220,190.220,190.220,190.220,0,0
1525449240,190.210,190.200,190.140,190.210,0,0
1525449300,190.230,190.420,190.230,190.420,7889,216649
1525449360,190.320,190.320,190.320,190.320,0,0
1525449420,190.440,190.340,190.310,190.440,0,0
1525449480,190.380,190.440,190.380,190.440,0,0
1525449540,190.380,190.440,190.380,190.440,0,0
1525449600,190.450,190.450,190.450,190.450,7287,224538
1525449720,190.450,190.450,190.450,190.450,0,0
1525449780,190.510,190.420,190.420,190.510,0,0
1525449840,190.520,190.520,190.520,190.520,0,0
1525449900,190.480,190.480,190.480,190.480,4170,231825
1525450020,190.410,190.410,190.410,190.410,0,0
1525450080,190.390,190.390,190.390,190.390,0,0
1525450140,190.470,190.490,190.470,190.490,0,0
1525450200,190.380,190.380,190.380,190.380,4805,235995
1525450260,190.380,190.380,190.380,190.380,0,0
1525450320,190.380,190.430,190.380,190.430,0,0
1525450380,190.450,190.440,190.440,190.450,0,0
1525450440,190.370,190.370,190.370,190.370,0,0
1525450500,190.350,190.350,190.350,190.350,2999,240800
1525450620,190.350,190.350,190.350,190.350,0,0
1525450680,190.410,190.410,190.410,190.410,0,0
1525450740,190.460,190.460,190.460,190.460,0,0
1525450800,190.550,190.550,190.550,190.550,3579,243799
1525450860,190.550,190.550,190.550,190.550,0,0
1525451040,190.530,190.530,190.530,190.530,0,0
1525451100,190.550,190.550,190.550,190.550,2295,247378
1525451340,190.730,190.730,190.730,190.730,0,0
1525451400,190.900,190.900,190.900,190.900,1466,249673
1525451640,190.900,190.900,190.900,190.900,0,0
1525451700,190.870,190.870,190.870,190.870,3761,251139
1525451760,190.840,190.900,190.840,190.900,0,0
1525451880,190.930,190.930,190.930,190.930,0,0
1525451940,190.960,190.960,190.960,190.960,0,0
1525452000,191.150,191.050,191.050,191.150,7730,254900
1525452120,191.150,191.050,191.050,191.150,0,0
1525452180,191.040,191.260,191.040,191.260,0,0
1525452240,191.100,191.200,191.100,191.200,0,0
1525452300,191.070,190.900,190.900,191.070,3369,262630
1525452360,191.010,191.010,191.010,191.010,0,0
1525452540,190.920,190.970,190.920,190.970,0,0
1525452600,190.970,190.970,190.970,190.970,3554,265999
1525452720,190.970,190.970,190.970,190.970,0,0
1525452780,190.860,191.040,190.860,191.040,0,0
1525452840,191.110,191.160,191.110,191.160,0,0
1525452900,191.260,191.100,191.100,191.260,4508,269553
1525452960,191.260,191.100,191.100,191.260,0,0
1525453080,190.960,191.130,190.960,191.130,0,0
1525453200,191.320,191.270,191.270,191.320,3545,274061
1525453260,191.330,191.330,191.330,191.330,0,0
1525453320,191.130,191.180,191.130,191.180,0,0
1525453380,191.280,191.200,191.180,191.280,0,0
1525453500,191.080,191.080,191.080,191.080,4351,277606
1525453560,191.260,191.260,191.260,191.260,0,0
1525453620,191.290,191.290,191.290,191.290,0,0
1525453680,191.330,191.370,191.330,191.370,0,0
1525453740,191.440,191.440,191.440,191.440,0,0
1525453800,191.410,191.420,191.410,191.420,7585,281957
1525453860,191.470,191.470,191.470,191.470,0,0
1525453920,191.520,191.650,191.520,191.650,0,0
1525454040,191.510,191.510,191.510,191.510,0,0
1525454100,191.530,191.550,191.530,191.550,5340,289542
1525454160,191.530,191.500,191.500,191.530,0,0
1525454220,191.530,191.530,191.530,191.530,0,0
1525454280,191.600,191.600,191.600,191.600,0,0
1525454340,191.660,191.570,191.570,191.660,0,0
1525454400,191.550,191.630,191.550,191.630,5365,294882
1525454460,191.620,191.620,191.620,191.620,0,0
1525454580,191.650,191.650,191.650,191.650,0,0
1525454640,191.690,191.690,191.690,191.690,0,0
1525454700,191.720,191.660,191.660,191.720,3905,300247
1525454760,191.590,191.640,191.590,191.640,0,0
1525454820,191.580,191.580,191.580,191.580,0,0
1525454880,191.490,191.530,191.490,191.530,0,0
1525454940,191.500,191.500,191.500,191.500,0,0
1525455000,191.520,191.540,191.520,191.540,6738,304152
1525455060,191.570,191.560,191.560,191.650,0,0
1525455240,191.630,191.720,191.630,191.720,0,0
1525455300,191.760,191.690,191.690,191.760,4225,310890
1525455360,191.760,191.690,191.690,191.760,0,0
1525455420,191.660,191.660,191.660,191.660,0,0
1525455480,191.760,191.760,191.760,191.760,0,0
1525455540,191.750,191.750,191.750,191.750,0,0
1525455600,191.780,191.750,191.740,191.780,3839,315115
1525455720,191.780,191.750,191.740,191.780,0,0
1525455780,191.810,191.810,191.810,191.810,0,0
1525455840,191.840,191.840,191.840,191.840,0,0
1525455900,191.860,191.860,191.860,191.860,4510,318954
1525455960,191.920,191.940,191.920,191.940,0,0
1525456020,191.930,191.840,191.840,191.930,0,0
1525456080,191.770,191.770,191.770,191.770,0,0
1525456200,191.820,191.860,191.790,191.860,7284,323464
1525456260,191.920,191.920,191.920,191.920,0,0
1525456320,191.970,191.950,191.950,191.970,0,0
1525456380,192.000,191.950,191.950,192.000,0,0
1525456440,191.950,191.950,191.950,191.950,0,0
1525456500,191.950,191.950,191.950,191.950,2644,330748
1525456560,191.960,191.960,191.960,191.960,0,0
1525456680,192.000,192.000,192.000,192.000,0,0
1525456800,192.090,192.120,192.090,192.120,6639,333392
1525456920,192.180,192.180,192.180,192.180,0,0
1525456980,192.220,192.220,192.220,192.220,0,0
1525457040,192.220,192.220,192.220,192.220,0,0
1525457100,192.310,192.350,192.310,192.350,5929,340031
1525457160,192.390,192.300,192.300,192.390,0,0
1525457280,192.370,192.340,192.340,192.370,0,0
1525457400,192.350,192.310,192.310,192.350,5946,345960
1525457460,192.350,192.310,192.310,192.350,0,0
1525457520,192.330,192.330,192.330,192.330,0,0
1525457580,192.370,192.440,192.370,192.440,0,0
1525457700,192.450,192.460,192.450,192.480,4431,351906
1525457760,192.400,192.400,192.400,192.400,0,0
1525457940,192.350,192.350,192.350,192.350,0,0
1525458000,192.390,192.440,192.390,192.460,6696,356337
1525458240,192.420,192.420,192.420,192.420,0,0
1525458300,192.500,192.470,192.470,192.500,10212,363033
1525458360,192.530,192.530,192.530,192.530,0,0
1525458420,192.570,192.490,192.490,192.570,0,0
1525458480,192.480,192.480,192.480,192.480,0,0
1525458540,192.570,192.740,192.570,192.740,0,0
1525458600,192.720,192.680,192.680,192.720,10539,373245
1525458720,192.630,192.600,192.600,192.630,0,0
1525458780,192.670,192.680,192.670,192.680,0,0
1525458840,192.640,192.570,192.570,192.640,0,0
1525458900,192.480,192.480,192.480,192.480,5309,383784
1525459020,192.460,192.460,192.460,192.460,0,0
1525459140,192.450,192.410,192.410,192.450,0,0
1525459200,192.460,192.460,192.460,192.460,6464,389093
1525459260,192.500,192.470,192.470,192.520,0,0
1525459380,192.520,192.600,192.520,192.600,0,0
1525459440,192.620,192.620,192.620,192.620,0,0
1525459500,192.770,192.770,192.770,192.770,3970,395557
1525459560,192.710,192.710,192.710,192.710,0,0
1525459620,192.660,192.660,192.660,192.660,0,0
1525459680,192.600,192.500,192.500,192.600,0,0
1525459740,192.320,192.320,192.320,192.320,0,0
1525459800,192.480,192.490,192.480,192.490,5595,399527
1525459920,192.520,192.460,192.420,192.520,0,0
1525459980,192.460,192.460,192.460,192.460,0,0
1525460040,192.320,192.300,192.300,192.320,0,0
1525460100,192.260,192.190,192.190,192.260,7784,405122
1525460160,192.260,192.190,192.190,192.260,0,0
1525460280,192.180,192.320,192.120,192.320,0,0
1525460340,192.270,192.210,192.210,192.270,0,0
1525460400,192.230,192.360,192.230,192.360,4658,412906
1525460520,192.400,192.400,192.400,192.400,0,0
1525460580,192.460,192.530,192.460,192.530,0,0
1525460640,192.540,192.540,192.540,192.540,0,0
1525460700,192.680,192.620,192.620,192.690,10175,417564
1525460820,192.450,192.400,192.400,192.450,0,0
1525460880,192.410,192.490,192.410,192.490,0,0
1525460940,192.310,192.440,192.310,192.440,0,0
1525461000,192.400,192.400,192.400,192.400,10169,427739
1525461060,192.340,192.320,192.320,192.340,0,0
1525461120,192.370,192.450,192.370,192.450,0,0
1525461240,192.620,192.590,192.590,192.630,0,0
1525461300,192.560,192.550,192.550,192.610,15148,437908
1525461360,192.500,192.570,192.500,192.570,0,0
1525461420,192.600,192.600,192.600,192.600,0,0
1525461480,192.640,192.760,192.640,192.790,0,0
1525461540,192.780,192.750,192.720,192.780,0,0
1525461600,192.610,192.580,192.580,192.610,17792,453056
1525461660,192.670,192.630,192.630,192.670,0,0
1525461720,192.570,192.640,192.570,192.640,0,0
1525461780,192.660,192.660,192.660,192.660,0,0
1525461900,192.720,192.790,192.720,192.790,15859,470848
1525461960,192.780,192.710,192.710,192.780,0,0
1525462020,192.760,192.710,192.710,192.760,0,0
1525462080,192.680,192.710,192.680,192.710,0,0
1525462140,192.800,192.760,192.760,192.800,0,0
1525462200,192.770,192.870,192.770,192.870,27146,486707
1525462260,192.890,192.870,192.840,192.890,0,0
1525462320,192.850,192.820,192.820,192.890,0,0
1525462380,192.810,192.770,192.770,192.810,0,0
1525462440,192.850,192.820,192.820,192.850,0,0
1525462500,192.840,192.770,192.770,192.840,14456,513853
1525462560,192.740,192.640,192.640,192.740,0,0
1525462620,192.570,192.570,192.570,192.570,0,0
1525462680,192.610,192.520,192.520,192.610,0,0
1525462740,192.410,192.410,192.410,192.410,0,0
1525462800,192.400,192.350,192.350,192.400,13419,528309
1525462860,192.360,192.320,192.320,192.360,0,0
1525462920,192.350,192.420,192.300,192.420,0,0
1525462980,192.370,192.510,192.370,192.510,0,0
1525463040,192.510,192.510,192.510,192.510,0,0
1525463100,192.480,192.410,192.410,192.480,22950,541728
1525463160,192.390,192.360,192.360,192.420,0,0
1525463220,192.360,192.320,192.320,192.390,0,0
1525463280,192.310,192.360,192.310,192.360,0,0
1525463340,192.280,192.170,192.170,192.280,0,0
1525463400,192.120,192.110,192.030,192.120,21740,564678
1525463460,192.120,192.060,192.060,192.120,0,0
1525463520,192.070,192.030,192.030,192.070,0,0
1525463580,192.030,191.970,191.970,192.050,0,0
1525463640,191.970,192.000,191.970,192.000,0,0
1525463700,192.020,191.960,191.960,192.030,151041,586418
1525463760,191.960,191.970,191.900,191.970,0,0
1525463820,192.030,192.170,192.030,192.170,0,0
1525463880,192.140,192.090,192.060,192.140,0,0
1525463940,192.080,192.170,192.080,192.170,0,0
1525699800,192.900,192.900,192.900,192.900,19822,0
1525699860,192.880,193.150,192.880,193.150,0,0
1525699920,192.990,193.220,192.800,193.220,0,0
1525699980,193.280,193.280,193.280,193.280,0,0
1525700040,193.120,192.880,192.880,193.120,0,0
1525700100,193.000,193.210,193.000,193.210,3263,19822
1525700340,193.030,193.030,193.030,193.030,0,0
1525700400,193.200,193.220,193.200,193.220,19851,23085
1525700460,193.200,193.310,193.200,193.310,0,0
1525700520,193.310,193.330,193.310,193.380,0,0
1525700580,193.360,193.430,193.360,193.430,0,0
1525700640,193.340,193.340,193.340,193.340,0,0
1525700700,193.290,193.480,193.290,193.480,3499,42936
1525700760,193.290,193.240,193.240,193.290,0,0
1525700880,193.380,193.250,193.250,193.390,0,0
1525701000,193.370,193.370,193.370,193.370,3708,46435
1525701060,193.380,193.380,193.380,193.380,0,0
1525701120,193.260,193.180,193.180,193.260,0,0
1525701240,193.260,193.300,193.150,193.300,0,0
1525701300,193.160,193.140,193.140,193.160,44614,50143
1525701360,193.130,193.400,193.130,193.430,0,0
1525701420,193.500,193.380,193.380,193.500,0,0
1525701480,193.580,193.580,193.580,193.580,0,0
1525701540,193.620,193.850,193.620,193.850,0,0
1525701600,193.870,193.620,193.620,193.870,4860,94757
1525701660,193.810,193.600,193.600,193.810,0,0
1525701720,193.820,193.820,193.820,193.820,0,0
1525701780,193.810,193.810,193.810,193.810,0,0
1525701840,193.910,193.910,193.910,193.910,0,0
1525701900,193.760,193.760,193.760,193.760,2529,99617
1525701960,193.580,193.670,193.580,193.670,0,0
1525702200,193.670,193.670,193.670,193.670,8650,102146
1525702260,193.670,193.670,193.670,193.670,0,0
1525702320,193.600,193.580,193.580,193.600,0,0
1525702380,193.580,193.580,193.580,193.580,0,0
1525702440,193.460,193.370,193.370,193.460,0,0
1525702500,193.410,193.430,193.370,193.430,5977,110796
1525702560,193.410,193.430,193.370,193.430,0,0
1525702620,193.410,193.510,193.410,193.510,0,0
1525702680,193.440,193.440,193.440,193.440,0,0
1525702800,193.430,193.260,193.260,193.470,8490,116773
1525702860,193.310,193.350,193.310,193.350,0,0
1525702980,193.480,193.480,193.480,193.480,0,0
1525703040,193.380,193.380,193.380,193.380,0,0
1525703100,193.410,193.500,193.410,193.500,8820,125263
1525703160,193.440,193.490,193.440,193.490,0,0
1525703220,193.540,193.540,193.540,193.540,0,0
1525703280,193.600,193.600,193.600,193.600,0,0
1525703340,193.460,193.550,193.460,193.550,0,0
1525703400,193.540,193.350,193.350,193.550,7034,134083
1525703460,193.320,193.320,193.320,193.320,0,0
1525703520,193.400,193.400,193.400,193.400,0,0
1525703580,193.190,193.190,193.190,193.190,0,0
1525703640,193.160,193.340,193.160,193.340,0,0
1525703700,193.420,193.390,193.390,193.420,7144,141117
1525703760,193.210,193.210,193.210,193.210,0,0
1525703820,192.980,192.980,192.980,192.980,0,0
1525703880,193.230,193.230,193.230,193.230,0,0
1525703940,193.160,193.160,193.160,193.160,0,0
1525704000,193.300,193.300,193.300,193.300,4211,148261
1525704060,193.260,193.260,193.260,193.260,0,0
1525704240,193.110,193.110,193.110,193.110,0,0
1525704300,193.200,193.200,193.200,193.200,4132,152472
1525704360,193.200,193.200,193.200,193.200,0,0
1525704540,193.340,193.410,193.340,193.410,0,0
1525704600,193.280,193.380,193.280,193.380,2827,156604
1525704720,193.280,193.380,193.280,193.380,0,0
1525704840,193.530,193.530,193.530,193.530,0,0
1525704900,193.830,193.830,193.830,193.830,4885,159431
1525704960,193.830,193.830,193.830,193.830,0,0
1525705020,193.850,193.850,193.850,193.850,0,0
1525705080,193.830,193.760,193.760,193.850,0,0
1525705200,193.810,193.810,193.810,193.810,4022,164316
1525705320,193.770,193.660,193.660,193.770,0,0
1525705380,193.690,193.690,193.690,193.690,0,0
1525705440,193.600,193.600,193.600,193.600,0,0
1525705500,193.550,193.550,193.550,193.550,5083,168338
1525705560,193.420,193.340,193.340,193.420,0,0
1525705680,193.470,193.470,193.470,193.470,0,0
1525705800,193.790,193.790,193.790,193.790,4662,173421
1525705860,193.790,193.790,193.790,193.790,0,0
1525705920,193.910,193.800,193.800,193.910,0,0
1525706100,193.860,193.860,193.860,193.860,4628,178083
1525706160,193.890,193.890,193.890,193.890,0,0
1525706220,193.810,193.760,193.750,193.810,0,0
1525706280,193.820,193.820,193.820,193.820,0,0
1525706400,193.790,193.790,193.790,193.790,3367,182711
1525706460,193.790,193.790,193.790,193.790,0,0
1525706520,193.460,193.460,193.460,193.460,0,0
1525706580,193.580,193.580,193.580,193.580,0,0
1525706700,193.780,193.780,193.780,193.780,8281,186078
1525706760,193.630,193.520,193.520,193.670,0,0
1525706880,193.630,193.630,193.630,193.630,0,0
1525706940,193.570,193.570,193.570,193.570,0,0
1525707000,193.570,193.580,193.570,193.580,5052,194359
1525707060,193.510,193.520,193.510,193.520,0,0
1525707120,193.560,193.560,193.560,193.560,0,0
1525707180,193.550,193.550,193.550,193.550,0,0
1525707240,193.500,193.320,193.320,193.500,0,0
1525707300,193.350,193.340,193.340,193.350,5211,199411
1525707420,193.290,193.290,193.290,193.290,0,0
1525707480,193.230,193.230,193.230,193.230,0,0
1525707540,193.190,193.190,193.190,193.190,0,0
1525707600,193.130,193.200,193.060,193.200,9012,204622
1525707660,193.230,193.330,193.230,193.330,0,0
1525707720,193.300,193.300,193.300,193.300,0,0
1525707840,193.450,193.390,193.380,193.450,0,0
1525707900,193.390,193.490,193.390,193.490,3634,213634
1525707960,193.510,193.510,193.510,193.510,0,0
1525708080,193.510,193.480,193.480,193.510,0,0
1525708140,193.550,193.550,193.550,193.550,0,0
1525708200,193.570,193.400,193.400,193.570,3298,217268
1525708260,193.400,193.440,193.400,193.440,0,0
1525708440,193.680,193.680,193.680,193.680,0,0
1525708500,193.590,193.590,193.590,193.590,4146,220566
1525708560,193.590,193.590,193.590,193.590,0,0
1525708620,193.560,193.560,193.560,193.560,0,0
1525708680,193.570,193.570,193.570,193.570,0,0
1525708740,193.550,193.550,193.550,193.550,0,0
1525708800,193.620,193.620,193.620,193.620,4043,224712
1525708920,193.630,193.620,193.560,193.630,0,0
1525708980,193.650,193.650,193.650,193.650,0,0
1525709040,193.750,193.750,193.750,193.750,0,0
1525709100,193.660,193.660,193.660,193.660,3117,228755
1525709280,193.750,193.750,193.750,193.750,0,0
1525709340,193.800,193.800,193.800,193.800,0,0
1525709400,193.850,193.760,193.710,193.850,6195,231872
1525709520,193.840,193.840,193.840,193.840,0,0
1525709640,193.830,193.830,193.830,193.830,0,0
1525709700,193.810,193.810,193.810,193.810,3557,238067
1525709760,193.750,193.700,193.700,193.750,0,0
1525709820,193.800,193.800,193.800,193.800,0,0
1525710000,193.920,193.850,193.850,193.920,5561,241624
1525710060,193.920,193.850,193.850,193.920,0,0
1525710120,193.810,193.810,193.810,193.810,0,0
1525710180,193.550,193.550,193.550,193.550,0,0
1525710300,193.800,193.800,193.800,193.800,3041,247185
1525710420,193.930,193.940,193.930,193.940,0,0
1525710540,193.920,193.920,193.920,193.920,0,0
1525710600,193.940,193.940,193.940,193.940,5729,250226
1525710660,193.810,193.810,193.810,193.810,0,0
1525710720,193.850,193.850,193.850,193.850,0,0
1525710780,193.920,193.920,193.920,193.920,0,0
1525710840,193.890,193.870,193.870,193.890,0,0
1525710900,193.950,193.950,193.950,193.950,3429,255955
1525711080,194.030,194.000,194.000,194.030,0,0
1525711140,194.000,193.980,193.980,194.000,0,0
1525711200,193.950,193.950,193.950,193.950,2062,259384
1525711320,193.950,193.950,193.950,193.950,0,0
1525711380,193.910,193.910,193.910,193.910,0,0
1525711440,193.960,193.960,193.960,193.960,0,0
1525711500,193.970,193.970,193.970,193.970,7483,261446
1525711560,194.030,193.900,193.900,194.030,0,0
1525711620,193.900,193.760,193.760,193.900,0,0
1525711680,193.730,193.730,193.730,193.730,0,0
1525711740,193.820,193.820,193.820,193.820,0,0
1525711800,193.820,193.820,193.820,193.820,782,268929
1525711860,193.820,193.820,193.820,193.820,0,0
1525711920,193.780,193.800,193.780,193.800,0,0
1525712100,193.610,193.610,193.610,193.610,1803,269711
1525712400,193.780,193.810,193.780,193.810,5340,271514
1525712460,193.920,193.840,193.840,193.920,0,0
1525712520,193.680,193.680,193.680,193.680,0,0
1525712580,193.610,193.680,193.610,193.680,0,0
1525712700,193.760,193.710,193.690,193.760,4610,276854
1525712760,193.760,193.710,193.690,193.760,0,0
1525712820,193.810,193.660,193.660,193.810,0,0
1525712880,193.500,193.500,193.500,193.500,0,0
1525713000,193.610,193.610,193.610,193.610,1746,281464
1525713120,193.610,193.610,193.610,193.610,0,0
1525713300,193.740,193.720,193.720,193.740,4546,283210
1525713360,193.740,193.740,193.740,193.740,0,0
1525713480,193.760,193.770,193.760,193.770,0,0
1525713540,193.720,193.720,193.720,193.720,0,0
1525713600,193.690,193.690,193.690,193.690,4078,287756
1525713660,193.770,193.770,193.770,193.770,0,0
1525713720,193.720,193.720,193.720,193.720,0,0
1525713780,193.730,193.730,193.730,193.730,0,0
1525713900,193.810,193.810,193.810,193.810,3558,291834
1525713960,193.840,193.810,193.810,193.840,0,0
1525714080,193.790,193.790,193.790,193.790,0,0
1525714140,193.790,193.790,193.790,193.790,0,0
1525714200,193.700,193.750,193.700,193.750,3928,295392
1525714320,193.760,193.760,193.760,193.760,0,0
1525714380,193.750,193.900,193.750,193.900,0,0
1525714440,193.820,193.820,193.820,193.820,0,0
1525714500,193.850,193.900,193.850,193.900,4654,299320
1525714680,193.870,193.830,193.830,193.870,0,0
1525714740,193.730,193.730,193.730,193.730,0,0
1525714800,193.780,193.780,193.780,193.780,7447,303974
1525714920,193.730,193.700,193.700,193.730,0,0
1525715040,193.790,193.790,193.790,193.790,0,0
1525715100,193.680,193.680,193.680,193.680,6656,311421
1525715220,193.680,193.680,193.680,193.680,0,0
1525715340,193.610,193.590,193.580,193.610,0,0
1525715400,193.590,193.580,193.580,193.590,2717,318077
1525715520,193.670,193.670,193.670,193.670,0,0
1525715700,193.690,193.600,193.600,193.690,5930,320794
1525715760,193.650,193.650,193.650,193.650,0,0
1525715880,193.610,193.610,193.610,193.610,0,0
1525716000,193.570,193.580,193.520,193.580,3847,326724
1525716060,193.630,193.550,193.550,193.630,0,0
1525716180,193.550,193.550,193.550,193.550,0,0
1525716300,193.630,193.550,193.550,193.630,319,330571
1525716540,193.550,193.550,193.550,193.550,0,0
1525716600,193.550,193.550,193.550,193.550,8044,330890
1525716840,193.570,193.560,193.560,193.570,0,0
1525716900,193.590,193.660,193.590,193.660,4784,338934
1525716960,193.590,193.660,193.590,193.660,0,0
1525717020,193.640,193.530,193.530,193.640,0,0
1525717080,193.690,193.690,193.690,193.690,0,0
1525717140,193.730,193.680,193.680,193.730,0,0
1525717200,193.580,193.580,193.580,193.580,3862,343718
1525717260,193.590,193.580,193.580,193.590,0,0
1525717320,193.570,193.570,193.570,193.570,0,0
1525717440,193.640,193.640,193.640,193.640,0,0
1525717500,193.520,193.540,193.520,193.540,2862,347580
1525717560,193.520,193.540,193.520,193.540,0,0
1525717680,193.630,193.690,193.630,193.690,0,0
1525717800,193.600,193.570,193.520,193.600,5711,350442
1525717860,193.590,193.590,193.590,193.590,0,0
1525717920,193.680,193.690,193.640,193.690,0,0
1525717980,193.680,193.680,193.680,193.680,0,0
1525718040,193.770,193.770,193.770,193.770,0,0
1525718100,193.710,193.630,193.630,193.710,5899,356153
1525718160,193.710,193.630,193.630,193.710,0,0
1525718220,193.690,193.620,193.620,193.690,0,0
1525718280,193.630,193.690,193.630,193.690,0,0
1525718400,193.570,193.570,193.570,193.570,5663,362052
1525718520,193.570,193.570,193.570,193.570,0,0
1525718580,193.550,193.550,193.550,193.550,0,0
1525718640,193.460,193.320,193.320,193.460,0,0
1525718700,193.260,193.400,193.260,193.400,3804,367715
1525718760,193.260,193.400,193.260,193.400,0,0
1525718820,193.400,193.400,193.400,193.400,0,0
1525718880,193.440,193.290,193.290,193.440,0,0
1525719000,193.300,193.300,193.300,193.300,8728,371519
1525719120,193.090,193.140,193.050,193.140,0,0
1525719180,193.120,193.190,193.120,193.190,0,0
1525719240,193.200,193.150,193.150,193.200,0,0
1525719300,193.300,193.170,193.170,193.300,7883,380247
1525719360,193.300,193.170,193.170,193.300,0,0
1525719480,193.170,193.190,193.170,193.200,0,0
1525719540,193.240,193.280,193.240,193.280,0,0
1525719600,193.200,193.200,193.200,193.200,7348,388130
1525719660,193.210,193.210,193.210,193.210,0,0
1525719720,193.310,193.250,193.250,193.310,0,0
1525719840,193.360,193.450,193.360,193.460,0,0
1525719900,193.440,193.440,193.440,193.440,3480,395478
1525719960,193.540,193.490,193.490,193.540,0,0
1525720200,193.540,193.540,193.540,193.540,11896,398958
1525720260,193.500,193.440,193.440,193.500,0,0
1525720380,193.140,193.190,193.140,193.190,0,0
1525720440,192.910,192.870,192.870,192.910,0,0
1525720500,192.980,192.960,192.960,193.000,18815,410854
1525720560,193.000,192.980,192.830,193.000,0,0
1525720620,192.890,192.900,192.890,192.900,0,0
1525720680,192.810,192.870,192.810,192.870,0,0
1525720740,192.980,192.880,192.880,193.010,0,0
1525720800,192.900,192.900,192.900,192.900,10401,429669
1525720860,192.810,192.740,192.670,192.820,0,0
1525720920,192.810,192.900,192.810,192.900,0,0
1525720980,192.850,192.500,192.490,192.850,0,0
1525721040,192.510,192.630,192.410,192.630,0,0
1525721100,192.620,192.570,192.570,192.620,16398,440070
1525721160,192.680,192.650,192.650,192.680,0,0
1525721220,192.690,192.660,192.660,192.690,0,0
1525721280,192.660,192.680,192.660,192.680,0,0
1525721340,192.760,192.770,192.760,192.790,0,0
1525721400,192.740,192.750,192.740,192.750,14507,456468
1525721460,192.790,192.750,192.750,192.790,0,0
1525721520,192.670,192.770,192.670,192.770,0,0
1525721580,192.770,192.960,192.770,192.960,0,0
1525721640,192.930,193.010,192.890,193.010,0,0
1525721700,192.910,192.930,192.880,192.930,9261,470975
1525721760,192.910,192.910,192.910,192.910,0,0
1525721820,193.030,193.110,192.990,193.110,0,0
1525721880,193.090,193.050,193.050,193.090,0,0
1525721940,193.040,193.040,193.040,193.040,0,0
1525722000,192.960,192.970,192.960,193.000,13088,480236
1525722060,192.890,192.830,192.830,192.910,0,0
1525722120,192.910,192.930,192.910,193.000,0,0
1525722180,192.930,193.000,192.930,193.010,0,0
1525722240,192.930,192.920,192.880,192.930,0,0
1525722300,192.900,192.880,192.870,192.940,22484,493324
1525722360,192.940,192.970,192.940,192.970,0,0
1525722420,193.070,193.120,193.060,193.120,0,0
1525722480,193.170,193.390,193.170,193.400,0,0
1525722540,193.380,193.410,193.350,193.410,0,0
1525722600,193.320,193.290,193.230,193.320,19076,515808
1525722660,193.230,192.990,192.990,193.230,0,0
1525722720,193.040,193.060,193.040,193.060,0,0
1525722780,193.100,193.170,193.100,193.170,0,0
1525722840,193.220,193.200,193.170,193.220,0,0
1525722900,193.260,193.270,193.240,193.300,101212,534884
1525722960,193.280,193.260,193.260,193.290,0,0
1525723020,193.220,193.240,193.190,193.240,0,0
1525723080,193.250,193.290,193.250,193.290,0,0
1525723140,193.300,193.380,193.290,193.380,0,0
1525786200,194.000,194.000,194.000,194.000,26170,0
1525786320,192.840,192.680,192.680,192.840,0,0
1525786380,193.460,193.460,193.460,193.460,0,0
1525786440,192.970,193.270,192.910,193.270,0,0
1525786500,193.300,193.300,193.300,193.300,6221,26170
1525786560,193.360,193.360,193.360,193.360,0,0
1525786620,192.970,192.970,192.970,192.970,0,0
1525786800,193.510,193.510,193.510,193.510,6269,32391
1525786920,193.660,193.470,193.470,193.660,0,0
1525786980,193.550,193.550,193.550,193.550,0,0
1525787040,193.400,193.400,193.400,193.400,0,0
1525787100,193.100,193.100,193.100,193.100,9653,38660
1525787160,193.030,193.260,193.030,193.260,0,0
1525787220,193.420,193.400,193.400,193.420,0,0
1525787280,193.280,193.000,193.000,193.280,0,0
1525787340,193.110,192.940,192.940,193.110,0,0
1525787400,192.870,192.750,192.750,192.870,5113,48313
1525787460,192.880,192.780,192.780,192.880,0,0
1525787580,192.900,192.800,192.800,192.900,0,0
1525787640,192.700,192.780,192.700,192.780,0,0
1525787700,192.850,192.750,192.750,192.850,8435,53426
1525787760,192.760,192.760,192.760,192.760,0,0
1525787820,192.690,192.690,192.690,192.690,0,0
1525787880,192.710,192.920,192.710,192.920,0,0
1525787940,192.930,192.930,192.930,192.930,0,0
1525788000,192.890,192.970,192.890,192.970,7940,61861
1525788060,192.950,192.950,192.950,192.950,0,0
1525788120,192.840,192.980,192.830,192.980,0,0
1525788180,193.120,193.120,193.120,193.120,0,0
1525788240,193.090,193.090,193.090,193.090,0,0
1525788300,193.170,193.070,193.070,193.170,5083,69801
1525788360,192.920,192.920,192.920,192.920,0,0
1525788420,193.080,193.150,193.080,193.150,0,0
1525788540,193.100,193.140,193.100,193.280,0,0
1525788600,193.060,193.130,193.060,193.130,6649,74884
1525788660,193.090,193.070,193.070,193.090,0,0
1525788720,193.110,193.150,193.110,193.150,0,0
1525788780,193.100,193.120,193.100,193.120,0,0
1525788840,193.000,192.780,192.680,193.000,0,0
1525788900,192.870,192.790,192.790,192.890,4775,81533
1525789080,192.910,192.910,192.910,192.910,0,0
1525789140,192.870,192.870,192.870,192.870,0,0
1525789200,192.770,192.770,192.770,192.770,7245,86308
1525789260,192.560,192.710,192.560,192.710,0,0
1525789320,192.650,192.480,192.480,192.650,0,0
1525789380,192.540,192.540,192.540,192.540,0,0
1525789440,192.670,192.680,192.620,192.680,0,0
1525789500,192.640,192.640,192.640,192.640,5252,93553
1525789680,192.920,192.840,192.840,192.920,0,0
1525789740,192.780,192.820,192.780,192.820,0,0
1525789800,192.990,192.990,192.990,192.990,2643,98805
1525789860,192.990,192.990,192.990,192.990,0,0
1525789920,193.130,193.130,193.130,193.130,0,0
1525790100,193.500,193.350,193.350,193.500,5294,101448
1525790160,193.500,193.350,193.350,193.500,0,0
1525790280,193.430,193.360,193.360,193.430,0,0
1525790340,193.420,193.520,193.420,193.520,0,0
1525790400,193.450,193.440,193.440,193.450,4280,106742
1525790520,193.450,193.440,193.440,193.450,0,0
1525790580,193.460,193.460,193.460,193.460,0,0
1525790640,193.480,193.420,193.420,193.480,0,0
1525790700,193.520,193.570,193.520,193.570,4509,111022
1525790760,193.570,193.650,193.570,193.650,0,0
1525790820,193.620,193.660,193.620,193.680,0,0
1525790880,193.800,193.800,193.800,193.800,0,0
1525790940,193.740,193.850,193.740,193.850,0,0
1525791000,193.820,193.820,193.820,193.820,4420,115531
1525791060,193.760,193.700,193.700,193.760,0,0
1525791180,193.890,193.890,193.890,193.890,0,0
1525791300,193.960,193.960,193.960,193.960,5257,119951
1525791360,193.900,193.910,193.900,193.910,0,0
1525791480,193.900,193.940,193.900,193.940,0,0
1525791540,193.870,193.740,193.740,193.870,0,0
1525791600,193.610,193.630,193.530,193.630,12739,125208
1525791660,193.570,193.500,193.500,193.570,0,0
1525791720,193.510,193.500,193.500,193.510,0,0
1525791780,193.440,193.470,193.440,193.470,0,0
1525791840,193.490,193.490,193.490,193.490,0,0
1525791900,193.560,193.680,193.560,193.680,15781,137947
1525791960,193.560,193.550,193.550,193.570,0,0
1525792020,193.620,193.720,193.620,193.720,0,0
1525792140,193.780,193.800,193.780,193.810,0,0
1525792200,193.980,193.980,193.980,193.980,5163,153728
1525792260,193.980,193.980,193.980,193.980,0,0
1525792380,194.360,194.450,194.360,194.450,0,0
1525792440,194.360,194.330,194.330,194.360,0,0
1525792500,194.560,194.560,194.560,194.560,4674,158891
1525792560,194.640,194.640,194.640,194.640,0,0
1525792620,194.560,194.360,194.360,194.560,0,0
1525792680,194.330,194.330,194.330,194.330,0,0
1525792740,194.300,194.260,194.260,194.300,0,0
1525792800,194.210,194.210,194.210,194.210,4411,163565
1525792860,194.230,194.400,194.230,194.400,0,0
1525792980,194.430,194.430,194.430,194.430,0,0
1525793040,194.200,194.200,194.200,194.200,0,0
1525793100,194.130,194.190,194.130,194.190,4197,167976
1525793160,194.140,194.140,194.140,194.140,0,0
1525793280,194.090,194.090,194.090,194.090,0,0
1525793400,194.140,194.110,194.100,194.140,8684,172173
1525793460,194.100,194.150,194.100,194.170,0,0
1525793520,194.140,194.080,194.080,194.140,0,0
1525793640,194.140,194.040,194.040,194.140,0,0
1525793700,194.080,194.140,194.080,194.140,9652,180857
1525793760,194.100,194.100,194.100,194.100,0,0
1525793820,194.180,194.080,194.080,194.180,0,0
1525793880,194.060,193.960,193.950,194.060,0,0
1525793940,193.970,193.980,193.970,193.980,0,0
1525794000,193.870,193.870,193.870,193.870,7496,190509
1525794060,193.860,193.910,193.860,193.910,0,0
1525794120,194.000,194.000,194.000,194.000,0,0
1525794180,194.040,193.930,193.930,194.090,0,0
1525794300,193.930,193.930,193.930,193.930,3827,198005
1525794360,194.010,194.010,194.010,194.010,0,0
1525794420,194.080,194.080,194.080,194.080,0,0
1525794480,194.160,194.100,194.100,194.160,0,0
1525794600,193.990,193.990,193.990,193.990,5974,201832
1525794660,194.060,194.060,194.060,194.060,0,0
1525794720,194.130,194.130,194.130,194.130,0,0
1525794780,194.160,194.160,194.160,194.160,0,0
1525794840,194.260,194.260,194.260,194.260,0,0
1525794900,194.290,194.290,194.290,194.290,11472,207806
1525794960,194.280,194.250,194.250,194.280,0,0
1525795020,194.240,194.280,194.240,194.280,0,0
1525795080,194.270,194.210,194.210,194.270,0,0
1525795140,194.250,194.220,194.220,194.250,0,0
1525795200,194.260,194.390,194.260,194.390,4056,219278
1525795260,194.300,194.230,194.230,194.300,0,0
1525795380,194.240,194.110,194.110,194.240,0,0
1525795440,194.170,194.200,194.170,194.200,0,0
1525795500,194.120,194.120,194.120,194.120,2216,223334
1525795560,194.120,194.120,194.120,194.120,0,0
1525795680,194.070,194.220,194.070,194.220,0,0
1525795800,194.160,194.160,194.160,194.160,2727,225550
1525795860,194.210,194.210,194.210,194.210,0,0
1525796040,194.190,194.230,194.190,194.230,0,0
1525796100,194.210,194.170,194.110,194.210,8310,228277
1525796160,194.300,194.300,194.300,194.300,0,0
1525796220,194.140,194.200,194.080,194.200,0,0
1525796280,194.110,194.110,194.110,194.110,0,0
1525796400,194.070,194.070,194.070,194.070,3241,236587
1525796460,194.070,194.070,194.070,194.070,0,0
1525796520,194.010,194.010,194.010,194.010,0,0
1525796580,194.090,194.090,194.090,194.090,0,0
1525796640,194.120,194.110,194.110,194.120,0,0
1525796700,194.080,194.080,194.080,194.080,2612,239828
1525796820,194.080,194.080,194.080,194.080,0,0
1525796880,194.100,194.070,194.070,194.100,0,0
1525797000,194.130,194.130,194.130,194.130,7139,242440
1525797060,194.130,194.130,194.130,194.130,0,0
1525797120,194.150,194.150,194.150,194.150,0,0
1525797180,194.150,194.150,194.150,194.150,0,0
1525797240,194.130,194.160,194.130,194.160,0,0
1525797300,194.100,194.100,194.100,194.100,2891,249579
1525797540,194.190,194.190,194.190,194.190,0,0
1525797600,194.190,194.270,194.190,194.270,1943,252470
1525797660,194.310,194.310,194.310,194.310,0,0
1525797780,194.300,194.230,194.230,194.300,0,0
1525797900,194.060,194.100,194.060,194.100,1952,254413
1525798080,194.070,194.070,194.070,194.070,0,0
1525798200,193.980,194.060,193.980,194.060,3872,256365
1525798260,193.900,193.900,193.900,193.900,0,0
1525798380,193.760,193.840,193.760,193.840,0,0
1525798440,193.720,193.720,193.720,193.720,0,0
1525798500,193.540,193.540,193.540,193.540,5476,260237
1525798560,193.340,193.350,193.340,193.350,0,0
1525798680,193.690,193.690,193.690,193.690,0,0
1525798740,193.600,193.660,193.600,193.660,0,0
1525798800,193.540,193.560,193.540,193.560,4555,265713
1525798860,193.670,193.670,193.670,193.670,0,0
1525798920,193.690,193.670,193.670,193.690,0,0
1525799040,193.760,193.760,193.760,193.760,0,0
1525799100,193.710,193.640,193.640,193.710,4906,270268
1525799160,193.710,193.640,193.640,193.710,0,0
1525799220,193.630,193.630,193.630,193.630,0,0
1525799280,193.620,193.650,193.620,193.690,0,0
1525799340,193.700,193.700,193.700,193.700,0,0
1525799400,193.570,193.570,193.570,193.570,5913,275174
1525799460,193.590,193.530,193.530,193.590,0,0
1525799520,193.630,193.630,193.630,193.630,0,0
1525799580,193.710,193.570,193.570,193.710,0,0
1525799640,193.610,193.610,193.610,193.610,0,0
1525799700,193.560,193.560,193.560,193.560,4622,281087
1525799880,193.600,193.600,193.600,193.600,0,0
1525799940,193.610,193.590,193.590,193.610,0,0
1525800000,193.600,193.600,193.600,193.600,3500,285709
1525800120,193.650,193.650,193.650,193.650,0,0
1525800180,193.580,193.540,193.540,193.580,0,0
1525800300,193.700,193.700,193.700,193.700,7122,289209
1525800360,193.740,193.780,193.740,193.780,0,0
1525800420,193.800,193.810,193.800,193.810,0,0
1525800540,193.800,193.840,193.800,193.840,0,0
1525800600,193.840,193.820,193.820,193.860,2454,296331
1525800660,193.830,193.830,193.830,193.830,0,0
1525800720,193.830,193.830,193.830,193.830,0,0
1525800900,193.840,193.840,193.840,193.840,3515,298785
1525800960,193.730,193.730,193.730,193.730,0,0
1525801020,193.770,193.770,193.770,193.770,0,0
1525801140,193.650,193.650,193.650,193.650,0,0
1525801200,193.720,193.770,193.720,193.770,6587,302300
1525801380,193.840,193.840,193.840,193.840,0,0
1525801440,193.910,193.910,193.910,193.910,0,0
1525801500,193.950,193.940,193.940,193.950,5495,308887
1525801560,194.000,194.000,194.000,194.000,0,0
1525801620,194.030,194.020,194.020,194.030,0,0
1525801800,194.010,194.010,194.010,194.010,4134,314382
1525801920,194.000,193.940,193.940,194.000,0,0
1525801980,193.970,193.970,193.970,193.970,0,0
1525802100,193.920,193.900,193.900,193.920,9026,318516
1525802160,193.930,193.880,193.880,193.940,0,0
1525802220,193.870,193.810,193.810,193.870,0,0
1525802340,193.700,193.700,193.700,193.700,0,0
1525802400,193.770,193.770,193.770,193.770,9924,327542
1525802460,193.730,193.730,193.730,193.730,0,0
1525802520,193.830,193.810,193.810,193.830,0,0
1525802580,193.800,193.800,193.800,193.800,0,0
1525802640,193.920,193.920,193.920,193.920,0,0
1525802700,193.910,193.860,193.860,193.910,4756,337466
1525802940,194.060,194.020,194.020,194.120,0,0
1525803000,194.070,194.070,194.070,194.070,8099,342222
1525803120,194.070,194.070,194.070,194.070,0,0
1525803180,194.040,194.220,193.930,194.220,0,0
1525803240,194.090,194.010,194.010,194.090,0,0
1525803300,194.010,194.010,194.010,194.010,9397,350321
1525803420,193.920,193.920,193.920,193.920,0,0
1525803540,193.870,193.870,193.870,193.870,0,0
1525803600,194.080,193.960,193.960,194.080,4608,359718
1525803720,194.100,194.100,194.100,194.100,0,0
1525803900,194.120,194.120,194.120,194.120,6319,364326
1525804020,194.200,194.200,194.200,194.200,0,0
1525804080,194.200,194.130,194.120,194.200,0,0
1525804140,193.940,193.770,193.770,193.940,0,0
1525804200,194.030,194.030,194.030,194.030,7790,370645
1525804320,193.890,193.890,193.890,193.890,0,0
1525804380,193.990,193.990,193.990,193.990,0,0
1525804440,194.010,194.100,194.010,194.100,0,0
1525804500,193.980,193.920,193.920,193.980,8789,378435
1525804560,193.980,193.920,193.920,193.980,0,0
1525804620,193.910,194.060,193.910,194.060,0,0
1525804680,194.000,194.100,194.000,194.100,0,0
1525804740,193.940,193.850,193.850,194.020,0,0
1525804800,193.640,193.530,193.530,193.640,7182,387224
1525804920,193.340,193.560,193.340,193.560,0,0
1525804980,193.630,193.630,193.630,193.630,0,0
1525805040,193.540,193.540,193.540,193.540,0,0
1525805100,193.670,193.670,193.670,193.670,6100,394406
1525805160,193.600,193.580,193.580,193.600,0,0
1525805220,193.560,193.560,193.560,193.560,0,0
1525805340,193.740,193.740,193.740,193.740,0,0
1525805400,193.700,193.630,193.630,193.700,14364,400506
1525805460,193.860,193.880,193.860,194.000,0,0
1525805520,193.850,193.950,193.850,193.950,0,0
1525805580,194.010,194.010,194.010,194.010,0,0
1525805640,194.040,194.030,194.030,194.040,0,0
1525805700,193.980,193.880,193.880,193.980,5250,414870
1525805820,193.870,193.860,193.860,193.870,0,0
1525805940,193.790,193.790,193.790,193.790,0,0
1525806000,193.750,193.650,193.650,193.830,6082,420120
1525806060,193.570,193.650,193.570,193.650,0,0
1525806180,193.800,193.800,193.800,193.800,0,0
1525806240,194.090,194.090,194.090,194.090,0,0
1525806300,194.080,194.070,194.070,194.100,6562,426202
1525806360,194.070,194.070,194.070,194.070,0,0
1525806420,194.110,194.080,194.080,194.110,0,0
1525806540,194.300,194.170,194.170,194.300,0,0
1525806600,194.020,194.080,194.020,194.080,6351,432764
1525806660,194.120,194.120,194.120,194.120,0,0
1525806720,194.320,194.320,194.320,194.320,0,0
1525806780,194.270,194.270,194.270,194.270,0,0
1525806840,194.320,194.320,194.320,194.320,0,0
1525806900,194.200,194.200,194.200,194.200,5891,439115
1525806960,194.270,194.150,194.150,194.270,0,0
1525807020,194.250,194.330,194.250,194.330,0,0
1525807080,194.310,194.310,194.310,194.310,0,0
1525807140,194.330,194.330,194.330,194.330,0,0
1525807200,194.400,194.350,194.320,194.400,9168,445006
1525807260,194.360,194.330,194.330,194.390,0,0
1525807320,194.280,194.280,194.280,194.280,0,0
1525807380,194.320,194.360,194.320,194.410,0,0
1525807440,194.320,194.320,194.320,194.320,0,0
1525807500,194.170,194.090,194.090,194.170,7738,454174
1525807560,194.170,194.090,194.090,194.170,0,0
1525807620,194.250,194.250,194.250,194.250,0,0
1525807740,194.180,194.220,194.180,194.300,0,0
1525807800,194.270,194.270,194.270,194.270,12865,461912
1525807860,194.310,194.300,194.270,194.310,0,0
1525807920,194.340,194.370,194.340,194.400,0,0
1525807980,194.360,194.380,194.360,194.380,0,0
1525808040,194.390,194.290,194.290,194.390,0,0
1525808100,194.240,194.320,194.240,194.320,4804,474777
1525808160,194.330,194.280,194.280,194.330,0,0
1525808220,194.380,194.360,194.360,194.380,0,0
1525808280,194.410,194.390,194.390,194.410,0,0
1525808340,194.420,194.400,194.340,194.420,0,0
1525808400,194.380,194.440,194.380,194.440,20774,479581
1525808460,194.490,194.490,194.490,194.490,0,0
1525808520,194.530,194.550,194.530,194.550,0,0
1525808580,194.530,194.520,194.450,194.530,0,0
1525808640,194.500,194.500,194.500,194.500,0,0
1525808700,194.350,194.340,194.240,194.400,22210,500355
1525808760,194.350,194.410,194.350,194.440,0,0
1525808820,194.440,194.330,194.330,194.440,0,0
1525808880,194.260,194.280,194.250,194.310,0,0
1525808940,194.300,194.210,194.210,194.300,0,0
1525809000,194.200,194.460,194.200,194.460,30303,522565
1525809060,194.490,194.330,194.330,194.490,0,0
1525809120,194.400,194.360,194.360,194.400,0,0
1525809180,194.390,194.380,194.350,194.390,0,0
1525809240,194.390,194.430,194.380,194.430,0,0
1525809300,194.530,194.510,194.510,194.560,1013600,552868
1525809360,194.530,194.560,194.520,194.560,0,0
1525809420,194.530,194.690,194.530,194.690,0,0
1525809480,194.630,194.750,194.630,194.790,0,0
1525809540,194.750,194.830,194.750,194.830,0,0
1525872600,194.590,194.590,194.590,194.590,17247,0
1525872720,194.890,194.890,194.890,194.890,0,0
1525872780,194.840,194.930,194.840,194.930,0,0
1525872840,194.670,194.670,194.670,194.670,0,0
1525872900,194.850,194.850,194.850,194.850,8484,17247
1525873020,194.430,194.430,194.430,194.430,0,0
1525873140,194.220,193.820,193.820,194.220,0,0
1525873200,193.920,193.810,193.810,193.920,12059,25731
1525873260,193.970,193.840,193.840,193.970,0,0
1525873320,194.000,194.230,194.000,194.230,0,0
1525873380,194.250,194.250,194.250,194.250,0,0
1525873440,194.080,193.850,193.850,194.080,0,0
1525873500,193.770,193.760,193.760,193.770,7122,37790
1525873560,193.730,193.720,193.720,193.870,0,0
1525873620,193.720,193.560,193.560,193.720,0,0
1525873680,193.540,193.630,193.540,193.630,0,0
1525873740,193.810,193.840,193.810,193.890,0,0
1525873800,194.060,194.060,194.060,194.060,4471,44912
1525873860,194.060,194.060,194.060,194.060,0,0
1525873920,194.210,194.210,194.210,194.210,0,0
1525873980,194.280,194.280,194.280,194.280,0,0
1525874040,194.310,194.460,194.310,194.460,0,0
1525874100,194.690,194.580,194.550,194.690,11830,49383
1525874160,194.510,194.420,194.420,194.510,0,0
1525874220,194.370,194.370,194.370,194.370,0,0
1525874280,194.190,194.190,194.190,194.190,0,0
1525874340,194.190,194.020,194.020,194.190,0,0
1525874400,194.350,194.450,194.350,194.450,6365,61213
1525874460,194.350,194.550,194.350,194.550,0,0
1525874520,194.600,194.600,194.600,194.600,0,0
1525874580,194.600,194.600,194.600,194.600,0,0
1525874640,194.710,194.710,194.710,194.710,0,0
1525874700,194.780,194.720,194.720,194.780,12764,67578
1525874760,195.050,195.050,195.050,195.050,0,0
1525874820,195.030,195.080,195.030,195.080,0,0
1525875000,194.980,194.980,194.980,194.980,4986,80342
1525875060,194.980,194.980,194.980,194.980,0,0
1525875120,194.940,194.990,194.940,195.010,0,0
1525875180,195.020,195.050,194.900,195.050,0,0
1525875240,195.030,195.030,195.030,195.030,0,0
1525875300,195.080,195.080,195.080,195.080,11237,85328
1525875360,195.010,194.850,194.850,195.010,0,0
1525875420,194.850,194.960,194.850,194.960,0,0
1525875480,194.850,195.150,194.850,195.150,0,0
1525875540,195.220,195.250,195.180,195.250,0,0
1525875600,195.290,195.440,195.290,195.440,15589,96565
1525875660,195.530,195.560,195.520,195.560,0,0
1525875720,195.560,195.560,195.560,195.560,0,0
1525875780,195.610,195.560,195.560,195.620,0,0
1525875840,195.440,195.360,195.360,195.440,0,0
1525875900,195.330,195.420,195.330,195.420,7997,112154
1525875960,195.370,195.320,195.320,195.370,0,0
1525876020,195.110,195.110,195.110,195.110,0,0
1525876080,195.160,195.160,195.160,195.160,0,0
1525876140,195.050,194.880,194.880,195.050,0,0
1525876200,195.020,195.160,195.020,195.160,8485,120151
1525876260,195.220,195.220,195.220,195.220,0,0
1525876320,195.180,194.960,194.960,195.180,0,0
1525876380,194.890,194.780,194.780,194.890,0,0
1525876440,194.810,194.880,194.810,194.880,0,0
1525876500,194.970,195.000,194.940,195.000,6300,128636
1525876560,194.970,194.930,194.930,194.970,0,0
1525876620,194.820,194.870,194.820,194.870,0,0
1525876800,194.990,195.080,194.990,195.080,8665,134936
1525876860,195.250,195.340,195.250,195.340,0,0
1525876920,195.390,195.220,195.220,195.390,0,0
1525876980,195.310,195.390,195.310,195.390,0,0
1525877040,195.440,195.300,195.300,195.440,0,0
1525877100,195.340,195.290,195.290,195.340,7816,143601
1525877160,195.200,195.200,195.200,195.200,0,0
1525877280,195.320,195.570,195.320,195.570,0,0
1525877340,195.510,195.430,195.430,195.510,0,0
1525877400,195.300,195.210,195.210,195.300,12839,151417
1525877460,195.310,195.340,195.310,195.340,0,0
1525877520,195.220,195.180,195.180,195.270,0,0
1525877640,195.160,195.100,195.100,195.210,0,0
1525877700,195.120,195.120,195.120,195.120,1788,164256
1525877760,195.120,195.120,195.120,195.120,0,0
1525877820,195.140,195.150,195.140,195.150,0,0
1525878000,195.110,195.110,195.110,195.110,14887,166044
1525878120,195.010,195.110,195.010,195.110,0,0
1525878180,195.090,195.120,195.090,195.180,0,0
1525878240,195.090,195.090,195.090,195.090,0,0
1525878300,195.160,195.120,195.120,195.160,3727,180931
1525878420,195.260,195.340,195.260,195.340,0,0
1525878480,195.340,195.340,195.340,195.340,0,0
1525878600,195.410,195.480,195.410,195.480,11842,184658
1525878660,195.590,195.590,195.590,195.590,0,0
1525878720,195.520,195.540,195.410,195.540,0,0
1525878780,195.380,195.480,195.380,195.480,0,0
1525878900,195.510,195.510,195.510,195.510,9508,196500
1525878960,195.530,195.530,195.530,195.530,0,0
1525879020,195.560,195.560,195.560,195.560,0,0
1525879080,195.580,195.560,195.560,195.580,0,0
1525879140,195.510,195.510,195.510,195.510,0,0
1525879200,195.560,195.560,195.560,195.560,9158,206008
1525879260,195.570,195.570,195.570,195.570,0,0
1525879320,195.560,195.560,195.560,195.560,0,0
1525879380,195.700,195.700,195.700,195.700,0,0
1525879440,195.750,195.750,195.750,195.750,0,0
1525879500,195.750,195.680,195.680,195.750,8751,215166
1525879620,195.740,195.840,195.740,195.840,0,0
1525879680,195.800,195.800,195.800,195.800,0,0
1525879740,195.780,195.780,195.780,195.780,0,0
1525879800,195.790,195.860,195.790,195.860,4395,223917
1525879860,195.890,195.890,195.890,195.890,0,0
1525880040,195.970,195.970,195.970,195.970,0,0
1525880100,195.900,195.790,195.790,195.900,11715,228312
1525880220,195.750,195.890,195.750,195.890,0,0
1525880280,196.000,195.980,195.980,196.000,0,0
1525880340,196.010,196.010,196.010,196.010,0,0
1525880400,196.000,196.070,196.000,196.070,7945,240027
1525880460,195.990,195.990,195.990,195.990,0,0
1525880520,195.890,196.010,195.890,196.010,0,0
1525880580,196.180,196.170,196.170,196.180,0,0
1525880640,196.110,196.120,196.110,196.120,0,0
1525880700,196.130,196.130,196.130,196.130,9688,247972
1525880760,195.990,195.990,195.990,195.990,0,0
1525880820,195.980,195.910,195.910,195.980,0,0
1525880880,195.820,195.930,195.820,195.930,0,0
1525880940,195.900,195.950,195.900,196.010,0,0
1525881000,195.860,195.860,195.860,195.860,3911,257660
1525881060,195.690,195.690,195.690,195.690,0,0
1525881120,195.850,195.890,195.850,195.890,0,0
1525881180,195.930,195.930,195.930,195.930,0,0
1525881240,195.980,195.920,195.920,195.980,0,0
1525881300,195.950,195.980,195.950,196.000,5119,261571
1525881360,195.940,195.940,195.940,195.940,0,0
1525881480,195.950,196.090,195.950,196.090,0,0
1525881540,196.180,196.090,196.090,196.180,0,0
1525881600,196.140,196.210,196.140,196.210,12650,266690
1525881660,196.430,196.530,196.370,196.530,0,0
1525881720,196.490,196.520,196.490,196.600,0,0
1525881780,196.430,196.360,196.360,196.430,0,0
1525881900,196.330,196.330,196.330,196.330,6115,279340
1525882020,196.270,196.330,196.270,196.330,0,0
1525882080,196.280,196.410,196.280,196.410,0,0
1525882140,196.410,196.380,196.360,196.410,0,0
1525882200,196.360,196.360,196.360,196.360,1689,285455
1525882260,196.360,196.360,196.360,196.360,0,0
1525882320,196.300,196.290,196.290,196.300,0,0
1525882440,196.290,196.290,196.290,196.290,0,0
1525882500,196.190,196.260,196.160,196.260,8976,287144
1525882560,196.270,196.270,196.270,196.270,0,0
1525882620,196.360,196.360,196.360,196.360,0,0
1525882680,196.390,196.360,196.360,196.390,0,0
1525882740,196.340,196.400,196.340,196.400,0,0
1525882800,196.520,196.520,196.520,196.520,11880,296120
1525882860,196.520,196.520,196.520,196.520,0,0
1525882920,196.570,196.570,196.570,196.570,0,0
1525882980,196.710,196.730,196.710,196.730,0,0
1525883040,196.830,196.690,196.690,196.920,0,0
1525883100,196.880,196.950,196.880,196.950,6550,308000
1525883160,196.880,196.950,196.880,196.950,0,0
1525883220,196.950,196.900,196.840,196.950,0,0
1525883280,196.910,196.850,196.850,196.910,0,0
1525883400,196.970,196.970,196.970,196.970,6541,314550
1525883520,196.970,196.890,196.890,196.970,0,0
1525883640,197.040,197.040,197.040,197.040,0,0
1525883700,197.040,197.080,197.040,197.080,3159,321091
1525883760,197.030,197.030,197.030,197.030,0,0
1525883880,196.850,196.850,196.850,196.850,0,0
1525883940,196.790,196.790,196.790,196.790,0,0
1525884000,196.790,196.790,196.790,196.790,6096,324250
1525884060,196.840,196.870,196.840,196.870,0,0
1525884120,196.910,196.930,196.880,196.930,0,0
1525884180,196.950,196.990,196.950,197.000,0,0
1525884240,196.980,196.980,196.980,196.980,0,0
1525884300,196.920,196.980,196.920,197.060,10712,330346
1525884420,197.000,197.140,197.000,197.140,0,0
1525884480,197.200,197.340,197.200,197.340,0,0
1525884540,197.320,197.320,197.320,197.320,0,0
1525884600,197.340,197.360,197.340,197.360,2275,341058
1525884900,197.240,197.080,197.080,197.280,8567,343333
1525884960,197.010,197.010,197.010,197.010,0,0
1525885020,197.060,196.930,196.930,197.060,0,0
1525885080,197.060,196.930,196.930,197.060,0,0
1525885140,196.930,196.930,196.930,196.930,0,0
1525885200,197.070,197.040,197.040,197.070,16608,351900
1525885260,197.130,197.140,197.130,197.140,0,0
1525885320,197.140,197.140,197.140,197.140,0,0
1525885380,197.040,197.280,197.040,197.280,0,0
1525885440,197.240,197.130,197.130,197.240,0,0
1525885500,196.970,196.970,196.970,196.970,4656,368508
1525885560,196.970,196.970,196.970,196.970,0,0
1525885620,196.930,196.930,196.930,196.930,0,0
1525885680,197.100,197.100,197.100,197.100,0,0
1525885740,197.200,197.210,197.200,197.210,0,0
1525885800,197.190,197.160,197.160,197.190,7200,373164
1525885860,197.200,197.180,197.180,197.200,0,0
1525885920,197.020,197.060,197.020,197.060,0,0
1525886040,197.110,197.110,197.110,197.110,0,0
1525886100,197.200,197.210,197.200,197.210,8737,380364
1525886160,197.180,197.180,197.180,197.180,0,0
1525886220,197.200,197.130,197.130,197.200,0,0
1525886280,197.120,197.100,197.100,197.120,0,0
1525886400,197.210,197.160,197.160,197.210,9264,389101
1525886520,197.220,197.200,197.160,197.230,0,0
1525886580,197.260,197.310,197.260,197.310,0,0
1525886700,197.250,197.250,197.250,197.250,6535,398365
1525886760,197.250,197.330,197.250,197.330,0,0
1525886820,197.420,197.420,197.420,197.420,0,0
1525886880,197.430,197.430,197.430,197.430,0,0
1525886940,197.600,197.600,197.600,197.600,0,0
1525887000,197.570,197.570,197.570,197.570,4185,404900
1525887060,197.570,197.570,197.570,197.570,0,0
1525887120,197.540,197.540,197.540,197.540,0,0
1525887180,197.540,197.440,197.440,197.540,0,0
1525887240,197.440,197.470,197.440,197.470,0,0
1525887300,197.480,197.570,197.480,197.570,7933,409085
1525887360,197.620,197.620,197.620,197.620,0,0
1525887420,197.550,197.550,197.550,197.550,0,0
1525887480,197.600,197.600,197.600,197.600,0,0
1525887540,197.620,197.620,197.620,197.620,0,0
1525887600,197.670,197.580,197.580,197.670,2609,417018
1525887660,197.600,197.600,197.600,197.600,0,0
1525887720,197.530,197.530,197.530,197.530,0,0
1525887900,197.490,197.640,197.490,197.640,8517,419627
1525887960,197.490,197.640,197.490,197.640,0,0
1525888020,197.650,197.670,197.650,197.670,0,0
1525888080,197.660,197.680,197.660,197.680,0,0
1525888140,197.720,197.790,197.720,197.810,0,0
1525888200,197.780,197.780,197.780,197.780,4329,428144
1525888320,197.810,197.810,197.810,197.810,0,0
1525888380,197.690,197.690,197.690,197.690,0,0
1525888440,197.750,197.750,197.750,197.750,0,0
1525888500,197.710,197.620,197.620,197.710,7092,432473
1525888560,197.710,197.620,197.620,197.710,0,0
1525888620,197.660,197.560,197.540,197.660,0,0
1525888680,197.660,197.740,197.660,197.740,0,0
1525888740,197.750,197.750,197.750,197.750,0,0
1525888800,197.750,197.930,197.750,197.930,10682,439565
1525888860,197.840,197.820,197.820,197.840,0,0
1525888980,197.720,197.890,197.720,197.890,0,0
1525889040,197.910,197.860,197.860,197.910,0,0
1525889100,197.850,197.850,197.850,197.850,11710,450247
1525889160,197.840,197.810,197.800,197.910,0,0
1525889220,197.950,197.840,197.840,197.950,0,0
1525889280,197.990,197.940,197.920,197.990,0,0
1525889340,197.960,198.030,197.960,198.030,0,0
1525889400,198.030,198.140,198.030,198.140,15102,461957
1525889460,198.180,198.110,198.110,198.190,0,0
1525889520,198.090,198.090,198.090,198.090,0,0
1525889580,198.120,198.130,198.120,198.130,0,0
1525889640,198.120,198.120,198.120,198.120,0,0
1525889700,198.120,198.070,198.070,198.120,21373,477059
1525889820,198.010,197.910,197.910,198.010,0,0
1525889880,197.810,197.810,197.810,197.810,0,0
1525890000,197.740,197.650,197.650,197.750,17777,498432
1525890060,197.620,197.640,197.560,197.640,0,0
1525890120,197.580,197.550,197.530,197.600,0,0
1525890180,197.480,197.510,197.460,197.570,0,0
1525890240,197.490,197.590,197.490,197.590,0,0
1525890300,197.660,197.690,197.660,197.690,11418,516209
1525890360,197.580,197.530,197.530,197.580,0,0
1525890420,197.510,197.510,197.510,197.510,0,0
1525890480,197.490,197.490,197.490,197.490,0,0
1525890540,197.490,197.620,197.490,197.620,0,0
1525890600,197.550,197.710,197.550,197.710,11339,527627
1525890660,197.710,197.620,197.620,197.710,0,0
1525890720,197.690,197.720,197.560,197.720,0,0
1525890780,197.690,197.640,197.640,197.690,0,0
1525890840,197.610,197.650,197.610,197.650,0,0
1525890900,197.700,197.730,197.700,197.810,9653,538966
1525890960,197.680,197.680,197.680,197.680,0,0
1525891020,197.730,197.670,197.670,197.750,0,0
1525891080,197.720,197.640,197.640,197.720,0,0
1525891200,197.680,197.590,197.590,197.680,15724,548619
1525891260,197.610,197.660,197.580,197.660,0,0
1525891320,197.690,197.650,197.630,197.690,0,0
1525891380,197.660,197.660,197.660,197.660,0,0
1525891440,197.650,197.570,197.570,197.650,0,0
1525891500,197.620,197.640,197.620,197.670,6485,564343
1525891620,197.640,197.640,197.640,197.640,0,0
1525891740,197.600,197.580,197.580,197.600,0,0
1525891800,197.670,197.670,197.670,197.670,14908,570828
1525891860,197.560,197.560,197.560,197.560,0,0
1525891920,197.540,197.450,197.450,197.540,0,0
1525891980,197.430,197.330,197.330,197.440,0,0
1525892040,197.350,197.290,197.290,197.450,0,0
1525892100,197.180,197.310,197.180,197.310,9513,585736
1525892160,197.250,197.250,197.250,197.250,0,0
1525892220,197.210,197.220,197.210,197.250,0,0
1525892280,197.280,197.300,197.280,197.300,0,0
1525892340,197.290,197.220,197.220,197.290,0,0
1525892400,197.240,197.190,197.180,197.240,10041,595249
1525892460,197.200,197.240,197.200,197.240,0,0
1525892580,197.130,197.130,197.130,197.130,0,0
1525892640,197.080,197.020,197.020,197.120,0,0
1525892700,197.070,197.060,197.060,197.070,14807,605290
1525892760,197.000,197.060,197.000,197.070,0,0
1525892820,197.130,197.040,197.040,197.130,0,0
1525892880,197.040,197.040,197.040,197.040,0,0
1525892940,197.060,197.010,197.010,197.060,0,0
1525893000,197.000,197.000,197.000,197.000,12890,620097
1525893060,196.960,196.980,196.960,196.980,0,0
1525893120,196.950,197.060,196.950,197.060,0,0
1525893180,197.100,197.100,197.100,197.100,0,0
1525893240,197.090,196.980,196.980,197.090,0,0
1525893300,196.940,197.050,196.940,197.060,7950,632987
1525893360,197.110,196.960,196.960,197.110,0,0
1525893420,196.910,196.910,196.910,196.910,0,0
1525893540,196.830,196.780,196.780,196.830,0,0
1525893600,196.830,196.930,196.830,196.930,12311,640937
1525893660,196.980,196.900,196.900,196.980,0,0
1525893720,196.910,196.940,196.850,196.940,0,0
1525893780,196.940,196.860,196.860,196.940,0,0
1525893840,196.950,197.030,196.950,197.030,0,0
1525893900,196.930,196.920,196.890,196.930,13829,653248
1525893960,196.890,196.990,196.880,196.990,0,0
1525894020,197.090,197.000,196.990,197.090,0,0
1525894080,197.010,196.860,196.860,197.010,0,0
1525894140,196.830,196.930,196.830,196.950,0,0
1525894200,196.880,196.890,196.850,196.890,16772,667077
1525894260,196.820,196.780,196.780,196.830,0,0
1525894320,196.780,196.680,196.640,196.780,0,0
1525894380,196.670,196.780,196.670,196.780,0,0
1525894440,196.690,196.700,196.690,196.700,0,0
1525894500,196.740,196.820,196.740,196.820,19830,683849
1525894560,196.760,196.820,196.760,196.820,0,0
1525894620,196.780,196.770,196.770,196.840,0,0
1525894680,196.790,196.800,196.740,196.800,0,0
1525894740,196.900,196.820,196.810,196.900,0,0
1525894800,196.810,196.840,196.790,196.840,26043,703679
1525894860,196.870,196.800,196.800,196.880,0,0
1525894920,196.740,196.790,196.740,196.790,0,0
1525894980,196.760,196.750,196.670,196.760,0,0
1525895040,196.760,196.790,196.750,196.810,0,0
1525895100,196.870,196.980,196.870,196.980,29541,729722
1525895160,196.910,196.950,196.900,196.970,0,0
1525895220,196.980,197.000,196.980,197.000,0,0
1525895280,196.920,197.070,196.920,197.070,0,0
1525895340,197.010,197.040,196.990,197.040,0,0
1525895400,197.160,197.250,197.100,197.250,117813,759263
1525895460,197.220,197.200,197.170,197.220,0,0
1525895520,197.180,197.250,197.180,197.250,0,0
1525895580,197.250,197.220,197.170,197.250,0,0
1525895640,197.240,197.180,197.150,197.240,0,0
1525895700,197.200,197.180,197.130,197.230,140709,877076
1525895760,197.190,197.280,197.190,197.280,0,0
1525895820,197.280,197.250,197.210,197.290,0,0
1525895880,197.240,197.250,197.240,197.270,0,0
1525895940,197.300,197.410,197.300,197.460,0,0
1525959000,198.360,198.380,198.360,198.380,14725,0
1525959180,198.390,198.390,198.390,198.390,0,0
1525959240,198.390,198.020,198.020,198.390,0,0
1525959300,198.060,198.060,198.060,198.060,7833,14725
1525959360,198.330,198.330,198.330,198.330,0,0
1525959420,198.330,198.330,198.330,198.330,0,0
1525959480,198.190,198.480,198.190,198.480,0,0
1525959540,198.530,198.530,198.530,198.530,0,0
1525959600,198.660,198.750,198.660,198.750,13742,22558
1525959660,198.450,198.450,198.450,198.450,0,0
1525959720,198.540,198.710,198.540,198.710,0,0
1525959780,198.850,198.860,198.850,198.860,0,0
1525959840,198.760,198.760,198.760,198.760,0,0
1525959900,198.650,198.540,198.540,198.650,4582,36300
1525959960,198.660,198.660,198.660,198.660,0,0
1525960020,198.690,198.690,198.690,198.690,0,0
1525960080,198.550,198.600,198.550,198.710,0,0
1525960140,198.710,198.710,198.710,198.710,0,0
1525960200,198.670,198.680,198.670,198.680,9515,40882
1525960260,198.710,198.860,198.710,198.860,0,0
1525960320,198.940,198.950,198.940,198.980,0,0
1525960380,198.840,198.720,198.650,198.840,0,0
1525960440,198.600,198.600,198.600,198.600,0,0
1525960500,198.670,198.670,198.670,198.670,9733,50397
1525960620,198.890,198.890,198.890,198.890,0,0
1525960680,198.990,198.820,198.820,198.990,0,0
1525960740,198.780,198.810,198.710,198.810,0,0
1525960800,198.940,198.810,198.740,198.940,9984,60130
1525960860,198.810,198.900,198.810,198.900,0,0
1525960920,198.820,198.810,198.810,198.820,0,0
1525960980,198.810,198.810,198.810,198.810,0,0
1525961040,198.880,199.110,198.880,199.110,0,0
1525961100,199.190,199.190,199.190,199.190,10895,70114
1525961160,199.190,199.190,199.190,199.190,0,0
1525961220,199.230,199.280,199.220,199.280,0,0
1525961280,199.250,199.390,199.190,199.390,0,0
1525961400,199.650,199.700,199.620,199.750,24477,81009
1525961460,199.670,199.440,199.440,199.690,0,0
1525961520,199.440,199.620,199.440,199.620,0,0
1525961580,199.690,199.690,199.690,199.690,0,0
1525961640,199.650,199.650,199.650,199.650,0,0
1525961700,199.520,199.400,199.400,199.560,9906,105486
1525961760,199.520,199.400,199.400,199.560,0,0
1525961820,199.370,199.680,199.370,199.680,0,0
1525961880,199.570,199.570,199.570,199.570,0,0
1525961940,199.580,199.480,199.480,199.580,0,0
1525962000,199.560,199.560,199.560,199.560,8173,115392
1525962060,199.560,199.670,199.560,199.670,0,0
1525962120,199.620,199.540,199.500,199.620,0,0
1525962180,199.710,199.720,199.680,199.770,0,0
1525962240,199.730,199.790,199.730,199.790,0,0
1525962300,199.780,199.850,199.780,199.850,25968,123565
1525962360,199.980,200.160,199.980,200.230,0,0
1525962420,200.230,200.030,200.030,200.230,0,0
1525962480,200.010,200.000,200.000,200.010,0,0
1525962540,200.040,199.930,199.930,200.040,0,0
1525962600,199.890,199.890,199.890,199.890,3817,149533
1525962720,199.890,199.660,199.660,199.940,0,0
1525962780,199.630,199.710,199.630,199.710,0,0
1525962900,200.040,200.110,200.040,200.110,50369,153350
1525963020,199.940,199.970,199.850,199.970,0,0
1525963080,199.970,200.050,199.970,200.050,0,0
1525963140,200.050,200.050,200.050,200.050,0,0
1525963200,200.200,200.200,200.200,200.200,8105,203719
1525963260,200.330,200.330,200.330,200.330,0,0
1525963320,200.240,200.240,200.240,200.240,0,0
1525963380,200.300,200.380,200.280,200.380,0,0
1525963440,200.360,200.330,200.330,200.360,0,0
1525963500,200.230,200.250,200.230,200.250,4104,211824
1525963560,200.360,200.410,200.360,200.410,0,0
1525963620,200.430,200.430,200.430,200.430,0,0
1525963800,200.560,200.470,200.470,200.590,24861,215928
1525963860,200.510,200.610,200.510,200.740,0,0
1525963920,200.740,200.620,200.620,200.740,0,0
1525963980,200.610,200.510,200.510,200.610,0,0
1525964100,200.470,200.570,200.470,200.600,31208,240789
1525964220,200.620,200.620,200.620,200.620,0,0
1525964280,200.630,200.540,200.540,200.640,0,0
1525964340,200.500,200.400,200.400,200.500,0,0
1525964400,200.510,200.450,200.450,200.510,20197,271997
1525964460,200.450,200.560,200.450,200.560,0,0
1525964520,200.570,200.770,200.570,200.770,0,0
1525964580,200.770,200.840,200.740,200.840,0,0
1525964640,200.870,200.810,200.810,200.870,0,0
1525964700,200.960,200.860,200.860,200.960,43660,292194
1525964760,200.860,200.910,200.850,200.910,0,0
1525964820,200.860,200.770,200.770,200.880,0,0
1525964880,200.710,200.710,200.710,200.710,0,0
1525964940,200.650,200.650,200.650,200.650,0,0
1525965000,200.730,200.930,200.730,200.930,8734,335854
1525965180,200.840,200.940,200.840,200.970,0,0
1525965240,200.860,200.880,200.860,200.880,0,0
1525965300,200.880,201.070,200.850,201.070,6618,344588
1525965360,201.120,201.120,201.120,201.120,0,0
1525965480,201.070,201.070,201.070,201.070,0,0
1525965540,201.010,201.010,201.010,201.010,0,0
1525965600,201.000,201.060,201.000,201.060,6198,351206
1525965720,201.140,200.960,200.960,201.140,0,0
1525965780,200.980,200.990,200.980,201.020,0,0
1525965840,201.020,200.990,200.990,201.020,0,0
1525965900,201.000,201.020,201.000,201.040,6698,357404
1525965960,201.030,201.040,201.030,201.050,0,0
1525966020,201.040,201.040,201.040,201.040,0,0
1525966080,201.000,200.970,200.970,201.000,0,0
1525966140,201.020,200.950,200.950,201.020,0,0
1525966200,200.970,200.960,200.960,201.030,18902,364102
1525966260,200.970,201.040,200.970,201.040,0,0
1525966320,201.040,201.090,201.040,201.090,0,0
1525966380,201.080,200.970,200.960,201.080,0,0
1525966440,200.970,200.970,200.970,200.970,0,0
1525966500,200.880,200.880,200.880,200.880,6902,383004
1525966560,201.020,200.970,200.970,201.020,0,0
1525966620,200.930,200.900,200.900,200.970,0,0
1525966680,200.830,200.830,200.830,200.830,0,0
1525966800,200.880,200.880,200.880,200.880,11566,389906
1525966860,200.790,200.790,200.790,200.790,0,0
1525966920,200.760,200.760,200.760,200.760,0,0
1525966980,200.790,200.740,200.740,200.840,0,0
1525967100,200.830,200.830,200.830,200.830,3416,401472
1525967160,200.690,200.690,200.690,200.690,0,0
1525967220,200.680,200.620,200.620,200.750,0,0
1525967280,200.740,200.740,200.740,200.740,0,0
1525967340,200.630,200.630,200.630,200.630,0,0
1525967400,200.700,200.590,200.590,200.700,2984,404888
1525967520,200.640,200.640,200.640,200.640,0,0
1525967580,200.510,200.510,200.510,200.510,0,0
1525967640,200.530,200.530,200.530,200.530,0,0
1525967700,200.530,200.590,200.530,200.590,5927,407872
1525967760,200.470,200.490,200.470,200.490,0,0
1525967820,200.540,200.540,200.540,200.540,0,0
1525967880,200.550,200.590,200.550,200.590,0,0
1525967940,200.600,200.620,200.600,200.620,0,0
1525968000,200.600,200.670,200.570,200.670,26944,413799
1525968060,200.620,200.610,200.610,200.670,0,0
1525968120,200.650,200.730,200.650,200.730,0,0
1525968180,200.800,200.870,200.800,200.870,0,0
1525968240,200.870,200.850,200.850,200.870,0,0
1525968300,200.910,200.840,200.840,200.910,8487,440743
1525968360,200.840,200.840,200.840,200.840,0,0
1525968420,200.840,200.830,200.830,200.840,0,0
1525968480,200.800,200.890,200.800,200.890,0,0
1525968540,200.870,200.920,200.870,200.920,0,0
1525968600,201.000,201.000,201.000,201.000,5768,449230
1525968720,201.000,201.000,201.000,201.000,0,0
1525968780,200.890,200.890,200.890,200.890,0,0
1525968840,201.000,201.080,201.000,201.080,0,0
1525968900,201.020,200.880,200.880,201.020,2171,454998
1525969080,201.020,200.880,200.880,201.020,0,0
1525969140,200.940,200.940,200.940,200.940,0,0
1525969200,200.840,200.840,200.840,200.840,3933,457169
1525969320,200.730,200.740,200.730,200.740,0,0
1525969380,200.750,200.750,200.750,200.750,0,0
1525969440,200.680,200.640,200.640,200.680,0,0
1525969500,200.610,200.660,200.610,200.740,13936,461102
1525969560,200.810,200.810,200.810,200.810,0,0
1525969620,200.750,200.830,200.740,200.830,0,0
1525969680,200.920,201.000,200.920,201.000,0,0
1525969740,200.950,200.950,200.950,200.950,0,0
1525969800,200.980,200.780,200.780,200.980,5430,475038
1525969920,200.980,200.780,200.780,200.980,0,0
1525969980,200.890,200.890,200.890,200.890,0,0
1525970040,200.930,200.940,200.930,200.940,0,0
1525970100,200.860,200.840,200.840,200.860,9348,480468
1525970220,200.750,200.710,200.710,200.750,0,0
1525970280,200.710,200.660,200.660,200.710,0,0
1525970340,200.650,200.710,200.650,200.710,0,0
1525970400,200.610,200.640,200.610,200.640,5540,489816
1525970460,200.660,200.700,200.660,200.700,0,0
1525970520,200.710,200.580,200.580,200.710,0,0
1525970580,200.570,200.570,200.570,200.570,0,0
1525970640,200.570,200.550,200.550,200.570,0,0
1525970700,200.640,200.590,200.590,200.640,2210,495356
1525970760,200.640,200.590,200.590,200.640,0,0
1525970820,200.570,200.500,200.500,200.570,0,0
1525970880,200.520,200.520,200.520,200.520,0,0
1525971000,200.510,200.540,200.510,200.550,8172,497566
1525971060,200.440,200.440,200.440,200.440,0,0
1525971120,200.380,200.370,200.370,200.380,0,0
1525971240,200.250,200.310,200.250,200.310,0,0
1525971300,200.300,200.370,200.300,200.370,3948,505738
1525971360,200.280,200.280,200.280,200.280,0,0
1525971480,200.360,200.360,200.360,200.360,0,0
1525971600,200.390,200.510,200.390,200.510,4790,509686
1525971660,200.560,200.560,200.560,200.560,0,0
1525971780,200.620,200.710,200.620,200.710,0,0
1525971900,200.680,200.680,200.680,200.680,16100,514476
1525971960,200.680,200.680,200.680,200.680,0,0
1525972020,200.610,200.500,200.500,200.610,0,0
1525972080,200.550,200.550,200.550,200.550,0,0
1525972140,200.410,200.350,200.350,200.410,0,0
1525972200,200.350,200.380,200.350,200.430,4319,530576
1525972260,200.470,200.470,200.470,200.470,0,0
1525972320,200.410,200.360,200.360,200.410,0,0
1525972380,200.320,200.320,200.320,200.320,0,0
1525972500,200.340,200.420,200.340,200.420,3832,534895
1525972620,200.440,200.440,200.440,200.440,0,0
1525972680,200.550,200.550,200.550,200.550,0,0
1525972740,200.610,200.610,200.610,200.610,0,0
1525972800,200.530,200.530,200.530,200.530,5529,538727
1525972860,200.540,200.540,200.540,200.540,0,0
1525973040,200.540,200.470,200.470,200.540,0,0
1525973100,200.410,200.410,200.410,200.410,5757,544256
1525973220,200.250,200.150,200.120,200.250,0,0
1525973280,200.090,200.100,200.090,200.100,0,0
1525973340,200.060,200.060,200.060,200.060,0,0
1525973400,199.930,200.120,199.930,200.120,3463,550013
1525973460,199.930,200.120,199.930,200.120,0,0
1525973580,200.180,200.180,200.180,200.180,0,0
1525973700,200.110,200.060,200.060,200.110,8659,553476
1525973760,200.100,200.080,200.080,200.120,0,0
1525973880,200.180,200.030,200.030,200.180,0,0
1525974000,199.900,199.810,199.810,199.900,4405,562135
1525974060,199.900,199.810,199.810,199.900,0,0
1525974180,199.800,199.800,199.800,199.800,0,0
1525974240,199.850,199.910,199.850,199.910,0,0
1525974300,199.890,199.890,199.890,199.890,3737,566540
1525974420,199.880,199.960,199.880,199.960,0,0
1525974540,199.810,199.810,199.810,199.810,0,0
1525974600,199.960,199.960,199.960,199.960,4003,570277
1525974660,199.980,200.070,199.980,200.070,0,0
1525974720,200.040,199.910,199.910,200.040,0,0
1525974780,199.930,199.930,199.930,199.930,0,0
1525974840,199.950,199.890,199.890,199.950,0,0
1525974900,199.860,199.860,199.860,199.860,3199,574280
1525975020,199.930,199.930,199.930,199.930,0,0
1525975080,200.020,200.030,200.020,200.030,0,0
1525975140,199.990,199.990,199.990,199.990,0,0
1525975200,199.970,199.990,199.970,200.110,8194,577479
1525975320,199.810,199.970,199.810,199.970,0,0
1525975380,200.040,200.000,200.000,200.040,0,0
1525975440,200.000,200.000,200.000,200.000,0,0
1525975500,199.960,199.990,199.960,199.990,24234,585673
1525975560,200.000,200.010,200.000,200.010,0,0
1525975620,200.000,199.990,199.990,200.000,0,0
1525975680,200.020,200.060,199.990,200.060,0,0
1525975740,200.060,200.040,200.040,200.070,0,0
1525975800,200.060,200.100,200.060,200.100,18304,609907
1525975860,200.100,200.160,200.100,200.160,0,0
1525975920,200.100,200.090,200.090,200.100,0,0
1525975980,200.110,200.110,200.110,200.110,0,0
1525976040,200.100,200.050,200.050,200.100,0,0
1525976100,199.990,199.990,199.990,199.990,5960,628211
1525976160,200.000,200.000,200.000,200.000,0,0
1525976280,200.040,200.000,200.000,200.040,0,0
1525976340,200.030,200.000,200.000,200.030,0,0
1525976400,200.030,200.030,200.030,200.030,3923,634171
1525976520,200.040,200.030,200.030,200.090,0,0
1525976580,200.000,200.000,200.000,200.000,0,0
1525976640,200.000,200.000,200.000,200.000,0,0
1525976700,200.080,200.090,200.080,200.090,16298,638094
1525976760,200.180,200.120,200.120,200.180,0,0
1525976820,200.120,200.140,200.120,200.150,0,0
1525976880,200.200,200.300,200.200,200.300,0,0
1525976940,200.260,200.260,200.260,200.260,0,0
1525977000,200.310,200.380,200.310,200.400,12687,654392
1525977060,200.370,200.230,200.230,200.370,0,0
1525977120,200.230,200.210,200.210,200.270,0,0
1525977180,200.400,200.400,200.400,200.400,0,0
1525977240,200.450,200.350,200.320,200.450,0,0
1525977300,200.290,200.200,200.200,200.320,6022,667079
1525977360,200.170,200.170,200.170,200.170,0,0
1525977420,200.100,200.040,199.920,200.100,0,0
1525977480,199.950,200.030,199.950,200.030,0,0
1525977540,199.780,199.910,199.780,199.910,0,0
1525977600,199.950,199.840,199.790,199.950,8247,673101
1525977660,199.840,199.870,199.780,199.870,0,0
1525977720,199.880,200.010,199.880,200.010,0,0
1525977840,200.140,200.100,200.050,200.140,0,0
1525977900,200.070,200.120,200.070,200.120,12164,681348
1525977960,200.170,200.270,200.170,200.270,0,0
1525978020,200.290,200.400,200.290,200.400,0,0
1525978080,200.410,200.400,200.400,200.410,0,0
1525978140,200.350,200.410,200.300,200.410,0,0
1525978200,200.340,200.320,200.320,200.340,16777,693512
1525978260,200.260,200.230,200.230,200.260,0,0
1525978320,200.310,200.380,200.310,200.380,0,0
1525978380,200.440,200.300,200.300,200.440,0,0
1525978500,200.260,200.260,200.260,200.260,14894,710289
1525978560,200.160,200.160,200.160,200.160,0,0
1525978620,200.190,200.220,200.190,200.220,0,0
1525978680,200.300,200.370,200.300,200.370,0,0
1525978740,200.370,200.460,200.370,200.500,0,0
1525978800,200.490,200.650,200.490,200.650,15824,725183
1525978860,200.680,200.610,200.610,200.680,0,0
1525978920,200.450,200.430,200.430,200.450,0,0
1525978980,200.320,200.230,200.230,200.320,0,0
1525979040,200.220,200.160,200.160,200.240,0,0
1525979100,200.160,200.070,200.070,200.160,6229,741007
1525979160,200.160,200.070,200.070,200.160,0,0
1525979220,200.140,200.240,200.140,200.270,0,0
1525979280,200.270,200.270,200.270,200.270,0,0
1525979340,200.240,200.280,200.220,200.280,0,0
1525979400,200.750,200.520,200.520,200.750,29713,747236
1525979460,200.450,200.400,200.400,200.460,0,0
1525979520,200.460,200.430,200.430,200.460,0,0
1525979580,200.500,200.600,200.500,200.600,0,0
1525979640,200.490,200.490,200.490,200.490,0,0
1525979700,200.560,200.490,200.490,200.560,6663,776949
1525979820,200.610,200.610,200.610,200.610,0,0
1525979880,200.610,200.650,200.610,200.650,0,0
1525979940,200.660,200.480,200.480,200.660,0,0
1525980000,200.640,200.650,200.640,200.650,3185,783612
1525980060,200.660,200.660,200.660,200.660,0,0
1525980120,200.670,200.700,200.670,200.700,0,0
1525980180,200.750,200.640,200.640,200.750,0,0
1525980300,200.610,200.600,200.600,200.610,13257,786797
1525980360,200.610,200.660,200.610,200.660,0,0
1525980420,200.620,200.680,200.620,200.710,0,0
1525980480,200.630,200.620,200.620,200.630,0,0
1525980540,200.560,200.680,200.560,200.680,0,0
1525980600,200.610,200.540,200.540,200.610,10057,800054
1525980660,200.480,200.480,200.480,200.480,0,0
1525980720,200.530,200.590,200.490,200.590,0,0
1525980780,200.580,200.570,200.570,200.660,0,0
1525980840,200.600,200.580,200.580,200.600,0,0
1525980900,200.550,200.520,200.520,200.550,12075,810111
1525980960,200.530,200.490,200.490,200.540,0,0
1525981020,200.490,200.530,200.460,200.530,0,0
1525981080,200.570,200.560,200.550,200.570,0,0
1525981200,200.460,200.490,200.450,200.500,14157,822186
1525981260,200.440,200.580,200.440,200.580,0,0
1525981320,200.480,200.480,200.480,200.480,0,0
1525981380,200.500,200.490,200.490,200.590,0,0
1525981440,200.460,200.410,200.410,200.500,0,0
1525981500,200.390,200.410,200.390,200.440,47151,836343
1525981560,200.430,200.400,200.360,200.430,0,0
1525981620,200.410,200.440,200.410,200.440,0,0
1525981680,200.410,200.400,200.370,200.410,0,0
1525981740,200.310,200.280,200.270,200.350,0,0
1525981800,200.300,200.500,200.300,200.500,25352,883494
1525981860,200.460,200.460,200.460,200.460,0,0
1525981920,200.450,200.340,200.340,200.450,0,0
1525981980,200.370,200.360,200.360,200.380,0,0
1525982040,200.370,200.260,200.260,200.370,0,0
1525982100,200.240,200.270,200.240,200.300,205317,908846
1525982160,200.250,200.240,200.230,200.280,0,0
1525982220,200.210,200.280,200.210,200.320,0,0
1525982280,200.280,200.390,200.280,200.390,0,0
1525982340,200.400,200.630,200.380,200.680,0,0
1526045400,200.890,199.530,199.530,200.890,13539,0
1526045460,199.670,199.670,199.670,199.670,0,0
1526045520,199.720,199.720,199.720,199.720,0,0
1526045580,200.720,200.390,200.390,200.720,0,0
1526045640,200.450,200.810,200.450,200.840,0,0
1526045700,200.430,200.490,200.430,200.810,11709,13539
1526045760,200.470,200.380,200.120,200.790,0,0
1526045820,200.100,200.100,200.100,200.100,0,0
1526045940,199.740,199.740,199.740,199.740,0,0
1526046000,200.090,199.910,199.910,200.090,6046,25248
1526046060,199.940,199.980,199.940,199.980,0,0
1526046120,200.150,200.120,199.820,200.150,0,0
1526046180,199.950,199.950,199.950,199.950,0,0
1526046240,199.960,200.050,199.960,200.190,0,0
1526046300,200.290,200.390,200.290,200.390,13405,31294
1526046360,200.520,200.530,200.410,200.530,0,0
1526046420,200.860,200.860,200.860,200.860,0,0
1526046480,200.680,200.370,200.370,200.680,0,0
1526046540,200.460,200.180,200.180,200.460,0,0
1526046600,199.970,200.000,199.970,200.160,17521,44699
1526046660,200.090,199.990,199.990,200.160,0,0
1526046720,200.130,199.910,199.910,200.130,0,0
1526046780,200.000,200.000,200.000,200.000,0,0
1526046840,199.910,200.000,199.910,200.010,0,0
1526046900,199.960,199.960,199.960,199.960,18128,62220
1526046960,199.970,200.020,199.970,200.020,0,0
1526047020,199.960,200.030,199.960,200.030,0,0
1526047080,199.910,200.050,199.910,200.050,0,0
1526047140,200.060,200.320,200.060,200.320,0,0
1526047200,200.320,200.250,200.180,200.320,12806,80348
1526047260,200.260,200.410,200.260,200.410,0,0
1526047320,200.510,200.410,200.400,200.510,0,0
1526047380,200.440,200.540,200.440,200.540,0,0
1526047440,200.540,200.640,200.540,200.640,0,0
1526047500,200.720,200.590,200.590,200.720,18718,93154
1526047560,200.620,200.600,200.600,200.690,0,0
1526047620,200.640,200.940,200.640,200.940,0,0
1526047680,200.860,201.080,200.860,201.080,0,0
1526047740,201.010,201.070,200.950,201.070,0,0
1526047800,201.190,201.360,201.160,201.360,12444,111872
1526047860,201.290,201.300,201.210,201.300,0,0
1526047920,201.200,201.190,201.190,201.200,0,0
1526047980,201.230,201.350,201.230,201.350,0,0
1526048040,201.280,201.220,201.220,201.370,0,0
1526048100,201.250,201.250,201.250,201.250,7460,124316
1526048160,201.230,201.090,201.090,201.230,0,0
1526048220,201.120,200.920,200.920,201.120,0,0
1526048280,201.030,200.760,200.760,201.030,0,0
1526048340,200.920,200.920,200.920,200.920,0,0
1526048400,200.940,200.960,200.910,200.960,13776,131776
1526048460,200.900,200.940,200.900,200.940,0,0
1526048520,200.880,200.810,200.810,200.880,0,0
1526048580,200.920,200.800,200.800,200.920,0,0
1526048640,200.880,200.920,200.880,200.960,0,0
1526048700,200.920,200.860,200.860,200.920,7620,145552
1526048760,200.920,200.860,200.860,200.920,0,0
1526048820,200.880,200.880,200.880,200.880,0,0
1526048880,200.990,200.910,200.910,200.990,0,0
1526048940,200.880,200.740,200.740,200.880,0,0
1526049000,200.780,200.710,200.710,200.780,11613,153172
1526049060,200.710,200.510,200.510,200.710,0,0
1526049120,200.320,200.490,200.320,200.530,0,0
1526049180,200.350,200.460,200.350,200.460,0,0
1526049240,200.680,200.620,200.620,200.700,0,0
1526049300,200.610,200.580,200.580,200.610,7419,164785
1526049420,200.650,200.670,200.620,200.700,0,0
1526049480,200.740,200.580,200.580,200.740,0,0
1526049600,200.520,200.520,200.520,200.520,8902,172204
1526049660,200.520,200.520,200.520,200.520,0,0
1526049720,200.510,200.490,200.490,200.510,0,0
1526049780,200.570,200.450,200.440,200.570,0,0
1526049840,200.450,200.450,200.450,200.450,0,0
1526049900,200.550,200.510,200.510,200.560,7578,181106
1526049960,200.410,200.350,200.350,200.410,0,0
1526050020,200.370,200.470,200.370,200.470,0,0
1526050080,200.470,200.470,200.470,200.470,0,0
1526050140,200.490,200.490,200.490,200.490,0,0
1526050200,200.490,200.440,200.440,200.550,30424,188684
1526050260,200.500,200.350,200.350,200.500,0,0
1526050320,200.460,200.370,200.370,200.460,0,0
1526050380,200.460,200.560,200.460,200.560,0,0
1526050440,200.600,200.750,200.600,200.750,0,0
1526050500,200.830,200.830,200.830,200.830,8497,219108
1526050560,200.780,200.930,200.780,200.930,0,0
1526050620,200.870,200.940,200.870,200.940,0,0
1526050680,200.740,200.750,200.740,200.750,0,0
1526050740,200.850,200.820,200.820,200.850,0,0
1526050800,200.810,200.780,200.780,200.810,5874,227605
1526050860,200.700,200.580,200.580,200.700,0,0
1526050920,200.570,200.450,200.450,200.570,0,0
1526050980,200.430,200.430,200.430,200.430,0,0
1526051040,200.410,200.410,200.410,200.410,0,0
1526051100,200.500,200.350,200.350,200.530,8589,233479
1526051160,200.380,200.380,200.380,200.380,0,0
1526051220,200.290,200.250,200.250,200.380,0,0
1526051280,200.230,200.230,200.230,200.230,0,0
1526051340,200.210,200.200,200.080,200.210,0,0
1526051400,200.150,200.080,200.080,200.150,9417,242068
1526051460,200.050,200.210,200.050,200.210,0,0
1526051520,200.100,200.110,200.100,200.110,0,0
1526051580,200.150,200.240,200.150,200.240,0,0
1526051640,200.190,200.280,200.170,200.280,0,0
1526051700,200.220,200.210,200.210,200.220,6626,251485
1526051760,200.220,200.210,200.210,200.220,0,0
1526051820,200.100,200.100,200.100,200.100,0,0
1526051880,199.920,200.000,199.850,200.010,0,0
1526051940,199.980,199.980,199.980,199.980,0,0
1526052000,199.960,199.960,199.960,199.960,5267,258111
1526052060,200.000,200.000,200.000,200.000,0,0
1526052180,199.970,199.970,199.970,199.970,0,0
1526052240,199.860,199.860,199.860,199.860,0,0
1526052300,199.890,199.890,199.890,199.890,11635,263378
1526052360,199.870,199.830,199.830,199.870,0,0
1526052420,199.880,199.960,199.880,199.960,0,0
1526052480,199.940,199.950,199.940,199.950,0,0
1526052540,199.910,199.850,199.850,199.910,0,0
1526052600,199.880,199.920,199.880,199.920,15299,275013
1526052660,199.930,200.000,199.930,200.000,0,0
1526052720,200.000,199.980,199.930,200.000,0,0
1526052780,200.020,200.060,200.020,200.060,0,0
1526052840,200.050,200.040,200.040,200.160,0,0
1526052900,200.040,200.110,200.040,200.180,8670,290312
1526052960,200.130,200.250,200.130,200.250,0,0
1526053020,200.220,200.100,200.100,200.220,0,0
1526053140,200.140,200.140,200.140,200.140,0,0
1526053200,200.220,200.150,200.150,200.220,8789,298982
1526053260,200.220,200.150,200.150,200.220,0,0
1526053320,200.200,200.200,200.200,200.200,0,0
1526053380,200.210,200.190,200.190,200.250,0,0
1526053440,200.100,200.120,200.100,200.120,0,0
1526053500,200.070,200.070,200.070,200.070,9388,307771
1526053560,200.070,200.070,200.070,200.070,0,0
1526053620,200.020,200.020,200.020,200.020,0,0
1526053680,199.980,199.980,199.980,199.980,0,0
1526053740,199.710,199.720,199.710,199.740,0,0
1526053800,199.740,199.880,199.740,199.880,8557,317159
1526053860,199.940,200.060,199.940,200.060,0,0
1526053920,199.960,199.960,199.960,199.960,0,0
1526053980,199.950,199.950,199.950,199.950,0,0
1526054040,199.920,199.920,199.920,199.920,0,0
1526054100,199.880,199.930,199.880,199.930,6366,325716
1526054220,199.980,199.970,199.970,199.980,0,0
1526054280,199.980,199.970,199.970,200.000,0,0
1526054340,200.020,200.020,200.020,200.020,0,0
1526054400,199.970,199.970,199.970,199.970,7942,332082
1526054460,199.980,199.980,199.980,199.980,0,0
1526054520,200.090,200.090,200.090,200.090,0,0
1526054640,200.140,200.240,200.140,200.290,0,0
1526054700,200.280,200.280,200.280,200.280,3785,340024
1526054760,200.280,200.280,200.280,200.280,0,0
1526054820,200.160,200.160,200.160,200.160,0,0
1526054880,200.150,200.150,200.150,200.150,0,0
1526054940,200.040,200.040,200.040,200.040,0,0
1526055000,199.820,199.840,199.820,199.910,5658,343809
1526055060,199.910,199.940,199.910,199.940,0,0
1526055180,199.650,199.790,199.650,199.790,0,0
1526055300,199.640,199.750,199.640,199.750,4571,349467
1526055360,199.640,199.750,199.640,199.750,0,0
1526055480,199.620,199.620,199.620,199.620,0,0
1526055540,199.620,199.620,199.620,199.620,0,0
1526055600,199.670,199.670,199.670,199.670,3541,354038
1526055660,199.670,199.670,199.670,199.670,0,0
1526055720,199.630,199.570,199.570,199.630,0,0
1526055780,199.600,199.510,199.510,199.600,0,0
1526055840,199.510,199.510,199.510,199.510,0,0
1526055900,199.600,199.510,199.430,199.600,9489,357579
1526055960,199.570,199.570,199.570,199.570,0,0
1526056020,199.600,199.600,199.600,199.600,0,0
1526056080,199.570,199.470,199.470,199.570,0,0
1526056140,199.410,199.540,199.410,199.540,0,0
1526056200,199.510,199.480,199.480,199.530,9176,367068
1526056260,199.490,199.490,199.490,199.490,0,0
1526056320,199.480,199.440,199.440,199.490,0,0
1526056380,199.520,199.580,199.500,199.580,0,0
1526056440,199.460,199.460,199.460,199.460,0,0
1526056500,199.600,199.600,199.600,199.600,4210,376244
1526056560,199.600,199.550,199.550,199.600,0,0
1526056680,199.530,199.440,199.440,199.530,0,0
1526056800,199.600,199.600,199.600,199.600,4705,380454
1526056980,199.450,199.450,199.450,199.450,0,0
1526057040,199.540,199.540,199.540,199.540,0,0
1526057100,199.500,199.410,199.410,199.500,4303,385159
1526057160,199.510,199.550,199.510,199.550,0,0
1526057220,199.550,199.710,199.550,199.710,0,0
1526057340,199.720,199.650,199.650,199.720,0,0
1526057400,199.770,199.770,199.770,199.770,5633,389462
1526057520,199.760,199.740,199.740,199.760,0,0
1526057580,199.760,199.760,199.760,199.760,0,0
1526057640,199.760,199.760,199.760,199.760,0,0
1526057700,199.710,199.710,199.710,199.710,21773,395095
1526057760,199.780,199.780,199.780,199.780,0,0
1526057820,199.900,199.900,199.900,199.900,0,0
1526057880,199.860,199.720,199.720,199.860,0,0
1526057940,199.630,199.660,199.630,199.670,0,0
1526058000,199.740,199.840,199.740,199.840,7763,416868
1526058060,199.740,199.840,199.740,199.840,0,0
1526058120,199.780,199.810,199.740,199.810,0,0
1526058180,199.770,199.640,199.640,199.770,0,0
1526058240,199.780,199.780,199.780,199.780,0,0
1526058300,199.850,199.860,199.850,199.860,5534,424631
1526058360,199.850,199.860,199.850,199.860,0,0
1526058480,199.990,199.990,199.990,199.990,0,0
1526058540,199.910,199.930,199.870,199.930,0,0
1526058600,199.950,199.950,199.950,199.950,3773,430165
1526058660,199.950,199.950,199.950,199.950,0,0
1526058780,199.890,199.960,199.890,199.960,0,0
1526058900,199.960,199.960,199.960,199.960,5677,433938
1526058960,199.930,199.930,199.930,199.930,0,0
1526059020,200.020,200.020,200.020,200.020,0,0
1526059080,199.980,199.980,199.980,199.980,0,0
1526059140,199.930,199.930,199.930,199.930,0,0
1526059200,200.000,200.000,200.000,200.000,10129,439615
1526059260,199.930,199.930,199.930,199.930,0,0
1526059440,200.160,200.180,200.160,200.180,0,0
1526059500,200.130,200.130,200.130,200.130,501,449744
1526059800,200.170,200.170,200.170,200.170,6012,450245
1526059860,200.210,200.210,200.210,200.210,0,0
1526059920,200.220,200.250,200.220,200.250,0,0
1526060100,200.160,200.080,200.080,200.160,9447,456257
1526060280,200.150,200.030,199.970,200.150,0,0
1526060400,200.100,200.100,200.100,200.100,4308,465704
1526060460,200.100,200.100,200.100,200.100,0,0
1526060580,199.980,199.940,199.940,199.980,0,0
1526060700,200.000,200.020,200.000,200.020,8200,470012
1526060760,199.960,199.960,199.960,199.960,0,0
1526060820,200.060,200.040,200.040,200.060,0,0
1526060880,200.120,200.020,200.020,200.120,0,0
1526060940,200.080,200.080,200.080,200.080,0,0
1526061000,200.060,200.060,200.060,200.060,6852,478212
1526061060,200.030,200.030,200.030,200.030,0,0
1526061120,200.110,200.110,200.110,200.110,0,0
1526061240,200.190,200.040,200.040,200.190,0,0
1526061300,200.050,200.030,200.030,200.050,11864,485064
1526061360,200.110,200.030,200.030,200.110,0,0
1526061420,200.010,200.010,200.010,200.010,0,0
1526061480,199.840,199.930,199.840,199.930,0,0
1526061540,200.030,200.030,200.030,200.030,0,0
1526061600,199.960,199.910,199.910,199.960,5378,496928
1526061660,200.040,200.040,200.040,200.040,0,0
1526061720,200.000,199.970,199.970,200.000,0,0
1526061780,199.960,199.840,199.840,199.960,0,0
1526061840,199.780,199.780,199.780,199.780,0,0
1526061900,199.860,199.820,199.780,199.860,4775,502306
1526061960,199.860,199.820,199.780,199.860,0,0
1526062020,199.780,199.880,199.780,199.880,0,0
1526062080,199.910,199.910,199.910,199.910,0,0
1526062200,199.850,199.850,199.850,199.850,15115,507081
1526062260,199.890,199.890,199.890,199.890,0,0
1526062320,199.780,199.860,199.750,199.860,0,0
1526062380,199.810,199.700,199.700,199.810,0,0
1526062440,199.740,199.740,199.740,199.740,0,0
1526062500,199.810,199.810,199.810,199.810,9352,522196
1526062560,199.960,199.920,199.860,199.960,0,0
1526062620,199.880,199.880,199.880,199.880,0,0
1526062680,199.810,199.730,199.730,199.810,0,0
1526062740,199.750,199.860,199.750,199.860,0,0
1526062800,199.940,199.940,199.940,199.940,6125,531548
1526062860,199.960,199.960,199.960,199.960,0,0
1526062920,199.980,199.940,199.910,199.980,0,0
1526062980,199.960,199.960,199.960,199.960,0,0
1526063040,199.920,199.920,199.920,199.920,0,0
1526063100,199.870,199.870,199.870,199.870,5500,537673
1526063160,199.930,199.790,199.790,199.930,0,0
1526063220,199.800,199.840,199.800,199.880,0,0
1526063280,199.880,199.830,199.830,199.880,0,0
1526063340,199.790,199.790,199.790,199.790,0,0
1526063400,199.780,199.740,199.700,199.780,11566,543173
1526063460,199.780,199.740,199.700,199.780,0,0
1526063520,199.800,199.820,199.800,199.820,0,0
1526063580,199.780,199.740,199.740,199.800,0,0
1526063640,199.740,199.720,199.670,199.740,0,0
1526063700,199.800,199.770,199.720,199.800,6694,554739
1526063760,199.810,199.810,199.810,199.810,0,0
1526063820,199.720,199.820,199.720,199.820,0,0
1526063880,199.820,199.820,199.820,199.820,0,0
1526063940,199.760,199.780,199.760,199.780,0,0
1526064000,199.800,199.800,199.800,199.800,4161,561433
1526064120,199.790,199.760,199.760,199.790,0,0
1526064240,199.680,199.660,199.660,199.680,0,0
1526064300,199.660,199.680,199.660,199.680,10319,565594
1526064420,199.670,199.810,199.670,199.810,0,0
1526064480,199.800,199.800,199.800,199.800,0,0
1526064540,199.880,199.890,199.810,199.920,0,0
1526064600,199.810,199.810,199.810,199.810,6482,575913
1526064660,199.790,199.790,199.790,199.790,0,0
1526064720,199.670,199.670,199.670,199.670,0,0
1526064840,199.650,199.590,199.590,199.650,0,0
1526064900,199.580,199.550,199.520,199.580,10443,582395
1526064960,199.660,199.660,199.660,199.660,0,0
1526065020,199.670,199.670,199.670,199.670,0,0
1526065080,199.570,199.570,199.570,199.570,0,0
1526065140,199.690,199.650,199.650,199.730,0,0
1526065200,199.720,199.720,199.720,199.720,12185,592838
1526065260,199.780,199.780,199.780,199.780,0,0
1526065320,199.800,199.720,199.720,199.800,0,0
1526065380,199.720,199.840,199.660,199.840,0,0
1526065440,199.770,199.750,199.750,199.770,0,0
1526065500,199.780,199.700,199.700,199.780,13220,605023
1526065560,199.700,199.740,199.700,199.750,0,0
1526065620,199.770,199.800,199.750,199.800,0,0
1526065680,199.790,199.920,199.790,199.950,0,0
1526065740,199.880,199.890,199.860,199.890,0,0
1526065800,199.890,199.870,199.850,199.910,11478,618243
1526065860,199.850,199.890,199.850,199.890,0,0
1526065920,200.010,200.010,200.010,200.010,0,0
1526065980,199.900,199.900,199.900,199.900,0,0
1526066040,199.850,199.910,199.850,199.950,0,0
1526066100,199.940,199.860,199.860,199.980,8437,629721
1526066160,199.770,199.770,199.770,199.770,0,0
1526066220,199.690,199.810,199.690,199.810,0,0
1526066280,199.800,199.800,199.800,199.800,0,0
1526066340,199.870,199.870,199.870,199.870,0,0
1526066400,199.850,199.790,199.790,199.850,10681,638158
1526066460,199.790,199.770,199.770,199.790,0,0
1526066520,199.800,199.750,199.750,199.800,0,0
1526066580,199.760,199.760,199.760,199.760,0,0
1526066640,199.760,199.810,199.760,199.810,0,0
1526066700,199.840,199.840,199.840,199.840,8524,648839
1526066760,199.860,199.880,199.860,199.880,0,0
1526066820,199.910,199.910,199.910,199.910,0,0
1526066880,199.940,199.880,199.880,199.940,0,0
1526066940,199.960,199.960,199.960,199.960,0,0
1526067000,200.010,199.990,199.990,200.010,13966,657363
1526067060,200.040,200.020,200.020,200.040,0,0
1526067120,200.040,200.080,200.040,200.080,0,0
1526067180,200.070,200.070,200.070,200.070,0,0
1526067240,200.090,200.120,200.090,200.130,0,0
1526067300,200.120,200.100,200.100,200.120,14249,671329
1526067360,200.130,200.170,200.130,200.170,0,0
1526067420,200.090,200.130,200.090,200.130,0,0
1526067480,200.100,200.140,200.100,200.140,0,0
1526067540,200.130,200.110,200.070,200.130,0,0
1526067600,200.100,200.110,200.100,200.110,11989,685578
1526067660,200.050,199.990,199.990,200.050,0,0
1526067720,200.040,199.960,199.960,200.040,0,0
1526067780,199.960,199.930,199.930,199.960,0,0
1526067840,199.910,199.940,199.910,199.940,0,0
1526067900,199.830,199.810,199.780,199.860,24804,697567
1526067960,199.810,199.760,199.760,199.830,0,0
1526068020,199.730,199.750,199.700,199.750,0,0
1526068080,199.750,199.840,199.720,199.840,0,0
1526068140,199.880,199.870,199.870,199.920,0,0
1526068200,199.930,199.880,199.880,199.980,32187,722371
1526068260,199.860,199.820,199.820,199.860,0,0
1526068320,199.820,199.800,199.800,199.850,0,0
1526068380,199.770,199.720,199.700,199.770,0,0
1526068440,199.700,199.670,199.670,199.710,0,0
1526068500,199.710,199.730,199.710,199.750,156717,754558
1526068560,199.690,199.760,199.690,199.760,0,0
1526068620,199.790,199.750,199.730,199.790,0,0
1526068680,199.810,199.840,199.810,199.840,0,0
1526068740,199.920,199.990,199.880,199.990,0,0
1526304600,200.580,200.620,200.580,200.620,20414,0
1526304660,200.580,200.620,200.580,200.620,0,0
1526304720,200.810,201.190,200.620,201.190,0,0
1526304780,200.970,200.970,200.970,200.970,0,0
1526304840,201.110,200.920,200.920,201.110,0,0
1526304900,200.870,200.970,200.870,200.970,4685,20414
1526304960,200.500,200.500,200.500,200.500,0,0
1526305080,200.090,200.090,200.090,200.090,0,0
1526305200,199.680,199.680,199.680,199.680,6726,25099
1526305260,199.680,199.680,199.680,199.680,0,0
1526305320,199.790,199.790,199.790,199.790,0,0
1526305440,199.620,199.620,199.620,199.620,0,0
1526305500,199.690,199.690,199.690,199.690,1243,31825
1526305740,199.690,199.690,199.690,199.690,0,0
1526305800,199.580,199.580,199.580,199.580,5087,33068
1526305860,199.510,199.480,199.480,199.510,0,0
1526305980,199.520,199.520,199.520,199.520,0,0
1526306040,199.390,199.460,199.390,199.490,0,0
1526306100,199.370,199.370,199.370,199.370,10882,38155
1526306160,199.410,199.590,199.380,199.590,0,0
1526306220,199.570,199.570,199.570,199.570,0,0
1526306280,199.570,199.500,199.500,199.610,0,0
1526306340,199.520,199.630,199.520,199.630,0,0
1526306400,199.620,199.690,199.600,199.690,9526,49037
1526306520,199.520,199.480,199.470,199.520,0,0
1526306580,199.560,199.590,199.560,199.680,0,0
1526306640,199.570,199.570,199.570,199.570,0,0
1526306700,199.450,199.280,199.280,199.450,3621,58563
1526306760,199.450,199.280,199.280,199.450,0,0
1526306820,199.390,199.400,199.390,199.400,0,0
1526307000,199.330,199.490,199.330,199.490,9386,62184
1526307060,199.330,199.490,199.330,199.490,0,0
1526307120,199.530,199.640,199.530,199.640,0,0
1526307180,199.620,199.690,199.610,199.690,0,0
1526307300,199.830,199.830,199.830,199.830,7468,71570
1526307360,199.780,199.780,199.780,199.780,0,0
1526307420,199.790,199.730,199.730,199.790,0,0
1526307480,199.820,199.670,199.670,199.820,0,0
1526307600,199.550,199.550,199.550,199.550,5373,79038
1526307660,199.550,199.550,199.550,199.550,0,0
1526307780,199.540,199.530,199.530,199.540,0,0
1526307900,199.500,199.500,199.500,199.500,3377,84411
1526307960,199.560,199.560,199.560,199.560,0,0
1526308020,199.490,199.430,199.430,199.490,0,0
1526308200,199.500,199.570,199.500,199.610,10169,87788
1526308260,199.610,199.660,199.610,199.660,0,0
1526308320,199.780,199.780,199.780,199.780,0,0
1526308380,199.650,199.650,199.650,199.650,0,0
1526308440,199.750,199.790,199.750,199.790,0,0
1526308500,199.800,199.800,199.800,199.800,12815,97957
1526308560,199.800,199.830,199.800,199.830,0,0
1526308680,199.800,199.800,199.800,199.800,0,0
1526308740,199.790,199.800,199.790,199.800,0,0
1526308800,199.750,199.930,199.750,199.930,8687,110772
1526308860,200.000,199.970,199.970,200.000,0,0
1526308920,199.900,199.930,199.900,199.930,0,0
1526308980,199.800,199.800,199.800,199.800,0,0
1526309040,199.800,199.890,199.780,199.890,0,0
1526309100,199.860,199.790,199.790,199.860,15758,119459
1526309160,199.800,199.800,199.800,199.800,0,0
1526309220,199.890,199.920,199.890,199.930,0,0
1526309340,199.940,199.920,199.920,199.940,0,0
1526309400,200.020,199.940,199.940,200.020,10828,135217
1526309460,199.840,199.870,199.840,199.870,0,0
1526309520,199.800,199.810,199.790,199.810,0,0
1526309580,199.880,199.880,199.880,199.880,0,0
1526309640,199.850,199.800,199.800,199.850,0,0
1526309700,199.890,199.940,199.890,199.940,19685,146045
1526309760,200.000,200.000,200.000,200.000,0,0
1526309820,200.000,199.970,199.970,200.000,0,0
1526309880,199.930,199.800,199.800,199.930,0,0
1526309940,199.850,199.800,199.800,199.850,0,0
1526310000,199.840,199.930,199.840,199.930,15742,165730
1526310060,199.940,200.030,199.940,200.030,0,0
1526310120,199.920,199.810,199.810,199.920,0,0
1526310180,199.890,199.800,199.750,199.890,0,0
1526310240,199.870,199.870,199.870,199.870,0,0
1526310300,199.810,199.810,199.810,199.810,16002,181472
1526310360,199.850,199.840,199.800,199.850,0,0
1526310420,199.840,199.870,199.840,199.880,0,0
1526310540,200.100,200.020,200.020,200.100,0,0
1526310600,200.020,199.970,199.970,200.020,7970,197474
1526310660,200.010,200.010,200.010,200.010,0,0
1526310720,200.100,200.040,200.030,200.100,0,0
1526310780,200.040,200.070,200.040,200.100,0,0
1526310840,199.940,199.940,199.940,199.940,0,0
1526310900,199.920,199.920,199.920,199.920,9548,205444
1526311020,199.950,199.950,199.950,199.950,0,0
1526311080,199.990,200.090,199.990,200.090,0,0
1526311140,200.070,200.020,200.020,200.070,0,0
1526311200,200.100,200.100,200.100,200.100,13451,214992
1526311260,200.090,200.090,200.090,200.090,0,0
1526311320,199.930,199.910,199.910,199.930,0,0
1526311440,199.800,199.800,199.800,199.800,0,0
1526311500,199.810,199.840,199.810,199.840,6438,228443
1526311560,199.800,199.750,199.750,199.800,0,0
1526311620,199.720,199.850,199.720,199.850,0,0
1526311740,199.860,199.850,199.800,199.860,0,0
1526311800,199.820,199.940,199.820,199.940,3330,234881
1526311860,199.820,199.940,199.820,199.940,0,0
1526311920,199.870,199.840,199.840,199.870,0,0
1526311980,199.910,199.930,199.910,199.930,0,0
1526312040,200.000,200.000,200.000,200.000,0,0
1526312100,199.940,199.940,199.940,199.940,1900,238211
1526312160,199.850,199.850,199.850,199.850,0,0
1526312280,199.910,199.950,199.890,199.950,0,0
1526312400,199.890,199.810,199.810,199.890,6790,240111
1526312460,199.740,199.750,199.740,199.750,0,0
1526312520,199.750,199.780,199.750,199.780,0,0
1526312580,199.790,199.720,199.720,199.800,0,0
1526312640,199.800,199.800,199.800,199.800,0,0
1526312700,199.880,199.750,199.750,199.880,7832,246901
1526312760,199.720,199.720,199.720,199.720,0,0
1526312820,199.790,199.790,199.790,199.790,0,0
1526312880,199.750,199.750,199.750,199.750,0,0
1526312940,199.820,199.770,199.770,199.820,0,0
1526313000,199.840,199.900,199.840,199.950,3314,254733
1526313060,199.840,199.900,199.840,199.950,0,0
1526313120,199.890,199.890,199.890,199.890,0,0
1526313240,199.810,199.810,199.810,199.810,0,0
1526313300,199.830,199.830,199.830,199.830,4106,258047
1526313420,199.760,199.760,199.760,199.760,0,0
1526313600,199.750,199.820,199.750,199.820,10060,262153
1526313660,200.000,199.960,199.960,200.120,0,0
1526313720,199.910,199.910,199.910,199.910,0,0
1526313900,199.810,199.810,199.810,199.810,6524,272213
1526314020,199.800,199.880,199.800,199.880,0,0
1526314080,199.880,199.870,199.870,199.880,0,0
1526314140,199.900,199.860,199.860,199.900,0,0
1526314200,199.880,199.810,199.810,199.880,8615,278737
1526314260,199.770,199.760,199.760,199.770,0,0
1526314320,199.790,199.880,199.790,199.880,0,0
1526314380,199.880,199.860,199.840,199.880,0,0
1526314440,199.910,199.910,199.910,199.910,0,0
1526314500,199.910,199.910,199.910,199.910,11594,287352
1526314560,199.910,199.910,199.910,199.910,0,0
1526314620,199.900,199.930,199.900,199.940,0,0
1526314680,199.850,199.750,199.750,199.850,0,0
1526314740,199.780,199.760,199.760,199.780,0,0
1526314800,199.780,199.780,199.780,199.780,6691,298946
1526314860,199.800,199.810,199.800,199.840,0,0
1526314920,199.810,199.850,199.810,199.850,0,0
1526314980,199.850,199.880,199.850,199.880,0,0
1526315040,199.860,199.950,199.860,199.950,0,0
1526315100,199.820,199.820,199.820,199.820,5943,305637
1526315160,199.710,199.710,199.710,199.710,0,0
1526315280,199.500,199.500,199.500,199.500,0,0
1526315340,199.540,199.540,199.540,199.540,0,0
1526315400,199.590,199.560,199.530,199.590,6001,311580
1526315460,199.600,199.600,199.600,199.600,0,0
1526315520,199.550,199.550,199.550,199.550,0,0
1526315580,199.460,199.290,199.290,199.460,0,0
1526315700,199.250,199.280,199.250,199.280,1903,317581
1526315760,199.220,199.220,199.220,199.220,0,0
1526315820,199.200,199.200,199.200,199.200,0,0
1526315940,199.190,199.170,199.170,199.190,0,0
1526316000,199.200,199.040,199.040,199.200,10305,319484
1526316060,199.020,199.020,199.020,199.020,0,0
1526316120,198.950,198.980,198.950,198.980,0,0
1526316240,198.930,198.970,198.920,198.970,0,0
1526316300,199.010,199.000,198.990,199.030,9497,329789
1526316360,198.990,198.830,198.830,198.990,0,0
1526316480,198.750,198.750,198.750,198.750,0,0
1526316540,198.730,198.590,198.590,198.730,0,0
1526316600,198.660,198.630,198.630,198.690,11516,339286
1526316660,198.760,198.760,198.760,198.760,0,0
1526316720,198.620,198.620,198.620,198.620,0,0
1526316780,198.710,198.520,198.480,198.710,0,0
1526316840,198.540,198.540,198.540,198.540,0,0
1526316900,198.510,198.510,198.510,198.510,7454,350802
1526316960,198.480,198.370,198.330,198.480,0,0
1526317020,198.320,198.240,198.240,198.320,0,0
1526317140,198.250,198.250,198.250,198.250,0,0
1526317200,198.230,198.220,198.220,198.230,8737,358256
1526317260,198.300,198.300,198.300,198.300,0,0
1526317320,198.190,198.090,198.090,198.190,0,0
1526317380,198.220,198.210,198.210,198.220,0,0
1526317440,198.210,198.210,198.210,198.210,0,0
1526317500,198.260,198.260,198.260,198.260,4550,366993
1526317560,198.210,198.170,198.170,198.250,0,0
1526317680,198.220,198.220,198.220,198.220,0,0
1526317740,198.190,198.190,198.190,198.190,0,0
1526317800,198.220,198.180,198.180,198.220,11001,371543
1526317860,198.160,198.080,198.080,198.160,0,0
1526317920,198.040,198.110,198.040,198.110,0,0
1526317980,198.140,198.050,198.050,198.140,0,0
1526318040,197.940,197.830,197.830,197.940,0,0
1526318100,197.870,197.880,197.810,197.880,9503,382544
1526318160,197.890,197.950,197.890,197.950,0,0
1526318220,197.940,197.940,197.940,197.940,0,0
1526318280,197.870,197.810,197.810,197.870,0,0
1526318340,197.750,197.750,197.750,197.750,0,0
1526318400,197.800,197.790,197.790,197.800,2337,392047
1526318520,197.780,197.860,197.780,197.860,0,0
1526318640,197.950,197.950,197.950,197.950,0,0
1526318700,197.960,197.960,197.960,197.960,2727,394384
1526318760,197.910,197.910,197.910,197.910,0,0
1526318880,198.020,197.960,197.960,198.020,0,0
1526318940,197.980,197.980,197.980,197.980,0,0
1526319000,197.930,197.870,197.870,197.930,5370,397111
1526319060,197.820,197.820,197.820,197.820,0,0
1526319120,197.860,197.970,197.860,197.970,0,0
1526319180,197.990,197.970,197.970,197.990,0,0
1526319300,198.180,198.150,198.150,198.180,6418,402481
1526319360,198.180,198.150,198.150,198.180,0,0
1526319420,198.220,198.280,198.210,198.280,0,0
1526319480,198.310,198.290,198.280,198.310,0,0
1526319540,198.320,198.290,198.290,198.320,0,0
1526319600,198.300,198.310,198.300,198.310,7227,408899
1526319660,198.300,198.310,198.300,198.310,0,0
1526319720,198.370,198.370,198.370,198.370,0,0
1526319780,198.310,198.400,198.220,198.400,0,0
1526319900,198.400,198.420,198.400,198.450,4320,416126
1526320080,198.340,198.280,198.280,198.340,0,0
1526320140,198.250,198.310,198.250,198.310,0,0
1526320200,198.360,198.360,198.360,198.360,3384,420446
1526320260,198.280,198.280,198.280,198.280,0,0
1526320380,198.340,198.340,198.340,198.340,0,0
1526320440,198.290,198.280,198.280,198.290,0,0
1526320500,198.340,198.340,198.340,198.340,3454,423830
1526320560,198.390,198.390,198.390,198.390,0,0
1526320620,198.300,198.300,198.300,198.300,0,0
1526320680,198.250,198.230,198.230,198.250,0,0
1526320740,198.260,198.260,198.260,198.260,0,0
1526320800,198.260,198.220,198.200,198.260,6681,427284
1526320920,198.220,198.180,198.150,198.220,0,0
1526320980,198.150,198.150,198.150,198.150,0,0
1526321040,198.150,198.150,198.150,198.150,0,0
1526321100,198.150,198.210,198.150,198.210,10286,433965
1526321160,198.240,198.240,198.240,198.240,0,0
1526321220,198.100,198.030,198.030,198.100,0,0
1526321280,198.070,198.070,198.070,198.070,0,0
1526321340,198.010,198.070,198.010,198.070,0,0
1526321400,198.080,198.290,198.080,198.290,8627,444251
1526321520,198.200,198.200,198.200,198.200,0,0
1526321580,198.110,198.100,198.040,198.130,0,0
1526321640,198.100,198.110,198.100,198.110,0,0
1526321700,198.210,198.210,198.210,198.210,3613,452878
1526321760,198.220,198.220,198.220,198.220,0,0
1526321820,198.090,198.090,198.090,198.090,0,0
1526321880,197.990,198.070,197.990,198.070,0,0
1526321940,198.100,198.100,198.100,198.100,0,0
1526322000,198.120,198.070,198.070,198.150,7750,456491
1526322060,198.040,198.040,198.040,198.040,0,0
1526322120,198.110,198.120,198.110,198.120,0,0
1526322180,198.140,198.170,198.140,198.170,0,0
1526322240,198.250,198.300,198.250,198.300,0,0
1526322300,198.300,198.280,198.280,198.300,6985,464241
1526322360,198.330,198.330,198.330,198.330,0,0
1526322420,198.390,198.390,198.390,198.390,0,0
1526322480,198.430,198.430,198.430,198.430,0,0
1526322540,198.430,198.350,198.350,198.430,0,0
1526322600,198.400,198.400,198.400,198.400,5852,471226
1526322660,198.400,198.400,198.400,198.400,0,0
1526322720,198.380,198.380,198.380,198.380,0,0
1526322780,198.370,198.370,198.370,198.370,0,0
1526322840,198.420,198.420,198.420,198.420,0,0
1526322900,198.440,198.440,198.440,198.440,9506,477078
1526322960,198.470,198.390,198.390,198.470,0,0
1526323020,198.370,198.370,198.370,198.370,0,0
1526323080,198.330,198.330,198.330,198.330,0,0
1526323140,198.380,198.410,198.380,198.410,0,0
1526323200,198.440,198.440,198.440,198.440,7623,486584
1526323260,198.390,198.340,198.340,198.390,0,0
1526323320,198.310,198.330,198.310,198.330,0,0
1526323380,198.310,198.290,198.250,198.310,0,0
1526323440,198.340,198.340,198.340,198.340,0,0
1526323500,198.480,198.480,198.480,198.480,9056,494207
1526323560,198.480,198.440,198.440,198.490,0,0
1526323620,198.470,198.470,198.470,198.470,0,0
1526323680,198.440,198.440,198.440,198.440,0,0
1526323740,198.320,198.320,198.320,198.320,0,0
1526323800,198.290,198.290,198.290,198.290,7899,503263
1526323860,198.320,198.460,198.320,198.460,0,0
1526323920,198.460,198.620,198.460,198.620,0,0
1526323980,198.650,198.670,198.650,198.670,0,0
1526324040,198.670,198.690,198.670,198.690,0,0
1526324100,198.740,198.730,198.730,198.740,6873,511162
1526324220,198.750,198.750,198.750,198.750,0,0
1526324280,198.690,198.680,198.680,198.690,0,0
1526324340,198.750,198.750,198.750,198.750,0,0
1526324400,198.680,198.680,198.680,198.680,8901,518035
1526324460,198.720,198.690,198.660,198.720,0,0
1526324580,198.670,198.670,198.670,198.670,0,0
1526324640,198.650,198.650,198.650,198.650,0,0
1526324700,198.690,198.730,198.690,198.760,9911,526936
1526324760,198.740,198.740,198.740,198.740,0,0
1526324820,198.710,198.760,198.710,198.760,0,0
1526324880,198.810,198.830,198.810,198.840,0,0
1526324940,198.830,198.860,198.830,198.860,0,0
1526325000,198.910,198.890,198.890,198.910,11506,536847
1526325060,198.920,198.920,198.920,198.920,0,0
1526325120,198.930,198.890,198.890,198.930,0,0
1526325180,198.910,199.080,198.910,199.080,0,0
1526325240,199.050,198.990,198.990,199.050,0,0
1526325300,198.900,198.870,198.870,198.900,10712,548353
1526325360,198.780,198.910,198.780,198.910,0,0
1526325420,198.920,198.940,198.920,198.940,0,0
1526325480,198.930,198.940,198.930,198.940,0,0
1526325540,198.940,198.920,198.900,198.940,0,0
1526325600,198.950,199.010,198.950,199.010,11197,559065
1526325660,199.060,199.130,199.060,199.130,0,0
1526325720,199.110,199.200,199.090,199.200,0,0
1526325780,199.240,199.250,199.240,199.250,0,0
1526325840,199.290,199.250,199.250,199.290,0,0
1526325900,199.260,199.200,199.200,199.260,16899,570262
1526325960,199.190,199.190,199.190,199.190,0,0
1526326020,199.300,199.420,199.280,199.420,0,0
1526326080,199.410,199.440,199.410,199.440,0,0
1526326140,199.380,199.300,199.300,199.380,0,0
1526326200,199.300,199.330,199.300,199.330,21389,587161
1526326260,199.360,199.230,199.230,199.360,0,0
1526326320,199.200,199.210,199.200,199.230,0,0
1526326380,199.220,199.190,199.190,199.250,0,0
1526326440,199.140,199.140,199.140,199.140,0,0
1526326500,199.150,199.160,199.150,199.160,11935,608550
1526326560,199.200,199.220,199.200,199.230,0,0
1526326620,199.200,199.210,199.200,199.210,0,0
1526326680,199.230,199.240,199.230,199.240,0,0
1526326740,199.180,199.200,199.140,199.200,0,0
1526326800,199.150,199.130,199.130,199.180,16562,620485
1526326860,199.130,199.200,199.130,199.210,0,0
1526326920,199.170,199.170,199.170,199.170,0,0
1526326980,199.140,199.250,199.140,199.250,0,0
1526327040,199.270,199.400,199.270,199.400,0,0
1526327100,199.290,199.240,199.190,199.290,28242,637047
1526327160,199.250,199.180,199.180,199.250,0,0
1526327220,199.160,199.190,199.160,199.190,0,0
1526327280,199.190,199.130,199.110,199.190,0,0
1526327340,199.080,199.000,199.000,199.090,0,0
1526327400,198.990,199.140,198.990,199.160,33610,665289
1526327460,199.120,199.150,199.090,199.150,0,0
1526327520,199.130,199.020,199.020,199.130,0,0
1526327580,199.060,199.010,199.000,199.060,0,0
1526327640,199.030,199.010,199.010,199.050,0,0
1526327700,199.090,199.000,199.000,199.100,215367,698899
1526327760,199.050,199.070,199.020,199.070,0,0
1526327820,199.090,199.110,199.030,199.130,0,0
1526327880,199.110,199.140,199.100,199.140,0,0
1526327940,199.160,199.070,199.030,199.180,0,0
1526391000,197.580,197.700,197.580,197.700,28457,0
1526391120,197.510,197.510,197.510,197.510,0,0
1526391180,197.400,197.260,197.260,197.590,0,0
1526391240,197.190,197.160,196.650,197.190,0,0
1526391300,197.360,197.410,197.360,197.410,10617,28457
1526391360,197.680,198.010,197.680,198.010,0,0
1526391420,198.030,197.980,197.960,198.160,0,0
1526391480,197.860,197.690,197.690,197.950,0,0
1526391540,197.440,197.440,197.440,197.440,0,0
1526391600,197.410,197.470,197.270,197.470,12113,39074
1526391660,197.430,197.270,197.270,197.440,0,0
1526391720,197.290,197.500,197.290,197.500,0,0
1526391780,197.490,197.650,197.490,197.650,0,0
1526391840,197.800,197.810,197.800,197.810,0,0
1526391900,197.940,197.940,197.940,197.940,7569,51187
1526391960,197.880,197.750,197.750,197.880,0,0
1526392020,197.800,197.750,197.750,197.800,0,0
1526392080,197.720,197.720,197.720,197.720,0,0
1526392140,197.690,197.690,197.690,197.690,0,0
1526392200,197.850,197.780,197.780,197.850,16117,58756
1526392260,197.900,198.020,197.900,198.020,0,0
1526392320,198.000,198.090,198.000,198.090,0,0
1526392380,198.330,198.090,198.090,198.430,0,0
1526392440,198.020,197.820,197.820,198.020,0,0
1526392500,197.810,197.660,197.600,197.810,20644,74873
1526392620,197.550,197.360,197.360,197.550,0,0
1526392680,197.250,197.460,197.250,197.460,0,0
1526392740,197.430,197.560,197.250,197.560,0,0
1526392800,197.660,197.770,197.660,197.880,21161,95517
1526392860,197.610,197.660,197.550,197.660,0,0
1526392920,197.710,197.430,197.430,197.710,0,0
1526392980,197.590,197.670,197.590,197.670,0,0
1526393040,197.610,197.650,197.540,197.650,0,0
1526393100,197.590,197.490,197.490,197.590,6990,116678
1526393160,197.590,197.580,197.580,197.650,0,0
1526393220,197.610,197.530,197.530,197.610,0,0
1526393280,197.500,197.490,197.490,197.530,0,0
1526393340,197.510,197.560,197.510,197.560,0,0
1526393400,197.640,197.640,197.640,197.640,9062,123668
1526393520,197.520,197.610,197.520,197.610,0,0
1526393640,197.640,197.660,197.640,197.660,0,0
1526393700,197.610,197.580,197.580,197.610,4977,132730
1526393940,197.590,197.810,197.590,197.810,0,0
1526394000,197.790,197.740,197.740,197.790,16974,137707
1526394060,197.600,197.860,197.600,197.860,0,0
1526394120,197.850,198.020,197.850,198.020,0,0
1526394180,198.020,197.940,197.850,198.110,0,0
1526394240,197.900,197.900,197.900,197.900,0,0
1526394300,197.890,197.890,197.890,197.890,10416,154681
1526394360,197.990,197.990,197.990,197.990,0,0
1526394420,198.050,197.910,197.910,198.050,0,0
1526394480,197.820,197.820,197.820,197.820,0,0
1526394540,197.760,197.830,197.760,197.830,0,0
1526394600,197.770,197.770,197.770,197.770,8772,165097
1526394660,197.830,197.830,197.830,197.830,0,0
1526394720,198.230,198.130,198.130,198.230,0,0
1526394780,198.150,198.150,198.150,198.150,0,0
1526394840,198.180,198.170,198.170,198.230,0,0
1526394900,198.290,198.250,198.250,198.290,9895,173869
1526394960,198.310,198.310,198.310,198.310,0,0
1526395020,198.280,198.310,198.280,198.310,0,0
1526395080,198.240,198.050,198.050,198.240,0,0
1526395200,197.980,198.010,197.760,198.010,11667,183764
1526395320,197.930,197.990,197.930,197.990,0,0
1526395380,197.760,197.750,197.740,197.760,0,0
1526395440,197.720,197.720,197.720,197.720,0,0
1526395500,197.800,197.640,197.530,197.800,6768,195431
1526395560,197.710,197.710,197.710,197.710,0,0
1526395620,197.840,197.590,197.590,197.840,0,0
1526395680,197.610,197.650,197.610,197.650,0,0
1526395800,197.740,197.740,197.740,197.740,7410,202199
1526395860,197.740,197.740,197.740,197.740,0,0
1526395920,197.880,197.700,197.700,197.880,0,0
1526395980,197.560,197.470,197.470,197.560,0,0
1526396040,197.490,197.490,197.490,197.490,0,0
1526396100,197.510,197.510,197.510,197.510,11286,209609
1526396160,197.530,197.470,197.470,197.530,0,0
1526396220,197.580,197.630,197.580,197.630,0,0
1526396280,197.780,197.780,197.780,197.780,0,0
1526396340,197.750,197.670,197.670,197.750,0,0
1526396400,197.850,197.960,197.850,197.960,23636,220895
1526396460,197.880,198.040,197.880,198.040,0,0
1526396520,198.000,197.780,197.780,198.000,0,0
1526396580,197.760,197.760,197.760,197.760,0,0
1526396640,197.750,197.790,197.750,197.840,0,0
1526396700,197.850,197.850,197.850,197.850,5932,244531
1526396760,197.940,197.940,197.940,197.940,0,0
1526396820,197.850,197.770,197.770,197.850,0,0
1526396880,197.960,197.960,197.960,197.960,0,0
1526396940,197.950,197.960,197.950,197.960,0,0
1526397000,197.990,197.990,197.990,197.990,7853,250463
1526397120,198.120,198.130,198.120,198.130,0,0
1526397180,198.210,198.200,198.200,198.210,0,0
1526397240,198.290,198.200,198.190,198.310,0,0
1526397300,198.250,198.190,198.190,198.260,7265,258316
1526397360,198.240,198.330,198.240,198.330,0,0
1526397420,198.350,198.420,198.350,198.470,0,0
1526397480,198.440,198.460,198.440,198.460,0,0
1526397540,198.580,198.590,198.480,198.590,0,0
1526397600,198.640,198.640,198.640,198.640,4859,265581
1526397660,198.570,198.450,198.450,198.570,0,0
1526397720,198.440,198.490,198.440,198.490,0,0
1526397780,198.520,198.540,198.520,198.540,0,0
1526397840,198.510,198.490,198.490,198.510,0,0
1526397900,198.450,198.320,198.320,198.450,9001,270440
1526398020,198.280,198.130,198.130,198.280,0,0
1526398080,198.140,198.210,198.140,198.210,0,0
1526398140,198.160,198.160,198.160,198.160,0,0
1526398200,198.170,198.350,198.170,198.350,11948,279441
1526398260,198.500,198.470,198.470,198.500,0,0
1526398380,198.370,198.370,198.370,198.370,0,0
1526398440,198.270,198.220,198.220,198.320,0,0
1526398500,198.200,198.280,198.200,198.280,25735,291389
1526398560,198.280,198.210,198.200,198.280,0,0
1526398620,198.130,197.990,197.930,198.130,0,0
1526398680,197.930,197.960,197.890,197.960,0,0
1526398740,198.000,198.000,198.000,198.000,0,0
1526398800,198.000,198.000,198.000,198.000,5474,317124
1526398860,197.920,197.950,197.920,197.950,0,0
1526398920,197.980,198.100,197.980,198.100,0,0
1526398980,198.060,198.150,198.060,198.150,0,0
1526399040,198.160,198.160,198.160,198.160,0,0
1526399100,198.060,197.990,197.990,198.060,10308,322598
1526399160,197.970,198.090,197.970,198.090,0,0
1526399280,198.100,198.100,198.100,198.100,0,0
1526399340,198.230,198.400,198.170,198.400,0,0
1526399400,198.270,198.220,198.220,198.270,7297,332906
1526399460,198.210,198.210,198.210,198.210,0,0
1526399520,198.090,198.100,198.090,198.100,0,0
1526399580,198.120,198.290,198.120,198.290,0,0
1526399640,198.220,198.200,198.200,198.220,0,0
1526399700,198.290,198.300,198.290,198.300,10039,340203
1526399760,198.290,198.300,198.290,198.300,0,0
1526399820,198.250,198.150,198.150,198.250,0,0
1526399880,198.100,198.100,198.100,198.100,0,0
1526399940,198.020,197.900,197.880,198.020,0,0
1526400000,197.960,197.960,197.960,197.960,16256,350242
1526400060,198.000,198.000,198.000,198.000,0,0
1526400120,197.860,197.960,197.860,197.960,0,0
1526400180,197.960,197.990,197.930,197.990,0,0
1526400240,197.910,198.010,197.890,198.010,0,0
1526400300,198.030,197.960,197.960,198.100,18800,366498
1526400360,197.990,197.960,197.960,198.040,0,0
1526400420,197.940,198.060,197.940,198.060,0,0
1526400480,197.910,197.850,197.850,197.950,0,0
1526400540,197.820,197.890,197.820,197.890,0,0
1526400600,197.920,197.880,197.880,197.920,9834,385298
1526400660,197.950,197.950,197.950,197.950,0,0
1526400720,197.920,197.860,197.860,197.990,0,0
1526400780,197.860,197.880,197.860,197.880,0,0
1526400840,197.900,197.990,197.890,197.990,0,0
1526400900,197.990,197.990,197.990,197.990,7001,395132
1526400960,198.060,198.040,198.040,198.060,0,0
1526401020,198.060,198.060,198.060,198.060,0,0
1526401080,198.080,197.990,197.990,198.080,0,0
1526401140,197.920,197.860,197.840,197.920,0,0
1526401200,197.890,197.860,197.860,197.890,20014,402133
1526401260,197.870,197.850,197.810,197.870,0,0
1526401320,197.850,197.930,197.820,197.930,0,0
1526401380,197.870,197.880,197.870,197.880,0,0
1526401440,197.850,197.910,197.850,197.910,0,0
1526401500,197.890,197.840,197.780,197.940,18898,422147
1526401560,197.760,197.670,197.670,197.760,0,0
1526401620,197.720,197.870,197.720,197.870,0,0
1526401680,197.840,197.740,197.740,197.840,0,0
1526401740,197.800,197.880,197.800,197.880,0,0
1526401800,197.790,197.890,197.790,197.890,11265,441045
1526401860,197.820,197.760,197.760,197.820,0,0
1526401920,197.810,197.800,197.800,197.810,0,0
1526401980,197.810,197.970,197.810,197.970,0,0
1526402040,197.940,197.870,197.870,197.940,0,0
1526402100,197.750,197.750,197.750,197.750,3851,452310
1526402160,197.860,197.830,197.830,197.900,0,0
1526402220,197.880,197.830,197.830,197.880,0,0
1526402280,197.930,197.930,197.930,197.930,0,0
1526402340,197.900,197.900,197.900,197.900,0,0
1526402400,197.870,197.810,197.810,197.870,6846,456161
1526402460,197.790,197.720,197.720,197.790,0,0
1526402520,197.820,197.780,197.780,197.820,0,0
1526402580,197.910,197.840,197.840,197.910,0,0
1526402640,197.800,197.800,197.800,197.800,0,0
1526402700,197.810,197.870,197.810,197.870,6717,463007
1526402760,197.930,197.960,197.890,197.960,0,0
1526402820,197.970,197.970,197.970,197.970,0,0
1526402880,198.000,197.970,197.970,198.040,0,0
1526402940,198.000,197.900,197.880,198.000,0,0
1526403000,197.960,197.960,197.960,197.960,5428,469724
1526403060,198.050,198.050,198.050,198.050,0,0
1526403120,197.910,197.930,197.910,197.930,0,0
1526403180,197.970,197.900,197.890,197.970,0,0
1526403240,197.920,197.970,197.920,197.970,0,0
1526403300,198.070,198.050,198.050,198.180,11836,475152
1526403360,198.030,198.020,198.020,198.030,0,0
1526403420,198.030,197.980,197.980,198.160,0,0
1526403480,197.970,197.940,197.930,197.970,0,0
1526403540,197.900,197.900,197.900,197.900,0,0
1526403600,197.900,197.920,197.900,197.920,12577,486988
1526403660,197.960,197.980,197.960,197.980,0,0
1526403720,198.040,198.030,198.010,198.040,0,0
1526403780,197.980,197.990,197.980,197.990,0,0
1526403840,197.960,197.900,197.890,197.960,0,0
1526403900,197.980,197.980,197.980,197.980,7737,499565
1526403960,197.980,197.980,197.980,197.980,0,0
1526404020,198.010,198.000,197.980,198.010,0,0
1526404080,197.980,197.940,197.940,197.980,0,0
1526404140,197.930,197.930,197.930,197.930,0,0
1526404200,197.940,197.940,197.940,197.940,4600,507302
1526404380,198.010,198.010,198.010,198.010,0,0
1526404440,197.980,198.120,197.980,198.120,0,0
1526404500,198.200,198.130,198.130,198.200,3784,511902
1526404560,198.110,198.150,198.110,198.150,0,0
1526404620,198.140,198.040,198.040,198.140,0,0
1526404800,198.080,198.180,198.080,198.180,8277,515686
1526404860,198.180,197.990,197.990,198.180,0,0
1526404920,197.930,197.930,197.930,197.930,0,0
1526404980,197.780,197.870,197.780,197.870,0,0
1526405100,197.820,197.880,197.820,197.940,3347,523963
1526405160,197.930,197.930,197.930,197.930,0,0
1526405220,197.920,197.930,197.920,197.940,0,0
1526405280,197.880,197.860,197.860,197.880,0,0
1526405400,197.880,197.850,197.850,197.880,6115,527310
1526405460,197.880,197.880,197.880,197.880,0,0
1526405520,197.870,197.760,197.760,197.870,0,0
1526405580,197.850,197.830,197.830,197.870,0,0
1526405640,197.880,197.880,197.880,197.880,0,0
1526405700,197.970,197.970,197.970,197.970,6549,533425
1526405760,197.900,197.880,197.880,197.900,0,0
1526405880,197.840,197.790,197.770,197.850,0,0
1526405940,197.790,197.790,197.790,197.790,0,0
1526406000,197.790,197.850,197.750,197.850,14366,539974
1526406060,197.840,197.840,197.840,197.840,0,0
1526406120,197.890,197.800,197.800,197.890,0,0
1526406180,197.740,197.800,197.740,197.800,0,0
1526406240,197.920,197.920,197.920,197.920,0,0
1526406300,197.970,197.960,197.960,197.970,14138,554340
1526406360,197.990,198.000,197.980,198.020,0,0
1526406420,198.040,197.890,197.890,198.040,0,0
1526406480,197.740,197.740,197.740,197.740,0,0
1526406540,197.770,197.830,197.770,197.830,0,0
1526406600,197.800,197.900,197.800,197.900,3452,568478
1526406660,197.830,197.830,197.830,197.830,0,0
1526406720,197.820,197.820,197.820,197.820,0,0
1526406780,197.810,197.810,197.810,197.810,0,0
1526406840,197.760,197.790,197.720,197.790,0,0
1526406900,197.740,197.710,197.710,197.740,17675,571930
1526406960,197.750,197.750,197.750,197.750,0,0
1526407020,197.810,197.740,197.740,197.810,0,0
1526407080,197.720,197.460,197.410,197.720,0,0
1526407140,197.410,197.480,197.410,197.480,0,0
1526407200,197.420,197.530,197.420,197.530,9151,589605
1526407260,197.600,197.560,197.560,197.600,0,0
1526407320,197.610,197.650,197.610,197.650,0,0
1526407380,197.760,197.770,197.760,197.770,0,0
1526407440,197.790,197.790,197.790,197.790,0,0
1526407500,197.850,197.790,197.790,197.890,6824,598756
1526407560,197.780,197.670,197.670,197.780,0,0
1526407620,197.750,197.700,197.700,197.750,0,0
1526407680,197.740,197.720,197.720,197.740,0,0
1526407740,197.760,197.800,197.760,197.800,0,0
1526407800,197.770,197.860,197.770,197.900,11568,605580
1526407860,197.840,197.840,197.840,197.840,0,0
1526407920,197.860,197.870,197.860,197.870,0,0
1526407980,197.910,197.820,197.820,197.910,0,0
1526408040,197.790,197.980,197.780,197.980,0,0
1526408100,197.810,197.770,197.770,197.810,10649,617148
1526408160,197.820,197.830,197.820,197.910,0,0
1526408220,197.820,197.820,197.820,197.820,0,0
1526408280,197.760,197.660,197.660,197.800,0,0
1526408340,197.600,197.720,197.600,197.720,0,0
1526408400,197.690,197.640,197.640,197.690,8104,627797
1526408460,197.690,197.690,197.690,197.690,0,0
1526408520,197.760,197.730,197.680,197.760,0,0
1526408580,197.680,197.790,197.680,197.790,0,0
1526408640,197.720,197.640,197.640,197.720,0,0
1526408700,197.590,197.760,197.540,197.760,16997,635901
1526408760,197.690,198.060,197.690,198.070,0,0
1526408820,198.090,198.090,198.090,198.090,0,0
1526408880,198.000,197.870,197.870,198.000,0,0
1526408940,197.930,197.970,197.930,197.970,0,0
1526409000,197.820,198.230,197.820,198.230,7361,652898
1526409060,198.250,198.150,198.150,198.250,0,0
1526409120,198.170,198.170,198.170,198.170,0,0
1526409300,198.290,198.350,198.290,198.350,9405,660259
1526409360,198.290,198.350,198.290,198.350,0,0
1526409420,198.350,198.260,198.260,198.380,0,0
1526409480,198.260,198.180,198.180,198.280,0,0
1526409540,198.220,198.170,198.170,198.260,0,0
1526409600,198.060,198.220,198.060,198.220,10774,669664
1526409660,198.060,198.220,198.060,198.220,0,0
1526409720,198.210,198.180,198.180,198.210,0,0
1526409780,198.160,198.100,198.100,198.160,0,0
1526409840,198.150,198.150,198.150,198.150,0,0
1526409900,198.080,198.100,198.080,198.100,8508,680438
1526409960,198.080,198.090,198.080,198.090,0,0
1526410020,198.080,198.050,197.930,198.080,0,0
1526410140,197.970,197.980,197.970,197.980,0,0
1526410200,198.040,198.040,198.040,198.040,3017,688946
1526410260,198.040,198.040,198.040,198.040,0,0
1526410320,198.090,198.090,198.090,198.090,0,0
1526410440,198.010,198.010,198.010,198.010,0,0
1526410500,197.960,197.950,197.950,197.960,8899,691963
1526410620,197.870,197.870,197.870,197.870,0,0
1526410680,197.850,197.860,197.850,197.900,0,0
1526410740,197.930,198.080,197.930,198.080,0,0
1526410800,198.070,198.010,198.010,198.080,11766,700862
1526410860,197.980,197.970,197.970,197.980,0,0
1526410920,197.930,197.940,197.930,197.940,0,0
1526410980,197.910,197.990,197.880,197.990,0,0
1526411040,197.990,198.050,197.990,198.050,0,0
1526411100,197.970,197.960,197.960,198.000,8403,712628
1526411160,197.890,197.890,197.890,197.890,0,0
1526411220,197.890,197.890,197.890,197.890,0,0
1526411280,197.820,197.890,197.790,197.940,0,0
1526411340,197.860,197.860,197.860,197.860,0,0
1526411400,197.830,197.720,197.720,197.870,12502,721031
1526411460,197.780,197.750,197.750,197.780,0,0
1526411520,197.770,197.810,197.770,197.810,0,0
1526411580,197.770,197.850,197.770,197.850,0,0
1526411640,197.930,197.930,197.930,197.930,0,0
1526411700,197.900,197.890,197.850,197.920,10781,733533
1526411760,197.870,197.850,197.850,197.930,0,0
1526411820,197.860,197.750,197.750,197.880,0,0
1526411880,197.860,197.810,197.810,197.860,0,0
1526411940,197.840,197.880,197.830,197.880,0,0
1526412000,197.890,197.820,197.820,197.960,16817,744314
1526412060,197.870,197.870,197.870,197.870,0,0
1526412120,197.870,197.910,197.870,197.920,0,0
1526412180,197.910,197.840,197.840,197.910,0,0
1526412240,197.710,197.690,197.690,197.720,0,0
1526412300,197.660,197.690,197.660,197.770,14194,761131
1526412360,197.680,197.640,197.640,197.680,0,0
1526412420,197.630,197.740,197.630,197.740,0,0
1526412480,197.810,197.790,197.790,197.810,0,0
1526412540,197.790,197.790,197.790,197.790,0,0
1526412600,197.750,197.840,197.700,197.840,20279,775325
1526412660,197.800,197.760,197.760,197.800,0,0
1526412720,197.810,197.860,197.800,197.860,0,0
1526412780,197.790,197.790,197.790,197.790,0,0
1526412840,197.760,197.810,197.650,197.810,0,0
1526412900,197.870,197.880,197.820,197.880,20277,795604
1526412960,197.880,197.930,197.880,197.930,0,0
1526413020,197.890,197.900,197.880,197.920,0,0
1526413080,197.910,198.010,197.910,198.040,0,0
1526413140,197.980,197.890,197.870,197.980,0,0
1526413200,197.900,197.760,197.760,197.900,20697,815881
1526413260,197.760,197.720,197.700,197.760,0,0
1526413320,197.740,197.810,197.720,197.810,0,0
1526413380,197.800,197.780,197.760,197.800,0,0
1526413440,197.740,197.790,197.740,197.790,0,0
1526413500,197.780,197.680,197.680,197.790,25296,836578
1526413560,197.680,197.810,197.680,197.810,0,0
1526413620,197.790,197.840,197.760,197.870,0,0
1526413680,197.880,197.840,197.840,197.900,0,0
1526413740,197.830,197.740,197.740,197.880,0,0
1526413800,197.780,197.930,197.780,197.940,20972,861874
1526413860,197.950,198.030,197.950,198.030,0,0
1526413920,198.090,198.030,198.000,198.090,0,0
1526413980,198.090,198.010,198.010,198.090,0,0
1526414040,198.060,197.950,197.950,198.060,0,0
1526414100,198.010,197.940,197.940,198.020,177549,882846
1526414160,197.980,197.940,197.930,197.980,0,0
1526414220,197.930,198.040,197.930,198.040,0,0
1526414280,198.040,198.140,198.010,198.140,0,0
1526414340,198.180,198.390,198.180,198.410,0,0
1526477400,197.470,197.470,197.470,197.470,18181,0
1526477460,197.470,197.470,197.470,197.470,0,0
1526477520,197.990,197.990,197.990,197.990,0,0
1526477580,197.320,197.210,197.210,197.320,0,0
1526477640,197.140,197.310,197.140,197.310,0,0
1526477700,197.000,196.790,196.790,197.000,5178,18181
1526477820,196.960,196.960,196.960,196.960,0,0
1526477880,197.110,197.290,197.110,197.290,0,0
1526478000,197.140,197.250,197.140,197.250,5485,23359
1526478060,197.100,197.100,197.100,197.100,0,0
1526478180,197.250,197.250,197.250,197.250,0,0
1526478240,197.550,197.550,197.550,197.550,0,0
1526478300,197.550,197.480,197.480,197.550,4212,28844
1526478420,197.500,197.640,197.500,197.640,0,0
1526478480,197.650,197.650,197.650,197.650,0,0
1526478540,197.720,197.710,197.710,197.720,0,0
1526478600,197.710,197.710,197.710,197.710,3409,33056
1526478660,197.750,197.750,197.750,197.750,0,0
1526478720,197.690,197.630,197.630,197.690,0,0
1526478780,197.570,197.570,197.570,197.570,0,0
1526478840,197.570,197.460,197.460,197.570,0,0
1526478900,197.550,197.550,197.550,197.550,3241,36465
1526478960,197.650,197.650,197.650,197.650,0,0
1526479020,197.660,197.720,197.660,197.720,0,0
1526479080,197.720,197.720,197.720,197.720,0,0
1526479140,197.740,197.740,197.740,197.740,0,0
1526479200,197.620,197.620,197.620,197.620,4693,39706
1526479260,197.620,197.620,197.620,197.620,0,0
1526479320,197.510,197.530,197.510,197.530,0,0
1526479380,197.600,197.600,197.600,197.600,0,0
1526479440,197.640,197.640,197.640,197.640,0,0
1526479500,197.780,197.800,197.780,197.800,6459,44399
1526479560,197.800,197.780,197.780,197.800,0,0
1526479620,197.750,197.750,197.750,197.750,0,0
1526479680,197.780,197.660,197.660,197.780,0,0
1526479740,197.630,197.630,197.630,197.630,0,0
1526479800,197.690,197.640,197.640,197.690,9295,50858
1526479860,197.580,197.440,197.240,197.580,0,0
1526479920,197.430,197.440,197.430,197.450,0,0
1526479980,197.460,197.460,197.460,197.460,0,0
1526480100,197.610,197.650,197.530,197.650,6727,60153
1526480160,197.660,197.710,197.660,197.710,0,0
1526480340,197.650,197.700,197.650,197.700,0,0
1526480400,197.680,197.650,197.650,197.680,7319,66880
1526480460,197.690,197.690,197.690,197.690,0,0
1526480520,197.740,197.700,197.630,197.740,0,0
1526480580,197.750,197.880,197.750,197.880,0,0
1526480640,197.930,197.930,197.930,197.930,0,0
1526480700,197.970,197.970,197.970,197.970,5632,74199
1526480760,197.880,197.870,197.870,197.880,0,0
1526480820,197.900,197.910,197.900,197.910,0,0
1526480880,197.940,197.940,197.940,197.940,0,0
1526481000,197.860,197.990,197.860,197.990,8085,79831
1526481060,197.870,197.900,197.840,197.900,0,0
1526481120,197.870,197.900,197.870,197.900,0,0
1526481180,197.990,197.990,197.990,197.990,0,0
1526481240,197.990,197.990,197.990,197.990,0,0
1526481300,197.980,197.980,197.980,197.980,9106,87916
1526481360,197.980,197.980,197.980,197.980,0,0
1526481420,198.040,198.040,198.040,198.040,0,0
1526481480,198.060,197.940,197.940,198.070,0,0
1526481540,197.940,197.900,197.870,197.940,0,0
1526481600,197.900,197.880,197.880,197.900,8010,97022
1526481660,197.910,197.920,197.880,197.920,0,0
1526481720,197.980,197.940,197.930,198.080,0,0
1526481780,197.880,197.940,197.880,197.940,0,0
1526481840,197.910,197.860,197.860,197.910,0,0
1526481900,197.900,197.900,197.900,197.900,8453,105032
1526481960,197.880,198.080,197.870,198.080,0,0
1526482020,198.140,198.140,198.140,198.140,0,0
1526482140,198.160,198.160,198.160,198.160,0,0
1526482200,198.210,198.130,198.130,198.210,11483,113485
1526482260,197.960,197.960,197.960,197.960,0,0
1526482320,198.030,197.970,197.970,198.030,0,0
1526482380,197.900,197.900,197.900,197.900,0,0
1526482440,197.710,197.820,197.700,197.820,0,0
1526482500,197.840,197.840,197.840,197.840,12863,124968
1526482560,197.910,197.880,197.860,197.930,0,0
1526482680,197.950,197.950,197.950,197.950,0,0
1526482740,198.080,197.970,197.960,198.080,0,0
1526482800,197.940,197.870,197.870,197.940,21956,137831
1526482860,197.820,197.800,197.800,197.820,0,0
1526482920,197.800,197.850,197.800,197.860,0,0
1526482980,197.840,197.820,197.820,197.840,0,0
1526483040,197.830,197.810,197.800,197.830,0,0
1526483100,197.850,197.850,197.850,197.850,6937,159787
1526483160,197.870,197.950,197.870,197.950,0,0
1526483220,198.030,198.030,198.030,198.030,0,0
1526483280,198.030,198.030,198.030,198.030,0,0
1526483340,198.010,197.970,197.940,198.010,0,0
1526483400,197.960,198.010,197.910,198.010,8852,166724
1526483460,197.950,197.950,197.950,197.950,0,0
1526483520,197.810,197.810,197.810,197.810,0,0
1526483580,197.730,197.720,197.720,197.780,0,0
1526483640,197.780,197.690,197.690,197.780,0,0
1526483700,197.700,197.600,197.600,197.700,7030,175576
1526483760,197.430,197.510,197.430,197.510,0,0
1526483820,197.430,197.480,197.430,197.480,0,0
1526483880,197.440,197.520,197.440,197.520,0,0
1526483940,197.610,197.540,197.540,197.610,0,0
1526484000,197.560,197.550,197.550,197.560,10011,182606
1526484060,197.550,197.680,197.550,197.680,0,0
1526484120,197.740,197.650,197.650,197.740,0,0
1526484180,197.670,197.630,197.630,197.670,0,0
1526484240,197.580,197.650,197.520,197.650,0,0
1526484300,197.530,197.500,197.500,197.530,4279,192617
1526484360,197.460,197.480,197.460,197.480,0,0
1526484420,197.480,197.480,197.480,197.480,0,0
1526484480,197.560,197.560,197.560,197.560,0,0
1526484540,197.610,197.610,197.610,197.610,0,0
1526484600,197.700,197.750,197.700,197.750,4257,196896
1526484660,197.740,197.750,197.740,197.750,0,0
1526484720,197.680,197.760,197.680,197.760,0,0
1526484780,197.780,197.810,197.780,197.820,0,0
1526484840,197.810,197.810,197.810,197.810,0,0
1526484900,197.890,197.890,197.890,197.890,4671,201153
1526484960,197.890,197.860,197.860,197.890,0,0
1526485020,197.830,197.830,197.830,197.830,0,0
1526485080,197.840,197.940,197.840,197.940,0,0
1526485200,197.960,198.060,197.960,198.060,3129,205824
1526485260,197.960,198.060,197.960,198.060,0,0
1526485320,198.050,198.050,198.050,198.050,0,0
1526485380,197.950,197.950,197.950,197.950,0,0
1526485440,197.950,197.970,197.950,197.970,0,0
1526485500,198.030,198.000,197.960,198.030,7111,208953
1526485560,198.030,198.000,197.960,198.030,0,0
1526485620,197.960,197.960,197.960,197.960,0,0
1526485680,198.040,198.100,198.040,198.100,0,0
1526485740,198.120,198.140,198.120,198.160,0,0
1526485800,198.130,198.140,198.130,198.140,7460,216064
1526485860,198.080,198.070,198.070,198.080,0,0
1526485920,198.040,198.030,198.030,198.040,0,0
1526485980,198.030,198.030,198.030,198.030,0,0
1526486040,198.070,198.050,198.050,198.070,0,0
1526486100,198.040,198.010,198.010,198.040,6183,223524
1526486160,198.020,198.020,198.020,198.020,0,0
1526486280,198.080,198.080,198.080,198.080,0,0
1526486340,198.090,198.160,198.090,198.160,0,0
1526486400,198.180,198.180,198.180,198.180,6494,229707
1526486460,198.220,198.220,198.220,198.220,0,0
1526486520,198.170,198.280,198.170,198.280,0,0
1526486580,198.240,198.240,198.240,198.240,0,0
1526486700,198.360,198.500,198.360,198.500,9661,236201
1526486760,198.630,198.630,198.630,198.630,0,0
1526486820,198.610,198.480,198.480,198.610,0,0
1526486880,198.520,198.530,198.520,198.530,0,0
1526486940,198.620,198.590,198.520,198.620,0,0
1526487000,198.590,198.560,198.560,198.590,4943,245862
1526487240,198.560,198.500,198.500,198.560,0,0
1526487300,198.560,198.560,198.560,198.560,5062,250805
1526487360,198.500,198.500,198.500,198.500,0,0
1526487420,198.590,198.590,198.590,198.590,0,0
1526487480,198.610,198.660,198.610,198.660,0,0
1526487540,198.680,198.730,198.680,198.740,0,0
1526487600,198.690,198.720,198.690,198.720,4609,255867
1526487660,198.720,198.720,198.720,198.720,0,0
1526487720,198.680,198.680,198.680,198.680,0,0
1526487780,198.670,198.740,198.670,198.740,0,0
1526487840,198.780,198.780,198.780,198.780,0,0
1526487900,198.780,198.780,198.780,198.780,5141,260476
1526487960,198.840,198.840,198.840,198.840,0,0
1526488020,198.920,198.920,198.920,198.920,0,0
1526488080,198.860,198.860,198.860,198.860,0,0
1526488140,198.830,198.830,198.830,198.830,0,0
1526488200,198.860,199.000,198.860,199.010,10894,265617
1526488260,199.090,199.110,199.090,199.110,0,0
1526488320,198.940,198.940,198.940,198.940,0,0
1526488380,198.880,198.880,198.880,198.880,0,0
1526488440,198.870,198.970,198.870,198.970,0,0
1526488500,198.930,198.870,198.870,198.930,9567,276511
1526488560,198.930,198.870,198.870,198.930,0,0
1526488620,198.880,198.880,198.880,198.880,0,0
1526488680,198.880,198.880,198.880,198.880,0,0
1526488740,198.840,198.910,198.840,198.910,0,0
1526488800,198.960,198.950,198.950,198.960,7243,286078
1526488920,198.980,198.910,198.910,198.980,0,0
1526488980,198.880,198.850,198.850,198.880,0,0
1526489100,198.800,198.800,198.800,198.800,3109,293321
1526489160,198.800,198.800,198.800,198.800,0,0
1526489220,198.710,198.710,198.710,198.710,0,0
1526489280,198.690,198.760,198.690,198.760,0,0
1526489400,198.740,198.760,198.740,198.760,5477,296430
1526489460,198.780,198.810,198.780,198.810,0,0
1526489580,198.780,198.780,198.780,198.780,0,0
1526489700,198.680,198.700,198.680,198.700,9558,301907
1526489760,198.630,198.630,198.630,198.630,0,0
1526489820,198.660,198.660,198.660,198.660,0,0
1526489880,198.680,198.680,198.680,198.680,0,0
1526489940,198.640,198.670,198.640,198.670,0,0
1526490000,198.700,198.700,198.700,198.700,5123,311465
1526490060,198.740,198.790,198.740,198.790,0,0
1526490180,198.830,198.810,198.810,198.830,0,0
1526490240,198.800,198.800,198.800,198.800,0,0
1526490300,198.830,198.820,198.820,198.840,6932,316588
1526490360,198.810,198.810,198.810,198.810,0,0
1526490420,198.770,198.770,198.770,198.770,0,0
1526490540,198.670,198.670,198.670,198.670,0,0
1526490600,198.790,198.790,198.790,198.790,4501,323520
1526490660,198.730,198.730,198.730,198.730,0,0
1526490720,198.760,198.670,198.670,198.760,0,0
1526490840,198.510,198.570,198.510,198.570,0,0
1526490900,198.630,198.630,198.630,198.630,2809,328021
1526490960,198.610,198.630,198.610,198.630,0,0
1526491140,198.600,198.600,198.600,198.600,0,0
1526491200,198.570,198.570,198.570,198.570,6708,330830
1526491260,198.600,198.590,198.590,198.600,0,0
1526491320,198.550,198.620,198.550,198.620,0,0
1526491380,198.560,198.470,198.470,198.560,0,0
1526491440,198.450,198.450,198.450,198.450,0,0
1526491500,198.420,198.420,198.420,198.420,1604,337538
1526491620,198.400,198.480,198.400,198.480,0,0
1526491740,198.500,198.500,198.500,198.500,0,0
1526491800,198.450,198.480,198.450,198.500,8174,339142
1526491860,198.540,198.500,198.500,198.540,0,0
1526492040,198.570,198.580,198.570,198.580,0,0
1526492100,198.580,198.510,198.510,198.580,3144,347316
1526492160,198.580,198.510,198.510,198.580,0,0
1526492220,198.410,198.390,198.390,198.410,0,0
1526492340,198.370,198.370,198.370,198.370,0,0
1526492400,198.420,198.380,198.380,198.420,7855,350460
1526492520,198.430,198.340,198.340,198.430,0,0
1526492580,198.220,198.220,198.220,198.220,0,0
1526492640,198.220,198.160,198.160,198.220,0,0
1526492700,198.220,198.220,198.220,198.220,6543,358315
1526492760,198.250,198.210,198.210,198.250,0,0
1526492820,198.180,198.210,198.180,198.210,0,0
1526492880,198.280,198.210,198.210,198.280,0,0
1526492940,198.250,198.250,198.250,198.250,0,0
1526493000,198.290,198.170,198.160,198.290,71138,364858
1526493060,198.290,198.170,198.160,198.290,0,0
1526493120,198.170,198.080,198.080,198.170,0,0
1526493180,198.080,198.150,198.080,198.150,0,0
1526493240,198.170,198.150,198.150,198.180,0,0
1526493300,198.250,198.300,198.250,198.300,14403,435996
1526493360,198.350,198.340,198.340,198.350,0,0
1526493420,198.300,198.300,198.300,198.300,0,0
1526493480,198.350,198.350,198.350,198.350,0,0
1526493540,198.370,198.260,198.260,198.370,0,0
1526493600,198.330,198.250,198.240,198.330,6828,450399
1526493660,198.200,198.200,198.200,198.200,0,0
1526493720,198.220,198.220,198.220,198.220,0,0
1526493780,198.310,198.270,198.270,198.310,0,0
1526493900,198.280,198.310,198.280,198.310,7001,457227
1526494020,198.280,198.310,198.280,198.310,0,0
1526494080,198.400,198.430,198.400,198.430,0,0
1526494140,198.390,198.450,198.390,198.450,0,0
1526494200,198.470,198.470,198.470,198.470,38119,464228
1526494320,198.490,198.510,198.490,198.510,0,0
1526494380,198.500,198.540,198.500,198.540,0,0
1526494440,198.530,198.530,198.530,198.530,0,0
1526494500,198.540,198.640,198.530,198.840,20833,502347
1526494560,198.660,198.740,198.660,198.740,0,0
1526494620,198.820,198.910,198.820,198.910,0,0
1526494740,198.820,198.780,198.780,198.820,0,0
1526494800,198.800,198.800,198.800,198.800,4239,523180
1526494860,198.700,198.700,198.700,198.700,0,0
1526494920,198.670,198.670,198.670,198.670,0,0
1526494980,198.620,198.620,198.620,198.620,0,0
1526495040,198.680,198.710,198.680,198.710,0,0
1526495100,198.680,198.680,198.680,198.680,19740,527419
1526495160,198.710,198.710,198.710,198.710,0,0
1526495220,198.710,198.750,198.710,198.750,0,0
1526495280,198.750,198.760,198.750,198.780,0,0
1526495340,198.760,198.760,198.760,198.760,0,0
1526495400,198.750,198.770,198.720,198.770,34482,547159
1526495460,198.780,198.750,198.750,198.780,0,0
1526495520,198.760,198.760,198.760,198.760,0,0
1526495580,198.750,198.660,198.660,198.750,0,0
1526495640,198.600,198.610,198.600,198.610,0,0
1526495700,198.540,198.520,198.520,198.540,8922,581641
1526495760,198.580,198.580,198.580,198.580,0,0
1526495820,198.570,198.600,198.570,198.600,0,0
1526495880,198.630,198.570,198.570,198.630,0,0
1526495940,198.550,198.550,198.550,198.550,0,0
1526496000,198.510,198.520,198.500,198.540,7646,590563
1526496060,198.510,198.530,198.510,198.530,0,0
1526496120,198.470,198.530,198.470,198.550,0,0
1526496180,198.530,198.560,198.530,198.560,0,0
1526496240,198.530,198.530,198.530,198.530,0,0
1526496300,198.530,198.630,198.520,198.630,4804,598209
1526496420,198.620,198.620,198.620,198.620,0,0
1526496480,198.620,198.620,198.620,198.620,0,0
1526496540,198.650,198.590,198.580,198.650,0,0
1526496600,198.620,198.590,198.590,198.620,9275,603013
1526496660,198.590,198.580,198.580,198.590,0,0
1526496720,198.600,198.590,198.560,198.600,0,0
1526496780,198.570,198.630,198.570,198.630,0,0
1526496840,198.650,198.620,198.620,198.660,0,0
1526496900,198.680,198.690,198.680,198.720,5948,612288
1526496960,198.680,198.690,198.680,198.720,0,0
1526497020,198.680,198.650,198.650,198.690,0,0
1526497140,198.680,198.710,198.680,198.750,0,0
1526497200,198.690,198.560,198.540,198.690,10063,618236
1526497260,198.530,198.420,198.420,198.530,0,0
1526497320,198.440,198.430,198.430,198.440,0,0
1526497380,198.400,198.390,198.380,198.400,0,0
1526497440,198.430,198.430,198.430,198.430,0,0
1526497500,198.430,198.400,198.400,198.430,6156,628299
1526497620,198.320,198.390,198.320,198.390,0,0
1526497740,198.380,198.380,198.380,198.380,0,0
1526497800,198.340,198.320,198.320,198.340,34604,634455
1526497860,198.380,198.180,198.180,198.380,0,0
1526497920,198.210,198.240,198.210,198.250,0,0
1526498040,198.210,198.230,198.180,198.230,0,0
1526498100,198.180,198.200,198.150,198.200,26167,669059
1526498160,198.180,198.180,198.180,198.180,0,0
1526498220,198.160,198.160,198.160,198.160,0,0
1526498280,198.170,198.190,198.170,198.190,0,0
1526498340,198.230,198.220,198.220,198.230,0,0
1526498400,198.220,198.230,198.220,198.230,12100,695226
1526498460,198.220,198.290,198.220,198.300,0,0
1526498520,198.290,198.340,198.290,198.350,0,0
1526498580,198.360,198.340,198.340,198.360,0,0
1526498640,198.280,198.310,198.280,198.320,0,0
1526498700,198.280,198.300,198.280,198.300,9089,707326
1526498760,198.280,198.270,198.270,198.300,0,0
1526498820,198.280,198.280,198.280,198.280,0,0
1526498880,198.260,198.280,198.260,198.280,0,0
1526498940,198.280,198.280,198.280,198.280,0,0
1526499000,198.270,198.330,198.270,198.330,13171,716415
1526499060,198.310,198.260,198.260,198.310,0,0
1526499120,198.240,198.220,198.220,198.250,0,0
1526499180,198.190,198.190,198.190,198.190,0,0
1526499240,198.180,198.190,198.180,198.190,0,0
1526499300,198.200,198.210,198.200,198.210,13060,729586
1526499360,198.200,198.210,198.200,198.210,0,0
1526499420,198.210,198.120,198.120,198.210,0,0
1526499480,198.140,198.180,198.140,198.180,0,0
1526499540,198.200,198.240,198.200,198.240,0,0
1526499600,198.260,198.220,198.200,198.260,11598,742646
1526499720,198.190,198.180,198.180,198.190,0,0
1526499780,198.180,198.210,198.180,198.220,0,0
1526499840,198.190,198.160,198.160,198.190,0,0
1526499900,198.120,197.920,197.910,198.120,20733,754244
1526499960,197.960,197.990,197.960,197.990,0,0
1526500020,197.970,197.950,197.950,197.970,0,0
1526500080,197.980,197.920,197.920,197.980,0,0
1526500140,197.870,197.820,197.820,197.870,0,0
1526500200,197.850,197.980,197.850,197.980,23077,774977
1526500260,197.990,198.080,197.990,198.080,0,0
1526500320,198.010,198.110,198.010,198.110,0,0
1526500380,198.110,198.130,198.110,198.130,0,0
1526500440,198.100,198.130,198.100,198.130,0,0
1526500500,198.150,198.070,198.070,198.150,217144,798054
1526500560,198.130,198.090,198.090,198.130,0,0
1526500620,198.090,198.110,198.090,198.130,0,0
1526500680,198.180,198.190,198.170,198.210,0,0
1526500740,198.210,198.180,198.160,198.210,0,0
1526563800,198.450,198.450,198.450,198.450,19740,0
1526563860,197.940,198.020,197.940,198.020,0,0
1526563920,198.120,198.440,198.120,198.440,0,0
1526563980,198.430,198.430,198.430,198.430,0,0
1526564040,198.600,197.810,197.810,198.600,0,0
1526564100,197.790,197.790,197.790,197.790,7672,19740
1526564160,197.560,198.350,197.560,198.350,0,0
1526564280,198.240,198.240,198.240,198.240,0,0
1526564340,198.210,197.920,197.920,198.270,0,0
1526564400,197.820,197.820,197.820,197.820,14220,27412
1526564460,197.780,197.780,197.780,197.780,0,0
1526564520,198.010,197.890,197.890,198.010,0,0
1526564580,198.090,198.530,198.090,198.530,0,0
1526564640,198.460,198.460,198.460,198.460,0,0
1526564700,198.510,198.220,198.220,198.510,10837,41632
1526564760,198.280,198.340,198.280,198.440,0,0
1526564820,198.410,198.250,198.250,198.410,0,0
1526564880,198.330,198.320,198.320,198.330,0,0
1526564940,198.430,198.400,198.400,198.530,0,0
1526565000,198.440,198.450,198.400,198.450,6594,52469
1526565060,198.440,198.470,198.440,198.470,0,0
1526565120,198.380,198.340,198.340,198.380,0,0
1526565180,198.230,198.230,198.230,198.230,0,0
1526565240,198.080,197.890,197.890,198.080,0,0
1526565300,197.930,197.930,197.930,197.930,5766,59063
1526565360,198.160,198.160,198.160,198.160,0,0
1526565540,198.030,198.310,198.030,198.310,0,0
1526565600,198.370,198.460,198.350,198.460,8476,64829
1526565660,198.410,198.360,198.360,198.410,0,0
1526565720,198.230,198.230,198.230,198.230,0,0
1526565780,198.270,198.110,198.110,198.270,0,0
1526565840,198.110,198.110,198.110,198.110,0,0
1526565900,198.120,198.120,198.120,198.120,11479,73305
1526565960,198.230,198.240,198.230,198.300,0,0
1526566020,198.240,198.270,198.240,198.300,0,0
1526566080,198.330,198.430,198.330,198.450,0,0
1526566140,198.440,198.370,198.370,198.440,0,0
1526566200,198.330,198.290,198.290,198.330,8807,84784
1526566260,198.330,198.290,198.290,198.330,0,0
1526566320,198.290,198.400,198.290,198.400,0,0
1526566380,198.400,198.130,198.130,198.400,0,0
1526566500,198.150,198.260,198.150,198.260,5268,93591
1526566560,198.120,198.120,198.120,198.120,0,0
1526566620,198.170,198.170,198.170,198.170,0,0
1526566680,198.310,198.310,198.310,198.310,0,0
1526566740,198.320,198.320,198.320,198.320,0,0
1526566800,198.420,198.420,198.420,198.420,8450,98859
1526566860,198.430,198.390,198.390,198.430,0,0
1526566920,198.390,198.470,198.390,198.500,0,0
1526566980,198.450,198.440,198.440,198.450,0,0
1526567100,198.360,198.360,198.360,198.360,5627,107309
1526567160,198.380,198.320,198.320,198.380,0,0
1526567220,198.310,198.310,198.310,198.310,0,0
1526567280,198.280,198.350,198.280,198.350,0,0
1526567400,198.320,198.320,198.320,198.320,7159,112936
1526567640,198.240,198.440,198.240,198.440,0,0
1526567700,198.420,198.420,198.420,198.420,11709,120095
1526567820,198.690,198.690,198.690,198.690,0,0
1526567880,198.800,198.770,198.710,198.820,0,0
1526567940,198.560,198.470,198.470,198.560,0,0
1526568000,198.470,198.570,198.470,198.570,6484,131804
1526568120,198.640,198.640,198.640,198.640,0,0
1526568180,198.590,198.590,198.590,198.590,0,0
1526568240,198.590,198.590,198.590,198.590,0,0
1526568300,198.640,198.640,198.640,198.640,3255,138288
1526568360,198.640,198.640,198.640,198.640,0,0
1526568420,198.560,198.560,198.560,198.560,0,0
1526568480,198.610,198.610,198.610,198.610,0,0
1526568600,198.620,198.620,198.620,198.620,7337,141543
1526568660,198.600,198.440,198.440,198.600,0,0
1526568720,198.400,198.440,198.400,198.440,0,0
1526568780,198.520,198.580,198.520,198.580,0,0
1526568840,198.550,198.550,198.550,198.550,0,0
1526568900,198.580,198.500,198.500,198.580,5749,148880
1526568960,198.500,198.500,198.500,198.500,0,0
1526569080,198.540,198.470,198.470,198.540,0,0
1526569140,198.430,198.430,198.430,198.430,0,0
1526569200,198.450,198.450,198.450,198.450,11546,154629
1526569260,198.490,198.490,198.490,198.490,0,0
1526569320,198.430,198.430,198.430,198.430,0,0
1526569380,198.370,198.400,198.370,198.410,0,0
1526569440,198.460,198.360,198.360,198.460,0,0
1526569500,198.360,198.380,198.360,198.380,7087,166175
1526569680,198.360,198.380,198.360,198.380,0,0
1526569740,198.410,198.400,198.400,198.410,0,0
1526569800,198.430,198.360,198.360,198.430,5742,173262
1526569980,198.320,198.280,198.280,198.320,0,0
1526570040,198.280,198.330,198.280,198.330,0,0
1526570100,198.280,198.240,198.240,198.280,5887,179004
1526570160,198.240,198.320,198.240,198.320,0,0
1526570280,198.280,198.280,198.280,198.280,0,0
1526570340,198.280,198.230,198.230,198.280,0,0
1526570400,198.210,198.210,198.210,198.210,7377,184891
1526570460,198.210,198.210,198.210,198.210,0,0
1526570520,198.250,198.250,198.250,198.250,0,0
1526570580,198.270,198.350,198.270,198.360,0,0
1526570640,198.350,198.360,198.350,198.360,0,0
1526570700,198.400,198.470,198.400,198.470,7353,192268
1526570760,198.430,198.400,198.400,198.430,0,0
1526570880,198.430,198.440,198.430,198.440,0,0
1526570940,198.340,198.340,198.340,198.340,0,0
1526571000,198.330,198.280,198.280,198.340,9707,199621
1526571060,198.330,198.280,198.280,198.340,0,0
1526571180,198.230,198.230,198.230,198.230,0,0
1526571240,198.180,198.180,198.180,198.180,0,0
1526571300,198.160,198.130,198.130,198.160,4545,209328
1526571360,198.130,198.230,198.130,198.230,0,0
1526571420,198.260,198.260,198.260,198.260,0,0
1526571480,198.270,198.280,198.270,198.280,0,0
1526571600,198.270,198.310,198.270,198.310,10051,213873
1526571660,198.280,198.210,198.210,198.280,0,0
1526571720,198.210,198.230,198.210,198.240,0,0
1526571780,198.260,198.270,198.260,198.270,0,0
1526571840,198.240,198.250,198.240,198.260,0,0
1526571900,198.260,198.190,198.190,198.260,8905,223924
1526571960,198.220,198.250,198.220,198.250,0,0
1526572020,198.220,198.220,198.220,198.220,0,0
1526572080,198.180,198.180,198.180,198.180,0,0
1526572140,198.130,198.070,198.070,198.130,0,0
1526572200,198.100,198.100,198.100,198.100,4775,232829
1526572320,198.000,198.010,198.000,198.030,0,0
1526572380,198.010,197.930,197.930,198.010,0,0
1526572500,197.900,197.980,197.900,197.980,5336,237604
1526572560,198.000,198.000,198.000,198.000,0,0
1526572680,198.030,198.010,198.010,198.030,0,0
1526572800,198.110,198.050,198.050,198.110,9821,242940
1526572860,197.960,198.020,197.960,198.020,0,0
1526572920,197.940,197.920,197.880,197.940,0,0
1526572980,197.840,197.840,197.840,197.840,0,0
1526573100,197.900,197.900,197.900,197.900,4862,252761
1526573220,197.850,197.870,197.790,197.870,0,0
1526573280,197.810,197.810,197.810,197.810,0,0
1526573340,197.810,197.810,197.810,197.810,0,0
1526573400,197.730,197.730,197.730,197.730,4067,257623
1526573460,197.700,197.780,197.700,197.780,0,0
1526573520,197.790,197.730,197.730,197.790,0,0
1526573580,197.810,197.810,197.810,197.810,0,0
1526573640,197.780,197.780,197.780,197.780,0,0
1526573700,197.810,197.840,197.810,197.850,2328,261690
1526573820,197.890,197.890,197.890,197.890,0,0
1526573880,197.900,197.900,197.900,197.900,0,0
1526573940,197.900,197.900,197.900,197.900,0,0
1526574000,197.920,197.900,197.900,197.920,4844,264018
1526574060,197.920,197.900,197.900,197.920,0,0
1526574120,197.930,197.860,197.860,197.930,0,0
1526574240,197.850,197.850,197.850,197.850,0,0
1526574300,197.910,197.910,197.910,197.910,7484,268862
1526574420,197.870,197.780,197.780,197.870,0,0
1526574480,197.770,197.770,197.770,197.770,0,0
1526574600,197.830,197.830,197.830,197.830,7535,276346
1526574660,197.860,197.880,197.860,197.880,0,0
1526574720,197.950,197.970,197.950,197.970,0,0
1526574780,197.980,197.980,197.980,197.980,0,0
1526574840,197.940,197.870,197.870,197.940,0,0
1526574900,197.870,197.870,197.870,197.870,11913,283881
1526574960,197.920,197.920,197.920,197.920,0,0
1526575020,197.890,197.960,197.890,197.960,0,0
1526575080,197.910,197.950,197.910,197.950,0,0
1526575140,197.950,197.720,197.720,197.950,0,0
1526575200,197.660,197.540,197.540,197.660,4032,295794
1526575260,197.540,197.540,197.540,197.540,0,0
1526575320,197.560,197.560,197.560,197.560,0,0
1526575500,197.530,197.500,197.500,197.530,11219,299826
1526575560,197.470,197.370,197.370,197.470,0,0
1526575620,197.410,197.410,197.410,197.410,0,0
1526575680,197.500,197.500,197.500,197.500,0,0
1526575740,197.460,197.460,197.460,197.460,0,0
1526575800,197.450,197.420,197.420,197.450,2343,311045
1526575860,197.450,197.420,197.420,197.450,0,0
1526576040,197.510,197.510,197.510,197.510,0,0
1526576100,197.430,197.350,197.340,197.430,5346,313388
1526576160,197.430,197.430,197.430,197.430,0,0
1526576340,197.460,197.460,197.460,197.460,0,0
1526576400,197.470,197.470,197.470,197.470,1439,318734
1526576520,197.610,197.610,197.610,197.610,0,0
1526576700,197.570,197.480,197.480,197.570,6544,320173
1526576760,197.570,197.480,197.480,197.570,0,0
1526576820,197.480,197.480,197.480,197.480,0,0
1526576880,197.460,197.480,197.430,197.480,0,0
1526577000,197.470,197.470,197.470,197.470,5038,326717
1526577060,197.440,197.440,197.440,197.440,0,0
1526577120,197.440,197.440,197.440,197.440,0,0
1526577180,197.300,197.380,197.300,197.380,0,0
1526577300,197.440,197.440,197.440,197.440,3219,331755
1526577360,197.460,197.550,197.460,197.550,0,0
1526577420,197.600,197.630,197.600,197.630,0,0
1526577480,197.660,197.660,197.660,197.660,0,0
1526577540,197.660,197.590,197.590,197.660,0,0
1526577600,197.540,197.540,197.540,197.540,8992,334974
1526577660,197.540,197.540,197.540,197.540,0,0
1526577720,197.560,197.530,197.530,197.560,0,0
1526577780,197.540,197.560,197.540,197.560,0,0
1526577900,197.580,197.600,197.580,197.600,6685,343966
1526577960,197.580,197.580,197.580,197.580,0,0
1526578020,197.530,197.510,197.510,197.530,0,0
1526578080,197.460,197.460,197.460,197.460,0,0
1526578140,197.460,197.390,197.390,197.460,0,0
1526578200,197.470,197.470,197.470,197.470,4133,350651
1526578260,197.450,197.450,197.450,197.450,0,0
1526578320,197.460,197.460,197.460,197.460,0,0
1526578380,197.460,197.490,197.460,197.490,0,0
1526578500,197.510,197.510,197.510,197.510,4214,354784
1526578560,197.480,197.420,197.420,197.480,0,0
1526578620,197.430,197.440,197.430,197.440,0,0
1526578740,197.380,197.380,197.380,197.380,0,0
1526578800,197.530,197.530,197.530,197.530,5152,358998
1526578860,197.530,197.430,197.430,197.530,0,0
1526578980,197.300,197.300,197.300,197.300,0,0
1526579040,197.320,197.320,197.320,197.320,0,0
1526579100,197.390,197.390,197.390,197.390,4465,364150
1526579160,197.370,197.370,197.370,197.370,0,0
1526579280,197.400,197.410,197.400,197.410,0,0
1526579340,197.410,197.430,197.370,197.430,0,0
1526579400,197.450,197.500,197.450,197.500,14466,368615
1526579460,197.450,197.500,197.450,197.500,0,0
1526579520,197.610,197.580,197.580,197.610,0,0
1526579580,197.500,197.420,197.420,197.500,0,0
1526579640,197.310,197.280,197.270,197.330,0,0
1526579700,197.170,197.170,197.170,197.170,6718,383081
1526579820,197.000,197.110,197.000,197.110,0,0
1526579880,197.050,197.010,197.010,197.050,0,0
1526579940,197.060,197.020,197.020,197.060,0,0
1526580000,197.100,196.950,196.950,197.100,7347,389799
1526580060,196.880,196.880,196.880,196.880,0,0
1526580120,196.830,196.880,196.830,196.880,0,0
1526580180,196.900,196.860,196.860,196.900,0,0
1526580300,196.810,196.880,196.780,196.950,15517,397146
1526580420,196.830,196.830,196.830,196.830,0,0
1526580480,196.890,196.910,196.890,196.910,0,0
1526580540,196.910,196.910,196.910,196.910,0,0
1526580600,196.910,196.910,196.910,196.910,5970,412663
1526580660,197.010,197.010,197.010,197.010,0,0
1526580720,197.000,197.000,197.000,197.000,0,0
1526580780,197.100,197.100,197.100,197.100,0,0
1526580840,197.050,197.050,197.050,197.050,0,0
1526580900,197.130,197.050,197.050,197.130,6306,418633
1526580960,197.170,197.100,197.100,197.170,0,0
1526581020,197.110,197.110,197.110,197.110,0,0
1526581080,197.190,197.240,197.150,197.240,0,0
1526581200,197.320,197.250,197.250,197.320,7939,424939
1526581260,197.310,197.310,197.310,197.310,0,0
1526581320,197.240,197.240,197.240,197.240,0,0
1526581380,197.320,197.310,197.310,197.320,0,0
1526581440,197.330,197.240,197.240,197.330,0,0
1526581500,197.360,197.360,197.360,197.360,1134,432878
1526581560,197.360,197.360,197.360,197.360,0,0
1526581620,197.410,197.410,197.410,197.410,0,0
1526581800,197.420,197.450,197.420,197.450,14060,434012
1526581860,197.390,197.390,197.390,197.390,0,0
1526581920,197.450,197.440,197.440,197.480,0,0
1526581980,197.380,197.380,197.380,197.380,0,0
1526582040,197.350,197.410,197.350,197.410,0,0
1526582100,197.470,197.470,197.470,197.470,9445,448072
1526582160,197.470,197.470,197.470,197.470,0,0
1526582220,197.410,197.460,197.360,197.460,0,0
1526582280,197.610,197.610,197.610,197.610,0,0
1526582400,197.590,197.560,197.560,197.590,10654,457517
1526582460,197.590,197.570,197.570,197.590,0,0
1526582520,197.570,197.530,197.530,197.570,0,0
1526582580,197.460,197.350,197.350,197.460,0,0
1526582640,197.400,197.400,197.400,197.400,0,0
1526582700,197.460,197.350,197.350,197.460,15473,468171
1526582820,197.460,197.350,197.350,197.460,0,0
1526582880,197.400,197.400,197.400,197.400,0,0
1526582940,197.410,197.400,197.400,197.420,0,0
1526583000,197.470,197.470,197.470,197.470,10718,483644
1526583060,197.470,197.390,197.390,197.470,0,0
1526583120,197.510,197.530,197.510,197.530,0,0
1526583180,197.480,197.450,197.390,197.480,0,0
1526583240,197.470,197.470,197.470,197.470,0,0
1526583300,197.530,197.530,197.530,197.530,5425,494362
1526583420,197.430,197.580,197.430,197.580,0,0
1526583480,197.610,197.610,197.610,197.610,0,0
1526583540,197.630,197.630,197.630,197.630,0,0
1526583600,197.590,197.600,197.590,197.600,7638,499787
1526583720,197.650,197.750,197.650,197.750,0,0
1526583780,197.730,197.730,197.730,197.730,0,0
1526583840,197.670,197.690,197.670,197.690,0,0
1526583900,197.690,197.730,197.690,197.730,7019,507425
1526583960,197.750,197.750,197.750,197.750,0,0
1526584020,197.740,197.670,197.670,197.740,0,0
1526584080,197.720,197.740,197.720,197.740,0,0
1526584140,197.770,197.780,197.740,197.780,0,0
1526584200,197.760,197.710,197.710,197.760,8527,514444
1526584260,197.700,197.590,197.590,197.700,0,0
1526584320,197.580,197.610,197.580,197.610,0,0
1526584380,197.640,197.640,197.640,197.640,0,0
1526584440,197.640,197.610,197.610,197.640,0,0
1526584500,197.570,197.500,197.500,197.570,14330,522971
1526584560,197.410,197.550,197.370,197.550,0,0
1526584620,197.580,197.610,197.580,197.610,0,0
1526584680,197.580,197.580,197.580,197.580,0,0
1526584740,197.530,197.530,197.530,197.530,0,0
1526584800,197.560,197.560,197.560,197.560,7351,537301
1526584860,197.570,197.570,197.570,197.570,0,0
1526584920,197.570,197.570,197.570,197.570,0,0
1526584980,197.570,197.520,197.520,197.570,0,0
1526585040,197.560,197.570,197.560,197.600,0,0
1526585100,197.580,197.640,197.550,197.640,13118,544652
1526585160,197.660,197.580,197.580,197.660,0,0
1526585220,197.560,197.540,197.540,197.560,0,0
1526585280,197.530,197.560,197.530,197.560,0,0
1526585340,197.580,197.480,197.480,197.580,0,0
1526585400,197.420,197.390,197.370,197.420,11343,557770
1526585460,197.390,197.490,197.390,197.490,0,0
1526585520,197.460,197.460,197.460,197.460,0,0
1526585580,197.490,197.490,197.490,197.490,0,0
1526585640,197.470,197.460,197.420,197.490,0,0
1526585700,197.470,197.430,197.430,197.470,12176,569113
1526585760,197.410,197.410,197.410,197.410,0,0
1526585820,197.420,197.470,197.420,197.470,0,0
1526585880,197.410,197.400,197.380,197.410,0,0
1526585940,197.380,197.390,197.380,197.390,0,0
1526586000,197.360,197.330,197.310,197.360,25180,581289
1526586060,197.410,197.540,197.410,197.540,0,0
1526586120,197.590,197.710,197.590,197.710,0,0
1526586180,197.670,197.640,197.640,197.700,0,0
1526586240,197.630,197.620,197.620,197.630,0,0
1526586300,197.580,197.720,197.580,197.720,18257,606469
1526586360,197.720,197.750,197.720,197.750,0,0
1526586420,197.750,197.720,197.720,197.750,0,0
1526586480,197.680,197.690,197.670,197.720,0,0
1526586540,197.690,197.760,197.690,197.760,0,0
1526586600,197.790,197.680,197.650,197.790,30435,624726
1526586660,197.650,197.670,197.650,197.670,0,0
1526586720,197.680,197.600,197.600,197.700,0,0
1526586780,197.610,197.600,197.600,197.610,0,0
1526586840,197.620,197.690,197.600,197.690,0,0
1526586900,197.700,197.690,197.690,197.760,177598,655161
1526586960,197.720,197.750,197.720,197.750,0,0
1526587020,197.770,197.780,197.760,197.800,0,0
1526587080,197.720,197.780,197.710,197.780,0,0
1526587140,197.760,197.660,197.660,197.760,0,0
1526650200,197.070,197.440,197.070,197.440,42076,0
1526650260,197.840,197.720,197.720,197.840,0,0
1526650320,197.520,197.520,197.520,197.520,0,0
1526650500,197.560,197.520,197.520,197.560,4383,42076
1526650560,197.820,197.820,197.820,197.820,0,0
1526650620,197.920,197.880,197.880,197.920,0,0
1526650680,198.310,198.310,198.310,198.310,0,0
1526650800,198.280,198.280,198.280,198.280,7345,46459
1526650920,198.280,198.280,198.280,198.280,0,0
1526650980,198.300,198.620,198.240,198.620,0,0
1526651040,198.560,198.560,198.560,198.560,0,0
1526651100,198.570,198.500,198.500,198.570,8270,53804
1526651160,198.450,198.780,198.450,198.780,0,0
1526651220,198.840,198.840,198.840,198.840,0,0
1526651340,198.850,198.750,198.750,198.850,0,0
1526651400,198.710,198.670,198.670,198.710,14802,62074
1526651460,198.340,198.340,198.340,198.340,0,0
1526651520,198.310,198.320,198.310,198.320,0,0
1526651580,198.130,198.090,198.090,198.130,0,0
1526651700,197.960,198.160,197.960,198.160,19978,76876
1526651760,198.220,198.220,198.220,198.220,0,0
1526651820,198.170,198.050,198.050,198.170,0,0
1526651880,197.890,197.890,197.890,197.890,0,0
1526651940,198.170,198.150,198.150,198.170,0,0
1526652000,197.960,197.810,197.800,197.960,6372,96854
1526652120,197.960,197.810,197.800,197.960,0,0
1526652180,197.840,197.670,197.670,197.840,0,0
1526652300,197.700,197.700,197.700,197.700,5879,103226
1526652360,197.700,197.700,197.700,197.700,0,0
1526652420,197.830,197.920,197.830,197.920,0,0
1526652480,198.040,198.040,198.040,198.040,0,0
1526652540,197.750,197.760,197.750,197.760,0,0
1526652600,197.800,197.800,197.800,197.800,18854,109105
1526652660,197.900,198.000,197.900,198.000,0,0
1526652720,198.020,198.020,198.020,198.020,0,0
1526652780,198.030,198.030,198.030,198.030,0,0
1526652840,198.030,198.030,198.030,198.030,0,0
1526652900,198.060,197.940,197.940,198.110,2326,127959
1526652960,198.020,198.020,198.020,198.020,0,0
1526653200,197.950,198.250,197.950,198.250,5594,130285
1526653260,198.190,198.140,198.140,198.190,0,0
1526653380,198.130,198.130,198.130,198.130,0,0
1526653440,198.130,197.970,197.970,198.130,0,0
1526653500,197.770,197.770,197.770,197.770,3645,135879
1526653560,197.770,197.770,197.770,197.770,0,0
1526653620,197.640,197.560,197.560,197.640,0,0
1526653680,197.490,197.610,197.490,197.610,0,0
1526653740,197.660,197.660,197.660,197.660,0,0
1526653800,197.570,197.550,197.550,197.570,3787,139524
1526653920,197.440,197.470,197.440,197.470,0,0
1526653980,197.360,197.360,197.360,197.360,0,0
1526654100,197.360,197.360,197.360,197.360,5980,143311
1526654160,197.300,197.300,197.300,197.300,0,0
1526654220,197.200,197.200,197.200,197.200,0,0
1526654280,197.250,197.250,197.250,197.250,0,0
1526654340,197.350,197.100,197.100,197.350,0,0
1526654400,197.160,197.020,197.020,197.160,2862,149291
1526654460,197.130,197.130,197.130,197.130,0,0
1526654520,197.180,197.180,197.180,197.180,0,0
1526654580,197.460,197.460,197.460,197.460,0,0
1526654700,197.430,197.430,197.430,197.430,78346,152153
1526654760,197.370,197.470,197.370,197.470,0,0
1526654820,197.510,197.540,197.510,197.540,0,0
1526654880,197.250,197.250,197.250,197.250,0,0
1526654940,197.250,197.250,197.250,197.250,0,0
1526655000,197.280,197.280,197.280,197.280,4817,230499
1526655060,197.280,197.280,197.280,197.280,0,0
1526655180,197.230,197.250,197.230,197.250,0,0
1526655240,197.250,197.280,197.250,197.280,0,0
1526655300,197.320,197.340,197.320,197.340,6915,235316
1526655360,197.380,197.420,197.380,197.420,0,0
1526655480,197.420,197.380,197.380,197.460,0,0
1526655540,197.400,197.360,197.360,197.400,0,0
1526655600,197.390,197.300,197.300,197.390,7470,242231
1526655660,197.290,197.290,197.290,197.290,0,0
1526655720,197.300,197.240,197.240,197.300,0,0
1526655780,197.350,197.380,197.350,197.380,0,0
1526655840,197.510,197.540,197.510,197.550,0,0
1526655900,197.540,197.400,197.400,197.540,20572,249701
1526655960,197.440,197.440,197.440,197.440,0,0
1526656020,197.500,197.500,197.500,197.500,0,0
1526656080,197.520,197.480,197.480,197.520,0,0
1526656140,197.550,197.540,197.540,197.550,0,0
1526656200,197.470,197.620,197.470,197.620,4256,270273
1526656320,197.610,197.630,197.610,197.630,0,0
1526656380,197.630,197.630,197.630,197.630,0,0
1526656500,197.580,197.590,197.510,197.590,10670,274529
1526656560,197.630,197.700,197.630,197.700,0,0
1526656620,197.680,197.650,197.650,197.680,0,0
1526656740,197.670,197.670,197.670,197.670,0,0
1526656800,197.660,197.740,197.660,197.740,6504,285199
1526656860,197.690,197.690,197.690,197.690,0,0
1526656980,197.590,197.620,197.590,197.620,0,0
1526657040,197.660,197.730,197.660,197.730,0,0
1526657100,197.660,197.660,197.660,197.660,3481,291703
1526657160,197.600,197.540,197.540,197.600,0,0
1526657280,197.460,197.460,197.460,197.460,0,0
1526657340,197.430,197.430,197.430,197.430,0,0
1526657400,197.480,197.480,197.480,197.480,6391,295184
1526657460,197.580,197.580,197.580,197.580,0,0
1526657520,197.690,197.590,197.590,197.690,0,0
1526657640,197.450,197.400,197.400,197.450,0,0
1526657700,197.440,197.440,197.440,197.440,8101,301575
1526657760,197.510,197.570,197.500,197.570,0,0
1526657820,197.580,197.570,197.570,197.580,0,0
1526657940,197.690,197.550,197.550,197.690,0,0
1526658000,197.640,197.650,197.640,197.650,5663,309676
1526658060,197.620,197.620,197.620,197.620,0,0
1526658180,197.650,197.650,197.650,197.650,0,0
1526658240,197.760,197.760,197.760,197.760,0,0
1526658300,197.730,197.570,197.570,197.730,6130,315339
1526658360,197.730,197.570,197.570,197.730,0,0
1526658420,197.610,197.620,197.610,197.620,0,0
1526658480,197.570,197.570,197.570,197.570,0,0
1526658540,197.620,197.620,197.620,197.620,0,0
1526658600,197.610,197.530,197.510,197.610,7030,321469
1526658780,197.650,197.700,197.650,197.710,0,0
1526658840,197.700,197.700,197.700,197.700,0,0
1526658900,197.710,197.690,197.670,197.710,6465,328499
1526658960,197.670,197.660,197.660,197.670,0,0
1526659020,197.660,197.710,197.660,197.710,0,0
1526659140,197.760,197.760,197.760,197.760,0,0
1526659200,197.730,197.780,197.720,197.780,11075,334964
1526659320,197.630,197.630,197.630,197.630,0,0
1526659440,197.640,197.670,197.640,197.670,0,0
1526659500,197.640,197.700,197.640,197.700,25419,346039
1526659560,197.710,197.710,197.710,197.710,0,0
1526659620,197.780,197.790,197.780,197.790,0,0
1526659740,197.790,197.840,197.740,197.840,0,0
1526659800,197.800,197.740,197.740,197.800,4197,371458
1526659860,197.800,197.810,197.800,197.810,0,0
1526659980,197.710,197.760,197.710,197.760,0,0
1526660100,197.720,197.680,197.680,197.720,11729,375655
1526660160,197.720,197.680,197.680,197.720,0,0
1526660220,197.600,197.610,197.600,197.720,0,0
1526660280,197.710,197.740,197.710,197.740,0,0
1526660340,197.750,197.780,197.750,197.780,0,0
1526660400,197.740,197.740,197.740,197.740,12712,387384
1526660460,197.780,197.790,197.780,197.790,0,0
1526660520,197.760,197.870,197.760,197.870,0,0
1526660580,197.800,197.820,197.800,197.820,0,0
1526660700,197.800,197.800,197.800,197.800,18682,400096
1526660760,197.620,197.660,197.600,197.660,0,0
1526660940,197.620,197.620,197.620,197.620,0,0
1526661000,197.640,197.640,197.640,197.640,4490,418778
1526661060,197.580,197.620,197.580,197.620,0,0
1526661180,197.650,197.650,197.650,197.650,0,0
1526661240,197.710,197.580,197.580,197.730,0,0
1526661300,197.510,197.510,197.510,197.510,2939,423268
1526661480,197.510,197.510,197.510,197.510,0,0
1526661540,197.550,197.560,197.550,197.560,0,0
1526661600,197.610,197.640,197.610,197.640,5984,426207
1526661660,197.610,197.640,197.610,197.640,0,0
1526661720,197.630,197.630,197.630,197.630,0,0
1526661840,197.560,197.650,197.560,197.650,0,0
1526662200,197.620,197.620,197.620,197.620,6303,432191
1526662260,197.500,197.510,197.480,197.510,0,0
1526662320,197.580,197.580,197.580,197.580,0,0
1526662440,197.510,197.590,197.510,197.590,0,0
1526662500,197.480,197.530,197.480,197.530,1731,438494
1526662620,197.480,197.530,197.480,197.530,0,0
1526662800,197.510,197.510,197.510,197.510,16407,440225
1526662860,197.470,197.400,197.400,197.470,0,0
1526662980,197.370,197.370,197.370,197.370,0,0
1526663040,197.360,197.280,197.270,197.360,0,0
1526663100,197.320,197.270,197.270,197.320,5383,456632
1526663280,197.270,197.220,197.220,197.270,0,0
1526663400,197.100,197.100,197.100,197.100,6594,462015
1526663460,197.130,197.130,197.130,197.130,0,0
1526663520,197.140,197.140,197.140,197.140,0,0
1526663580,197.090,197.150,197.090,197.150,0,0
1526663640,197.160,197.220,197.160,197.220,0,0
1526663700,197.200,197.260,197.200,197.260,7477,468609
1526663760,197.300,197.320,197.300,197.320,0,0
1526663820,197.290,197.310,197.290,197.310,0,0
1526663880,197.310,197.350,197.310,197.350,0,0
1526664000,197.270,197.270,197.270,197.270,7850,476086
1526664060,197.250,197.310,197.250,197.310,0,0
1526664120,197.390,197.390,197.390,197.390,0,0
1526664180,197.440,197.440,197.440,197.440,0,0
1526664300,197.430,197.430,197.430,197.430,7761,483936
1526664360,197.350,197.350,197.350,197.350,0,0
1526664420,197.370,197.370,197.370,197.370,0,0
1526664480,197.300,197.300,197.300,197.300,0,0
1526664540,197.290,197.290,197.290,197.290,0,0
1526664600,197.350,197.290,197.280,197.360,8718,491697
1526664660,197.280,197.280,197.280,197.280,0,0
1526664780,197.250,197.250,197.250,197.250,0,0
1526664840,197.150,197.210,197.150,197.210,0,0
1526664900,197.090,197.090,197.090,197.090,3752,500415
1526664960,197.100,197.100,197.100,197.100,0,0
1526665080,197.160,197.160,197.160,197.160,0,0
1526665140,197.240,197.240,197.240,197.240,0,0
1526665200,197.200,197.200,197.200,197.200,7695,504167
1526665260,197.250,197.250,197.250,197.250,0,0
1526665320,197.320,197.280,197.280,197.320,0,0
1526665440,197.110,197.110,197.110,197.110,0,0
1526665500,197.190,197.190,197.190,197.190,1252,511862
1526665620,197.090,197.090,197.090,197.090,0,0
1526665800,197.160,197.190,197.160,197.190,1232,513114
1526665860,197.160,197.190,197.160,197.190,0,0
1526666100,197.110,197.180,197.110,197.180,13334,514346
1526666160,197.250,197.250,197.250,197.250,0,0
1526666220,197.290,197.230,197.230,197.310,0,0
1526666280,197.250,197.250,197.250,197.250,0,0
1526666340,197.250,197.280,197.250,197.280,0,0
1526666400,197.180,197.160,197.160,197.180,3661,527680
1526666460,197.180,197.160,197.160,197.180,0,0
1526666520,197.140,197.220,197.140,197.220,0,0
1526666580,197.190,197.190,197.190,197.190,0,0
1526666700,197.270,197.160,197.160,197.270,14327,531341
1526666880,197.150,197.160,197.150,197.160,0,0
1526666940,197.180,197.180,197.180,197.180,0,0
1526667000,197.150,197.140,197.140,197.150,12503,545668
1526667060,197.130,197.160,197.130,197.160,0,0
1526667120,197.210,197.210,197.210,197.210,0,0
1526667180,197.300,197.270,197.250,197.300,0,0
1526667240,197.260,197.260,197.260,197.260,0,0
1526667300,197.300,197.300,197.300,197.300,6062,558171
1526667360,197.300,197.300,197.300,197.300,0,0
1526667420,197.220,197.160,197.160,197.220,0,0
1526667480,197.210,197.220,197.210,197.220,0,0
1526667540,197.250,197.260,197.250,197.260,0,0
1526667600,197.290,197.290,197.290,197.290,13328,564233
1526667660,197.290,197.290,197.290,197.290,0,0
1526667720,197.290,197.250,197.220,197.310,0,0
1526667840,197.260,197.320,197.250,197.320,0,0
1526667900,197.330,197.310,197.310,197.330,5511,577561
1526667960,197.330,197.310,197.310,197.330,0,0
1526668020,197.330,197.330,197.330,197.330,0,0
1526668080,197.340,197.340,197.340,197.340,0,0
1526668140,197.350,197.380,197.350,197.380,0,0
1526668200,197.380,197.390,197.360,197.390,9418,583072
1526668260,197.460,197.460,197.460,197.460,0,0
1526668380,197.450,197.410,197.410,197.470,0,0
1526668440,197.410,197.380,197.380,197.410,0,0
1526668500,197.380,197.440,197.380,197.440,8456,592490
1526668560,197.460,197.490,197.440,197.490,0,0
1526668620,197.530,197.530,197.530,197.530,0,0
1526668680,197.540,197.630,197.540,197.630,0,0
1526668800,197.650,197.650,197.650,197.650,4014,600946
1526668920,197.650,197.600,197.600,197.650,0,0
1526668980,197.600,197.600,197.600,197.600,0,0
1526669040,197.610,197.610,197.610,197.610,0,0
1526669100,197.630,197.630,197.630,197.630,4645,604960
1526669160,197.660,197.660,197.660,197.660,0,0
1526669220,197.700,197.690,197.690,197.700,0,0
1526669280,197.750,197.720,197.720,197.750,0,0
1526669340,197.760,197.740,197.740,197.760,0,0
1526669400,197.750,197.750,197.750,197.750,8719,609605
1526669520,197.740,197.740,197.740,197.740,0,0
1526669580,197.730,197.720,197.720,197.730,0,0
1526669700,197.750,197.860,197.750,197.900,12809,618324
1526669760,197.960,197.960,197.960,197.960,0,0
1526669820,197.920,197.940,197.920,198.020,0,0
1526669880,197.950,197.950,197.950,197.950,0,0
1526669940,197.970,197.890,197.890,197.970,0,0
1526670000,197.870,197.820,197.820,197.870,7868,631133
1526670060,197.920,197.800,197.800,197.920,0,0
1526670120,197.860,197.860,197.860,197.860,0,0
1526670180,197.820,197.820,197.820,197.820,0,0
1526670240,197.840,197.820,197.820,197.840,0,0
1526670300,197.820,197.830,197.820,197.850,2960,639001
1526670420,197.820,197.830,197.820,197.850,0,0
1526670480,197.830,197.810,197.810,197.830,0,0
1526670600,197.780,197.770,197.770,197.790,9916,641961
1526670660,197.810,197.810,197.810,197.810,0,0
1526670720,197.810,197.810,197.810,197.810,0,0
1526670780,197.760,197.780,197.760,197.780,0,0
1526670840,197.780,197.790,197.780,197.790,0,0
1526670900,197.770,197.770,197.770,197.770,5394,651877
1526670960,197.760,197.770,197.760,197.770,0,0
1526671080,197.800,197.780,197.780,197.800,0,0
1526671140,197.810,197.800,197.800,197.810,0,0
1526671200,197.820,197.790,197.790,197.840,10603,657271
1526671320,197.910,197.930,197.910,197.930,0,0
1526671380,197.960,197.980,197.960,197.980,0,0
1526671440,197.940,197.950,197.920,197.950,0,0
1526671500,197.900,197.820,197.820,197.900,7797,667874
1526671620,197.840,197.820,197.820,197.880,0,0
1526671680,197.820,197.860,197.810,197.860,0,0
1526671740,197.850,197.860,197.850,197.860,0,0
1526671800,197.870,197.890,197.870,197.890,12245,675671
1526671860,197.870,197.910,197.870,197.910,0,0
1526671920,197.870,197.860,197.850,197.870,0,0
1526671980,197.840,197.820,197.820,197.850,0,0
1526672040,197.810,197.810,197.810,197.810,0,0
1526672100,197.830,197.840,197.810,197.840,8053,687916
1526672160,197.850,197.900,197.850,197.900,0,0
1526672220,197.950,197.920,197.920,197.950,0,0
1526672340,198.000,198.010,197.990,198.010,0,0
1526672400,198.100,198.110,198.090,198.110,16663,695969
1526672460,198.080,198.040,198.040,198.080,0,0
1526672520,198.050,198.070,198.050,198.070,0,0
1526672580,198.040,198.010,198.010,198.040,0,0
1526672640,198.040,198.020,198.010,198.040,0,0
1526672700,198.060,197.950,197.950,198.060,20546,712632
1526672760,197.980,197.980,197.980,197.980,0,0
1526672820,197.950,197.980,197.950,197.980,0,0
1526672880,197.970,198.000,197.970,198.000,0,0
1526672940,198.000,198.010,198.000,198.020,0,0
1526673000,198.010,197.970,197.900,198.010,42926,733178
1526673060,198.000,198.010,198.000,198.030,0,0
1526673120,197.990,198.000,197.970,198.000,0,0
1526673180,198.020,198.130,198.020,198.130,0,0
1526673240,198.130,198.120,198.100,198.130,0,0
1526673300,198.110,198.140,198.080,198.140,817431,776104
1526673360,198.170,198.150,198.150,198.170,0,0
1526673420,198.150,198.370,198.150,198.380,0,0
1526673480,198.360,198.290,198.290,198.360,0,0
1526673540,198.280,197.920,197.920,198.280,0,0
1526909400,198.860,198.860,198.860,198.860,12781,0
1526909460,198.860,198.860,198.860,198.860,0,0
1526909580,198.870,198.870,198.870,198.870,0,0
1526909640,199.170,199.490,199.170,199.490,0,0
1526909700,199.670,199.670,199.670,199.670,12100,12781
1526909760,199.670,199.670,199.670,199.670,0,0
1526909820,199.730,199.880,199.730,199.880,0,0
1526909880,199.730,199.750,199.540,199.750,0,0
1526909940,199.800,199.570,199.570,199.800,0,0
1526910000,199.680,199.790,199.680,199.790,23555,24881
1526910060,199.690,199.780,199.690,199.780,0,0
1526910120,199.690,199.690,199.690,199.690,0,0
1526910180,199.790,199.890,199.790,199.950,0,0
1526910240,199.830,199.860,199.830,199.860,0,0
1526910300,199.970,199.970,199.970,199.970,14118,48436
1526910360,199.680,199.680,199.680,199.680,0,0
1526910420,199.750,199.880,199.700,199.880,0,0
1526910480,199.880,199.940,199.880,199.940,0,0
1526910540,199.920,199.920,199.920,199.920,0,0
1526910600,199.840,199.810,199.810,199.840,12330,62554
1526910660,199.850,199.840,199.840,199.910,0,0
1526910720,199.840,199.780,199.780,199.840,0,0
1526910780,199.870,199.910,199.870,199.910,0,0
1526910840,199.910,200.000,199.910,200.000,0,0
1526910900,199.990,200.230,199.990,200.230,39948,74884
1526910960,200.060,200.120,200.060,200.230,0,0
1526911020,200.050,200.040,200.030,200.130,0,0
1526911080,200.200,200.160,200.120,200.200,0,0
1526911140,200.010,199.920,199.920,200.060,0,0
1526911200,199.730,199.940,199.730,199.940,11007,114832
1526911260,199.770,199.770,199.770,199.770,0,0
1526911320,199.920,199.920,199.920,199.920,0,0
1526911380,199.890,199.960,199.890,199.960,0,0
1526911440,199.890,199.710,199.710,199.890,0,0
1526911500,199.740,199.850,199.740,199.860,11372,125839
1526911560,199.790,199.900,199.790,199.900,0,0
1526911680,199.800,199.820,199.770,199.820,0,0
1526911740,199.890,199.970,199.890,199.970,0,0
1526911800,200.000,200.000,200.000,200.000,9664,137211
1526911860,199.890,200.010,199.860,200.010,0,0
1526911920,200.070,200.070,200.070,200.070,0,0
1526911980,200.070,200.090,200.060,200.100,0,0
1526912100,200.090,200.040,200.010,200.090,18700,146875
1526912160,200.070,200.070,200.070,200.070,0,0
1526912220,199.970,200.150,199.930,200.150,0,0
1526912280,200.170,200.370,200.110,200.370,0,0
1526912340,200.320,200.250,200.210,200.320,0,0
1526912400,200.190,200.160,200.160,200.190,9928,165575
1526912460,200.170,200.040,200.040,200.170,0,0
1526912520,200.100,200.030,200.030,200.100,0,0
1526912580,200.100,200.020,200.020,200.100,0,0
1526912640,199.960,199.890,199.890,200.020,0,0
1526912700,199.880,199.780,199.780,199.880,9033,175503
1526912760,199.710,199.710,199.710,199.710,0,0
1526912820,199.850,199.850,199.850,199.850,0,0
1526912880,199.870,199.870,199.870,199.870,0,0
1526912940,199.940,199.930,199.930,199.940,0,0
1526913000,200.020,200.020,200.020,200.020,10819,184536
1526913060,200.060,199.970,199.970,200.060,0,0
1526913180,200.000,199.950,199.950,200.000,0,0
1526913300,200.080,200.000,200.000,200.080,8742,195355
1526913360,199.940,199.930,199.930,199.940,0,0
1526913420,199.970,199.970,199.970,199.970,0,0
1526913480,199.940,200.010,199.940,200.010,0,0
1526913540,199.950,199.950,199.950,199.950,0,0
1526913600,200.060,200.110,200.000,200.110,20484,204097
1526913660,200.060,200.110,200.000,200.110,0,0
1526913720,200.230,200.220,200.220,200.240,0,0
1526913780,200.190,200.310,200.190,200.310,0,0
1526913900,200.310,200.350,200.310,200.350,12988,224581
1526914020,200.220,200.210,200.210,200.220,0,0
1526914080,200.210,200.220,200.210,200.250,0,0
1526914140,200.220,200.200,200.100,200.230,0,0
1526914200,200.160,200.010,200.010,200.160,21447,237569
1526914260,200.010,200.030,200.010,200.030,0,0
1526914320,200.080,200.120,200.080,200.120,0,0
1526914380,200.290,200.500,200.290,200.530,0,0
1526914440,200.500,200.450,200.410,200.500,0,0
1526914500,200.450,200.470,200.450,200.470,14837,259016
1526914620,200.480,200.480,200.480,200.480,0,0
1526914680,200.410,200.740,200.410,200.740,0,0
1526914740,200.740,200.800,200.740,200.800,0,0
1526914800,200.800,200.750,200.750,200.800,22830,273853
1526914860,200.750,200.690,200.690,200.750,0,0
1526914920,200.690,200.830,200.690,200.830,0,0
1526914980,200.750,200.890,200.720,200.890,0,0
1526915040,200.980,200.890,200.890,200.980,0,0
1526915100,200.880,200.880,200.880,200.880,5166,296683
1526915160,200.810,200.810,200.810,200.810,0,0
1526915220,200.850,200.850,200.850,200.850,0,0
1526915340,200.840,200.830,200.830,200.870,0,0
1526915400,200.880,200.970,200.880,200.970,8170,301849
1526915460,200.950,200.980,200.950,200.990,0,0
1526915580,200.780,200.780,200.780,200.780,0,0
1526915640,200.820,200.660,200.660,200.820,0,0
1526915700,200.680,200.730,200.680,200.760,5335,310019
1526915760,200.700,200.670,200.670,200.700,0,0
1526915880,200.680,200.690,200.650,200.690,0,0
1526916000,200.670,200.680,200.670,200.680,8697,315354
1526916060,200.760,200.760,200.760,200.760,0,0
1526916120,200.760,200.760,200.760,200.760,0,0
1526916180,200.770,200.770,200.770,200.770,0,0
1526916240,200.750,200.650,200.650,200.750,0,0
1526916300,200.470,200.460,200.460,200.570,19444,324051
1526916360,200.380,200.240,200.240,200.380,0,0
1526916420,200.290,200.290,200.290,200.290,0,0
1526916480,200.220,200.170,200.150,200.220,0,0
1526916540,200.320,200.160,200.160,200.320,0,0
1526916600,200.260,200.260,200.260,200.260,4892,343495
1526916660,200.260,200.260,200.260,200.260,0,0
1526916780,200.240,200.060,200.060,200.240,0,0
1526916900,199.980,199.980,199.980,199.980,3264,348387
1526916960,200.070,200.180,200.070,200.180,0,0
1526917020,200.240,200.240,200.240,200.240,0,0
1526917080,200.240,200.240,200.240,200.240,0,0
1526917140,200.110,200.240,200.110,200.240,0,0
1526917200,200.180,200.200,200.180,200.240,5576,351651
1526917260,200.160,200.190,200.160,200.190,0,0
1526917320,200.250,200.240,200.240,200.250,0,0
1526917380,200.310,200.250,200.250,200.310,0,0
1526917440,200.310,200.310,200.310,200.310,0,0
1526917500,200.250,200.220,200.210,200.250,7316,357227
1526917560,200.240,200.240,200.240,200.240,0,0
1526917620,200.310,200.310,200.310,200.310,0,0
1526917680,200.410,200.410,200.410,200.410,0,0
1526917740,200.300,200.300,200.300,200.300,0,0
1526917800,200.340,200.280,200.280,200.340,13610,364543
1526917860,200.340,200.300,200.300,200.340,0,0
1526917920,200.300,200.410,200.300,200.410,0,0
1526917980,200.380,200.410,200.350,200.410,0,0
1526918040,200.410,200.410,200.410,200.410,0,0
1526918100,200.400,200.410,200.400,200.410,4162,378153
1526918220,200.410,200.410,200.410,200.410,0,0
1526918280,200.440,200.470,200.440,200.540,0,0
1526918340,200.500,200.500,200.500,200.500,0,0
1526918400,200.520,200.430,200.350,200.520,10287,382315
1526918460,200.430,200.510,200.430,200.520,0,0
1526918520,200.510,200.510,200.510,200.510,0,0
1526918580,200.520,200.540,200.520,200.540,0,0
1526918640,200.540,200.560,200.540,200.560,0,0
1526918700,200.540,200.490,200.460,200.540,11353,392602
1526918820,200.470,200.510,200.470,200.560,0,0
1526918880,200.530,200.590,200.530,200.590,0,0
1526918940,200.500,200.580,200.480,200.580,0,0
1526919000,200.570,200.730,200.570,200.740,17178,403955
1526919060,200.530,200.530,200.530,200.530,0,0
1526919120,200.520,200.640,200.520,200.640,0,0
1526919180,200.650,200.700,200.650,200.700,0,0
1526919300,200.720,200.780,200.720,200.780,8708,421133
1526919360,200.760,200.810,200.760,200.810,0,0
1526919420,200.810,200.840,200.810,200.840,0,0
1526919480,200.790,200.790,200.790,200.790,0,0
1526919540,200.830,200.800,200.800,200.830,0,0
1526919600,200.760,200.720,200.720,200.760,4699,429841
1526919660,200.740,200.690,200.690,200.740,0,0
1526919720,200.720,200.720,200.720,200.720,0,0
1526919780,200.620,200.620,200.620,200.620,0,0
1526919840,200.600,200.600,200.600,200.600,0,0
1526919900,200.720,200.680,200.680,200.720,5603,434540
1526919960,200.720,200.740,200.690,200.740,0,0
1526920020,200.720,200.720,200.720,200.720,0,0
1526920080,200.660,200.680,200.620,200.680,0,0
1526920140,200.710,200.750,200.710,200.750,0,0
1526920200,200.690,200.670,200.540,200.690,4651,440143
1526920260,200.690,200.670,200.540,200.690,0,0
1526920320,200.700,200.700,200.700,200.700,0,0
1526920380,200.790,200.780,200.770,200.790,0,0
1526920500,200.840,200.840,200.840,200.840,8946,444794
1526920560,200.830,200.830,200.830,200.830,0,0
1526920620,200.810,200.740,200.740,200.820,0,0
1526920680,200.790,200.810,200.790,200.810,0,0
1526920740,200.710,200.710,200.710,200.710,0,0
1526920800,200.570,200.480,200.390,200.570,9448,453740
1526920860,200.490,200.530,200.490,200.530,0,0
1526920920,200.510,200.500,200.500,200.520,0,0
1526920980,200.580,200.610,200.580,200.610,0,0
1526921040,200.650,200.680,200.650,200.680,0,0
1526921100,200.620,200.580,200.580,200.620,7264,463188
1526921160,200.580,200.660,200.580,200.660,0,0
1526921220,200.630,200.630,200.630,200.630,0,0
1526921280,200.580,200.500,200.500,200.580,0,0
1526921340,200.560,200.500,200.470,200.560,0,0
1526921400,200.500,200.540,200.500,200.540,5393,470452
1526921460,200.550,200.550,200.550,200.550,0,0
1526921520,200.620,200.600,200.600,200.670,0,0
1526921580,200.660,200.620,200.610,200.660,0,0
1526921700,200.580,200.610,200.570,200.610,9153,475845
1526921820,200.520,200.630,200.520,200.630,0,0
1526921880,200.640,200.640,200.640,200.640,0,0
1526921940,200.590,200.490,200.450,200.590,0,0
1526922000,200.520,200.650,200.520,200.650,10969,484998
1526922060,200.620,200.620,200.620,200.620,0,0
1526922120,200.480,200.560,200.480,200.620,0,0
1526922180,200.560,200.560,200.560,200.560,0,0
1526922240,200.460,200.460,200.460,200.460,0,0
1526922300,200.420,200.420,200.420,200.420,8047,495967
1526922360,200.440,200.470,200.440,200.470,0,0
1526922480,200.560,200.560,200.560,200.560,0,0
1526922540,200.510,200.660,200.510,200.660,0,0
1526922600,200.610,200.610,200.610,200.610,6175,504014
1526922660,200.660,200.660,200.660,200.660,0,0
1526922720,200.540,200.660,200.540,200.660,0,0
1526922780,200.720,200.760,200.720,200.760,0,0
1526922840,200.640,200.640,200.640,200.640,0,0
1526922900,200.530,200.540,200.530,200.540,2131,510189
1526922960,200.530,200.540,200.530,200.540,0,0
1526923020,200.560,200.580,200.560,200.580,0,0
1526923200,200.620,200.580,200.580,200.620,6629,512320
1526923260,200.620,200.580,200.580,200.620,0,0
1526923320,200.650,200.590,200.570,200.650,0,0
1526923380,200.570,200.570,200.570,200.570,0,0
1526923440,200.530,200.470,200.470,200.530,0,0
1526923500,200.570,200.580,200.540,200.580,7806,518949
1526923560,200.580,200.620,200.580,200.620,0,0
1526923620,200.640,200.560,200.560,200.640,0,0
1526923680,200.560,200.560,200.560,200.560,0,0
1526923740,200.610,200.610,200.610,200.610,0,0
1526923800,200.640,200.640,200.640,200.640,9373,526755
1526923860,200.600,200.600,200.600,200.600,0,0
1526923920,200.590,200.690,200.590,200.690,0,0
1526923980,200.780,200.660,200.660,200.780,0,0
1526924040,200.720,200.640,200.560,200.720,0,0
1526924100,200.620,200.620,200.620,200.620,3139,536128
1526924160,200.690,200.740,200.690,200.740,0,0
1526924220,200.720,200.720,200.720,200.720,0,0
1526924280,200.630,200.630,200.630,200.630,0,0
1526924400,200.620,200.620,200.620,200.620,7402,539267
1526924460,200.630,200.700,200.630,200.700,0,0
1526924520,200.690,200.690,200.690,200.690,0,0
1526924580,200.750,200.790,200.750,200.790,0,0
1526924640,200.720,200.750,200.720,200.750,0,0
1526924700,200.800,200.720,200.720,200.800,8637,546669
1526924760,200.720,200.790,200.720,200.790,0,0
1526924820,200.810,200.810,200.810,200.810,0,0
1526924880,200.820,200.780,200.780,200.820,0,0
1526924940,200.770,200.750,200.650,200.770,0,0
1526925000,200.740,200.700,200.700,200.740,5747,555306
1526925120,200.730,200.700,200.700,200.730,0,0
1526925180,200.750,200.740,200.690,200.750,0,0
1526925240,200.750,200.790,200.710,200.790,0,0
1526925300,200.840,200.840,200.840,200.840,687,561053
1526925360,200.840,200.840,200.840,200.840,0,0
1526925480,200.790,200.790,200.790,200.790,0,0
1526925600,200.770,200.780,200.770,200.790,7211,561740
1526925660,200.640,200.780,200.640,200.780,0,0
1526925720,200.850,200.880,200.850,200.880,0,0
1526925840,200.920,200.920,200.920,200.920,0,0
1526925900,200.910,200.870,200.870,200.920,14204,568951
1526925960,201.000,201.090,200.960,201.110,0,0
1526926020,200.970,201.030,200.970,201.030,0,0
1526926080,201.020,200.990,200.990,201.020,0,0
1526926140,200.990,200.990,200.990,200.990,0,0
1526926200,201.040,201.030,201.030,201.040,8251,583155
1526926320,200.970,200.870,200.870,201.040,0,0
1526926500,200.910,200.830,200.790,200.910,3071,591406
1526926800,200.790,200.780,200.780,200.790,5997,594477
1526926860,200.780,200.810,200.730,200.810,0,0
1526926980,200.730,200.830,200.730,200.830,0,0
1526927040,200.880,200.890,200.880,200.890,0,0
1526927100,201.030,201.010,201.010,201.030,14984,600474
1526927220,201.030,201.010,201.010,201.030,0,0
1526927280,200.970,200.990,200.970,201.000,0,0
1526927340,200.970,201.040,200.970,201.040,0,0
1526927400,200.720,200.850,200.720,200.850,10361,615458
1526927460,200.640,200.640,200.640,200.640,0,0
1526927580,200.710,200.710,200.710,200.710,0,0
1526927700,200.770,200.760,200.760,200.770,3894,625819
1526927820,200.690,200.700,200.690,200.700,0,0
1526927880,200.660,200.660,200.660,200.660,0,0
1526928000,200.670,200.670,200.670,200.670,5382,629713
1526928060,200.670,200.670,200.670,200.670,0,0
1526928240,200.640,200.640,200.640,200.640,0,0
1526928300,200.690,200.690,200.690,200.690,5269,635095
1526928360,200.680,200.670,200.670,200.680,0,0
1526928480,200.620,200.620,200.620,200.620,0,0
1526928600,200.670,200.650,200.650,200.670,6676,640364
1526928660,200.670,200.650,200.650,200.670,0,0
1526928720,200.680,200.680,200.680,200.680,0,0
1526928780,200.710,200.710,200.710,200.710,0,0
1526928840,200.730,200.730,200.730,200.730,0,0
1526928900,200.710,200.710,200.710,200.710,14418,647040
1526928960,200.740,200.810,200.740,200.810,0,0
1526929020,200.790,200.890,200.790,200.890,0,0
1526929080,200.900,200.840,200.840,200.900,0,0
1526929140,200.870,200.880,200.870,200.910,0,0
1526929200,200.860,200.860,200.860,200.860,8158,661458
1526929260,200.740,200.740,200.740,200.740,0,0
1526929320,200.880,200.880,200.880,200.880,0,0
1526929380,200.840,200.880,200.840,200.880,0,0
1526929440,200.860,200.860,200.860,200.860,0,0
1526929500,200.830,200.740,200.740,200.830,9814,669616
1526929560,200.640,200.700,200.640,200.730,0,0
1526929620,200.730,200.730,200.730,200.730,0,0
1526929680,200.810,200.850,200.810,200.850,0,0
1526929740,200.840,200.830,200.830,200.840,0,0
1526929800,200.880,200.930,200.880,200.930,8220,679430
1526929860,200.980,201.160,200.980,201.160,0,0
1526929920,201.140,201.100,201.100,201.140,0,0
1526929980,201.140,201.140,201.140,201.140,0,0
1526930040,201.120,201.120,201.120,201.120,0,0
1526930100,201.120,201.070,201.070,201.120,6502,687650
1526930160,201.050,201.050,201.050,201.050,0,0
1526930220,201.070,201.070,201.070,201.070,0,0
1526930280,201.050,201.000,201.000,201.050,0,0
1526930400,201.080,201.080,201.080,201.080,23374,694152
1526930460,201.110,201.110,201.110,201.110,0,0
1526930520,201.080,201.110,201.080,201.110,0,0
1526930580,201.120,201.130,201.120,201.180,0,0
1526930640,201.160,201.150,201.150,201.160,0,0
1526930700,201.100,200.990,200.990,201.100,9777,717526
1526930760,200.870,200.870,200.870,200.870,0,0
1526930820,200.810,200.860,200.810,200.860,0,0
1526930880,200.840,200.840,200.840,200.840,0,0
1526930940,200.790,200.700,200.700,200.790,0,0
1526931000,200.670,200.660,200.620,200.670,8702,727303
1526931060,200.560,200.660,200.560,200.660,0,0
1526931120,200.640,200.620,200.620,200.640,0,0
1526931180,200.570,200.560,200.560,200.640,0,0
1526931240,200.520,200.560,200.520,200.560,0,0
1526931300,200.540,200.650,200.540,200.680,12431,736005
1526931360,200.610,200.600,200.600,200.610,0,0
1526931420,200.520,200.520,200.520,200.520,0,0
1526931480,200.500,200.410,200.410,200.510,0,0
1526931540,200.460,200.460,200.460,200.460,0,0
1526931600,200.500,200.520,200.500,200.520,19520,748436
1526931660,200.490,200.490,200.490,200.490,0,0
1526931720,200.470,200.310,200.310,200.470,0,0
1526931780,200.400,200.370,200.370,200.400,0,0
1526931840,200.410,200.420,200.380,200.420,0,0
1526931900,200.450,200.540,200.450,200.550,16021,767956
1526931960,200.550,200.570,200.460,200.580,0,0
1526932020,200.500,200.460,200.430,200.500,0,0
1526932080,200.470,200.480,200.470,200.480,0,0
1526932140,200.470,200.500,200.470,200.500,0,0
1526932200,200.550,200.600,200.550,200.650,30633,783977
1526932260,200.590,200.530,200.530,200.590,0,0
1526932320,200.540,200.530,200.530,200.590,0,0
1526932380,200.570,200.620,200.570,200.620,0,0
1526932440,200.620,200.590,200.580,200.620,0,0
1526932500,200.620,200.580,200.580,200.620,175118,814610
1526932560,200.560,200.540,200.540,200.590,0,0
1526932620,200.550,200.580,200.540,200.580,0,0
1526932680,200.570,200.510,200.510,200.570,0,0
1526932740,200.500,200.620,200.490,200.620,0,0
1526995800,201.030,201.430,201.030,201.430,17711,0
1526995860,201.500,201.280,201.280,201.500,0,0
1526995920,201.210,201.030,201.030,201.210,0,0
1526995980,200.840,201.000,200.840,201.000,0,0
1526996040,201.140,201.140,201.140,201.140,0,0
1526996100,200.890,200.900,200.890,200.940,5774,17711
1526996220,200.890,200.900,200.890,200.940,0,0
1526996280,200.790,200.860,200.570,200.860,0,0
1526996340,200.850,200.850,200.850,200.850,0,0
1526996400,200.750,200.380,200.380,200.750,7569,23485
1526996460,200.380,200.570,200.360,200.570,0,0
1526996580,201.050,201.050,201.050,201.050,0,0
1526996640,201.060,201.060,201.060,201.060,0,0
1526996700,200.700,200.420,200.420,200.700,8811,31054
1526996760,200.350,200.420,200.350,200.420,0,0
1526996880,200.350,200.180,200.180,200.350,0,0
1526996940,200.120,200.150,200.070,200.150,0,0
1526997000,200.370,200.330,200.330,200.370,6759,39865
1526997120,200.070,200.040,200.040,200.130,0,0
1526997180,200.080,200.080,200.080,200.080,0,0
1526997240,200.170,200.140,200.140,200.170,0,0
1526997300,200.190,200.190,200.190,200.190,9628,46624
1526997360,200.140,200.020,200.020,200.160,0,0
1526997420,200.060,199.990,199.990,200.060,0,0
1526997480,199.990,200.070,199.990,200.070,0,0
1526997600,200.200,200.200,200.200,200.200,5671,56252
1526997660,200.090,200.010,200.010,200.090,0,0
1526997720,199.980,199.980,199.980,199.980,0,0
1526997840,199.860,199.860,199.860,199.860,0,0
1526997900,199.800,199.800,199.800,199.800,7339,61923
1526997960,199.800,199.800,199.800,199.800,0,0
1526998020,199.960,199.960,199.960,199.960,0,0
1526998080,199.950,199.950,199.950,199.950,0,0
1526998140,199.810,199.810,199.810,199.810,0,0
1526998200,199.900,199.780,199.780,199.900,10260,69262
1526998320,199.650,199.580,199.580,199.650,0,0
1526998380,199.480,199.290,199.280,199.480,0,0
1526998500,199.130,199.130,199.130,199.130,4171,79522
1526998620,199.060,199.060,199.060,199.060,0,0
1526998680,199.120,199.150,199.120,199.150,0,0
1526998800,199.080,199.270,199.080,199.270,8629,83693
1526998860,199.190,199.160,199.160,199.190,0,0
1526998920,199.240,199.530,199.210,199.530,0,0
1526998980,199.470,199.430,199.430,199.470,0,0
1526999040,199.370,199.370,199.370,199.370,0,0
1526999100,199.340,199.290,199.230,199.340,8556,92322
1526999160,199.340,199.370,199.280,199.370,0,0
1526999220,199.310,199.310,199.310,199.310,0,0
1526999280,199.290,199.140,199.140,199.290,0,0
1526999340,199.180,199.180,199.180,199.180,0,0
1526999400,199.100,199.000,199.000,199.100,10311,100878
1526999460,199.080,199.280,199.080,199.280,0,0
1526999520,199.310,199.310,199.310,199.310,0,0
1526999580,199.240,199.220,199.200,199.240,0,0
1526999640,199.440,199.450,199.440,199.450,0,0
1526999700,199.320,199.250,199.250,199.350,12039,111189
1526999760,199.360,199.360,199.360,199.360,0,0
1526999820,199.310,199.360,199.310,199.370,0,0
1526999880,199.480,199.600,199.480,199.600,0,0
1526999940,199.590,199.470,199.470,199.590,0,0
1527000000,199.430,199.440,199.430,199.440,9743,123228
1527000060,199.390,199.470,199.390,199.470,0,0
1527000120,199.380,199.330,199.330,199.380,0,0
1527000180,199.330,199.330,199.330,199.330,0,0
1527000240,199.370,199.370,199.370,199.370,0,0
1527000300,199.290,199.160,199.160,199.290,16262,132971
1527000360,199.050,199.190,199.050,199.190,0,0
1527000420,199.290,199.200,199.200,199.290,0,0
1527000480,199.220,199.240,199.220,199.240,0,0
1527000540,199.380,199.350,199.350,199.420,0,0
1527000600,199.310,199.350,199.310,199.350,3962,149233
1527000720,199.380,199.380,199.380,199.380,0,0
1527000840,199.380,199.380,199.380,199.380,0,0
1527000900,199.520,199.430,199.430,199.530,32478,153195
1527000960,199.570,199.570,199.570,199.570,0,0
1527001020,199.530,199.620,199.530,199.680,0,0
1527001080,199.650,199.580,199.580,199.710,0,0
1527001140,199.410,199.320,199.320,199.410,0,0
1527001200,199.380,199.450,199.380,199.450,14664,185673
1527001260,199.500,199.700,199.500,199.700,0,0
1527001320,199.640,199.700,199.640,199.700,0,0
1527001380,199.770,199.770,199.770,199.770,0,0
1527001440,199.800,199.870,199.800,199.870,0,0
1527001500,199.910,199.820,199.820,199.910,5819,200337
1527001560,199.730,199.790,199.730,199.790,0,0
1527001620,199.750,199.750,199.750,199.750,0,0
1527001680,199.750,199.750,199.750,199.750,0,0
1527001740,199.680,199.680,199.680,199.680,0,0
1527001800,199.720,199.780,199.720,199.780,3167,206156
1527001860,199.880,199.880,199.880,199.880,0,0
1527001920,199.880,199.840,199.840,199.880,0,0
1527002040,199.820,199.820,199.820,199.820,0,0
1527002100,199.880,199.880,199.880,199.880,3836,209323
1527002160,199.840,199.840,199.840,199.840,0,0
1527002280,199.950,199.950,199.950,199.950,0,0
1527002340,199.960,200.040,199.960,200.040,0,0
1527002400,200.090,200.090,200.090,200.090,5312,213159
1527002460,200.000,199.970,199.970,200.000,0,0
1527002520,199.940,199.940,199.940,199.940,0,0
1527002580,200.000,200.000,200.000,200.000,0,0
1527002700,200.120,200.040,200.040,200.120,4953,218471
1527002760,200.110,200.110,200.110,200.110,0,0
1527002820,200.140,200.080,200.080,200.140,0,0
1527003000,200.030,200.030,200.030,200.030,6732,223424
1527003060,200.030,200.030,200.030,200.030,0,0
1527003240,200.100,200.080,200.080,200.120,0,0
1527003300,200.050,200.050,200.050,200.050,6434,230156
1527003360,200.040,200.040,200.040,200.040,0,0
1527003420,200.150,200.150,200.150,200.150,0,0
1527003480,200.120,200.090,200.090,200.120,0,0
1527003540,200.110,200.110,200.110,200.110,0,0
1527003600,200.130,200.130,200.130,200.130,5510,236590
1527003660,200.170,200.100,200.040,200.170,0,0
1527003780,200.060,200.040,200.040,200.060,0,0
1527003900,200.010,200.010,200.010,200.010,1285,242100
1527003960,200.000,200.000,200.000,200.000,0,0
1527004020,199.970,199.970,199.970,199.970,0,0
1527004200,199.960,200.010,199.960,200.040,4544,243385
1527004320,200.030,200.050,200.030,200.050,0,0
1527004380,200.050,200.050,200.050,200.050,0,0
1527004500,200.130,200.130,200.130,200.130,6242,247929
1527004620,200.130,200.130,200.130,200.130,0,0
1527004680,200.090,200.020,200.000,200.090,0,0
1527004740,199.990,199.990,199.990,199.990,0,0
1527004800,200.010,199.970,199.960,200.020,4812,254171
1527004860,200.020,200.030,200.020,200.030,0,0
1527004920,200.000,199.990,199.990,200.000,0,0
1527004980,199.970,199.970,199.970,199.970,0,0
1527005100,200.090,200.040,200.040,200.090,4956,258983
1527005280,200.140,200.250,200.140,200.250,0,0
1527005340,200.300,200.300,200.300,200.300,0,0
1527005400,200.200,200.200,200.200,200.200,7140,263939
1527005460,200.190,200.420,200.190,200.420,0,0
1527005580,200.390,200.390,200.390,200.390,0,0
1527005640,200.490,200.480,200.480,200.490,0,0
1527005700,200.480,200.380,200.380,200.480,2983,271079
1527005760,200.480,200.380,200.380,200.480,0,0
1527005880,200.270,200.270,200.270,200.270,0,0
1527006000,200.260,200.250,200.220,200.260,4294,274062
1527006060,200.210,200.310,200.210,200.310,0,0
1527006120,200.280,200.280,200.280,200.280,0,0
1527006180,200.310,200.270,200.270,200.310,0,0
1527006240,200.280,200.280,200.280,200.280,0,0
1527006300,200.340,200.340,200.340,200.340,11142,278356
1527006360,200.330,200.330,200.330,200.330,0,0
1527006420,200.340,200.340,200.340,200.340,0,0
1527006480,200.360,200.370,200.360,200.380,0,0
1527006540,200.320,200.420,200.320,200.420,0,0
1527006600,200.370,200.370,200.370,200.370,6896,289498
1527006660,200.460,200.440,200.440,200.460,0,0
1527006780,200.410,200.340,200.340,200.430,0,0
1527006840,200.160,200.210,200.160,200.210,0,0
1527006900,200.100,200.230,200.100,200.230,2826,296394
1527007080,200.190,200.190,200.190,200.190,0,0
1527007140,200.160,200.210,200.160,200.210,0,0
1527007200,200.200,200.200,200.200,200.200,3528,299220
1527007260,200.200,200.200,200.200,200.200,0,0
1527007380,200.220,200.220,200.220,200.220,0,0
1527007440,200.240,200.240,200.240,200.240,0,0
1527007500,200.260,200.330,200.260,200.330,6741,302748
1527007560,200.320,200.320,200.320,200.320,0,0
1527007680,200.380,200.380,200.380,200.380,0,0
1527007740,200.310,200.290,200.290,200.310,0,0
1527007800,200.300,200.300,200.300,200.300,5797,309489
1527007860,200.290,200.290,200.290,200.290,0,0
1527007920,200.250,200.270,200.250,200.270,0,0
1527007980,200.290,200.260,200.260,200.290,0,0
1527008100,200.270,200.320,200.270,200.320,4250,315286
1527008160,200.270,200.320,200.270,200.320,0,0
1527008340,200.300,200.160,200.160,200.300,0,0
1527008400,200.200,200.200,200.200,200.200,3069,319536
1527008460,200.270,200.270,200.270,200.270,0,0
1527008520,200.270,200.240,200.240,200.270,0,0
1527008580,200.190,200.190,200.190,200.190,0,0
1527008640,200.160,200.160,200.160,200.160,0,0
1527008700,200.110,200.150,200.110,200.150,5318,322605
1527008820,200.140,200.140,200.140,200.140,0,0
1527008880,200.120,200.120,200.120,200.120,0,0
1527009000,200.270,200.270,200.270,200.270,3746,327923
1527009060,200.270,200.270,200.270,200.270,0,0
1527009120,200.240,200.190,200.190,200.240,0,0
1527009240,200.180,200.180,200.180,200.180,0,0
1527009300,200.150,200.150,200.150,200.150,2023,331669
1527009480,200.150,200.150,200.150,200.150,0,0
1527009540,200.140,200.130,200.130,200.140,0,0
1527009600,200.170,200.050,200.050,200.170,6650,333692
1527009660,200.130,200.130,200.130,200.130,0,0
1527009720,200.110,200.060,200.060,200.110,0,0
1527009780,200.100,200.080,200.080,200.100,0,0
1527009840,200.100,200.100,200.100,200.100,0,0
1527009900,200.140,200.090,200.090,200.140,6336,340342
1527009960,200.180,200.210,200.180,200.210,0,0
1527010020,200.240,200.240,200.240,200.240,0,0
1527010080,200.220,200.220,200.220,200.220,0,0
1527010140,200.230,200.170,200.170,200.230,0,0
1527010200,200.150,200.150,200.150,200.150,5550,346678
1527010260,200.170,200.160,200.160,200.170,0,0
1527010320,200.110,200.150,200.110,200.150,0,0
1527010380,200.190,200.190,200.190,200.190,0,0
1527010440,200.160,200.220,200.160,200.220,0,0
1527010500,200.160,200.160,200.160,200.160,4349,352228
1527010560,200.160,200.160,200.160,200.160,0,0
1527010620,200.100,200.090,200.090,200.100,0,0
1527010680,200.110,200.120,200.110,200.120,0,0
1527010740,200.130,200.150,200.130,200.150,0,0
1527010800,200.150,200.100,200.100,200.150,2686,356577
1527010860,200.150,200.100,200.100,200.150,0,0
1527010920,200.080,200.080,200.080,200.080,0,0
1527011100,200.120,200.090,200.090,200.120,2348,359263
1527011400,199.990,199.970,199.970,199.990,6088,361611
1527011460,199.990,199.970,199.970,199.990,0,0
1527011640,199.980,200.000,199.980,200.000,0,0
1527011700,199.970,199.850,199.850,199.970,5760,367699
1527011820,199.890,199.870,199.870,199.890,0,0
1527011880,199.860,199.860,199.860,199.860,0,0
1527012000,199.850,199.850,199.850,199.850,10226,373459
1527012120,199.880,199.890,199.880,199.890,0,0
1527012180,199.940,200.020,199.940,200.020,0,0
1527012240,199.970,199.940,199.940,199.970,0,0
1527012300,199.900,199.890,199.890,199.900,13623,383685
1527012360,199.940,200.160,199.940,200.160,0,0
1527012420,200.140,200.140,200.140,200.140,0,0
1527012540,200.150,200.150,200.150,200.150,0,0
1527012600,200.040,200.050,200.000,200.050,22813,397308
1527012660,200.000,200.100,200.000,200.100,0,0
1527012780,200.010,200.010,200.010,200.010,0,0
1527012840,200.040,200.030,200.030,200.040,0,0
1527012900,200.060,200.120,200.060,200.140,9344,420121
1527013020,200.150,200.180,200.130,200.180,0,0
1527013080,200.050,200.050,200.050,200.050,0,0
1527013140,200.030,200.080,200.030,200.080,0,0
1527013200,200.090,200.150,200.080,200.150,6634,429465
1527013260,200.090,200.150,200.080,200.150,0,0
1527013320,200.120,200.120,200.120,200.120,0,0
1527013380,200.110,200.140,200.110,200.140,0,0
1527013440,200.110,200.100,200.080,200.140,0,0
1527013500,200.130,200.110,200.110,200.130,8008,436099
1527013560,200.090,200.070,200.030,200.090,0,0
1527013620,200.060,200.050,200.050,200.060,0,0
1527013680,200.100,200.100,200.100,200.100,0,0
1527013800,200.040,200.100,200.040,200.100,14684,444107
1527013860,200.040,200.050,200.040,200.050,0,0
1527013920,200.050,200.040,200.040,200.070,0,0
1527013980,200.030,200.190,200.030,200.190,0,0
1527014040,200.140,200.190,200.140,200.190,0,0
1527014100,200.210,200.210,200.210,200.210,5241,458791
1527014220,200.090,200.090,200.090,200.090,0,0
1527014340,200.130,200.120,200.120,200.160,0,0
1527014400,200.100,200.100,200.100,200.100,7307,464032
1527014460,200.100,200.100,200.100,200.100,0,0
1527014520,200.070,200.070,200.070,200.070,0,0
1527014580,200.140,200.140,200.140,200.140,0,0
1527014640,200.190,200.190,200.190,200.190,0,0
1527014700,200.190,200.190,200.190,200.190,9511,471339
1527014760,200.180,200.260,200.180,200.260,0,0
1527014820,200.270,200.270,200.270,200.270,0,0
1527014880,200.290,200.270,200.260,200.290,0,0
1527014940,200.270,200.320,200.270,200.320,0,0
1527015000,200.240,200.300,200.240,200.300,13945,480850
1527015060,200.280,200.330,200.280,200.340,0,0
1527015120,200.330,200.200,200.200,200.330,0,0
1527015180,200.280,200.270,200.270,200.300,0,0
1527015240,200.290,200.290,200.290,200.290,0,0
1527015300,200.290,200.220,200.180,200.290,12505,494795
1527015360,200.190,200.220,200.180,200.220,0,0
1527015420,200.200,200.060,200.060,200.200,0,0
1527015480,200.090,200.090,200.090,200.090,0,0
1527015540,200.150,200.180,200.150,200.180,0,0
1527015600,200.130,200.280,200.130,200.280,15098,507300
1527015660,200.330,200.330,200.330,200.330,0,0
1527015720,200.310,200.310,200.310,200.310,0,0
1527015780,200.330,200.320,200.290,200.330,0,0
1527015840,200.300,200.360,200.300,200.360,0,0
1527015900,200.310,200.340,200.310,200.340,10619,522398
1527016020,200.320,200.290,200.290,200.320,0,0
1527016080,200.310,200.380,200.300,200.380,0,0
1527016140,200.370,200.280,200.280,200.370,0,0
1527016200,200.330,200.280,200.280,200.330,8818,533017
1527016260,200.270,200.270,200.270,200.270,0,0
1527016320,200.260,200.250,200.210,200.260,0,0
1527016380,200.240,200.260,200.240,200.260,0,0
1527016440,200.260,200.260,200.260,200.260,0,0
1527016500,200.180,200.230,200.180,200.230,9024,541835
1527016560,200.250,200.290,200.250,200.290,0,0
1527016620,200.270,200.270,200.270,200.270,0,0
1527016680,200.300,200.310,200.300,200.320,0,0
1527016740,200.310,200.240,200.240,200.310,0,0
1527016800,200.240,200.300,200.240,200.300,12000,550859
1527016860,200.250,200.260,200.250,200.260,0,0
1527016920,200.270,200.300,200.240,200.300,0,0
1527017040,200.360,200.340,200.320,200.360,0,0
1527017100,200.300,200.370,200.300,200.370,6492,562859
1527017220,200.390,200.390,200.390,200.390,0,0
1527017280,200.390,200.380,200.380,200.390,0,0
1527017340,200.370,200.340,200.340,200.370,0,0
1527017400,200.190,200.150,200.150,200.190,19259,569351
1527017460,200.150,200.100,200.100,200.150,0,0
1527017520,200.090,200.090,200.090,200.090,0,0
1527017580,200.080,200.070,200.070,200.080,0,0
1527017640,200.110,200.060,200.030,200.110,0,0
1527017700,200.060,200.010,200.010,200.100,19578,588610
1527017760,200.050,200.040,200.040,200.070,0,0
1527017820,200.050,199.980,199.980,200.070,0,0
1527017880,199.970,200.000,199.970,200.000,0,0
1527017940,200.020,200.020,200.020,200.020,0,0
1527018000,199.990,200.060,199.980,200.060,19030,608188
1527018060,200.080,200.020,200.020,200.080,0,0
1527018120,200.030,200.060,200.030,200.060,0,0
1527018240,200.030,200.050,200.030,200.050,0,0
1527018300,199.960,199.880,199.880,199.990,32212,627218
1527018360,199.860,199.940,199.860,200.000,0,0
1527018420,199.980,199.970,199.940,199.980,0,0
1527018480,199.950,199.940,199.940,199.950,0,0
1527018540,199.950,199.960,199.950,199.960,0,0
1527018600,199.950,199.940,199.940,199.960,38355,659430
1527018660,199.940,199.890,199.890,199.940,0,0
1527018720,199.900,199.870,199.860,199.900,0,0
1527018780,199.880,199.860,199.850,199.880,0,0
1527018840,199.900,199.970,199.900,199.970,0,0
1527018900,199.970,200.010,199.970,200.020,199790,697785
1527018960,200.050,199.980,199.970,200.050,0,0
1527019020,199.990,200.010,199.980,200.030,0,0
1527019080,200.020,200.190,200.010,200.190,0,0
1527019140,200.220,200.030,200.030,200.290,0,0
1527082200,199.680,198.920,198.860,199.680,20214,0
1527082260,199.680,198.920,198.860,199.680,0,0
1527082320,198.970,199.090,198.970,199.090,0,0
1527082380,199.410,199.220,199.190,199.410,0,0
1527082440,199.490,199.320,199.250,199.570,0,0
1527082500,199.190,199.190,199.190,199.190,8186,20214
1527082560,199.150,199.150,199.150,199.150,0,0
1527082620,199.070,199.260,199.070,199.320,0,0
1527082680,199.170,199.380,199.170,199.380,0,0
1527082740,199.380,199.290,199.290,199.470,0,0
1527082800,199.350,199.250,199.250,199.350,10756,28400
1527082860,199.180,199.300,199.180,199.370,0,0
1527082920,199.230,199.210,199.150,199.230,0,0
1527082980,199.220,199.220,199.220,199.220,0,0
1527083040,199.190,199.180,199.180,199.190,0,0
1527083100,199.270,199.430,199.260,199.430,9192,39156
1527083160,199.320,199.500,199.300,199.500,0,0
1527083220,199.630,199.630,199.630,199.630,0,0
1527083280,199.400,199.150,199.150,199.410,0,0
1527083400,199.150,199.250,199.120,199.250,14003,48348
1527083460,199.160,199.410,199.160,199.410,0,0
1527083520,199.410,199.410,199.410,199.410,0,0
1527083580,199.240,199.320,199.240,199.320,0,0
1527083640,199.420,199.420,199.420,199.420,0,0
1527083700,199.440,199.390,199.390,199.440,23598,62351
1527083760,199.420,199.520,199.380,199.520,0,0
1527083820,199.480,199.520,199.480,199.520,0,0
1527083880,199.440,199.440,199.440,199.440,0,0
1527083940,199.480,199.500,199.460,199.500,0,0
1527084000,199.680,199.570,199.520,199.680,19954,85949
1527084060,199.530,199.680,199.480,199.680,0,0
1527084120,199.640,199.530,199.500,199.640,0,0
1527084180,199.480,199.530,199.480,199.530,0,0
1527084240,199.530,199.520,199.520,199.530,0,0
1527084300,199.570,199.640,199.570,199.640,11055,105903
1527084420,199.670,199.660,199.630,199.670,0,0
1527084480,199.660,199.640,199.560,199.660,0,0
1527084540,199.690,199.710,199.660,199.710,0,0
1527084600,199.710,199.610,199.610,199.710,10316,116958
1527084660,199.560,199.560,199.560,199.560,0,0
1527084720,199.510,199.540,199.460,199.540,0,0
1527084780,199.710,199.810,199.590,199.810,0,0
1527084840,199.810,199.810,199.810,199.810,0,0
1527084900,199.810,199.650,199.650,199.810,12326,127274
1527084960,199.660,199.460,199.460,199.660,0,0
1527085020,199.430,199.450,199.430,199.450,0,0
1527085080,199.530,199.530,199.530,199.530,0,0
1527085140,199.460,199.510,199.460,199.510,0,0
1527085200,199.460,199.340,199.340,199.460,10413,139600
1527085260,199.390,199.460,199.390,199.460,0,0
1527085320,199.480,199.480,199.480,199.480,0,0
1527085440,199.470,199.470,199.470,199.470,0,0
1527085500,199.460,199.530,199.460,199.530,11258,150013
1527085560,199.520,199.560,199.520,199.580,0,0
1527085620,199.530,199.530,199.530,199.530,0,0
1527085680,199.500,199.500,199.500,199.500,0,0
1527085740,199.520,199.420,199.380,199.520,0,0
1527085800,199.350,199.420,199.350,199.420,12664,161271
1527085860,199.390,199.340,199.320,199.390,0,0
1527085920,199.320,199.400,199.320,199.400,0,0
1527085980,199.440,199.390,199.390,199.440,0,0
1527086040,199.330,199.330,199.330,199.330,0,0
1527086100,199.390,199.450,199.390,199.450,13930,173935
1527086160,199.410,199.370,199.340,199.410,0,0
1527086220,199.340,199.290,199.270,199.340,0,0
1527086280,199.190,199.280,199.190,199.310,0,0
1527086340,199.310,199.250,199.250,199.310,0,0
1527086400,199.190,199.300,199.190,199.300,22444,187865
1527086460,199.200,199.120,199.120,199.200,0,0
1527086520,199.110,199.120,199.060,199.140,0,0
1527086580,199.150,199.200,199.150,199.200,0,0
1527086640,199.130,199.190,199.120,199.220,0,0
1527086700,199.130,199.120,199.120,199.130,9252,210309
1527086760,199.110,199.080,199.080,199.180,0,0
1527086820,199.090,199.090,199.090,199.090,0,0
1527086880,199.060,199.100,199.050,199.100,0,0
1527086940,199.150,199.150,199.150,199.150,0,0
1527087000,199.140,199.030,199.030,199.140,18988,219561
1527087060,199.080,198.840,198.840,199.080,0,0
1527087120,198.840,198.850,198.840,198.850,0,0
1527087180,198.840,198.950,198.840,198.950,0,0
1527087240,199.000,198.970,198.940,199.000,0,0
1527087300,199.020,199.080,199.020,199.080,8910,238549
1527087360,199.090,199.050,199.000,199.090,0,0
1527087420,199.120,199.040,199.040,199.120,0,0
1527087480,199.080,199.090,199.080,199.090,0,0
1527087540,199.130,198.970,198.970,199.130,0,0
1527087600,198.920,198.960,198.880,198.960,10090,247459
1527087660,199.070,199.130,199.070,199.180,0,0
1527087720,199.090,199.090,199.090,199.090,0,0
1527087780,199.150,199.070,199.070,199.150,0,0
1527087840,199.050,199.050,199.050,199.050,0,0
1527087900,199.090,199.130,199.070,199.130,12501,257549
1527087960,199.140,199.170,199.140,199.170,0,0
1527088020,199.110,199.110,199.110,199.110,0,0
1527088080,199.200,199.180,199.180,199.200,0,0
1527088140,199.240,199.240,199.240,199.240,0,0
1527088200,199.190,199.190,199.190,199.190,21900,270050
1527088260,199.160,199.110,199.110,199.220,0,0
1527088320,199.170,199.220,199.160,199.240,0,0
1527088380,199.270,199.150,199.150,199.270,0,0
1527088440,199.030,199.050,199.020,199.050,0,0
1527088500,199.140,199.250,199.140,199.250,10753,291950
1527088560,199.210,199.220,199.210,199.220,0,0
1527088620,199.220,199.250,199.220,199.250,0,0
1527088680,199.170,199.150,199.150,199.170,0,0
1527088800,199.150,199.150,199.150,199.150,13892,302703
1527088860,199.170,199.190,199.170,199.190,0,0
1527088920,199.210,199.210,199.210,199.210,0,0
1527088980,199.250,199.240,199.240,199.250,0,0
1527089040,199.240,199.250,199.160,199.250,0,0
1527089100,199.250,199.220,199.220,199.250,22087,316595
1527089160,199.220,199.130,199.130,199.220,0,0
1527089220,199.200,199.240,199.200,199.240,0,0
1527089280,199.200,199.130,199.130,199.210,0,0
1527089340,199.120,199.130,199.100,199.130,0,0
1527089400,199.170,199.160,199.160,199.170,17570,338682
1527089460,199.240,199.180,199.180,199.250,0,0
1527089520,199.170,199.210,199.170,199.210,0,0
1527089580,199.170,199.070,199.070,199.170,0,0
1527089640,199.090,199.250,199.090,199.250,0,0
1527089700,199.300,199.300,199.300,199.300,11224,356252
1527089760,199.440,199.450,199.370,199.450,0,0
1527089820,199.450,199.410,199.410,199.520,0,0
1527089880,199.280,199.510,199.280,199.510,0,0
1527089940,199.400,199.400,199.400,199.400,0,0
1527090000,199.270,199.240,199.240,199.270,15063,367476
1527090060,199.290,199.170,199.170,199.290,0,0
1527090120,199.180,199.220,199.180,199.220,0,0
1527090180,199.280,199.380,199.280,199.380,0,0
1527090240,199.370,199.370,199.370,199.370,0,0
1527090300,199.430,199.420,199.420,199.430,7466,382539
1527090420,199.420,199.350,199.350,199.420,0,0
1527090480,199.410,199.470,199.410,199.470,0,0
1527090540,199.530,199.600,199.530,199.600,0,0
1527090600,199.690,199.620,199.620,199.690,8194,390005
1527090660,199.650,199.680,199.650,199.690,0,0
1527090720,199.640,199.660,199.640,199.660,0,0
1527090780,199.630,199.630,199.630,199.630,0,0
1527090840,199.680,199.680,199.680,199.680,0,0
1527090900,199.680,199.680,199.680,199.680,8823,398199
1527090960,199.560,199.560,199.560,199.560,0,0
1527091020,199.530,199.510,199.510,199.530,0,0
1527091080,199.450,199.420,199.400,199.450,0,0
1527091140,199.300,199.300,199.300,199.300,0,0
1527091200,199.320,199.210,199.210,199.320,8646,407022
1527091320,199.310,199.390,199.310,199.390,0,0
1527091380,199.400,199.440,199.400,199.440,0,0
1527091440,199.420,199.420,199.420,199.420,0,0
1527091500,199.450,199.440,199.440,199.450,11318,415668
1527091560,199.530,199.650,199.530,199.650,0,0
1527091620,199.670,199.430,199.430,199.670,0,0
1527091680,199.540,199.540,199.540,199.540,0,0
1527091740,199.510,199.680,199.510,199.680,0,0
1527091800,199.710,199.640,199.640,199.710,10419,426986
1527091860,199.710,199.710,199.710,199.710,0,0
1527091920,199.870,199.850,199.820,199.870,0,0
1527091980,199.810,199.760,199.690,199.810,0,0
1527092100,199.680,199.680,199.680,199.680,8304,437405
1527092160,199.620,199.410,199.410,199.620,0,0
1527092220,199.410,199.300,199.300,199.410,0,0
1527092280,199.220,199.320,199.220,199.320,0,0
1527092340,199.270,199.240,199.240,199.300,0,0
1527092400,199.240,199.200,199.200,199.240,7936,445709
1527092460,199.210,199.280,199.210,199.310,0,0
1527092580,199.300,199.350,199.300,199.350,0,0
1527092640,199.200,199.230,199.200,199.230,0,0
1527092700,199.280,199.210,199.210,199.320,11391,453645
1527092760,199.360,199.370,199.360,199.370,0,0
1527092820,199.320,199.330,199.320,199.330,0,0
1527092880,199.370,199.370,199.370,199.370,0,0
1527092940,199.200,199.150,199.150,199.230,0,0
1527093000,199.140,199.200,199.140,199.200,17668,465036
1527093060,199.220,199.150,199.150,199.250,0,0
1527093120,199.060,199.060,199.060,199.060,0,0
1527093180,199.030,199.010,199.010,199.040,0,0
1527093240,198.940,198.940,198.940,198.940,0,0
1527093300,198.930,198.840,198.840,198.930,10990,482704
1527093360,198.870,198.910,198.850,198.910,0,0
1527093420,198.880,198.910,198.880,198.910,0,0
1527093480,198.970,199.000,198.970,199.070,0,0
1527093600,198.960,198.970,198.960,198.990,22424,493694
1527093660,198.930,198.930,198.930,198.930,0,0
1527093720,198.950,198.990,198.950,199.080,0,0
1527093780,198.960,199.070,198.960,199.070,0,0
1527093840,198.970,199.180,198.970,199.210,0,0
1527093900,199.210,199.210,199.210,199.210,15304,516118
1527093960,199.290,199.210,199.210,199.290,0,0
1527094020,199.270,199.310,199.270,199.310,0,0
1527094080,199.310,199.330,199.310,199.330,0,0
1527094140,199.310,199.250,199.200,199.330,0,0
1527094200,199.310,199.310,199.310,199.310,9907,531422
1527094260,199.280,199.330,199.280,199.330,0,0
1527094320,199.370,199.370,199.370,199.370,0,0
1527094380,199.390,199.410,199.390,199.440,0,0
1527094440,199.390,199.390,199.390,199.390,0,0
1527094500,199.440,199.480,199.440,199.480,7056,541329
1527094560,199.440,199.480,199.440,199.480,0,0
1527094620,199.480,199.540,199.480,199.540,0,0
1527094680,199.590,199.590,199.590,199.590,0,0
1527094740,199.600,199.630,199.580,199.630,0,0
1527094800,199.600,199.540,199.540,199.600,6115,548385
1527094860,199.600,199.540,199.540,199.600,0,0
1527094920,199.550,199.460,199.460,199.550,0,0
1527094980,199.490,199.490,199.490,199.490,0,0
1527095100,199.530,199.470,199.420,199.530,5595,554500
1527095160,199.550,199.550,199.550,199.550,0,0
1527095220,199.490,199.490,199.490,199.490,0,0
1527095280,199.520,199.520,199.520,199.520,0,0
1527095340,199.500,199.500,199.500,199.500,0,0
1527095400,199.570,199.570,199.570,199.570,5611,560095
1527095460,199.500,199.460,199.460,199.500,0,0
1527095520,199.490,199.600,199.490,199.600,0,0
1527095580,199.580,199.630,199.580,199.630,0,0
1527095700,199.530,199.510,199.510,199.530,8294,565706
1527095760,199.430,199.460,199.430,199.460,0,0
1527095820,199.460,199.450,199.430,199.460,0,0
1527095880,199.450,199.330,199.320,199.450,0,0
1527095940,199.370,199.430,199.370,199.430,0,0
1527096000,199.440,199.440,199.440,199.440,6703,574000
1527096060,199.560,199.560,199.560,199.560,0,0
1527096120,199.650,199.630,199.630,199.650,0,0
1527096180,199.630,199.750,199.630,199.750,0,0
1527096240,199.680,199.660,199.660,199.700,0,0
1527096300,199.740,199.780,199.740,199.780,4847,580703
1527096420,199.660,199.660,199.660,199.660,0,0
1527096480,199.730,199.730,199.730,199.730,0,0
1527096600,199.680,199.610,199.610,199.680,11110,585550
1527096660,199.650,199.650,199.650,199.650,0,0
1527096720,199.720,199.720,199.720,199.720,0,0
1527096780,199.670,199.670,199.670,199.670,0,0
1527096840,199.640,199.640,199.640,199.640,0,0
1527096900,199.640,199.620,199.620,199.680,9098,596660
1527096960,199.580,199.480,199.480,199.580,0,0
1527097020,199.500,199.510,199.500,199.510,0,0
1527097080,199.550,199.510,199.510,199.550,0,0
1527097140,199.600,199.560,199.560,199.600,0,0
1527097200,199.650,199.670,199.580,199.670,3964,605758
1527097260,199.650,199.670,199.580,199.670,0,0
1527097380,199.640,199.640,199.640,199.640,0,0
1527097500,199.690,199.690,199.690,199.690,4153,609722
1527097560,199.690,199.690,199.690,199.690,0,0
1527097680,199.710,199.710,199.710,199.710,0,0
1527097740,199.670,199.670,199.670,199.670,0,0
1527097800,199.680,199.620,199.620,199.680,9995,613875
1527097860,199.600,199.660,199.600,199.660,0,0
1527097920,199.730,199.840,199.730,199.840,0,0
1527097980,199.870,199.750,199.750,199.870,0,0
1527098040,199.750,199.750,199.750,199.750,0,0
1527098100,199.760,199.740,199.740,199.760,16744,623870
1527098160,199.740,199.740,199.740,199.740,0,0
1527098280,199.800,199.800,199.800,199.800,0,0
1527098340,199.870,199.870,199.870,199.870,0,0
1527098400,199.840,199.930,199.800,199.930,16274,640614
1527098460,199.930,199.940,199.930,199.940,0,0
1527098520,199.900,199.940,199.900,199.940,0,0
1527098580,199.860,199.840,199.840,199.860,0,0
1527098640,199.750,199.780,199.750,199.780,0,0
1527098700,199.750,199.750,199.750,199.750,9072,656888
1527098760,200.020,200.020,200.020,200.020,0,0
1527098820,200.140,200.040,200.040,200.140,0,0
1527098880,200.220,200.210,200.150,200.220,0,0
1527099000,200.270,200.230,200.220,200.270,9552,665960
1527099060,200.270,200.230,200.220,200.270,0,0
1527099120,200.160,200.160,200.160,200.160,0,0
1527099180,200.150,200.150,200.150,200.150,0,0
1527099240,200.220,200.290,200.220,200.290,0,0
1527099300,200.350,200.290,200.290,200.350,4230,675512
1527099360,200.350,200.290,200.290,200.350,0,0
1527099420,200.340,200.340,200.340,200.340,0,0
1527099480,200.220,200.200,200.200,200.220,0,0
1527099600,200.160,200.160,200.160,200.160,8135,679742
1527099660,200.050,200.050,200.050,200.050,0,0
1527099720,200.140,200.150,200.140,200.150,0,0
1527099780,200.360,200.280,200.280,200.360,0,0
1527099900,200.380,200.380,200.380,200.380,11979,687877
1527099960,200.450,200.460,200.430,200.460,0,0
1527100020,200.440,200.410,200.410,200.440,0,0
1527100080,200.310,200.360,200.310,200.360,0,0
1527100140,200.280,200.280,200.280,200.280,0,0
1527100200,200.320,200.260,200.260,200.320,9227,699856
1527100260,200.250,200.320,200.250,200.320,0,0
1527100320,200.310,200.340,200.280,200.340,0,0
1527100440,200.340,200.330,200.330,200.340,0,0
1527100500,200.320,200.340,200.290,200.340,10559,709083
1527100560,200.300,200.300,200.300,200.300,0,0
1527100620,200.330,200.330,200.330,200.330,0,0
1527100680,200.330,200.310,200.260,200.330,0,0
1527100740,200.330,200.250,200.250,200.360,0,0
1527100800,200.290,200.310,200.290,200.310,12734,719642
1527100920,200.280,200.280,200.280,200.280,0,0
1527100980,200.290,200.320,200.290,200.320,0,0
1527101040,200.320,200.320,200.320,200.320,0,0
1527101100,200.280,200.350,200.280,200.350,9982,732376
1527101160,200.330,200.380,200.330,200.380,0,0
1527101220,200.360,200.360,200.360,200.360,0,0
1527101280,200.350,200.300,200.300,200.360,0,0
1527101340,200.350,200.360,200.350,200.360,0,0
1527101400,200.300,200.300,200.300,200.300,11574,742358
1527101460,200.300,200.300,200.300,200.300,0,0
1527101520,200.350,200.340,200.340,200.350,0,0
1527101580,200.340,200.300,200.300,200.340,0,0
1527101640,200.360,200.350,200.350,200.360,0,0
1527101700,200.320,200.350,200.270,200.350,27155,753932
1527101760,200.380,200.410,200.380,200.410,0,0
1527101820,200.440,200.580,200.440,200.580,0,0
1527101880,200.530,200.500,200.500,200.530,0,0
1527101940,200.500,200.530,200.500,200.540,0,0
1527102000,200.580,200.630,200.580,200.640,21357,781087
1527102060,200.640,200.680,200.610,200.680,0,0
1527102120,200.680,200.740,200.680,200.740,0,0
1527102180,200.650,200.680,200.640,200.680,0,0
1527102240,200.680,200.640,200.640,200.680,0,0
1527102300,200.640,200.760,200.640,200.760,16218,802444
1527102360,200.710,200.650,200.590,200.720,0,0
1527102420,200.600,200.600,200.600,200.600,0,0
1527102480,200.620,200.520,200.520,200.620,0,0
1527102540,200.490,200.510,200.490,200.510,0,0
1527102600,200.550,200.560,200.550,200.560,14433,818662
1527102660,200.500,200.500,200.500,200.500,0,0
1527102720,200.450,200.400,200.390,200.460,0,0
1527102780,200.460,200.460,200.460,200.460,0,0
1527102840,200.510,200.510,200.510,200.510,0,0
1527102900,200.520,200.540,200.520,200.550,12038,833095
1527102960,200.490,200.490,200.490,200.490,0,0
1527103020,200.560,200.540,200.540,200.560,0,0
1527103080,200.570,200.570,200.570,200.570,0,0
1527103140,200.580,200.580,200.580,200.580,0,0
1527103200,200.610,200.620,200.610,200.620,20051,845133
1527103260,200.650,200.660,200.650,200.660,0,0
1527103320,200.660,200.680,200.660,200.680,0,0
1527103380,200.680,200.640,200.640,200.680,0,0
1527103440,200.640,200.640,200.640,200.640,0,0
1527103500,200.670,200.680,200.670,200.680,12859,865184
1527103560,200.670,200.670,200.670,200.670,0,0
1527103620,200.720,200.730,200.720,200.730,0,0
1527103680,200.710,200.710,200.710,200.710,0,0
1527103740,200.710,200.720,200.710,200.740,0,0
1527103800,200.700,200.660,200.660,200.720,29842,878043
1527103860,200.530,200.550,200.530,200.550,0,0
1527103920,200.600,200.600,200.600,200.600,0,0
1527103980,200.690,200.650,200.650,200.690,0,0
1527104040,200.640,200.650,200.640,200.650,0,0
1527104100,200.650,200.630,200.630,200.650,17942,907885
1527104160,200.670,200.660,200.660,200.670,0,0
1527104220,200.680,200.720,200.680,200.720,0,0
1527104280,200.690,200.690,200.690,200.690,0,0
1527104340,200.680,200.690,200.680,200.690,0,0
1527104400,200.670,200.730,200.660,200.780,47981,925827
1527104460,200.710,200.660,200.660,200.710,0,0
1527104520,200.670,200.660,200.660,200.670,0,0
1527104580,200.610,200.600,200.590,200.610,0,0
1527104640,200.580,200.560,200.550,200.580,0,0
1527104700,200.490,200.500,200.340,200.520,20824,973808
1527104820,200.480,200.480,200.480,200.480,0,0
1527104880,200.530,200.590,200.530,200.590,0,0
1527104940,200.550,200.610,200.550,200.610,0,0
1527105000,200.630,200.750,200.630,200.750,38814,994632
1527105060,200.730,200.710,200.710,200.740,0,0
1527105120,200.720,200.730,200.720,200.730,0,0
1527105180,200.710,200.720,200.710,200.720,0,0
1527105240,200.710,200.680,200.660,200.710,0,0
1527105300,200.680,200.720,200.680,200.730,223845,1033446
1527105360,200.720,200.750,200.720,200.780,0,0
1527105420,200.750,200.770,200.730,200.780,0,0
1527105480,200.750,200.770,200.740,200.820,0,0
1527105540,200.780,200.940,200.780,201.000,0,0
1527168600,201.530,201.750,201.530,202.630,34021,0
1527168660,201.530,201.750,201.530,202.630,0,0
1527168720,202.250,201.680,201.680,202.250,0,0
1527168840,201.740,201.670,201.670,201.740,0,0
1527168900,201.640,201.610,201.090,201.640,10545,34021
1527168960,201.590,201.590,201.590,201.590,0,0
1527169020,201.810,201.810,201.810,201.810,0,0
1527169140,202.000,202.030,202.000,202.030,0,0
1527169200,202.090,201.530,201.530,202.090,9541,44566
1527169260,201.750,201.510,201.510,201.750,0,0
1527169440,201.440,201.060,201.060,201.450,0,0
1527169500,201.350,201.350,201.350,201.350,24749,54107
1527169560,201.430,201.460,201.430,201.460,0,0
1527169620,201.900,201.930,201.740,201.930,0,0
1527169680,201.750,201.360,201.330,201.750,0,0
1527169740,201.290,200.760,200.760,201.290,0,0
1527169800,200.740,200.290,200.280,200.850,31365,78856
1527169860,199.920,200.080,199.910,200.170,0,0
1527169920,200.200,200.200,200.200,200.200,0,0
1527169980,200.120,200.120,200.120,200.120,0,0
1527170040,199.890,200.070,199.890,200.090,0,0
1527170100,200.030,199.680,199.680,200.030,29377,110221
1527170160,199.680,199.800,199.680,199.800,0,0
1527170220,199.890,200.030,199.890,200.070,0,0
1527170280,200.030,199.750,199.750,200.030,0,0
1527170340,199.720,199.810,199.700,199.810,0,0
1527170400,199.840,199.580,199.580,199.840,30551,139598
1527170460,199.840,199.840,199.840,199.840,0,0
1527170520,200.000,200.000,200.000,200.000,0,0
1527170580,199.950,200.060,199.950,200.060,0,0
1527170640,200.050,200.070,199.950,200.070,0,0
1527170700,200.050,200.010,200.010,200.130,18337,170149
1527170760,200.090,199.990,199.990,200.090,0,0
1527170820,199.840,199.840,199.840,199.840,0,0
1527170880,199.900,199.900,199.900,199.900,0,0
1527170940,199.730,199.650,199.650,199.730,0,0
1527171000,199.660,199.660,199.660,199.660,10188,188486
1527171060,199.660,199.660,199.660,199.660,0,0
1527171120,199.660,199.750,199.660,199.750,0,0
1527171180,199.780,199.650,199.560,199.780,0,0
1527171240,199.550,199.450,199.450,199.550,0,0
1527171300,199.390,199.570,199.390,199.570,11351,198674
1527171360,199.640,199.570,199.570,199.640,0,0
1527171420,199.570,199.750,199.570,199.750,0,0
1527171480,199.560,199.560,199.560,199.560,0,0
1527171540,199.400,199.260,199.260,199.400,0,0
1527171600,199.200,199.190,199.190,199.230,11685,210025
1527171660,199.280,199.280,199.280,199.280,0,0
1527171720,199.280,199.290,199.280,199.330,0,0
1527171780,199.250,199.230,199.230,199.250,0,0
1527171840,199.190,199.180,199.180,199.190,0,0
1527171900,199.200,199.110,199.110,199.200,13310,221710
1527171960,199.060,199.140,199.060,199.140,0,0
1527172020,199.090,199.150,199.090,199.200,0,0
1527172140,199.150,199.130,199.130,199.150,0,0
1527172200,199.090,199.030,199.030,199.100,16749,235020
1527172260,199.100,199.090,199.090,199.110,0,0
1527172320,199.030,198.900,198.900,199.030,0,0
1527172380,198.970,198.780,198.780,199.000,0,0
1527172440,198.810,198.740,198.740,198.810,0,0
1527172500,198.740,198.700,198.700,198.740,15960,251769
1527172560,198.740,198.790,198.740,198.850,0,0
1527172620,198.780,198.720,198.700,198.790,0,0
1527172680,198.750,198.730,198.700,198.750,0,0
1527172740,198.730,198.720,198.720,198.740,0,0
1527172800,198.720,198.680,198.660,198.730,18293,267729
1527172860,198.750,198.750,198.750,198.750,0,0
1527172920,198.780,198.750,198.720,198.780,0,0
1527172980,198.720,198.720,198.720,198.720,0,0
1527173040,198.690,198.740,198.690,198.740,0,0
1527173100,198.760,198.710,198.710,198.760,28688,286022
1527173160,198.720,198.590,198.590,198.720,0,0
1527173220,198.570,198.530,198.530,198.580,0,0
1527173280,198.540,198.530,198.530,198.540,0,0
1527173340,198.630,198.790,198.630,198.790,0,0
1527173400,198.750,198.740,198.680,198.810,14292,314710
1527173460,198.660,198.770,198.600,198.780,0,0
1527173520,198.780,198.750,198.750,198.780,0,0
1527173580,198.750,198.750,198.750,198.750,0,0
1527173640,198.630,198.410,198.370,198.630,0,0
1527173700,198.460,198.110,198.070,198.460,11737,329002
1527173760,198.150,198.250,198.150,198.250,0,0
1527173820,198.310,198.310,198.310,198.310,0,0
1527173940,198.410,198.370,198.360,198.440,0,0
1527174000,198.360,198.250,198.250,198.360,25622,340739
1527174060,198.360,198.340,198.320,198.360,0,0
1527174120,198.300,198.300,198.300,198.300,0,0
1527174180,198.360,198.270,198.270,198.400,0,0
1527174240,198.360,198.330,198.330,198.370,0,0
1527174300,198.390,198.380,198.380,198.440,13547,366361
1527174360,198.330,198.370,198.300,198.370,0,0
1527174420,198.240,198.260,198.240,198.260,0,0
1527174480,198.250,198.300,198.250,198.300,0,0
1527174600,198.240,198.190,198.190,198.240,24257,379908
1527174660,198.220,198.350,198.220,198.350,0,0
1527174720,198.320,198.190,198.190,198.400,0,0
1527174780,198.160,198.220,198.160,198.220,0,0
1527174840,198.220,198.250,198.130,198.250,0,0
1527174900,198.150,198.130,198.130,198.150,19557,404165
1527174960,198.100,198.230,198.100,198.230,0,0
1527175020,198.380,198.340,198.340,198.380,0,0
1527175080,198.470,198.500,198.450,198.500,0,0
1527175140,198.470,198.440,198.440,198.470,0,0
1527175200,198.370,198.410,198.370,198.460,5908,423722
1527175260,198.350,198.350,198.350,198.350,0,0
1527175320,198.370,198.340,198.340,198.370,0,0
1527175380,198.300,198.300,198.300,198.300,0,0
1527175440,198.260,198.290,198.260,198.290,0,0
1527175500,198.240,198.250,198.240,198.300,8927,429630
1527175560,198.210,198.210,198.210,198.210,0,0
1527175680,198.220,198.110,198.110,198.220,0,0
1527175740,198.170,198.140,198.130,198.170,0,0
1527175800,198.180,198.220,198.140,198.220,10060,438557
1527175860,198.340,198.370,198.200,198.370,0,0
1527175920,198.400,198.360,198.360,198.400,0,0
1527175980,198.370,198.330,198.330,198.370,0,0
1527176040,198.320,198.220,198.220,198.320,0,0
1527176100,198.310,198.340,198.310,198.340,6778,448617
1527176160,198.280,198.280,198.280,198.280,0,0
1527176220,198.280,198.280,198.280,198.280,0,0
1527176340,198.140,198.230,198.130,198.230,0,0
1527176400,198.210,198.210,198.210,198.210,6435,455395
1527176460,198.170,198.240,198.170,198.240,0,0
1527176520,198.360,198.360,198.360,198.360,0,0
1527176580,198.410,198.410,198.410,198.410,0,0
1527176640,198.500,198.560,198.500,198.560,0,0
1527176700,198.550,198.560,198.530,198.560,8524,461830
1527176760,198.560,198.630,198.560,198.630,0,0
1527176820,198.600,198.600,198.600,198.600,0,0
1527176880,198.640,198.640,198.640,198.640,0,0
1527176940,198.740,198.740,198.740,198.740,0,0
1527177000,198.600,198.590,198.590,198.600,10971,470354
1527177060,198.640,198.640,198.640,198.640,0,0
1527177120,198.850,198.850,198.850,198.850,0,0
1527177180,198.770,198.770,198.770,198.770,0,0
1527177240,198.750,198.810,198.750,198.810,0,0
1527177300,199.020,199.040,199.020,199.040,9327,481325
1527177360,199.020,199.040,199.020,199.040,0,0
1527177420,199.130,199.130,199.130,199.130,0,0
1527177480,199.040,199.120,199.040,199.120,0,0
1527177540,199.320,199.350,199.320,199.350,0,0
1527177600,199.320,199.430,199.320,199.430,13873,490652
1527177720,199.240,199.170,199.170,199.240,0,0
1527177780,199.180,199.200,199.180,199.250,0,0
1527177840,199.230,199.350,199.230,199.360,0,0
1527177900,199.350,199.350,199.350,199.350,10249,504525
1527177960,199.410,199.400,199.400,199.420,0,0
1527178020,199.400,199.480,199.400,199.480,0,0
1527178080,199.550,199.550,199.550,199.550,0,0
1527178140,199.530,199.530,199.530,199.530,0,0
1527178200,199.580,199.540,199.540,199.580,13470,514774
1527178260,199.500,199.510,199.500,199.520,0,0
1527178320,199.530,199.500,199.500,199.530,0,0
1527178380,199.590,199.640,199.590,199.650,0,0
1527178440,199.580,199.640,199.580,199.640,0,0
1527178500,199.780,199.780,199.780,199.780,12140,528244
1527178560,199.870,199.930,199.870,199.990,0,0
1527178620,199.920,200.000,199.920,200.000,0,0
1527178680,199.980,199.980,199.980,199.980,0,0
1527178740,199.940,199.990,199.940,200.000,0,0
1527178800,199.930,199.930,199.930,199.930,9344,540384
1527178860,199.930,199.930,199.930,199.930,0,0
1527178920,199.940,199.950,199.940,199.980,0,0
1527178980,199.970,200.040,199.970,200.040,0,0
1527179100,200.050,200.060,200.050,200.090,12244,549728
1527179160,200.070,200.070,200.070,200.070,0,0
1527179220,200.050,200.060,200.050,200.060,0,0
1527179280,200.040,199.990,199.990,200.040,0,0
1527179340,200.040,200.220,200.040,200.220,0,0
1527179400,200.230,200.260,200.230,200.260,9193,561972
1527179460,200.370,200.380,200.370,200.380,0,0
1527179580,200.370,200.310,200.310,200.370,0,0
1527179640,200.250,200.250,200.250,200.250,0,0
1527179700,200.190,200.140,200.140,200.190,7978,571165
1527179760,200.200,200.200,200.200,200.200,0,0
1527179820,200.250,200.210,200.210,200.250,0,0
1527179880,200.080,200.150,200.080,200.150,0,0
1527179940,200.190,200.190,200.190,200.190,0,0
1527180000,200.080,200.080,200.080,200.080,2768,579143
1527180060,200.080,200.080,200.080,200.080,0,0
1527180180,200.100,200.100,200.100,200.100,0,0
1527180240,200.060,200.100,200.060,200.100,0,0
1527180300,200.140,200.140,200.140,200.140,3307,581911
1527180360,200.140,200.140,200.140,200.140,0,0
1527180420,200.130,200.130,200.130,200.130,0,0
1527180480,200.100,200.090,200.090,200.100,0,0
1527180540,200.010,200.010,200.010,200.010,0,0
1527180600,200.020,200.020,200.020,200.020,7344,585218
1527180720,200.020,200.020,200.020,200.020,0,0
1527180780,200.080,200.080,200.080,200.080,0,0
1527180840,200.090,200.030,200.030,200.090,0,0
1527180900,200.120,200.160,200.120,200.160,5310,592562
1527181080,200.240,200.270,200.230,200.270,0,0
1527181200,200.270,200.270,200.270,200.270,4123,597872
1527181260,200.340,200.390,200.340,200.390,0,0
1527181320,200.480,200.550,200.480,200.560,0,0
1527181440,200.420,200.420,200.420,200.420,0,0
1527181500,200.440,200.310,200.310,200.470,2725,601995
1527181560,200.260,200.260,200.260,200.260,0,0
1527181620,200.280,200.280,200.280,200.280,0,0
1527181680,200.420,200.420,200.420,200.420,0,0
1527181800,200.440,200.520,200.440,200.520,5965,604720
1527181860,200.570,200.570,200.570,200.570,0,0
1527181920,200.620,200.620,200.620,200.620,0,0
1527181980,200.470,200.420,200.420,200.470,0,0
1527182040,200.450,200.450,200.450,200.450,0,0
1527182100,200.470,200.420,200.420,200.470,3388,610685
1527182160,200.470,200.420,200.420,200.470,0,0
1527182220,200.380,200.380,200.380,200.380,0,0
1527182280,200.410,200.370,200.370,200.450,0,0
1527182340,200.440,200.440,200.440,200.440,0,0
1527182400,200.460,200.460,200.460,200.460,3456,614073
1527182520,200.360,200.320,200.320,200.360,0,0
1527182580,200.370,200.490,200.330,200.490,0,0
1527182700,200.390,200.380,200.380,200.390,5027,617529
1527182760,200.240,200.240,200.240,200.240,0,0
1527182820,200.100,200.100,200.100,200.100,0,0
1527182880,200.090,200.090,200.090,200.090,0,0
1527182940,200.100,200.060,200.060,200.100,0,0
1527183000,200.070,199.990,199.990,200.070,12497,622556
1527183060,200.000,200.040,200.000,200.040,0,0
1527183120,200.000,199.950,199.950,200.000,0,0
1527183180,199.900,199.900,199.900,199.900,0,0
1527183240,199.890,199.890,199.890,199.890,0,0
1527183300,199.920,199.920,199.920,199.920,6885,635053
1527183360,199.910,199.930,199.910,199.930,0,0
1527183420,199.940,199.940,199.940,199.940,0,0
1527183480,199.980,200.020,199.980,200.020,0,0
1527183540,199.980,199.900,199.880,199.980,0,0
1527183600,199.880,199.910,199.880,199.910,5584,641938
1527183660,200.000,200.000,200.000,200.000,0,0
1527183720,200.010,200.010,200.010,200.010,0,0
1527183780,199.960,200.000,199.960,200.000,0,0
1527183840,199.970,199.960,199.960,200.000,0,0
1527183900,200.000,199.960,199.960,200.000,5096,647522
1527183960,199.960,199.960,199.960,199.960,0,0
1527184020,199.950,199.950,199.950,199.950,0,0
1527184080,199.950,199.930,199.910,199.950,0,0
1527184140,199.790,199.790,199.790,199.790,0,0
1527184200,199.870,199.910,199.870,199.930,7746,652618
1527184260,199.870,199.820,199.820,199.870,0,0
1527184320,199.850,199.850,199.850,199.850,0,0
1527184380,199.880,199.820,199.820,199.880,0,0
1527184440,199.880,199.780,199.780,199.880,0,0
1527184500,199.820,199.770,199.770,199.820,9884,660364
1527184560,199.820,199.910,199.820,199.910,0,0
1527184620,199.920,200.000,199.920,200.000,0,0
1527184680,200.000,200.000,200.000,200.000,0,0
1527184740,200.000,199.980,199.980,200.000,0,0
1527184800,200.020,199.900,199.890,200.020,11428,670248
1527184860,199.920,199.990,199.920,199.990,0,0
1527184920,199.930,199.900,199.880,199.930,0,0
1527184980,199.930,199.980,199.930,199.980,0,0
1527185040,200.010,200.010,200.010,200.010,0,0
1527185100,200.000,199.960,199.930,200.000,10328,681676
1527185160,200.030,200.030,200.030,200.030,0,0
1527185220,200.030,200.100,200.030,200.100,0,0
1527185280,200.000,200.080,200.000,200.080,0,0
1527185400,200.010,200.010,200.010,200.010,15946,692004
1527185460,200.010,200.020,200.010,200.020,0,0
1527185520,200.040,200.010,200.000,200.090,0,0
1527185580,200.000,199.930,199.930,200.000,0,0
1527185640,199.960,199.870,199.870,199.960,0,0
1527185700,199.910,199.850,199.850,199.910,8213,707950
1527185760,199.860,199.960,199.860,199.960,0,0
1527185820,199.980,200.000,199.980,200.000,0,0
1527185940,200.050,200.150,200.050,200.150,0,0
1527186000,200.110,200.080,200.080,200.110,27720,716163
1527186060,200.060,200.100,200.060,200.100,0,0
1527186120,200.100,200.150,200.100,200.150,0,0
1527186180,200.140,200.080,200.070,200.150,0,0
1527186240,200.150,200.180,200.140,200.180,0,0
1527186300,200.240,200.230,200.230,200.280,5783,743883
1527186480,200.210,200.130,200.130,200.210,0,0
1527186540,200.210,200.210,200.210,200.210,0,0
1527186600,200.150,200.180,200.150,200.180,21818,749666
1527186660,200.180,200.140,200.140,200.180,0,0
1527186720,200.170,200.200,200.170,200.200,0,0
1527186780,200.240,200.310,200.220,200.310,0,0
1527186840,200.280,200.310,200.280,200.310,0,0
1527186900,200.280,200.330,200.280,200.330,41202,771484
1527186960,200.360,200.310,200.300,200.360,0,0
1527187020,200.310,200.330,200.300,200.330,0,0
1527187080,200.300,200.350,200.300,200.350,0,0
1527187140,200.350,200.340,200.300,200.370,0,0
1527187200,200.340,200.380,200.320,200.380,8508,812686
1527187260,200.340,200.340,200.340,200.340,0,0
1527187320,200.340,200.380,200.340,200.380,0,0
1527187380,200.290,200.300,200.290,200.300,0,0
1527187440,200.260,200.210,200.210,200.260,0,0
1527187500,200.230,200.260,200.160,200.260,10927,821194
1527187560,200.160,200.080,200.080,200.160,0,0
1527187620,200.030,200.000,200.000,200.030,0,0
1527187680,199.970,199.990,199.970,200.020,0,0
1527187740,199.890,199.890,199.890,199.890,0,0
1527187800,199.910,199.780,199.780,199.910,13374,832121
1527187860,199.840,199.820,199.820,199.840,0,0
1527187920,199.830,199.850,199.820,199.880,0,0
1527187980,199.850,199.830,199.750,199.850,0,0
1527188040,199.840,199.850,199.840,199.850,0,0
1527188100,199.820,199.910,199.820,199.910,8464,845495
1527188160,199.910,199.930,199.910,199.930,0,0
1527188220,199.950,199.970,199.950,199.990,0,0
1527188280,199.970,199.950,199.920,199.970,0,0
1527188340,199.940,199.920,199.920,199.940,0,0
1527188400,199.920,199.850,199.800,199.920,12193,853959
1527188460,199.930,199.940,199.930,199.990,0,0
1527188520,199.990,200.030,199.960,200.040,0,0
1527188580,200.000,199.990,199.990,200.000,0,0
1527188640,200.000,200.000,200.000,200.000,0,0
1527188700,199.940,199.900,199.900,199.970,10782,866152
1527188760,199.930,200.050,199.930,200.050,0,0
1527188820,200.010,199.990,199.990,200.010,0,0
1527188880,199.990,199.980,199.980,199.990,0,0
1527188940,200.000,200.090,200.000,200.090,0,0
1527189000,200.040,200.020,200.020,200.040,10550,876934
1527189060,200.000,200.000,200.000,200.000,0,0
1527189180,200.000,200.010,200.000,200.020,0,0
1527189240,199.990,200.000,199.960,200.020,0,0
1527189300,199.970,199.990,199.970,199.990,6721,887484
1527189360,199.990,199.970,199.950,199.990,0,0
1527189420,200.000,200.000,200.000,200.000,0,0
1527189480,200.020,200.020,200.020,200.020,0,0
1527189540,200.100,200.090,200.090,200.100,0,0
1527189600,200.020,200.020,200.020,200.020,9221,894205
1527189660,200.020,199.970,199.970,200.020,0,0
1527189720,199.970,200.000,199.970,200.000,0,0
1527189780,199.990,200.010,199.990,200.060,0,0
1527189840,199.980,200.000,199.980,200.000,0,0
1527189900,200.010,200.020,199.980,200.020,10012,903426
1527189960,200.000,199.980,199.980,200.000,0,0
1527190020,199.960,199.940,199.940,199.960,0,0
1527190080,199.910,199.840,199.840,199.910,0,0
1527190140,199.850,199.850,199.850,199.850,0,0
1527190200,199.860,199.920,199.860,199.930,16136,913438
1527190260,199.950,199.940,199.940,199.950,0,0
1527190320,199.930,199.890,199.890,199.930,0,0
1527190380,199.950,199.840,199.840,199.960,0,0
1527190440,199.900,199.870,199.870,199.900,0,0
1527190500,199.880,199.870,199.870,199.930,18137,929574
1527190560,199.910,199.870,199.870,199.910,0,0
1527190620,199.800,199.800,199.800,199.800,0,0
1527190680,199.800,199.760,199.760,199.800,0,0
1527190740,199.830,199.890,199.830,199.900,0,0
1527190800,199.860,199.840,199.840,199.910,18836,947711
1527190860,199.890,199.850,199.850,199.900,0,0
1527190920,199.810,199.820,199.810,199.830,0,0
1527190980,199.800,199.760,199.760,199.800,0,0
1527191040,199.760,199.730,199.730,199.830,0,0
1527191100,199.760,199.720,199.640,199.760,21858,966547
1527191160,199.740,199.780,199.740,199.800,0,0
1527191220,199.780,199.740,199.730,199.800,0,0
1527191280,199.740,199.750,199.730,199.750,0,0
1527191340,199.750,199.730,199.730,199.760,0,0
1527191400,199.760,199.690,199.690,199.780,47922,988405
1527191460,199.720,199.760,199.720,199.760,0,0
1527191520,199.750,199.730,199.730,199.750,0,0
1527191580,199.720,199.730,199.690,199.740,0,0
1527191640,199.680,199.660,199.660,199.690,0,0
1527191700,199.650,199.720,199.650,199.730,232004,1036327
1527191760,199.690,199.680,199.680,199.720,0,0
1527191820,199.700,199.690,199.670,199.700,0,0
1527191880,199.680,199.710,199.680,199.720,0,0
1527191940,199.730,199.820,199.730,199.870,0,0
1527255000,198.190,198.660,198.190,198.660,27672,0
1527255060,198.700,198.700,198.700,198.700,0,0
1527255120,198.910,198.780,198.630,199.070,0,0
1527255180,198.880,199.310,198.880,199.310,0,0
1527255240,198.970,198.590,198.590,199.190,0,0
1527255300,199.160,199.160,199.160,199.160,11555,27672
1527255360,199.420,199.420,199.420,199.420,0,0
1527255420,199.250,199.420,199.250,199.420,0,0
1527255480,199.620,199.620,199.620,199.620,0,0
1527255540,199.510,199.670,199.420,199.670,0,0
1527255600,199.650,199.600,199.600,199.650,9913,39227
1527255660,199.710,199.600,199.600,199.710,0,0
1527255780,199.500,199.270,199.270,199.500,0,0
1527255840,199.390,199.340,199.340,199.470,0,0
1527255900,199.320,199.230,199.230,199.320,8504,49140
1527255960,199.230,199.280,199.230,199.280,0,0
1527256080,199.470,199.520,199.470,199.520,0,0
1527256140,199.510,199.610,199.510,199.610,0,0
1527256200,199.620,199.560,199.560,199.660,6684,57644
1527256260,199.560,199.560,199.560,199.560,0,0
1527256380,199.650,199.380,199.380,199.650,0,0
1527256440,199.470,199.470,199.470,199.470,0,0
1527256500,199.230,199.360,199.230,199.360,8413,64328
1527256560,199.380,199.450,199.380,199.450,0,0
1527256620,199.410,199.390,199.390,199.410,0,0
1527256680,199.450,199.570,199.450,199.570,0,0
1527256740,199.530,199.530,199.530,199.530,0,0
1527256800,199.460,199.420,199.360,199.460,10105,72741
1527256860,199.460,199.400,199.400,199.460,0,0
1527256920,199.570,199.260,199.260,199.570,0,0
1527256980,199.360,199.360,199.360,199.360,0,0
1527257100,199.210,199.140,199.140,199.210,9486,82846
1527257160,199.210,199.140,199.140,199.210,0,0
1527257220,199.220,199.270,199.220,199.270,0,0
1527257280,199.280,199.280,199.280,199.280,0,0
1527257340,199.240,199.200,199.200,199.240,0,0
1527257400,199.230,199.170,199.170,199.230,6704,92332
1527257520,199.100,199.160,199.100,199.160,0,0
1527257580,199.160,199.120,199.120,199.160,0,0
1527257640,199.190,199.190,199.190,199.190,0,0
1527257700,199.190,199.280,199.190,199.280,10277,99036
1527257760,199.320,199.440,199.320,199.440,0,0
1527257820,199.350,199.370,199.350,199.370,0,0
1527257880,199.320,199.280,199.280,199.380,0,0
1527257940,199.370,199.420,199.370,199.420,0,0
1527258000,199.540,199.460,199.460,199.540,5968,109313
1527258060,199.450,199.400,199.400,199.450,0,0
1527258180,199.290,199.290,199.290,199.290,0,0
1527258240,199.400,199.380,199.380,199.400,0,0
1527258300,199.580,199.520,199.520,199.590,7911,115281
1527258360,199.670,199.670,199.670,199.670,0,0
1527258480,199.650,199.630,199.630,199.650,0,0
1527258540,199.560,199.560,199.560,199.560,0,0
1527258600,199.570,199.650,199.570,199.650,5551,123192
1527258660,199.680,199.680,199.680,199.680,0,0
1527258720,199.770,199.770,199.770,199.770,0,0
1527258780,199.800,199.720,199.720,199.800,0,0
1527258900,199.820,199.770,199.770,199.840,6615,128743
1527258960,199.820,199.770,199.770,199.840,0,0
1527259020,199.720,199.700,199.670,199.820,0,0
1527259080,199.640,199.640,199.640,199.640,0,0
1527259140,199.660,199.710,199.660,199.710,0,0
1527259200,199.610,199.610,199.610,199.610,5408,135358
1527259320,199.610,199.590,199.590,199.610,0,0
1527259380,199.610,199.530,199.530,199.610,0,0
1527259440,199.460,199.380,199.380,199.460,0,0
1527259500,199.310,199.340,199.310,199.340,10167,140766
1527259560,199.340,199.250,199.250,199.360,0,0
1527259620,199.220,199.200,199.200,199.220,0,0
1527259740,199.060,199.060,199.060,199.060,0,0
1527259800,199.060,199.060,199.060,199.060,8951,150933
1527259860,199.130,199.130,199.130,199.130,0,0
1527259920,199.140,199.140,199.140,199.140,0,0
1527259980,199.190,199.230,199.190,199.230,0,0
1527260040,199.150,199.150,199.150,199.150,0,0
1527260100,199.190,199.250,199.190,199.250,10541,159884
1527260280,199.130,199.210,199.130,199.230,0,0
1527260340,199.160,199.200,199.160,199.210,0,0
1527260400,199.200,199.200,199.200,199.200,9828,170425
1527260460,199.210,199.220,199.210,199.220,0,0
1527260520,199.270,199.290,199.270,199.290,0,0
1527260580,199.290,199.260,199.260,199.290,0,0
1527260640,199.360,199.310,199.310,199.400,0,0
1527260700,199.250,199.300,199.200,199.330,8654,180253
1527260760,199.370,199.400,199.360,199.400,0,0
1527260880,199.510,199.510,199.510,199.510,0,0
1527260940,199.440,199.490,199.430,199.490,0,0
1527261000,199.460,199.410,199.410,199.460,3865,188907
1527261060,199.420,199.420,199.420,199.420,0,0
1527261120,199.460,199.430,199.430,199.460,0,0
1527261180,199.410,199.410,199.410,199.410,0,0
1527261240,199.380,199.420,199.380,199.420,0,0
1527261300,199.470,199.470,199.470,199.470,5750,192772
1527261360,199.460,199.500,199.460,199.500,0,0
1527261420,199.430,199.430,199.430,199.430,0,0
1527261480,199.530,199.520,199.520,199.530,0,0
1527261540,199.430,199.430,199.430,199.430,0,0
1527261600,199.460,199.470,199.460,199.470,7677,198522
1527261660,199.340,199.370,199.320,199.370,0,0
1527261720,199.320,199.350,199.320,199.350,0,0
1527261780,199.380,199.380,199.380,199.380,0,0
1527261840,199.480,199.480,199.480,199.480,0,0
1527261900,199.510,199.490,199.490,199.510,10394,206199
1527262020,199.530,199.500,199.500,199.530,0,0
1527262080,199.490,199.520,199.490,199.520,0,0
1527262140,199.530,199.530,199.530,199.530,0,0
1527262200,199.500,199.530,199.490,199.530,4001,216593
1527262260,199.540,199.620,199.540,199.620,0,0
1527262320,199.640,199.640,199.640,199.640,0,0
1527262380,199.600,199.600,199.600,199.600,0,0
1527262440,199.620,199.620,199.620,199.620,0,0
1527262500,199.630,199.620,199.620,199.630,7037,220594
1527262560,199.630,199.650,199.630,199.650,0,0
1527262680,199.610,199.590,199.530,199.610,0,0
1527262740,199.650,199.670,199.610,199.670,0,0
1527262800,199.790,199.720,199.720,199.790,5797,227631
1527262920,199.660,199.750,199.660,199.750,0,0
1527263040,199.660,199.690,199.660,199.710,0,0
1527263100,199.660,199.670,199.660,199.670,16828,233428
1527263160,199.680,199.770,199.680,199.770,0,0
1527263220,199.790,199.770,199.770,199.790,0,0
1527263280,199.840,199.850,199.810,199.850,0,0
1527263340,199.790,199.770,199.770,199.790,0,0
1527263400,199.770,199.680,199.680,199.770,9165,250256
1527263460,199.690,199.690,199.690,199.690,0,0
1527263520,199.660,199.690,199.660,199.690,0,0
1527263580,199.670,199.690,199.670,199.690,0,0
1527263640,199.650,199.650,199.650,199.650,0,0
1527263700,199.670,199.690,199.670,199.690,4452,259421
1527263760,199.690,199.670,199.670,199.690,0,0
1527263820,199.670,199.600,199.600,199.670,0,0
1527263880,199.650,199.650,199.650,199.650,0,0
1527263940,199.670,199.620,199.620,199.670,0,0
1527264000,199.650,199.650,199.650,199.650,7036,263873
1527264060,199.650,199.680,199.650,199.680,0,0
1527264120,199.730,200.000,199.730,200.000,0,0
1527264180,200.040,199.890,199.890,200.040,0,0
1527264240,199.940,199.950,199.940,199.950,0,0
1527264300,199.950,199.880,199.880,199.950,17844,270909
1527264360,199.950,199.880,199.880,199.950,0,0
1527264420,199.830,199.740,199.740,199.890,0,0
1527264480,199.800,199.750,199.750,199.800,0,0
1527264540,199.790,199.660,199.660,199.790,0,0
1527264600,199.560,199.670,199.510,199.670,5764,288753
1527264720,199.640,199.720,199.640,199.720,0,0
1527264780,199.700,199.700,199.700,199.700,0,0
1527264840,199.700,199.630,199.630,199.700,0,0
1527264900,199.630,199.700,199.630,199.700,4825,294517
1527264960,199.710,199.720,199.710,199.720,0,0
1527265020,199.750,199.810,199.740,199.810,0,0
1527265080,199.800,199.800,199.800,199.800,0,0
1527265140,199.790,199.760,199.760,199.790,0,0
1527265200,199.740,199.670,199.670,199.740,7625,299342
1527265260,199.760,199.700,199.700,199.800,0,0
1527265320,199.810,199.800,199.800,199.810,0,0
1527265500,199.870,199.870,199.870,199.870,6109,306967
1527265560,199.930,199.900,199.900,199.960,0,0
1527265620,199.930,199.890,199.890,199.930,0,0
1527265740,199.930,199.920,199.920,199.930,0,0
1527265800,199.920,199.920,199.920,199.920,8783,313076
1527265860,199.920,199.750,199.750,199.920,0,0
1527265920,199.810,199.810,199.810,199.810,0,0
1527265980,199.740,199.680,199.680,199.750,0,0
1527266040,199.690,199.690,199.690,199.690,0,0
1527266100,199.760,199.760,199.760,199.760,1202,321859
1527266160,199.720,199.720,199.720,199.720,0,0
1527266220,199.710,199.710,199.710,199.710,0,0
1527266280,199.710,199.690,199.690,199.710,0,0
1527266400,199.680,199.700,199.680,199.700,7952,323061
1527266460,199.760,199.790,199.760,199.790,0,0
1527266520,199.820,199.730,199.720,199.820,0,0
1527266580,199.810,199.700,199.700,199.810,0,0
1527266700,199.570,199.570,199.570,199.570,1575,331013
1527266820,199.520,199.480,199.480,199.520,0,0
1527266880,199.480,199.470,199.470,199.480,0,0
1527267000,199.430,199.430,199.430,199.430,4871,332588
1527267060,199.350,199.350,199.350,199.350,0,0
1527267120,199.350,199.340,199.340,199.440,0,0
1527267180,199.360,199.440,199.360,199.440,0,0
1527267240,199.490,199.490,199.490,199.490,0,0
1527267300,199.490,199.470,199.470,199.490,2783,337459
1527267360,199.520,199.520,199.520,199.520,0,0
1527267420,199.430,199.430,199.430,199.430,0,0
1527267540,199.480,199.480,199.480,199.480,0,0
1527267600,199.490,199.490,199.490,199.490,5412,340242
1527267660,199.490,199.490,199.490,199.490,0,0
1527267720,199.510,199.570,199.510,199.570,0,0
1527267840,199.460,199.450,199.420,199.460,0,0
1527267900,199.540,199.560,199.540,199.560,3893,345654
1527267960,199.480,199.430,199.430,199.480,0,0
1527268020,199.410,199.450,199.410,199.450,0,0
1527268140,199.440,199.440,199.440,199.440,0,0
1527268200,199.500,199.500,199.500,199.500,5777,349547
1527268260,199.500,199.500,199.500,199.500,0,0
1527268380,199.560,199.590,199.560,199.590,0,0
1527268440,199.560,199.400,199.400,199.560,0,0
1527268500,199.470,199.470,199.470,199.470,1166,355324
1527268620,199.470,199.470,199.470,199.470,0,0
1527268680,199.380,199.380,199.380,199.380,0,0
1527268800,199.340,199.340,199.340,199.340,2893,356490
1527268920,199.410,199.410,199.410,199.410,0,0
1527268980,199.350,199.350,199.350,199.350,0,0
1527269040,199.350,199.350,199.350,199.350,0,0
1527269100,199.400,199.400,199.400,199.400,5471,359383
1527269160,199.370,199.340,199.340,199.370,0,0
1527269220,199.410,199.400,199.400,199.410,0,0
1527269280,199.440,199.460,199.440,199.460,0,0
1527269340,199.450,199.450,199.450,199.450,0,0
1527269400,199.350,199.320,199.320,199.350,6960,364854
1527269460,199.400,199.400,199.400,199.400,0,0
1527269520,199.340,199.340,199.340,199.340,0,0
1527269580,199.340,199.320,199.320,199.400,0,0
1527269700,199.390,199.430,199.390,199.430,2794,371814
1527269760,199.390,199.430,199.390,199.430,0,0
1527269880,199.500,199.500,199.500,199.500,0,0
1527269940,199.470,199.470,199.470,199.470,0,0
1527270000,199.500,199.540,199.500,199.540,2849,374608
1527270240,199.500,199.540,199.500,199.540,0,0
1527270300,199.550,199.540,199.540,199.550,3534,377457
1527270360,199.540,199.520,199.520,199.540,0,0
1527270420,199.490,199.450,199.450,199.490,0,0
1527270480,199.380,199.380,199.380,199.380,0,0
1527270600,199.500,199.500,199.500,199.500,1775,380991
1527270660,199.550,199.550,199.550,199.550,0,0
1527270840,199.550,199.550,199.550,199.550,0,0
1527270900,199.500,199.450,199.450,199.540,4626,382766
1527271140,199.450,199.480,199.450,199.480,0,0
1527271200,199.410,199.380,199.380,199.470,4972,387392
1527271260,199.390,199.390,199.390,199.390,0,0
1527271320,199.410,199.410,199.410,199.410,0,0
1527271380,199.460,199.460,199.460,199.460,0,0
1527271500,199.460,199.530,199.460,199.530,5970,392364
1527271560,199.550,199.630,199.550,199.630,0,0
1527271620,199.670,199.670,199.670,199.670,0,0
1527271740,199.690,199.730,199.690,199.730,0,0
1527271800,199.740,199.740,199.740,199.740,3176,398334
1527271860,199.740,199.740,199.740,199.740,0,0
1527271980,199.770,199.770,199.770,199.770,0,0
1527272040,199.700,199.720,199.690,199.720,0,0
1527272100,199.690,199.700,199.680,199.700,9720,401510
1527272160,199.690,199.750,199.690,199.750,0,0
1527272220,199.740,199.690,199.690,199.740,0,0
1527272280,199.690,199.730,199.690,199.730,0,0
1527272340,199.690,199.790,199.690,199.790,0,0
1527272400,199.870,199.870,199.870,199.870,6108,411230
1527272460,199.850,199.910,199.830,199.910,0,0
1527272520,199.940,199.940,199.940,199.940,0,0
1527272580,199.950,199.950,199.950,199.950,0,0
1527272640,199.970,199.950,199.950,199.970,0,0
1527272700,199.920,199.920,199.920,199.920,10524,417338
1527272820,199.990,199.990,199.990,199.990,0,0
1527272880,200.010,200.140,200.010,200.140,0,0
1527273000,200.210,200.140,200.140,200.210,16493,427862
1527273060,200.140,200.210,200.140,200.210,0,0
1527273120,200.210,200.190,200.190,200.210,0,0
1527273180,200.190,200.220,200.190,200.220,0,0
1527273300,200.170,200.180,200.170,200.180,8595,444355
1527273360,200.170,200.190,200.160,200.190,0,0
1527273420,200.160,200.160,200.160,200.160,0,0
1527273480,200.150,200.170,200.150,200.170,0,0
1527273540,200.160,200.150,200.150,200.160,0,0
1527273600,200.090,200.000,200.000,200.090,12894,452950
1527273660,200.070,200.070,200.070,200.070,0,0
1527273720,200.110,200.090,200.090,200.110,0,0
1527273780,200.080,200.030,200.030,200.080,0,0
1527273900,200.140,200.140,200.140,200.140,4679,465844
1527274020,200.120,200.120,200.120,200.120,0,0
1527274080,200.150,200.150,200.150,200.150,0,0
1527274140,200.150,200.150,200.150,200.150,0,0
1527274200,200.100,200.230,200.100,200.230,10318,470523
1527274260,200.230,200.220,200.220,200.230,0,0
1527274320,200.250,200.240,200.240,200.250,0,0
1527274380,200.290,200.290,200.290,200.290,0,0
1527274440,200.330,200.370,200.330,200.370,0,0
1527274500,200.340,200.310,200.310,200.340,9404,480841
1527274560,200.310,200.360,200.310,200.360,0,0
1527274620,200.320,200.280,200.280,200.320,0,0
1527274680,200.290,200.290,200.290,200.290,0,0
1527274740,200.330,200.320,200.320,200.330,0,0
1527274800,200.360,200.250,200.250,200.430,17453,490245
1527274860,200.290,200.320,200.290,200.320,0,0
1527274920,200.310,200.190,200.190,200.310,0,0
1527275040,200.120,200.200,200.120,200.200,0,0
1527275100,200.240,200.280,200.240,200.280,8217,507698
1527275160,200.280,200.280,200.280,200.280,0,0
1527275220,200.250,200.330,200.210,200.350,0,0
1527275280,200.320,200.350,200.290,200.350,0,0
1527275340,200.290,200.290,200.290,200.290,0,0
1527275400,200.290,200.380,200.280,200.380,43271,515915
1527275460,200.430,200.450,200.430,200.480,0,0
1527275520,200.370,200.370,200.370,200.370,0,0
1527275580,200.370,200.350,200.350,200.400,0,0
1527275640,200.370,200.300,200.300,200.370,0,0
1527275700,200.340,200.310,200.290,200.340,11464,559186
1527275760,200.290,200.290,200.290,200.290,0,0
1527275820,200.260,200.280,200.260,200.280,0,0
1527275880,200.290,200.260,200.240,200.290,0,0
1527275940,200.200,200.190,200.190,200.210,0,0
1527276000,200.250,200.210,200.210,200.250,14615,570650
1527276060,200.240,200.210,200.210,200.240,0,0
1527276120,200.220,200.260,200.220,200.260,0,0
1527276180,200.210,200.200,200.200,200.210,0,0
1527276240,200.200,200.210,200.200,200.220,0,0
1527276300,200.220,200.200,200.200,200.220,22053,585265
1527276360,200.210,200.200,200.200,200.210,0,0
1527276420,200.220,200.210,200.190,200.220,0,0
1527276480,200.200,200.200,200.200,200.200,0,0
1527276540,200.230,200.330,200.230,200.330,0,0
1527276600,200.310,200.310,200.310,200.310,12956,607318
1527276660,200.260,200.250,200.250,200.260,0,0
1527276720,200.290,200.270,200.270,200.330,0,0
1527276780,200.280,200.310,200.280,200.310,0,0
1527276840,200.250,200.260,200.240,200.260,0,0
1527276900,200.240,200.220,200.200,200.260,9185,620274
1527276960,200.200,200.200,200.200,200.200,0,0
1527277020,200.220,200.230,200.200,200.250,0,0
1527277080,200.240,200.280,200.200,200.280,0,0
1527277140,200.300,200.280,200.260,200.300,0,0
1527277200,200.250,200.240,200.200,200.250,17602,629459
1527277260,200.230,200.250,200.230,200.250,0,0
1527277320,200.220,200.230,200.220,200.240,0,0
1527277380,200.200,200.210,200.200,200.210,0,0
1527277440,200.220,200.200,200.200,200.220,0,0
1527277500,200.200,200.250,200.200,200.250,17637,647061
1527277560,200.220,200.240,200.220,200.250,0,0
1527277620,200.260,200.270,200.250,200.270,0,0
1527277680,200.260,200.250,200.250,200.260,0,0
1527277740,200.260,200.250,200.250,200.290,0,0
1527277800,200.310,200.290,200.290,200.350,22693,664698
1527277860,200.300,200.240,200.230,200.300,0,0
1527277920,200.240,200.250,200.240,200.250,0,0
1527277980,200.270,200.250,200.230,200.270,0,0
1527278040,200.240,200.310,200.230,200.310,0,0
1527278100,200.320,200.280,200.280,200.320,131084,687391
1527278160,200.290,200.300,200.270,200.310,0,0
1527278220,200.310,200.280,200.280,200.310,0,0
1527278280,200.300,200.340,200.290,200.350,0,0
1527278340,200.440,200.360,200.270,200.440,0,0
1527600600,199.430,199.430,199.430,199.430,32308,0
1527600660,199.420,200.060,199.420,200.060,0,0
1527600720,200.180,200.270,200.050,200.320,0,0
1527600780,200.300,200.220,200.220,200.300,0,0
1527600840,199.770,200.060,199.770,200.330,0,0
1527600900,200.070,200.020,199.860,200.070,15345,32308
1527600960,199.810,200.000,199.810,200.040,0,0
1527601020,199.690,199.970,199.690,199.970,0,0
1527601080,199.910,199.110,199.110,199.910,0,0
1527601200,199.060,199.030,198.940,199.060,16017,47653
1527601260,198.970,199.130,198.950,199.130,0,0
1527601320,199.200,199.080,199.080,199.200,0,0
1527601380,199.170,199.170,199.170,199.170,0,0
1527601440,199.020,198.860,198.860,199.020,0,0
1527601500,198.740,199.070,198.740,199.070,45899,63670
1527601560,198.980,198.970,198.970,199.010,0,0
1527601620,198.870,198.180,198.100,198.870,0,0
1527601680,198.130,197.710,197.710,198.130,0,0
1527601740,197.700,197.670,197.620,197.760,0,0
1527601800,197.540,197.470,197.450,197.540,39315,109569
1527601860,197.280,197.330,197.280,197.360,0,0
1527601920,197.240,197.260,197.110,197.310,0,0
1527601980,197.280,197.240,197.210,197.310,0,0
1527602040,197.240,197.210,197.210,197.250,0,0
1527602100,197.150,197.170,197.090,197.170,33021,148884
1527602160,196.970,196.520,196.520,196.970,0,0
1527602220,196.510,196.530,196.510,196.530,0,0
1527602280,196.490,196.630,196.470,196.640,0,0
1527602340,196.810,196.960,196.810,197.090,0,0
1527602400,196.780,196.980,196.780,196.980,15836,181905
1527602460,197.040,197.040,197.040,197.040,0,0
1527602520,197.100,196.970,196.970,197.100,0,0
1527602580,196.960,197.270,196.960,197.270,0,0
1527602640,197.170,197.140,197.110,197.170,0,0
1527602700,197.190,197.100,197.100,197.190,13902,197741
1527602760,197.110,197.190,197.110,197.250,0,0
1527602820,197.120,197.070,197.070,197.120,0,0
1527602880,197.130,197.030,197.030,197.130,0,0
1527602940,197.020,196.970,196.970,197.020,0,0
1527603000,196.970,196.850,196.850,196.970,13896,211643
1527603060,196.790,196.700,196.700,196.830,0,0
1527603120,196.660,196.600,196.600,196.720,0,0
1527603180,196.600,196.430,196.430,196.600,0,0
1527603240,196.370,196.370,196.370,196.370,0,0
1527603300,196.300,196.310,196.250,196.340,15097,225539
1527603360,196.380,196.350,196.350,196.380,0,0
1527603420,196.390,196.400,196.390,196.400,0,0
1527603480,196.480,196.380,196.380,196.480,0,0
1527603540,196.470,196.440,196.440,196.470,0,0
1527603600,196.290,196.320,196.290,196.340,19784,240636
1527603660,196.320,196.180,196.180,196.320,0,0
1527603720,196.110,196.000,196.000,196.110,0,0
1527603780,195.940,196.000,195.910,196.000,0,0
1527603840,196.110,196.270,196.110,196.270,0,0
1527603900,196.350,196.430,196.350,196.430,20303,260420
1527603960,196.370,196.500,196.370,196.500,0,0
1527604020,196.490,196.600,196.480,196.650,0,0
1527604080,196.620,196.440,196.440,196.620,0,0
1527604140,196.630,196.630,196.630,196.630,0,0
1527604200,196.780,196.580,196.580,196.780,14153,280723
1527604260,196.790,196.790,196.790,196.790,0,0
1527604320,196.720,196.580,196.580,196.720,0,0
1527604380,196.550,196.610,196.550,196.610,0,0
1527604440,196.610,196.740,196.610,196.740,0,0
1527604500,196.590,196.550,196.550,196.590,8477,294876
1527604560,196.460,196.460,196.460,196.460,0,0
1527604620,196.430,196.360,196.310,196.430,0,0
1527604680,196.520,196.520,196.520,196.520,0,0
1527604740,196.680,196.680,196.680,196.680,0,0
1527604800,197.000,196.920,196.920,197.000,19669,303353
1527604860,196.980,197.090,196.980,197.150,0,0
1527604920,197.090,197.190,197.090,197.190,0,0
1527604980,197.170,197.100,197.100,197.170,0,0
1527605040,197.020,196.990,196.910,197.100,0,0
1527605100,196.950,196.920,196.920,196.950,12741,323022
1527605160,197.080,197.010,197.010,197.160,0,0
1527605220,197.030,196.960,196.940,197.030,0,0
1527605280,196.950,196.770,196.770,196.950,0,0
1527605340,196.740,196.910,196.740,196.910,0,0
1527605400,197.160,197.150,197.110,197.160,7701,335763
1527605460,197.120,196.980,196.980,197.120,0,0
1527605520,196.960,196.960,196.960,196.960,0,0
1527605580,196.920,196.920,196.920,196.920,0,0
1527605640,196.860,196.860,196.860,196.860,0,0
1527605700,196.730,196.860,196.730,196.860,15082,343464
1527605760,196.800,196.860,196.800,196.860,0,0
1527605820,196.690,196.580,196.580,196.690,0,0
1527605880,196.560,196.720,196.560,196.720,0,0
1527605940,196.760,196.590,196.590,196.760,0,0
1527606000,196.580,196.480,196.480,196.580,13747,358546
1527606060,196.440,196.380,196.370,196.440,0,0
1527606120,196.360,196.250,196.250,196.360,0,0
1527606180,196.200,196.160,196.160,196.200,0,0
1527606240,196.150,196.240,196.150,196.280,0,0
1527606300,196.330,196.170,196.170,196.330,17861,372293
1527606360,196.250,196.220,196.220,196.250,0,0
1527606420,196.060,196.130,196.060,196.130,0,0
1527606480,196.210,196.120,196.120,196.360,0,0
1527606540,196.240,196.260,196.240,196.260,0,0
1527606600,196.290,196.160,196.160,196.300,11534,390154
1527606660,196.300,196.410,196.300,196.410,0,0
1527606720,196.360,196.230,196.230,196.360,0,0
1527606780,196.250,196.350,196.250,196.350,0,0
1527606840,196.330,196.470,196.330,196.470,0,0
1527606900,196.340,196.330,196.330,196.340,12990,401688
1527606960,196.440,196.390,196.390,196.440,0,0
1527607020,196.460,196.390,196.390,196.460,0,0
1527607080,196.390,196.380,196.340,196.390,0,0
1527607140,196.240,196.290,196.190,196.290,0,0
1527607200,196.330,196.330,196.330,196.330,11174,414678
1527607260,196.300,196.390,196.300,196.410,0,0
1527607320,196.300,196.240,196.240,196.300,0,0
1527607380,196.240,196.190,196.190,196.280,0,0
1527607440,196.180,196.270,196.180,196.280,0,0
1527607500,196.180,196.120,196.120,196.200,18527,425852
1527607560,196.090,196.200,196.090,196.220,0,0
1527607620,196.310,196.320,196.310,196.330,0,0
1527607680,196.440,196.540,196.440,196.590,0,0
1527607740,196.520,196.520,196.520,196.520,0,0
1527607800,196.420,196.380,196.380,196.420,10050,444379
1527607860,196.500,196.500,196.500,196.500,0,0
1527607920,196.510,196.510,196.510,196.510,0,0
1527607980,196.400,196.460,196.400,196.460,0,0
1527608040,196.410,196.270,196.270,196.420,0,0
1527608100,196.240,196.240,196.240,196.240,11916,454429
1527608160,196.340,196.320,196.280,196.340,0,0
1527608220,196.270,196.300,196.210,196.340,0,0
1527608280,196.200,196.280,196.200,196.280,0,0
1527608340,196.210,196.210,196.210,196.210,0,0
1527608400,196.070,196.060,196.060,196.070,9935,466345
1527608520,195.930,195.910,195.910,195.970,0,0
1527608580,195.910,195.720,195.720,195.910,0,0
1527608640,195.700,195.700,195.700,195.700,0,0
1527608700,195.660,195.720,195.660,195.720,21518,476280
1527608760,195.710,195.690,195.660,195.710,0,0
1527608820,195.720,195.660,195.600,195.720,0,0
1527608880,195.750,195.760,195.750,195.760,0,0
1527608940,195.780,195.950,195.780,195.950,0,0
1527609000,195.890,195.910,195.890,196.020,12879,497798
1527609060,195.910,195.930,195.850,195.930,0,0
1527609120,195.890,196.170,195.890,196.170,0,0
1527609180,196.230,196.240,196.220,196.240,0,0
1527609240,196.210,196.130,196.130,196.210,0,0
1527609300,196.280,196.150,196.150,196.280,17359,510677
1527609360,196.280,196.150,196.150,196.280,0,0
1527609420,196.130,196.100,196.100,196.130,0,0
1527609480,196.190,195.820,195.820,196.190,0,0
1527609540,195.890,195.800,195.800,195.960,0,0
1527609600,195.750,195.730,195.730,195.750,9645,528036
1527609660,195.690,195.610,195.510,195.690,0,0
1527609720,195.790,195.790,195.790,195.790,0,0
1527609780,195.670,195.670,195.670,195.670,0,0
1527609840,195.720,195.720,195.720,195.720,0,0
1527609900,195.700,195.670,195.600,195.700,15343,537681
1527609960,195.720,195.750,195.720,195.750,0,0
1527610020,195.690,195.670,195.670,195.690,0,0
1527610080,195.930,195.900,195.900,195.930,0,0
1527610140,195.830,195.720,195.700,195.840,0,0
1527610200,195.830,195.760,195.760,195.830,19500,553024
1527610260,195.640,195.680,195.640,195.770,0,0
1527610320,195.630,195.540,195.540,195.630,0,0
1527610380,195.480,195.510,195.450,195.520,0,0
1527610440,195.540,195.480,195.480,195.570,0,0
1527610500,195.500,195.510,195.410,195.510,14815,572524
1527610560,195.550,195.610,195.550,195.610,0,0
1527610680,195.720,195.800,195.720,195.830,0,0
1527610740,195.760,195.860,195.760,195.870,0,0
1527610800,195.860,195.900,195.860,195.940,7950,587339
1527610860,195.950,195.970,195.950,195.970,0,0
1527610920,195.990,196.060,195.990,196.060,0,0
1527610980,196.030,196.040,196.030,196.080,0,0
1527611040,196.160,196.100,196.100,196.210,0,0
1527611100,196.230,196.190,196.190,196.250,12307,595289
1527611160,196.280,196.320,196.160,196.320,0,0
1527611220,196.410,196.260,196.240,196.410,0,0
1527611280,196.220,196.230,196.220,196.230,0,0
1527611340,196.210,196.230,196.130,196.230,0,0
1527611400,196.200,196.270,196.200,196.310,10333,607596
1527611460,196.280,196.340,196.260,196.340,0,0
1527611520,196.380,196.350,196.350,196.380,0,0
1527611580,196.470,196.470,196.470,196.470,0,0
1527611640,196.490,196.410,196.410,196.490,0,0
1527611700,196.420,196.420,196.420,196.420,8122,617929
1527611760,196.370,196.370,196.370,196.370,0,0
1527611820,196.580,196.580,196.580,196.580,0,0
1527611880,196.520,196.530,196.520,196.610,0,0
1527611940,196.410,196.410,196.410,196.410,0,0
1527612000,196.470,196.710,196.470,196.710,7286,626051
1527612060,196.620,196.620,196.620,196.620,0,0
1527612120,196.530,196.620,196.530,196.620,0,0
1527612180,196.530,196.530,196.530,196.530,0,0
1527612240,196.600,196.530,196.530,196.600,0,0
1527612300,196.600,196.620,196.600,196.620,6788,633337
1527612360,196.580,196.580,196.580,196.580,0,0
1527612420,196.520,196.520,196.520,196.520,0,0
1527612480,196.550,196.620,196.550,196.620,0,0
1527612540,196.620,196.770,196.620,196.770,0,0
1527612600,196.910,196.820,196.820,196.910,14004,640125
1527612660,196.950,196.820,196.820,196.950,0,0
1527612720,196.810,196.810,196.810,196.810,0,0
1527612780,196.780,196.890,196.780,196.890,0,0
1527612840,196.860,196.970,196.860,196.970,0,0
1527612900,196.930,197.010,196.930,197.010,16287,654129
1527612960,196.930,197.010,196.930,197.010,0,0
1527613020,197.090,197.100,197.080,197.150,0,0
1527613080,197.140,197.120,197.050,197.150,0,0
1527613140,197.080,197.090,197.080,197.260,0,0
1527613200,196.990,196.990,196.990,196.990,8416,670416
1527613260,196.940,196.900,196.880,196.940,0,0
1527613320,196.670,196.780,196.670,196.780,0,0
1527613380,196.740,196.740,196.740,196.740,0,0
1527613440,196.670,196.650,196.650,196.670,0,0
1527613500,196.740,196.730,196.680,196.740,12357,678832
1527613560,196.660,196.660,196.660,196.660,0,0
1527613620,196.610,196.600,196.600,196.610,0,0
1527613680,196.600,196.560,196.560,196.660,0,0
1527613740,196.520,196.490,196.490,196.520,0,0
1527613800,196.470,196.540,196.470,196.540,11103,691189
1527613860,196.450,196.440,196.440,196.450,0,0
1527613920,196.470,196.470,196.470,196.470,0,0
1527613980,196.580,196.610,196.580,196.610,0,0
1527614040,196.560,196.530,196.530,196.560,0,0
1527614100,196.480,196.480,196.480,196.480,8448,702292
1527614160,196.430,196.430,196.430,196.430,0,0
1527614280,196.570,196.650,196.570,196.650,0,0
1527614340,196.690,196.760,196.690,196.760,0,0
1527614400,196.670,196.790,196.650,196.790,5677,710740
1527614460,196.750,196.800,196.740,196.800,0,0
1527614640,196.900,196.900,196.900,196.900,0,0
1527614700,196.840,196.770,196.770,196.840,9699,716417
1527614760,196.750,196.800,196.750,196.810,0,0
1527614820,196.750,196.820,196.750,196.820,0,0
1527614880,196.900,196.950,196.900,196.950,0,0
1527614940,196.920,196.870,196.870,196.920,0,0
1527615000,196.810,196.730,196.730,196.810,12640,726116
1527615060,196.680,196.640,196.640,196.720,0,0
1527615120,196.590,196.480,196.480,196.590,0,0
1527615180,196.470,196.500,196.470,196.500,0,0
1527615240,196.520,196.380,196.380,196.520,0,0
1527615300,196.530,196.500,196.440,196.530,8477,738756
1527615360,196.430,196.430,196.430,196.430,0,0
1527615420,196.480,196.540,196.480,196.540,0,0
1527615480,196.540,196.420,196.420,196.540,0,0
1527615540,196.470,196.470,196.470,196.470,0,0
1527615600,196.520,196.600,196.520,196.600,8305,747233
1527615660,196.540,196.580,196.540,196.580,0,0
1527615720,196.590,196.590,196.590,196.590,0,0
1527615780,196.690,196.630,196.630,196.690,0,0
1527615840,196.650,196.650,196.650,196.650,0,0
1527615900,196.590,196.600,196.590,196.620,11943,755538
1527615960,196.600,196.540,196.540,196.600,0,0
1527616020,196.670,196.670,196.670,196.670,0,0
1527616080,196.750,196.750,196.750,196.750,0,0
1527616140,196.720,196.780,196.720,196.780,0,0
1527616200,196.800,196.860,196.800,196.860,11308,767481
1527616260,196.920,196.850,196.810,196.920,0,0
1527616320,196.800,196.800,196.800,196.800,0,0
1527616380,196.770,196.760,196.750,196.850,0,0
1527616440,196.860,196.950,196.860,196.950,0,0
1527616500,196.890,196.890,196.890,196.890,5815,778789
1527616560,196.860,196.860,196.860,196.860,0,0
1527616620,197.060,197.060,197.060,197.060,0,0
1527616680,197.000,197.000,197.000,197.000,0,0
1527616740,197.000,196.980,196.980,197.000,0,0
1527616800,196.890,196.880,196.880,196.940,14073,784604
1527616860,196.820,196.880,196.780,196.880,0,0
1527616920,196.890,196.770,196.770,196.890,0,0
1527616980,196.710,196.680,196.670,196.710,0,0
1527617040,196.520,196.550,196.520,196.550,0,0
1527617100,196.590,196.590,196.590,196.590,6720,798677
1527617160,196.640,196.650,196.640,196.650,0,0
1527617220,196.600,196.570,196.570,196.600,0,0
1527617340,196.640,196.630,196.630,196.640,0,0
1527617400,196.590,196.540,196.540,196.590,13350,805397
1527617460,196.750,196.750,196.750,196.750,0,0
1527617520,196.600,196.600,196.600,196.600,0,0
1527617580,196.690,196.790,196.690,196.790,0,0
1527617640,196.770,196.750,196.750,196.770,0,0
1527617700,196.720,196.680,196.620,196.720,11462,818747
1527617760,196.630,196.530,196.530,196.670,0,0
1527617820,196.750,196.830,196.750,196.830,0,0
1527617880,196.790,196.750,196.750,196.790,0,0
1527617940,196.830,196.830,196.830,196.830,0,0
1527618000,196.810,196.810,196.810,196.810,6625,830209
1527618060,196.690,196.680,196.660,196.690,0,0
1527618180,196.680,196.780,196.680,196.780,0,0
1527618240,196.770,196.770,196.770,196.770,0,0
1527618300,196.860,196.730,196.730,196.860,7875,836834
1527618420,196.860,196.830,196.830,196.860,0,0
1527618480,196.950,197.030,196.950,197.080,0,0
1527618540,197.030,197.090,197.030,197.090,0,0
1527618600,197.000,197.070,197.000,197.160,6543,844709
1527618660,197.160,197.160,197.160,197.160,0,0
1527618720,197.190,197.100,197.100,197.190,0,0
1527618780,197.100,197.100,197.100,197.100,0,0
1527618900,197.150,197.060,197.060,197.240,12830,851252
1527618960,197.150,197.060,197.060,197.240,0,0
1527619020,197.070,197.030,197.030,197.070,0,0
1527619080,197.000,197.030,196.970,197.030,0,0
1527619140,197.060,196.900,196.870,197.060,0,0
1527619200,196.850,196.850,196.850,196.850,11495,864082
1527619260,196.920,196.870,196.870,196.920,0,0
1527619320,196.920,196.820,196.820,196.970,0,0
1527619380,196.850,196.750,196.750,196.850,0,0
1527619440,196.640,196.720,196.640,196.720,0,0
1527619500,196.660,196.680,196.580,196.680,9223,875577
1527619560,196.680,196.660,196.660,196.680,0,0
1527619680,196.640,196.660,196.560,196.660,0,0
1527619740,196.730,196.670,196.640,196.730,0,0
1527619800,196.520,196.540,196.470,196.540,13550,884800
1527619860,196.580,196.730,196.580,196.730,0,0
1527619920,196.630,196.560,196.530,196.630,0,0
1527619980,196.610,196.470,196.470,196.610,0,0
1527620040,196.590,196.470,196.470,196.590,0,0
1527620100,196.430,196.430,196.430,196.430,13937,898350
1527620160,196.440,196.570,196.390,196.570,0,0
1527620220,196.470,196.500,196.470,196.500,0,0
1527620280,196.450,196.390,196.390,196.450,0,0
1527620340,196.530,196.420,196.410,196.530,0,0
1527620400,196.350,196.580,196.350,196.580,23214,912287
1527620460,196.600,196.720,196.600,196.720,0,0
1527620520,196.630,196.740,196.610,196.740,0,0
1527620580,196.700,196.870,196.700,196.870,0,0
1527620640,196.830,196.690,196.680,196.830,0,0
1527620700,196.740,196.920,196.720,196.920,13001,935501
1527620760,196.860,196.890,196.780,196.890,0,0
1527620820,196.960,196.770,196.770,196.960,0,0
1527620880,196.800,196.910,196.800,196.910,0,0
1527620940,196.960,196.930,196.890,196.960,0,0
1527621000,196.960,197.070,196.960,197.070,12393,948502
1527621060,197.070,197.090,197.070,197.100,0,0
1527621120,197.130,197.060,197.060,197.130,0,0
1527621180,196.980,197.040,196.980,197.040,0,0
1527621240,196.980,196.970,196.940,196.980,0,0
1527621300,197.010,197.050,197.010,197.050,14181,960895
1527621360,196.990,196.880,196.880,196.990,0,0
1527621480,196.780,196.730,196.730,196.780,0,0
1527621540,196.760,196.710,196.710,196.820,0,0
1527621600,196.770,196.750,196.750,196.780,7129,975076
1527621660,196.750,196.750,196.750,196.750,0,0
1527621720,196.810,196.810,196.810,196.810,0,0
1527621780,196.830,196.900,196.830,196.900,0,0
1527621840,196.910,196.950,196.910,196.980,0,0
1527621900,196.950,196.920,196.920,197.010,14278,982205
1527621960,196.900,196.910,196.900,196.970,0,0
1527622020,196.860,196.860,196.860,196.860,0,0
1527622080,196.760,196.820,196.760,196.820,0,0
1527622140,196.820,196.920,196.820,196.920,0,0
1527622200,196.880,196.790,196.790,196.880,19010,996483
1527622260,196.880,196.690,196.690,196.880,0,0
1527622320,196.730,196.770,196.730,196.840,0,0
1527622380,196.760,196.760,196.760,196.760,0,0
1527622440,197.020,197.050,197.010,197.050,0,0
1527622500,197.070,197.260,197.070,197.260,11828,1015493
1527622560,197.330,197.360,197.290,197.360,0,0
1527622620,197.350,197.240,197.240,197.350,0,0
1527622680,197.280,197.310,197.270,197.320,0,0
1527622740,197.360,197.300,197.300,197.360,0,0
1527622800,197.330,197.240,197.240,197.390,18837,1027321
1527622860,197.230,197.170,197.170,197.290,0,0
1527622920,197.270,197.230,197.230,197.270,0,0
1527622980,197.290,197.340,197.270,197.340,0,0
1527623040,197.270,197.300,197.240,197.300,0,0
1527623100,197.280,197.460,197.280,197.510,26087,1046158
1527623160,197.470,197.410,197.400,197.470,0,0
1527623220,197.380,197.370,197.300,197.380,0,0
1527623280,197.350,197.300,197.280,197.350,0,0
1527623340,197.280,197.330,197.280,197.330,0,0
1527623400,197.400,197.500,197.390,197.570,24985,1072245
1527623460,197.480,197.440,197.440,197.480,0,0
1527623520,197.440,197.420,197.360,197.440,0,0
1527623580,197.460,197.390,197.370,197.460,0,0
1527623640,197.350,197.400,197.330,197.400,0,0
1527623700,197.430,197.320,197.300,197.430,252011,1097230
1527623760,197.320,197.340,197.300,197.370,0,0
1527623820,197.320,197.370,197.320,197.390,0,0
1527623880,197.380,197.330,197.330,197.380,0,0
1527623940,197.310,197.200,197.150,197.310,0,0
1527687000,198.820,198.700,198.050,198.820,14404,0
1527687060,198.820,198.700,198.050,198.820,0,0
1527687120,198.710,198.710,198.710,198.710,0,0
1527687180,199.190,199.190,199.190,199.190,0,0
1527687240,199.360,199.360,199.360,199.360,0,0
1527687300,199.160,199.360,199.160,199.360,8566,14404
1527687360,199.130,199.100,199.100,199.140,0,0
1527687420,199.250,199.070,199.070,199.250,0,0
1527687480,199.090,199.090,199.090,199.090,0,0
1527687600,199.090,198.830,198.830,199.090,4296,22970
1527687840,198.860,198.680,198.680,198.860,0,0
1527687900,198.490,198.490,198.490,198.490,3133,27266
1527687960,198.630,198.720,198.630,198.720,0,0
1527688020,198.820,198.820,198.820,198.820,0,0
1527688080,198.670,198.670,198.670,198.670,0,0
1527688200,198.650,198.710,198.650,198.710,4484,30399
1527688380,198.610,198.510,198.510,198.610,0,0
1527688440,198.590,198.590,198.590,198.590,0,0
1527688800,198.670,198.820,198.670,198.820,12749,34883
1527688860,198.700,198.780,198.700,198.780,0,0
1527688920,198.810,198.490,198.490,198.810,0,0
1527688980,198.560,198.570,198.550,198.590,0,0
1527689040,198.570,198.640,198.570,198.650,0,0
1527689100,198.650,198.490,198.490,198.650,9231,47632
1527689160,198.330,198.320,198.260,198.330,0,0
1527689220,198.320,198.330,198.320,198.330,0,0
1527689280,198.350,198.210,198.210,198.350,0,0
1527689340,198.200,198.300,198.190,198.300,0,0
1527689400,198.400,198.250,198.250,198.400,6381,56863
1527689460,198.280,198.360,198.250,198.410,0,0
1527689580,198.440,198.500,198.440,198.500,0,0
1527689640,198.610,198.540,198.540,198.610,0,0
1527689700,198.560,198.560,198.560,198.560,7358,63244
1527689760,198.560,198.560,198.560,198.560,0,0
1527689820,198.490,198.440,198.440,198.530,0,0
1527689880,198.420,198.420,198.420,198.420,0,0
1527689940,198.430,198.320,198.320,198.430,0,0
1527690000,198.390,198.340,198.340,198.390,6866,70602
1527690060,198.300,198.110,198.110,198.300,0,0
1527690120,198.120,198.150,198.120,198.200,0,0
1527690180,198.150,198.210,198.150,198.210,0,0
1527690240,198.270,198.360,198.270,198.360,0,0
1527690300,198.390,198.390,198.390,198.390,8742,77468
1527690360,198.390,198.390,198.390,198.390,0,0
1527690420,198.400,198.450,198.400,198.450,0,0
1527690480,198.410,198.640,198.410,198.640,0,0
1527690540,198.600,198.660,198.600,198.660,0,0
1527690600,198.720,198.660,198.660,198.720,5158,86210
1527690720,198.630,198.610,198.580,198.630,0,0
1527690840,198.610,198.650,198.610,198.650,0,0
1527690900,198.500,198.460,198.460,198.500,4918,91368
1527691020,198.500,198.460,198.460,198.500,0,0
1527691080,198.500,198.500,198.500,198.500,0,0
1527691140,198.620,198.620,198.620,198.620,0,0
1527691200,198.610,198.740,198.610,198.740,4388,96286
1527691320,198.610,198.740,198.610,198.740,0,0
1527691380,198.960,198.960,198.960,198.960,0,0
1527691440,199.050,199.050,199.050,199.050,0,0
1527691500,199.150,199.090,199.090,199.150,6337,100674
1527691560,199.190,199.220,199.190,199.220,0,0
1527691620,199.210,199.220,199.200,199.220,0,0
1527691680,199.210,199.210,199.210,199.210,0,0
1527691800,199.090,199.130,199.090,199.130,4316,107011
1527691860,199.250,199.220,199.200,199.250,0,0
1527691920,199.220,199.160,199.160,199.220,0,0
1527692100,199.120,199.190,199.120,199.250,4395,111327
1527692160,199.220,199.220,199.220,199.220,0,0
1527692220,199.090,199.090,199.090,199.090,0,0
1527692400,199.120,199.270,199.120,199.290,7744,115722
1527692460,199.270,199.270,199.270,199.270,0,0
1527692520,199.290,199.210,199.210,199.290,0,0
1527692640,199.130,199.130,199.130,199.130,0,0
1527692700,199.080,199.140,199.080,199.140,7098,123466
1527692760,199.060,199.060,199.060,199.060,0,0
1527692820,199.090,199.080,199.080,199.090,0,0
1527692880,199.040,199.140,199.040,199.140,0,0
1527692940,199.190,199.200,199.190,199.240,0,0
1527693000,199.240,199.210,199.210,199.240,6816,130564
1527693060,199.330,199.320,199.320,199.330,0,0
1527693120,199.280,199.300,199.280,199.320,0,0
1527693180,199.260,199.260,199.260,199.260,0,0
1527693240,199.220,199.180,199.180,199.220,0,0
1527693300,199.140,199.230,199.140,199.250,5576,137380
1527693360,199.140,199.230,199.140,199.250,0,0
1527693420,199.180,199.300,199.180,199.300,0,0
1527693480,199.280,199.250,199.250,199.280,0,0
1527693540,199.260,199.290,199.260,199.290,0,0
1527693600,199.320,199.320,199.320,199.320,3850,142956
1527693720,199.360,199.350,199.350,199.400,0,0
1527693780,199.320,199.400,199.320,199.400,0,0
1527693840,199.450,199.450,199.450,199.450,0,0
1527693900,199.500,199.430,199.430,199.500,5812,146806
1527693960,199.500,199.500,199.500,199.500,0,0
1527694020,199.500,199.510,199.500,199.550,0,0
1527694080,199.490,199.540,199.490,199.540,0,0
1527694140,199.520,199.370,199.370,199.520,0,0
1527694200,199.500,199.500,199.500,199.500,3958,152618
1527694260,199.520,199.520,199.520,199.520,0,0
1527694320,199.600,199.620,199.600,199.620,0,0
1527694380,199.710,199.710,199.710,199.710,0,0
1527694440,199.810,199.710,199.710,199.810,0,0
1527694500,199.720,199.750,199.720,199.750,8789,156576
1527694560,199.760,199.770,199.760,199.770,0,0
1527694620,199.730,199.780,199.730,199.820,0,0
1527694680,199.800,199.800,199.800,199.800,0,0
1527694740,199.830,199.810,199.780,199.830,0,0
1527694800,199.770,199.770,199.770,199.770,7601,165365
1527694860,199.610,199.610,199.610,199.610,0,0
1527694920,199.450,199.450,199.450,199.450,0,0
1527694980,199.450,199.450,199.450,199.450,0,0
1527695040,199.450,199.490,199.450,199.560,0,0
1527695100,199.490,199.430,199.430,199.490,10442,172966
1527695160,199.480,199.520,199.420,199.520,0,0
1527695220,199.540,199.470,199.470,199.540,0,0
1527695280,199.440,199.470,199.430,199.470,0,0
1527695340,199.420,199.420,199.420,199.420,0,0
1527695400,199.500,199.490,199.490,199.500,10121,183408
1527695460,199.530,199.530,199.530,199.530,0,0
1527695520,199.470,199.470,199.470,199.470,0,0
1527695580,199.530,199.440,199.440,199.530,0,0
1527695640,199.430,199.430,199.430,199.430,0,0
1527695700,199.500,199.500,199.500,199.500,6150,193529
1527695760,199.500,199.500,199.500,199.500,0,0
1527695820,199.420,199.540,199.420,199.540,0,0
1527695880,199.570,199.700,199.570,199.700,0,0
1527695940,199.680,199.680,199.680,199.680,0,0
1527696000,199.750,199.750,199.750,199.750,2434,199679
1527696060,199.880,199.940,199.880,199.940,0,0
1527696300,199.810,199.820,199.810,199.820,11343,202113
1527696360,199.790,199.800,199.790,199.850,0,0
1527696420,199.780,199.870,199.780,199.870,0,0
1527696480,199.800,199.800,199.800,199.800,0,0
1527696540,199.850,199.820,199.820,199.850,0,0
1527696600,199.820,199.850,199.810,199.850,3739,213456
1527696660,199.870,199.870,199.870,199.870,0,0
1527696780,199.910,199.910,199.910,199.910,0,0
1527696840,199.960,199.960,199.960,199.960,0,0
1527696900,199.910,199.890,199.890,199.910,8629,217195
1527696960,199.880,199.750,199.750,199.880,0,0
1527697020,199.770,199.770,199.770,199.770,0,0
1527697080,199.770,199.770,199.770,199.770,0,0
1527697140,199.690,199.830,199.690,199.830,0,0
1527697200,199.820,199.810,199.810,199.820,4371,225824
1527697260,199.900,199.870,199.870,199.900,0,0
1527697320,199.890,200.000,199.890,200.000,0,0
1527697380,199.950,199.950,199.950,199.950,0,0
1527697440,199.890,199.980,199.890,199.980,0,0
1527697500,199.940,200.000,199.940,200.070,30290,230195
1527697560,200.040,200.160,200.040,200.160,0,0
1527697620,200.150,200.080,200.080,200.150,0,0
1527697680,200.100,200.160,200.100,200.160,0,0
1527697740,200.190,200.000,200.000,200.210,0,0
1527697800,200.040,200.000,199.980,200.040,6192,260485
1527697860,200.000,199.980,199.980,200.000,0,0
1527697920,199.960,199.960,199.960,199.960,0,0
1527698100,199.930,199.940,199.930,199.940,9014,266677
1527698160,199.930,199.940,199.930,199.940,0,0
1527698280,199.760,199.740,199.710,199.760,0,0
1527698340,199.730,199.760,199.720,199.820,0,0
1527698400,199.820,199.760,199.760,199.820,9519,275691
1527698460,199.740,199.510,199.510,199.740,0,0
1527698520,199.480,199.480,199.480,199.480,0,0
1527698580,199.460,199.520,199.390,199.520,0,0
1527698640,199.540,199.550,199.540,199.550,0,0
1527698700,199.550,199.610,199.520,199.610,16746,285210
1527698760,199.660,199.630,199.630,199.670,0,0
1527698880,199.700,199.690,199.690,199.700,0,0
1527698940,199.770,199.700,199.700,199.770,0,0
1527699000,199.780,199.850,199.780,199.850,3956,301956
1527699120,199.830,199.820,199.820,199.830,0,0
1527699180,199.860,199.880,199.860,199.880,0,0
1527699240,199.870,199.930,199.870,199.930,0,0
1527699300,199.880,200.000,199.880,200.020,5293,305912
1527699420,199.980,199.980,199.980,199.980,0,0
1527699480,200.000,200.000,200.000,200.000,0,0
1527699540,200.010,200.030,200.010,200.030,0,0
1527699600,200.090,200.040,200.040,200.100,8942,311205
1527699660,200.080,200.060,200.060,200.080,0,0
1527699720,200.070,200.070,200.070,200.070,0,0
1527699780,200.080,199.950,199.950,200.090,0,0
1527699840,200.010,200.090,200.010,200.090,0,0
1527699900,199.990,200.010,199.990,200.010,7079,320147
1527699960,200.070,199.990,199.990,200.070,0,0
1527700020,200.080,200.060,200.020,200.080,0,0
1527700080,200.070,200.150,200.070,200.150,0,0
1527700140,200.090,200.080,200.080,200.090,0,0
1527700200,200.030,199.980,199.980,200.030,7916,327226
1527700260,200.020,200.010,200.010,200.020,0,0
1527700320,199.960,199.870,199.870,199.960,0,0
1527700380,199.940,199.940,199.940,199.940,0,0
1527700440,199.960,200.090,199.960,200.090,0,0
1527700500,200.190,200.200,200.190,200.200,6232,335142
1527700560,200.340,200.210,200.210,200.360,0,0
1527700680,200.210,200.290,200.210,200.290,0,0
1527700740,200.280,200.210,200.210,200.280,0,0
1527700800,200.140,200.200,200.140,200.220,6723,341374
1527700860,200.240,200.220,200.220,200.240,0,0
1527700920,200.240,200.180,200.180,200.240,0,0
1527700980,200.100,200.080,200.080,200.100,0,0
1527701040,200.100,200.100,200.100,200.100,0,0
1527701100,200.030,200.230,200.030,200.230,4934,348097
1527701160,200.170,200.150,200.150,200.170,0,0
1527701220,200.120,200.120,200.120,200.120,0,0
1527701340,200.130,200.060,200.050,200.130,0,0
1527701400,200.020,200.040,200.010,200.070,4792,353031
1527701520,199.950,199.950,199.950,199.950,0,0
1527701580,199.940,199.940,199.940,199.940,0,0
1527701640,199.900,199.940,199.900,199.940,0,0
1527701700,199.990,199.930,199.930,199.990,5030,357823
1527701940,199.930,200.000,199.930,200.000,0,0
1527702000,200.040,200.040,200.040,200.040,7030,362853
1527702060,200.040,200.010,200.010,200.040,0,0
1527702120,200.060,200.060,200.060,200.060,0,0
1527702180,200.100,200.100,200.100,200.100,0,0
1527702240,200.160,200.160,200.160,200.160,0,0
1527702300,200.160,200.190,200.160,200.190,7720,369883
1527702360,200.140,200.180,200.060,200.180,0,0
1527702420,200.210,200.210,200.210,200.210,0,0
1527702480,200.160,200.060,200.060,200.160,0,0
1527702540,200.140,200.180,200.140,200.180,0,0
1527702600,200.070,200.120,200.070,200.120,4929,377603
1527702660,200.070,200.120,200.070,200.120,0,0
1527702720,200.020,200.010,200.010,200.100,0,0
1527702840,200.000,200.020,200.000,200.020,0,0
1527702900,200.040,200.060,200.040,200.060,6000,382532
1527702960,200.090,200.170,200.090,200.170,0,0
1527703020,200.180,200.180,200.180,200.180,0,0
1527703080,200.150,200.130,200.130,200.150,0,0
1527703140,200.100,200.100,200.100,200.100,0,0
1527703200,200.090,200.180,200.090,200.180,4655,388532
1527703380,200.120,200.100,200.040,200.120,0,0
1527703440,200.030,200.020,200.020,200.030,0,0
1527703500,200.000,200.040,199.980,200.040,14605,393187
1527703560,200.020,200.010,199.940,200.020,0,0
1527703620,200.000,199.950,199.950,200.000,0,0
1527703740,199.880,199.900,199.880,199.940,0,0
1527703800,199.980,199.990,199.980,199.990,3871,407792
1527703860,199.990,199.990,199.990,199.990,0,0
1527704040,199.890,199.850,199.850,199.890,0,0
1527704100,199.860,199.860,199.860,199.860,7066,411663
1527704160,199.820,199.820,199.820,199.820,0,0
1527704220,199.820,199.780,199.780,199.820,0,0
1527704280,199.820,199.740,199.740,199.850,0,0
1527704340,199.830,199.830,199.830,199.830,0,0
1527704400,199.750,199.750,199.750,199.750,2700,418729
1527704460,199.780,199.740,199.740,199.780,0,0
1527704520,199.730,199.730,199.730,199.730,0,0
1527704580,199.720,199.720,199.720,199.720,0,0
1527704640,199.720,199.670,199.670,199.720,0,0
1527704700,199.670,199.680,199.670,199.710,3498,421429
1527704820,199.680,199.740,199.680,199.740,0,0
1527704940,199.710,199.770,199.710,199.770,0,0
1527705000,199.740,199.790,199.740,199.790,7297,424927
1527705060,199.760,199.760,199.760,199.760,0,0
1527705120,199.820,199.860,199.820,199.860,0,0
1527705180,199.930,199.890,199.890,199.930,0,0
1527705240,200.000,199.990,199.990,200.040,0,0
1527705300,199.900,199.960,199.900,199.960,6061,432224
1527705360,199.910,199.910,199.910,199.910,0,0
1527705420,199.890,199.850,199.850,199.890,0,0
1527705480,199.880,199.880,199.880,199.880,0,0
1527705540,199.910,199.940,199.910,199.940,0,0
1527705600,199.910,199.910,199.910,199.910,4949,438285
1527705660,199.920,199.860,199.860,199.920,0,0
1527705780,199.800,199.800,199.800,199.800,0,0
1527705840,199.820,199.830,199.820,199.830,0,0
1527705900,199.820,199.840,199.820,199.840,4082,443234
1527705960,199.820,199.840,199.820,199.840,0,0
1527706020,199.720,199.720,199.720,199.720,0,0
1527706080,199.710,199.710,199.710,199.710,0,0
1527706200,199.730,199.700,199.690,199.750,10665,447316
1527706260,199.700,199.700,199.700,199.700,0,0
1527706320,199.650,199.660,199.610,199.660,0,0
1527706380,199.630,199.660,199.630,199.660,0,0
1527706440,199.630,199.570,199.570,199.630,0,0
1527706500,199.550,199.510,199.510,199.570,9514,457981
1527706560,199.540,199.610,199.540,199.610,0,0
1527706680,199.600,199.580,199.580,199.600,0,0
1527706740,199.530,199.570,199.530,199.570,0,0
1527706800,199.600,199.640,199.600,199.640,11225,467495
1527706860,199.640,199.650,199.640,199.680,0,0
1527706920,199.670,199.690,199.670,199.690,0,0
1527706980,199.630,199.600,199.600,199.630,0,0
1527707040,199.600,199.550,199.550,199.660,0,0
1527707100,199.520,199.480,199.480,199.520,8498,478720
1527707160,199.540,199.530,199.500,199.540,0,0
1527707280,199.400,199.410,199.400,199.410,0,0
1527707340,199.380,199.330,199.330,199.380,0,0
1527707400,199.300,199.360,199.300,199.360,6229,487218
1527707460,199.320,199.330,199.320,199.330,0,0
1527707520,199.330,199.330,199.330,199.330,0,0
1527707580,199.270,199.270,199.270,199.270,0,0
1527707640,199.330,199.350,199.330,199.350,0,0
1527707700,199.300,199.290,199.290,199.300,6454,493447
1527707760,199.320,199.360,199.320,199.360,0,0
1527707820,199.440,199.410,199.410,199.440,0,0
1527707880,199.360,199.300,199.300,199.360,0,0
1527707940,199.300,199.340,199.300,199.340,0,0
1527708000,199.390,199.390,199.390,199.390,9637,499901
1527708060,199.400,199.400,199.400,199.400,0,0
1527708120,199.430,199.420,199.420,199.430,0,0
1527708180,199.460,199.460,199.460,199.460,0,0
1527708240,199.490,199.460,199.450,199.490,0,0
1527708300,199.460,199.450,199.450,199.490,14154,509538
1527708360,199.460,199.490,199.460,199.490,0,0
1527708420,199.480,199.470,199.470,199.480,0,0
1527708480,199.460,199.420,199.420,199.460,0,0
1527708540,199.400,199.370,199.370,199.460,0,0
1527708600,199.320,199.300,199.300,199.320,10646,523692
1527708660,199.260,199.280,199.260,199.280,0,0
1527708720,199.330,199.360,199.300,199.360,0,0
1527708780,199.380,199.390,199.380,199.430,0,0
1527708840,199.370,199.330,199.330,199.370,0,0
1527708900,199.320,199.290,199.290,199.320,18613,534338
1527708960,199.310,199.310,199.310,199.310,0,0
1527709020,199.310,199.290,199.290,199.310,0,0
1527709080,199.280,199.220,199.220,199.290,0,0
1527709140,199.250,199.270,199.250,199.310,0,0
1527709200,199.250,199.240,199.210,199.250,13182,552951
1527709260,199.210,199.320,199.210,199.320,0,0
1527709320,199.350,199.330,199.320,199.350,0,0
1527709380,199.330,199.400,199.330,199.400,0,0
1527709440,199.410,199.460,199.410,199.500,0,0
1527709500,199.350,199.360,199.330,199.370,24067,566133
1527709560,199.330,199.260,199.260,199.360,0,0
1527709620,199.280,199.310,199.280,199.350,0,0
1527709680,199.290,199.480,199.290,199.480,0,0
1527709740,199.480,199.500,199.480,199.540,0,0
1527709800,199.560,199.540,199.500,199.580,30148,590200
1527709860,199.520,199.480,199.480,199.530,0,0
1527709920,199.480,199.450,199.450,199.510,0,0
1527709980,199.430,199.480,199.430,199.490,0,0
1527710040,199.470,199.590,199.470,199.590,0,0
1527710100,199.530,199.520,199.500,199.530,92318,620348
1527710160,199.530,199.510,199.510,199.530,0,0
1527710220,199.510,199.530,199.510,199.530,0,0
1527710280,199.520,199.490,199.490,199.550,0,0
1527710340,199.490,199.520,199.480,199.550,0,0
1527773400,199.240,198.610,198.610,199.240,17967,0
1527773460,198.650,198.650,198.650,198.650,0,0
1527773520,198.550,198.600,198.500,198.600,0,0
1527773580,198.930,198.930,198.930,198.930,0,0
1527773640,199.260,199.300,199.260,199.380,0,0
1527773700,198.850,198.840,198.840,198.970,14168,17967
1527773760,198.840,198.860,198.740,198.970,0,0
1527773820,198.780,199.130,198.780,199.130,0,0
1527773880,199.200,199.130,199.130,199.380,0,0
1527773940,199.100,199.280,199.100,199.280,0,0
1527774000,199.320,199.310,199.310,199.330,11681,32135
1527774060,199.400,199.480,199.400,199.570,0,0
1527774120,199.570,199.220,199.220,199.570,0,0
1527774180,199.090,198.920,198.800,199.090,0,0
1527774240,198.980,198.990,198.980,199.140,0,0
1527774300,199.010,198.900,198.900,199.010,13041,43816
1527774360,198.980,198.980,198.980,198.980,0,0
1527774420,199.000,198.830,198.830,199.000,0,0
1527774480,198.790,198.830,198.790,198.830,0,0
1527774540,198.880,198.840,198.840,198.880,0,0
1527774600,198.830,198.830,198.830,198.830,12239,56857
1527774660,198.860,198.960,198.840,198.960,0,0
1527774720,199.030,198.890,198.890,199.030,0,0
1527774780,198.770,198.810,198.770,198.810,0,0
1527774840,199.000,199.000,199.000,199.000,0,0
1527774900,198.950,198.950,198.950,198.950,14180,69096
1527774960,199.000,198.980,198.980,199.000,0,0
1527775020,198.940,198.870,198.870,198.940,0,0
1527775080,198.910,198.910,198.910,198.910,0,0
1527775140,198.920,199.350,198.920,199.350,0,0
1527775200,199.280,199.290,199.270,199.290,9903,83276
1527775260,199.400,199.430,199.400,199.430,0,0
1527775320,199.470,199.420,199.420,199.480,0,0
1527775440,199.330,199.150,199.150,199.330,0,0
1527775500,199.230,199.000,199.000,199.230,11282,93179
1527775560,198.940,199.070,198.940,199.070,0,0
1527775680,199.120,198.990,198.990,199.120,0,0
1527775740,198.850,198.880,198.850,198.880,0,0
1527775800,198.830,198.860,198.750,198.860,12989,104461
1527775860,198.840,198.930,198.840,198.930,0,0
1527775920,198.830,198.810,198.810,198.830,0,0
1527776040,198.820,198.970,198.810,198.970,0,0
1527776100,198.900,198.810,198.810,198.900,11568,117450
1527776160,198.760,198.760,198.760,198.760,0,0
1527776220,198.810,198.820,198.810,198.820,0,0
1527776340,198.840,198.540,198.540,198.840,0,0
1527776400,198.620,198.620,198.620,198.620,4565,129018
1527776460,198.620,198.620,198.620,198.620,0,0
1527776520,198.690,198.640,198.640,198.690,0,0
1527776580,198.550,198.530,198.530,198.550,0,0
1527776640,198.450,198.370,198.340,198.450,0,0
1527776700,198.270,198.280,198.270,198.280,5589,133583
1527776760,198.330,198.350,198.330,198.350,0,0
1527776820,198.410,198.450,198.410,198.450,0,0
1527776880,198.470,198.510,198.470,198.510,0,0
1527776940,198.560,198.570,198.560,198.570,0,0
1527777000,198.550,198.570,198.480,198.570,11728,139172
1527777060,198.690,198.690,198.690,198.690,0,0
1527777180,198.680,198.750,198.680,198.750,0,0
1527777240,198.760,198.640,198.640,198.760,0,0
1527777300,198.690,198.700,198.690,198.700,4788,150900
1527777360,198.750,198.750,198.750,198.750,0,0
1527777420,198.720,198.650,198.650,198.720,0,0
1527777480,198.760,198.760,198.760,198.760,0,0
1527777540,198.800,198.760,198.760,198.800,0,0
1527777600,198.770,198.770,198.770,198.770,5962,155688
1527777660,198.950,198.950,198.950,198.950,0,0
1527777720,198.930,198.960,198.930,198.960,0,0
1527777780,198.920,198.820,198.820,198.940,0,0
1527777840,198.780,198.760,198.700,198.780,0,0
1527777900,198.690,198.690,198.690,198.690,8611,161650
1527777960,198.690,198.630,198.630,198.690,0,0
1527778020,198.630,198.580,198.580,198.630,0,0
1527778080,198.490,198.450,198.350,198.490,0,0
1527778140,198.300,198.320,198.300,198.320,0,0
1527778200,198.380,198.520,198.380,198.520,3980,170261
1527778260,198.380,198.520,198.380,198.520,0,0
1527778320,198.630,198.660,198.630,198.660,0,0
1527778380,198.710,198.710,198.710,198.710,0,0
1527778500,198.640,198.640,198.640,198.640,5457,174241
1527778560,198.600,198.600,198.600,198.600,0,0
1527778620,198.550,198.590,198.550,198.650,0,0
1527778680,198.590,198.590,198.590,198.590,0,0
1527778740,198.660,198.840,198.660,198.840,0,0
1527778800,198.580,198.770,198.560,198.770,6984,179698
1527778860,198.780,198.770,198.760,198.780,0,0
1527778920,198.750,198.750,198.750,198.750,0,0
1527778980,198.840,198.840,198.840,198.840,0,0
1527779040,198.880,198.880,198.880,198.880,0,0
1527779100,198.820,198.830,198.820,198.830,7541,186682
1527779160,198.820,198.830,198.820,198.830,0,0
1527779220,198.860,198.860,198.860,198.860,0,0
1527779280,198.880,198.840,198.740,198.880,0,0
1527779340,198.810,198.730,198.730,198.810,0,0
1527779400,198.820,198.870,198.820,198.870,4033,194223
1527779460,198.890,198.890,198.890,198.890,0,0
1527779520,198.860,198.840,198.830,198.860,0,0
1527779580,198.960,198.960,198.960,198.960,0,0
1527779640,198.960,198.930,198.930,198.960,0,0
1527779700,198.950,198.920,198.920,198.960,7332,198256
1527779760,198.850,198.940,198.850,198.940,0,0
1527779820,198.940,198.940,198.940,198.940,0,0
1527779880,198.940,198.810,198.810,198.940,0,0
1527779940,198.820,198.820,198.820,198.820,0,0
1527780000,198.930,199.010,198.930,199.010,4904,205588
1527780060,198.980,198.970,198.970,198.980,0,0
1527780120,198.940,198.820,198.790,198.940,0,0
1527780180,198.810,198.810,198.810,198.810,0,0
1527780300,198.880,198.880,198.880,198.880,12610,210492
1527780360,198.880,198.890,198.840,198.890,0,0
1527780420,199.080,199.080,199.080,199.080,0,0
1527780480,199.120,199.030,199.010,199.120,0,0
1527780540,199.190,199.130,199.130,199.190,0,0
1527780600,199.200,198.910,198.890,199.200,14278,223102
1527780660,198.920,198.870,198.870,198.920,0,0
1527780720,198.890,198.960,198.890,198.960,0,0
1527780780,198.960,198.890,198.890,198.960,0,0
1527780840,198.910,198.890,198.890,198.910,0,0
1527780900,198.920,198.920,198.920,198.920,6219,237380
1527780960,198.890,198.890,198.890,198.890,0,0
1527781020,198.940,198.980,198.940,198.980,0,0
1527781080,199.050,199.120,199.050,199.120,0,0
1527781140,199.130,199.030,199.030,199.240,0,0
1527781200,199.070,199.190,199.070,199.190,9350,243599
1527781260,199.230,199.230,199.230,199.230,0,0
1527781320,199.280,199.280,199.280,199.280,0,0
1527781380,199.160,199.130,199.120,199.160,0,0
1527781440,199.150,199.240,199.150,199.240,0,0
1527781500,199.170,199.170,199.170,199.170,5049,252949
1527781560,199.170,199.170,199.170,199.170,0,0
1527781620,199.200,199.200,199.200,199.200,0,0
1527781680,199.190,199.190,199.190,199.190,0,0
1527781740,199.180,199.180,199.180,199.180,0,0
1527781800,199.110,199.160,199.110,199.160,4988,257998
1527781860,199.090,199.090,199.090,199.090,0,0
1527781920,199.110,199.070,199.070,199.110,0,0
1527782040,199.140,199.140,199.140,199.140,0,0
1527782100,199.200,199.110,199.110,199.200,10450,262986
1527782160,199.120,199.020,199.020,199.140,0,0
1527782220,198.970,198.940,198.940,199.060,0,0
1527782280,198.950,198.950,198.950,198.950,0,0
1527782340,198.910,198.910,198.910,198.910,0,0
1527782400,198.950,198.950,198.950,198.950,3517,273436
1527782460,198.960,198.920,198.920,198.960,0,0
1527782580,198.930,198.930,198.930,198.930,0,0
1527782700,198.880,198.880,198.880,198.880,4310,276953
1527782760,198.880,198.880,198.880,198.880,0,0
1527782880,198.760,198.760,198.760,198.760,0,0
1527782940,198.680,198.650,198.650,198.680,0,0
1527783000,198.610,198.740,198.610,198.740,2010,281263
1527783300,198.780,198.740,198.740,198.780,5690,283273
1527783360,198.740,198.740,198.740,198.740,0,0
1527783540,198.840,198.840,198.840,198.840,0,0
1527783600,198.830,198.770,198.770,198.830,5597,288963
1527783660,198.830,198.770,198.770,198.830,0,0
1527783720,198.720,198.780,198.720,198.780,0,0
1527783780,198.770,198.730,198.730,198.770,0,0
1527783840,198.770,198.770,198.770,198.770,0,0
1527783900,198.760,198.680,198.680,198.760,11347,294560
1527783960,198.710,198.700,198.700,198.710,0,0
1527784020,198.600,198.590,198.580,198.610,0,0
1527784080,198.620,198.520,198.520,198.620,0,0
1527784140,198.590,198.660,198.590,198.660,0,0
1527784200,198.710,198.600,198.600,198.710,9060,305907
1527784260,198.710,198.600,198.600,198.710,0,0
1527784320,198.600,198.560,198.560,198.600,0,0
1527784380,198.560,198.580,198.540,198.600,0,0
1527784440,198.530,198.510,198.500,198.530,0,0
1527784500,198.520,198.520,198.520,198.520,4899,314967
1527784560,198.540,198.410,198.410,198.540,0,0
1527784620,198.440,198.500,198.440,198.500,0,0
1527784740,198.510,198.510,198.510,198.510,0,0
1527784800,198.490,198.370,198.370,198.490,10041,319866
1527784860,198.480,198.470,198.470,198.480,0,0
1527784980,198.590,198.550,198.550,198.590,0,0
1527785040,198.510,198.550,198.510,198.550,0,0
1527785100,198.510,198.510,198.510,198.510,13388,329907
1527785160,198.520,198.520,198.520,198.520,0,0
1527785220,198.450,198.480,198.450,198.500,0,0
1527785280,198.510,198.420,198.420,198.510,0,0
1527785340,198.480,198.440,198.440,198.480,0,0
1527785400,198.400,198.400,198.400,198.400,5999,343295
1527785460,198.400,198.400,198.400,198.400,0,0
1527785520,198.390,198.390,198.390,198.390,0,0
1527785580,198.290,198.290,198.290,198.290,0,0
1527785640,198.300,198.300,198.300,198.300,0,0
1527785700,198.230,198.170,198.170,198.230,10346,349294
1527785760,198.090,198.090,198.090,198.090,0,0
1527785880,198.050,198.100,198.050,198.100,0,0
1527785940,198.100,198.190,198.100,198.190,0,0
1527786000,198.240,198.190,198.190,198.240,3476,359640
1527786180,198.200,198.200,198.200,198.200,0,0
1527786300,198.470,198.480,198.470,198.480,6341,363116
1527786360,198.510,198.460,198.460,198.510,0,0
1527786420,198.400,198.400,198.400,198.400,0,0
1527786540,198.410,198.520,198.410,198.520,0,0
1527786600,198.390,198.390,198.390,198.390,8226,369457
1527786660,198.310,198.310,198.310,198.310,0,0
1527786720,198.350,198.310,198.310,198.350,0,0
1527786780,198.210,198.220,198.210,198.220,0,0
1527786840,198.170,198.240,198.170,198.240,0,0
1527786900,198.250,198.310,198.250,198.310,7805,377683
1527787020,198.380,198.350,198.350,198.380,0,0
1527787080,198.360,198.360,198.360,198.360,0,0
1527787140,198.360,198.360,198.360,198.360,0,0
1527787200,198.310,198.310,198.310,198.310,9640,385488
1527787260,198.240,198.240,198.240,198.240,0,0
1527787320,198.180,198.100,198.100,198.220,0,0
1527787380,198.170,198.100,198.100,198.170,0,0
1527787440,198.120,198.140,198.080,198.140,0,0
1527787500,198.070,198.080,198.070,198.120,10542,395128
1527787560,198.070,198.080,198.070,198.120,0,0
1527787620,198.020,198.020,198.020,198.020,0,0
1527787680,198.000,198.060,198.000,198.060,0,0
1527787740,198.100,198.070,198.070,198.100,0,0
1527787800,198.020,197.860,197.860,198.060,11699,405670
1527787860,198.030,197.970,197.970,198.030,0,0
1527787920,197.910,197.940,197.910,197.940,0,0
1527787980,197.940,197.880,197.880,197.940,0,0
1527788040,197.850,197.830,197.800,197.850,0,0
1527788100,197.760,197.720,197.720,197.760,11488,417369
1527788160,197.710,197.700,197.700,197.720,0,0
1527788220,197.710,197.710,197.710,197.710,0,0
1527788340,197.710,197.690,197.670,197.710,0,0
1527788400,197.660,197.640,197.640,197.670,16195,428857
1527788460,197.670,197.640,197.640,197.680,0,0
1527788520,197.660,197.620,197.620,197.660,0,0
1527788580,197.620,197.550,197.550,197.620,0,0
1527788640,197.570,197.550,197.540,197.570,0,0
1527788700,197.580,197.550,197.550,197.580,14412,445052
1527788760,197.600,197.540,197.540,197.600,0,0
1527788820,197.530,197.480,197.480,197.530,0,0
1527788880,197.430,197.430,197.430,197.430,0,0
1527788940,197.430,197.370,197.370,197.450,0,0
1527789000,197.380,197.380,197.380,197.380,8905,459464
1527789060,197.400,197.290,197.290,197.400,0,0
1527789120,197.360,197.310,197.310,197.360,0,0
1527789180,197.410,197.480,197.410,197.500,0,0
1527789240,197.560,197.550,197.550,197.610,0,0
1527789300,197.550,197.550,197.550,197.550,7798,468369
1527789360,197.480,197.370,197.370,197.480,0,0
1527789420,197.380,197.380,197.380,197.380,0,0
1527789480,197.270,197.250,197.220,197.270,0,0
1527789540,197.250,197.410,197.250,197.410,0,0
1527789600,197.300,197.230,197.230,197.300,7302,476167
1527789660,197.300,197.170,197.170,197.300,0,0
1527789780,197.220,197.310,197.220,197.310,0,0
1527789840,197.380,197.430,197.380,197.430,0,0
1527789900,197.430,197.430,197.430,197.430,10578,483469
1527789960,197.470,197.480,197.470,197.520,0,0
1527790020,197.400,197.430,197.400,197.430,0,0
1527790080,197.410,197.390,197.390,197.410,0,0
1527790140,197.240,197.190,197.190,197.240,0,0
1527790200,197.280,197.320,197.280,197.320,5963,494047
1527790260,197.310,197.310,197.310,197.310,0,0
1527790320,197.380,197.370,197.370,197.380,0,0
1527790380,197.340,197.350,197.320,197.430,0,0
1527790440,197.370,197.480,197.370,197.480,0,0
1527790500,197.480,197.710,197.480,197.710,11336,500010
1527790560,197.640,197.590,197.590,197.640,0,0
1527790620,197.610,197.590,197.590,197.610,0,0
1527790680,197.590,197.560,197.560,197.590,0,0
1527790740,197.530,197.530,197.530,197.530,0,0
1527790800,197.480,197.440,197.440,197.480,8554,511346
1527790920,197.470,197.470,197.470,197.470,0,0
1527790980,197.470,197.510,197.470,197.510,0,0
1527791040,197.500,197.470,197.450,197.540,0,0
1527791100,197.460,197.410,197.370,197.460,9620,519900
1527791220,197.410,197.410,197.410,197.410,0,0
1527791280,197.390,197.350,197.340,197.390,0,0
1527791340,197.330,197.330,197.330,197.330,0,0
1527791400,197.360,197.280,197.280,197.360,24067,529520
1527791460,197.220,197.170,197.170,197.220,0,0
1527791520,197.160,197.120,197.120,197.180,0,0
1527791580,197.120,197.130,197.100,197.130,0,0
1527791640,197.100,197.130,197.070,197.140,0,0
1527791700,197.100,197.080,197.060,197.130,15728,553587
1527791760,197.080,196.980,196.980,197.080,0,0
1527791820,196.970,196.970,196.970,196.970,0,0
1527791880,196.950,197.000,196.950,197.000,0,0
1527791940,197.010,197.010,197.010,197.010,0,0
1527792000,197.000,196.980,196.980,197.000,12099,569315
1527792060,196.970,196.900,196.890,196.970,0,0
1527792120,196.900,196.980,196.900,197.030,0,0
1527792180,197.040,197.020,197.020,197.040,0,0
1527792240,197.020,197.110,197.020,197.110,0,0
1527792300,197.190,197.190,197.190,197.190,17972,581414
1527792360,197.220,197.210,197.170,197.220,0,0
1527792420,197.290,197.340,197.290,197.340,0,0
1527792480,197.360,197.250,197.250,197.360,0,0
1527792540,197.260,197.230,197.230,197.260,0,0
1527792600,197.220,197.230,197.220,197.230,13169,599386
1527792660,197.230,197.250,197.230,197.250,0,0
1527792720,197.260,197.260,197.260,197.260,0,0
1527792780,197.240,197.250,197.230,197.260,0,0
1527792840,197.180,197.250,197.180,197.250,0,0
1527792900,197.290,197.230,197.230,197.290,11532,612555
1527792960,197.220,197.220,197.220,197.220,0,0
1527793020,197.170,197.190,197.170,197.190,0,0
1527793080,197.110,197.140,197.110,197.140,0,0
1527793140,197.160,197.180,197.140,197.210,0,0
1527793200,197.190,197.240,197.190,197.270,19254,624087
1527793260,197.240,197.210,197.190,197.250,0,0
1527793320,197.140,197.140,197.140,197.140,0,0
1527793380,197.160,197.180,197.150,197.180,0,0
1527793440,197.160,197.120,197.040,197.160,0,0
1527793500,197.200,197.210,197.190,197.210,11034,643341
1527793560,197.210,197.230,197.210,197.260,0,0
1527793620,197.240,197.250,197.240,197.250,0,0
1527793680,197.370,197.520,197.370,197.520,0,0
1527793740,197.560,197.570,197.560,197.570,0,0
1527793800,197.530,197.560,197.530,197.560,15098,654375
1527793860,197.530,197.520,197.520,197.530,0,0
1527793920,197.550,197.500,197.490,197.550,0,0
1527793980,197.530,197.530,197.530,197.530,0,0
1527794040,197.490,197.520,197.480,197.520,0,0
1527794100,197.480,197.490,197.480,197.490,19630,669473
1527794160,197.400,197.310,197.310,197.400,0,0
1527794220,197.300,197.220,197.220,197.310,0,0
1527794280,197.260,197.350,197.260,197.350,0,0
1527794340,197.340,197.280,197.270,197.340,0,0
1527794400,197.280,197.260,197.240,197.280,14473,689103
1527794460,197.210,197.230,197.210,197.230,0,0
1527794520,197.250,197.320,197.250,197.320,0,0
1527794580,197.380,197.350,197.330,197.380,0,0
1527794640,197.420,197.200,197.200,197.420,0,0
1527794700,197.250,197.270,197.250,197.270,9904,703576
1527794760,197.270,197.280,197.270,197.280,0,0
1527794820,197.260,197.240,197.240,197.280,0,0
1527794880,197.270,197.350,197.270,197.360,0,0
1527794940,197.320,197.320,197.320,197.320,0,0
1527795000,197.330,197.230,197.230,197.330,17904,713480
1527795060,197.250,197.280,197.240,197.280,0,0
1527795120,197.270,197.210,197.170,197.270,0,0
1527795180,197.240,197.160,197.140,197.240,0,0
1527795240,197.160,197.140,197.140,197.160,0,0
1527795300,197.190,197.310,197.190,197.310,23504,731384
1527795360,197.320,197.390,197.320,197.390,0,0
1527795420,197.460,197.410,197.390,197.460,0,0
1527795480,197.370,197.410,197.370,197.430,0,0
1527795540,197.400,197.370,197.330,197.430,0,0
1527795600,197.380,197.440,197.380,197.450,19524,754888
1527795660,197.420,197.350,197.310,197.420,0,0
1527795720,197.360,197.370,197.360,197.400,0,0
1527795780,197.360,197.280,197.280,197.360,0,0
1527795840,197.320,197.280,197.280,197.330,0,0
1527795900,197.310,197.500,197.310,197.500,41653,774412
1527795960,197.580,197.630,197.580,197.630,0,0
1527796020,197.570,197.680,197.570,197.680,0,0
1527796080,197.690,197.860,197.690,197.860,0,0
1527796140,197.840,197.750,197.750,197.840,0,0
1527796200,197.630,197.550,197.500,197.630,34030,816065
1527796260,197.540,197.590,197.540,197.600,0,0
1527796320,197.610,197.660,197.610,197.670,0,0
1527796380,197.660,197.670,197.640,197.680,0,0
1527796440,197.650,197.620,197.620,197.670,0,0
1527796500,197.660,197.520,197.520,197.660,495553,850095
1527796560,197.540,197.570,197.540,197.600,0,0
1527796620,197.570,197.600,197.550,197.660,0,0
1527796680,197.620,197.590,197.590,197.710,0,0
1527796740,197.660,197.500,197.500,197.750,0,0
