1512138600,8.200,8.200,8.200,8.200,0,0
1512138660,8.200,8.200,8.200,8.200,0,0
1512138720,8.200,8.200,8.200,8.200,0,0
1512138780,8.200,8.200,8.200,8.200,0,0
1512138840,8.200,8.200,8.200,8.200,0,0
1512138900,8.200,8.200,8.200,8.200,0,0
1512138960,8.200,8.200,8.200,8.200,0,0
1512139020,8.200,8.200,8.200,8.200,0,0
1512139080,8.200,8.200,8.200,8.200,0,0
1512139140,8.200,8.200,8.200,8.200,0,0
1512139200,8.200,8.200,8.200,8.200,0,0
1512139260,8.200,8.200,8.200,8.200,0,0
1512139320,8.200,8.200,8.200,8.200,0,0
1512139380,8.200,8.200,8.200,8.200,0,0
1512139440,8.200,8.200,8.200,8.200,0,0
1512139500,8.200,8.200,8.200,8.200,109,0
1512139560,8.200,8.200,8.200,8.200,105,0
1512139620,8.200,8.200,8.200,8.200,105,0
1512139680,8.210,8.200,8.200,8.210,105,0
1512139740,8.200,8.200,8.200,8.200,105,0
1512139800,8.200,8.200,8.200,8.200,105,0
1512139860,8.200,8.200,8.200,8.200,105,0
1512139920,8.200,8.200,8.200,8.200,105,0
1512139980,8.200,8.200,8.200,8.200,105,0
1512140040,8.200,8.200,8.200,8.200,105,0
1512140100,8.200,8.200,8.200,8.200,105,0
1512140160,8.200,8.200,8.200,8.200,105,0
1512140220,8.200,8.200,8.200,8.200,105,0
1512140280,8.200,8.200,8.200,8.200,105,0
1512140340,8.200,8.200,8.200,8.200,105,0
1512140400,8.200,8.200,8.200,8.200,105,0
1512140460,8.200,8.200,8.200,8.200,105,0
1512140520,8.200,8.200,8.200,8.200,105,0
1512140580,8.200,8.200,8.200,8.200,105,0
1512140640,8.200,8.200,8.200,8.200,105,0
1512140700,8.200,8.200,8.200,8.200,105,0
1512140760,8.200,8.200,8.200,8.200,105,0
1512140820,8.200,8.200,8.200,8.200,105,0
1512140880,8.200,8.200,8.200,8.200,105,0
1512140940,8.200,8.200,8.200,8.200,105,0
1512141000,8.200,8.200,8.200,8.200,106,529
1512141060,8.250,8.250,8.250,8.250,105,529
1512141120,8.250,8.250,8.250,8.250,105,529
1512141180,8.250,8.250,8.250,8.250,105,529
1512141240,8.250,8.250,8.250,8.250,105,529
1512141300,8.250,8.250,8.250,8.250,105,529
1512141360,8.250,8.250,8.250,8.250,105,529
1512141420,8.250,8.250,8.250,8.250,105,529
1512141480,8.250,8.250,8.250,8.250,105,529
1512141540,8.250,8.250,8.250,8.250,105,529
1512141600,8.200,8.200,8.200,8.200,45,1055
1512141660,8.200,8.200,8.200,8.200,45,1055
1512141720,8.200,8.200,8.200,8.200,45,1055
1512141780,8.200,8.200,8.200,8.200,45,1055
1512141840,8.200,8.200,8.200,8.200,45,1055
1512141900,8.350,8.350,8.350,8.350,27,1280
1512141960,8.350,8.350,8.350,8.350,27,1280
1512142020,8.350,8.350,8.350,8.350,27,1280
1512142080,8.350,8.350,8.350,8.350,27,1280
1512142140,8.350,8.350,8.350,8.350,27,1280
1512142200,8.350,8.350,8.350,8.350,27,1280
1512142260,8.350,8.350,8.350,8.350,27,1280
1512142320,8.350,8.350,8.350,8.350,27,1280
1512142380,8.350,8.350,8.350,8.350,27,1280
1512142440,8.350,8.350,8.350,8.350,27,1280
1512142500,8.350,8.350,8.350,8.350,20,1415
1512142560,8.350,8.350,8.350,8.350,20,1415
1512142620,8.350,8.350,8.350,8.350,20,1415
1512142680,8.350,8.350,8.350,8.350,20,1415
1512142740,8.350,8.350,8.350,8.350,20,1415
1512142800,8.350,8.350,8.350,8.350,686,1515
1512142860,8.350,8.350,8.350,8.350,686,1515
1512142920,8.270,8.270,8.270,8.270,686,1515
1512142980,8.270,8.270,8.270,8.270,686,1515
1512143040,8.270,8.270,8.270,8.270,686,1515
1512143100,8.270,8.270,8.270,8.270,686,1515
1512143160,8.270,8.270,8.270,8.270,686,1515
1512143220,8.270,8.270,8.270,8.270,686,1515
1512143280,8.270,8.270,8.270,8.270,686,1515
1512143340,8.270,8.270,8.270,8.270,686,1515
1512143400,8.350,8.350,8.350,8.350,20,4945
1512143460,8.350,8.350,8.350,8.350,20,4945
1512143520,8.350,8.350,8.350,8.350,20,4945
1512143580,8.350,8.350,8.350,8.350,20,4945
1512143640,8.350,8.350,8.350,8.350,20,4945
1512143700,8.350,8.350,8.350,8.350,20,4945
1512143760,8.350,8.350,8.350,8.350,20,4945
1512143820,8.350,8.350,8.350,8.350,20,4945
1512143880,8.350,8.350,8.350,8.350,20,4945
1512143940,8.350,8.350,8.350,8.350,20,4945
1512144000,8.350,8.350,8.350,8.350,20,4945
1512144060,8.350,8.350,8.350,8.350,20,4945
1512144120,8.350,8.350,8.350,8.350,20,4945
1512144180,8.350,8.350,8.350,8.350,20,4945
1512144240,8.350,8.350,8.350,8.350,20,4945
1512144300,8.350,8.350,8.350,8.350,20,4945
1512144360,8.350,8.350,8.350,8.350,20,4945
1512144420,8.350,8.350,8.350,8.350,20,4945
1512144480,8.350,8.350,8.350,8.350,20,4945
1512144540,8.350,8.350,8.350,8.350,20,4945
1512144600,8.350,8.350,8.350,8.350,20,4945
1512144660,8.350,8.350,8.350,8.350,20,4945
1512144720,8.350,8.350,8.350,8.350,20,4945
1512144780,8.350,8.350,8.350,8.350,20,4945
1512144840,8.350,8.350,8.350,8.350,20,4945
1512144900,8.350,8.350,8.350,8.350,44,5045
1512144960,8.350,8.350,8.350,8.350,42,5045
1512145020,8.350,8.350,8.350,8.350,42,5045
1512145080,8.350,8.350,8.350,8.350,42,5045
1512145140,8.350,8.350,8.350,8.350,42,5045
1512145200,8.350,8.350,8.350,8.350,42,5045
1512145260,8.350,8.350,8.350,8.350,42,5045
1512145320,8.350,8.350,8.350,8.350,42,5045
1512145380,8.350,8.350,8.350,8.350,42,5045
1512145440,8.350,8.350,8.350,8.350,42,5045
1512145500,8.250,8.250,8.250,8.250,41,5257
1512145560,8.250,8.250,8.250,8.250,40,5257
1512145620,8.250,8.250,8.250,8.250,40,5257
1512145680,8.250,8.250,8.250,8.250,40,5257
1512145740,8.250,8.250,8.250,8.250,40,5257
1512145800,8.250,8.250,8.250,8.250,40,5257
1512145860,8.250,8.250,8.250,8.250,40,5257
1512145920,8.250,8.250,8.250,8.250,40,5257
1512145980,8.250,8.250,8.250,8.250,40,5257
1512146040,8.250,8.250,8.250,8.250,40,5257
1512146100,8.250,8.250,8.250,8.250,40,5257
1512146160,8.250,8.250,8.250,8.250,40,5257
1512146220,8.250,8.250,8.250,8.250,40,5257
1512146280,8.250,8.250,8.250,8.250,40,5257
1512146340,8.250,8.250,8.250,8.250,40,5257
1512146400,8.250,8.250,8.250,8.250,41,5458
1512146460,8.250,8.250,8.250,8.250,40,5458
1512146520,8.250,8.250,8.250,8.250,40,5458
1512146580,8.250,8.250,8.250,8.250,40,5458
1512146640,8.250,8.250,8.250,8.250,40,5458
1512146700,8.250,8.250,8.250,8.250,40,5458
1512146760,8.250,8.250,8.250,8.250,40,5458
1512146820,8.250,8.250,8.250,8.250,40,5458
1512146880,8.250,8.250,8.250,8.250,40,5458
1512146940,8.250,8.250,8.250,8.250,40,5458
1512147000,8.250,8.250,8.250,8.250,20,5659
1512147060,8.250,8.250,8.250,8.250,20,5659
1512147120,8.250,8.250,8.250,8.250,20,5659
1512147180,8.250,8.250,8.250,8.250,20,5659
1512147240,8.250,8.250,8.250,8.250,20,5659
1512147300,8.250,8.250,8.250,8.250,20,5659
1512147360,8.250,8.250,8.250,8.250,20,5659
1512147420,8.250,8.250,8.250,8.250,20,5659
1512147480,8.250,8.250,8.250,8.250,20,5659
1512147540,8.250,8.250,8.250,8.250,20,5659
1512147600,8.250,8.250,8.250,8.250,20,5659
1512147660,8.250,8.250,8.250,8.250,20,5659
1512147720,8.250,8.250,8.250,8.250,20,5659
1512147780,8.250,8.250,8.250,8.250,20,5659
1512147840,8.250,8.250,8.250,8.250,20,5659
1512147900,8.250,8.250,8.250,8.250,40,5759
1512147960,8.250,8.250,8.250,8.250,40,5759
1512148020,8.250,8.250,8.250,8.250,40,5759
1512148080,8.250,8.250,8.250,8.250,40,5759
1512148140,8.250,8.250,8.250,8.250,40,5759
1512148200,8.250,8.250,8.250,8.250,40,5759
1512148260,8.250,8.250,8.250,8.250,40,5759
1512148320,8.250,8.250,8.250,8.250,40,5759
1512148380,8.250,8.250,8.250,8.250,40,5759
1512148440,8.250,8.250,8.250,8.250,40,5759
1512148500,8.250,8.250,8.250,8.250,180,5959
1512148560,8.210,8.210,8.210,8.210,180,5959
1512148620,8.210,8.210,8.210,8.210,180,5959
1512148680,8.210,8.210,8.210,8.210,180,5959
1512148740,8.210,8.210,8.210,8.210,180,5959
1512148800,8.210,8.210,8.210,8.210,180,5959
1512148860,8.210,8.210,8.210,8.210,180,5959
1512148920,8.210,8.210,8.210,8.210,180,5959
1512148980,8.210,8.210,8.210,8.210,180,5959
1512149040,8.210,8.210,8.210,8.210,180,5959
1512149100,8.210,8.210,8.210,8.210,222,6859
1512149160,8.210,8.210,8.210,8.210,220,6859
1512149220,8.210,8.210,8.210,8.210,220,6859
1512149280,8.210,8.210,8.210,8.210,220,6859
1512149340,8.250,8.250,8.250,8.250,220,6859
1512149400,8.250,8.250,8.250,8.250,220,6859
1512149460,8.250,8.250,8.250,8.250,220,6859
1512149520,8.250,8.250,8.250,8.250,220,6859
1512149580,8.250,8.250,8.250,8.250,220,6859
1512149640,8.250,8.250,8.250,8.250,220,6859
1512149700,8.250,8.250,8.250,8.250,220,6859
1512149760,8.250,8.250,8.250,8.250,220,6859
1512149820,8.250,8.250,8.250,8.250,220,6859
1512149880,8.250,8.250,8.250,8.250,220,6859
1512149940,8.250,8.250,8.250,8.250,220,6859
1512150000,8.250,8.250,8.250,8.250,20,7961
1512150060,8.250,8.250,8.250,8.250,20,7961
1512150120,8.250,8.250,8.250,8.250,20,7961
1512150180,8.250,8.250,8.250,8.250,20,7961
1512150240,8.250,8.250,8.250,8.250,20,7961
1512150300,8.250,8.250,8.250,8.250,20,7961
1512150360,8.250,8.250,8.250,8.250,20,7961
1512150420,8.250,8.250,8.250,8.250,20,7961
1512150480,8.250,8.250,8.250,8.250,20,7961
1512150540,8.250,8.250,8.250,8.250,20,7961
1512150600,8.250,8.250,8.250,8.250,21,8061
1512150660,8.250,8.250,8.250,8.250,20,8061
1512150720,8.250,8.250,8.250,8.250,20,8061
1512150780,8.250,8.250,8.250,8.250,20,8061
1512150840,8.250,8.250,8.250,8.250,20,8061
1512150900,8.250,8.250,8.250,8.250,20,8061
1512150960,8.250,8.250,8.250,8.250,20,8061
1512151020,8.250,8.250,8.250,8.250,20,8061
1512151080,8.250,8.250,8.250,8.250,20,8061
1512151140,8.250,8.250,8.250,8.250,20,8061
1512151200,8.250,8.250,8.250,8.250,20,8061
1512151260,8.250,8.250,8.250,8.250,20,8061
1512151320,8.250,8.250,8.250,8.250,20,8061
1512151380,8.250,8.250,8.250,8.250,20,8061
1512151440,8.250,8.250,8.250,8.250,20,8061
1512151500,8.250,8.250,8.250,8.250,63,8162
1512151560,8.250,8.250,8.250,8.250,62,8162
1512151620,8.250,8.250,8.250,8.250,62,8162
1512151680,8.250,8.250,8.250,8.250,62,8162
1512151740,8.250,8.250,8.250,8.250,62,8162
1512151800,8.250,8.250,8.250,8.250,62,8162
1512151860,8.250,8.250,8.250,8.250,62,8162
1512151920,8.250,8.250,8.250,8.250,62,8162
1512151980,8.250,8.250,8.250,8.250,62,8162
1512152040,8.250,8.250,8.250,8.250,62,8162
1512152100,8.250,8.250,8.250,8.250,62,8162
1512152160,8.250,8.250,8.250,8.250,62,8162
1512152220,8.250,8.250,8.250,8.250,62,8162
1512152280,8.250,8.250,8.250,8.250,62,8162
1512152340,8.250,8.250,8.250,8.250,62,8162
1512152400,8.250,8.250,8.250,8.250,62,8162
1512152460,8.250,8.250,8.250,8.250,62,8162
1512152520,8.250,8.250,8.250,8.250,62,8162
1512152580,8.250,8.250,8.250,8.250,62,8162
1512152640,8.250,8.250,8.250,8.250,62,8162
1512152700,8.250,8.250,8.250,8.250,62,8162
1512152760,8.250,8.250,8.250,8.250,62,8162
1512152820,8.250,8.250,8.250,8.250,62,8162
1512152880,8.250,8.250,8.250,8.250,62,8162
1512152940,8.250,8.250,8.250,8.250,62,8162
1512153000,8.250,8.250,8.250,8.250,62,8162
1512153060,8.250,8.250,8.250,8.250,62,8162
1512153120,8.250,8.250,8.250,8.250,62,8162
1512153180,8.250,8.250,8.250,8.250,62,8162
1512153240,8.250,8.250,8.250,8.250,62,8162
1512153300,8.250,8.250,8.250,8.250,62,8162
1512153360,8.250,8.250,8.250,8.250,62,8162
1512153420,8.250,8.250,8.250,8.250,62,8162
1512153480,8.250,8.250,8.250,8.250,62,8162
1512153540,8.250,8.250,8.250,8.250,62,8162
1512153600,8.250,8.250,8.250,8.250,62,8162
1512153660,8.250,8.250,8.250,8.250,62,8162
1512153720,8.250,8.250,8.250,8.250,62,8162
1512153780,8.250,8.250,8.250,8.250,62,8162
1512153840,8.250,8.250,8.250,8.250,62,8162
1512153900,8.250,8.250,8.250,8.250,62,8162
1512153960,8.250,8.250,8.250,8.250,62,8162
1512154020,8.250,8.250,8.250,8.250,62,8162
1512154080,8.250,8.250,8.250,8.250,62,8162
1512154140,8.250,8.250,8.250,8.250,62,8162
1512154200,8.250,8.250,8.250,8.250,62,8162
1512154260,8.250,8.250,8.250,8.250,62,8162
1512154320,8.250,8.250,8.250,8.250,62,8162
1512154380,8.250,8.250,8.250,8.250,62,8162
1512154440,8.250,8.250,8.250,8.250,62,8162
1512154500,8.250,8.250,8.250,8.250,99,8473
1512154560,8.250,8.250,8.250,8.250,95,8473
1512154620,8.250,8.250,8.250,8.250,95,8473
1512154680,8.250,8.250,8.250,8.250,95,8473
1512154740,8.250,8.250,8.250,8.250,95,8473
1512154800,8.250,8.250,8.250,8.250,95,8473
1512154860,8.250,8.250,8.250,8.250,95,8473
1512154920,8.250,8.250,8.250,8.250,95,8473
1512154980,8.250,8.250,8.250,8.250,95,8473
1512155040,8.250,8.250,8.250,8.250,95,8473
1512155100,8.250,8.250,8.250,8.250,80,8952
1512155160,8.250,8.250,8.250,8.250,80,8952
1512155220,8.250,8.250,8.250,8.250,80,8952
1512155280,8.250,8.250,8.250,8.250,80,8952
1512155340,8.300,8.250,8.250,8.300,80,8952
1512155400,8.300,8.250,8.250,8.300,80,8952
1512155460,8.300,8.250,8.250,8.300,80,8952
1512155520,8.300,8.250,8.250,8.300,80,8952
1512155580,8.300,8.250,8.250,8.300,80,8952
1512155640,8.300,8.250,8.250,8.300,80,8952
1512155700,8.300,8.250,8.250,8.300,80,8952
1512155760,8.300,8.250,8.250,8.300,80,8952
1512155820,8.300,8.250,8.250,8.300,80,8952
1512155880,8.300,8.250,8.250,8.300,80,8952
1512155940,8.300,8.250,8.250,8.300,80,8952
1512156000,8.300,8.250,8.250,8.300,21,9352
1512156060,8.300,8.250,8.250,8.300,20,9352
1512156120,8.250,8.250,8.250,8.250,20,9352
1512156180,8.250,8.250,8.250,8.250,20,9352
1512156240,8.250,8.250,8.250,8.250,20,9352
1512156300,8.250,8.250,8.250,8.250,20,9352
1512156360,8.250,8.250,8.250,8.250,20,9352
1512156420,8.250,8.250,8.250,8.250,20,9352
1512156480,8.250,8.250,8.250,8.250,20,9352
1512156540,8.250,8.250,8.250,8.250,20,9352
1512156600,8.200,8.200,8.200,8.200,80,9453
1512156660,8.200,8.200,8.200,8.200,80,9453
1512156720,8.200,8.200,8.200,8.200,80,9453
1512156780,8.200,8.200,8.200,8.200,80,9453
1512156840,8.250,8.250,8.250,8.250,80,9453
1512156900,8.250,8.250,8.250,8.250,80,9453
1512156960,8.250,8.250,8.250,8.250,80,9453
1512157020,8.250,8.250,8.250,8.250,80,9453
1512157080,8.250,8.250,8.250,8.250,80,9453
1512157140,8.250,8.250,8.250,8.250,80,9453
1512157200,8.250,8.250,8.250,8.250,80,9453
1512157260,8.250,8.250,8.250,8.250,80,9453
1512157320,8.250,8.250,8.250,8.250,80,9453
1512157380,8.250,8.250,8.250,8.250,80,9453
1512157440,8.250,8.250,8.250,8.250,80,9453
1512157500,8.250,8.250,8.250,8.250,80,9453
1512157560,8.250,8.250,8.250,8.250,80,9453
1512157620,8.250,8.250,8.250,8.250,80,9453
1512157680,8.250,8.250,8.250,8.250,80,9453
1512157740,8.250,8.250,8.250,8.250,80,9453
1512157800,8.250,8.250,8.250,8.250,80,9453
1512157860,8.250,8.250,8.250,8.250,80,9453
1512157920,8.250,8.250,8.250,8.250,80,9453
1512157980,8.250,8.250,8.250,8.250,80,9453
1512158040,8.250,8.250,8.250,8.250,80,9453
1512158100,8.250,8.250,8.250,8.250,66,9853
1512158160,8.250,8.250,8.250,8.250,64,9853
1512158220,8.250,8.250,8.250,8.250,64,9853
1512158280,8.200,8.200,8.200,8.200,64,9853
1512158340,8.200,8.200,8.200,8.200,64,9853
1512158400,8.200,8.200,8.200,8.200,64,9853
1512158460,8.200,8.200,8.200,8.200,64,9853
1512158520,8.200,8.200,8.200,8.200,64,9853
1512158580,8.200,8.200,8.200,8.200,64,9853
1512158640,8.200,8.200,8.200,8.200,64,9853
1512158700,8.200,8.200,8.200,8.200,940,10175
1512158760,8.220,8.220,8.220,8.220,938,10175
1512158820,8.220,8.220,8.220,8.220,938,10175
1512158880,8.200,8.200,8.200,8.200,938,10175
1512158940,8.200,8.200,8.200,8.200,938,10175
1512159000,8.200,8.200,8.200,8.200,196,14867
1512159060,8.250,8.200,8.200,8.250,196,14867
1512159120,8.250,8.200,8.200,8.250,196,14867
1512159180,8.250,8.200,8.200,8.250,196,14867
1512159240,8.250,8.200,8.200,8.250,196,14867
1512159300,8.250,8.200,8.200,8.250,196,14867
1512159360,8.250,8.200,8.200,8.250,196,14867
1512159420,8.250,8.200,8.200,8.250,196,14867
1512159480,8.250,8.200,8.200,8.250,196,14867
1512159540,8.250,8.200,8.200,8.250,196,14867
1512159600,8.250,8.200,8.200,8.250,60,15847
1512159660,8.250,8.200,8.200,8.250,60,15847
1512159720,8.250,8.200,8.200,8.250,60,15847
1512159780,8.250,8.250,8.250,8.250,60,15847
1512159840,8.200,8.200,8.200,8.200,60,15847
1512159900,8.200,8.200,8.200,8.200,60,15847
1512159960,8.200,8.200,8.200,8.200,60,15847
1512160020,8.200,8.200,8.200,8.200,60,15847
1512160080,8.200,8.200,8.200,8.200,60,15847
1512160140,8.200,8.200,8.200,8.200,60,15847
1512160200,8.200,8.200,8.200,8.200,416,16147
1512160260,8.200,8.200,8.200,8.200,416,16147
1512160320,8.200,8.200,8.200,8.200,416,16147
1512160380,8.200,8.200,8.200,8.200,416,16147
1512160440,8.200,8.150,8.150,8.200,416,16147
1512160500,8.200,8.150,8.150,8.200,416,16147
1512160560,8.200,8.150,8.150,8.200,416,16147
1512160620,8.200,8.150,8.150,8.200,416,16147
1512160680,8.200,8.150,8.150,8.200,416,16147
1512160740,8.200,8.150,8.150,8.200,416,16147
1512160800,8.200,8.150,8.150,8.200,416,16147
1512160860,8.200,8.150,8.150,8.200,416,16147
1512160920,8.200,8.150,8.150,8.200,416,16147
1512160980,8.200,8.150,8.150,8.200,416,16147
1512161040,8.200,8.150,8.150,8.200,416,16147
1512161100,8.200,8.150,8.150,8.200,416,16147
1512161160,8.200,8.150,8.150,8.200,416,16147
1512161220,8.200,8.150,8.150,8.200,416,16147
1512161280,8.200,8.150,8.150,8.200,416,16147
1512161340,8.200,8.150,8.150,8.200,416,16147
1512161400,8.200,8.150,8.150,8.200,171,18227
1512161460,8.200,8.150,8.150,8.200,171,18227
1512161520,8.200,8.150,8.150,8.200,171,18227
1512161580,8.200,8.200,8.200,8.200,171,18227
1512161640,8.200,8.200,8.200,8.200,171,18227
1512161700,8.200,8.200,8.200,8.200,80,19082
1512161760,8.200,8.200,8.200,8.200,80,19082
1512161820,8.200,8.200,8.200,8.200,80,19082
1512161880,8.200,8.200,8.200,8.200,80,19082
1512161940,8.200,8.200,8.200,8.200,80,19082
1512397800,8.200,8.200,8.200,8.200,152,0
1512397860,8.200,8.200,8.200,8.200,151,0
1512397920,8.200,8.200,8.200,8.200,151,0
1512397980,8.200,8.200,8.200,8.200,151,0
1512398040,8.200,8.200,8.200,8.200,151,0
1512398100,8.200,8.200,8.200,8.200,25,756
1512398160,8.200,8.200,8.200,8.200,25,756
1512398220,8.200,8.200,8.200,8.200,25,756
1512398280,8.200,8.200,8.200,8.200,25,756
1512398340,8.200,8.200,8.200,8.200,25,756
1512398400,8.200,8.200,8.200,8.200,80,881
1512398460,8.200,8.200,8.200,8.200,80,881
1512398520,8.200,8.200,8.200,8.200,80,881
1512398580,8.200,8.200,8.200,8.200,80,881
1512398640,8.200,8.200,8.200,8.200,80,881
1512398700,8.200,8.200,8.200,8.200,80,881
1512398760,8.200,8.200,8.200,8.200,80,881
1512398820,8.200,8.200,8.200,8.200,80,881
1512398880,8.200,8.200,8.200,8.200,80,881
1512398940,8.200,8.200,8.200,8.200,80,881
1512399000,8.200,8.200,8.200,8.200,80,881
1512399060,8.200,8.200,8.200,8.200,80,881
1512399120,8.200,8.200,8.200,8.200,80,881
1512399180,8.200,8.200,8.200,8.200,80,881
1512399240,8.200,8.200,8.200,8.200,80,881
1512399300,8.200,8.200,8.200,8.200,80,881
1512399360,8.200,8.200,8.200,8.200,80,881
1512399420,8.200,8.200,8.200,8.200,80,881
1512399480,8.200,8.200,8.200,8.200,80,881
1512399540,8.200,8.200,8.200,8.200,80,881
1512399600,8.200,8.200,8.200,8.200,80,881
1512399660,8.200,8.200,8.200,8.200,80,881
1512399720,8.200,8.200,8.200,8.200,80,881
1512399780,8.200,8.200,8.200,8.200,80,881
1512399840,8.200,8.200,8.200,8.200,80,881
1512399900,8.200,8.200,8.200,8.200,150,1281
1512399960,8.200,8.200,8.200,8.200,149,1281
1512400020,8.200,8.200,8.200,8.200,149,1281
1512400080,8.150,8.150,8.150,8.150,149,1281
1512400140,8.150,8.150,8.150,8.150,149,1281
1512400200,8.150,8.150,8.150,8.150,149,1281
1512400260,8.150,8.150,8.150,8.150,149,1281
1512400320,8.150,8.150,8.150,8.150,149,1281
1512400380,8.150,8.150,8.150,8.150,149,1281
1512400440,8.150,8.150,8.150,8.150,149,1281
1512400500,8.150,8.150,8.150,8.150,59,2027
1512400560,8.150,8.150,8.150,8.150,56,2027
1512400620,8.150,8.150,8.150,8.150,56,2027
1512400680,8.150,8.150,8.150,8.150,56,2027
1512400740,8.150,8.150,8.150,8.150,56,2027
1512400800,8.150,8.150,8.150,8.150,56,2027
1512400860,8.150,8.150,8.150,8.150,56,2027
1512400920,8.150,8.150,8.150,8.150,56,2027
1512400980,8.150,8.150,8.150,8.150,56,2027
1512401040,8.150,8.150,8.150,8.150,56,2027
1512401100,8.150,8.150,8.150,8.150,56,2027
1512401160,8.150,8.150,8.150,8.150,56,2027
1512401220,8.150,8.150,8.150,8.150,56,2027
1512401280,8.150,8.150,8.150,8.150,56,2027
1512401340,8.150,8.150,8.150,8.150,56,2027
1512401400,8.150,8.150,8.150,8.150,196,2310
1512401460,8.150,8.150,8.150,8.150,192,2310
1512401520,8.150,8.150,8.150,8.150,192,2310
1512401580,8.150,8.150,8.150,8.150,192,2310
1512401640,8.150,8.150,8.150,8.150,192,2310
1512401700,8.150,8.150,8.150,8.150,192,2310
1512401760,8.150,8.150,8.150,8.150,192,2310
1512401820,8.150,8.150,8.150,8.150,192,2310
1512401880,8.150,8.150,8.150,8.150,192,2310
1512401940,8.150,8.150,8.150,8.150,192,2310
1512402000,8.150,8.150,8.150,8.150,2320,3274
1512402060,8.100,8.100,8.100,8.100,2319,3274
1512402120,8.100,8.050,8.040,8.100,2319,3274
1512402180,8.000,8.000,8.000,8.000,2319,3274
1512402240,8.000,8.000,8.000,8.000,2319,3274
1512402300,8.000,8.000,8.000,8.000,70,14870
1512402360,8.000,8.000,8.000,8.000,70,14870
1512402420,8.000,8.000,8.000,8.000,70,14870
1512402480,8.000,8.000,8.000,8.000,70,14870
1512402540,8.000,8.000,8.000,8.000,70,14870
1512402600,8.000,8.000,8.000,8.000,70,14870
1512402660,8.000,8.000,8.000,8.000,70,14870
1512402720,8.000,8.000,8.000,8.000,70,14870
1512402780,8.000,8.000,8.000,8.000,70,14870
1512402840,8.000,8.000,8.000,8.000,70,14870
1512402900,8.000,8.000,8.000,8.000,70,14870
1512402960,8.000,8.000,8.000,8.000,70,14870
1512403020,8.000,8.000,8.000,8.000,70,14870
1512403080,8.000,8.000,8.000,8.000,70,14870
1512403140,8.000,8.000,8.000,8.000,70,14870
1512403200,8.000,8.000,8.000,8.000,70,14870
1512403260,8.000,8.000,8.000,8.000,70,14870
1512403320,8.000,8.000,8.000,8.000,70,14870
1512403380,8.000,8.000,8.000,8.000,70,14870
1512403440,8.000,8.000,8.000,8.000,70,14870
1512403500,8.000,8.000,8.000,8.000,70,14870
1512403560,8.000,8.000,8.000,8.000,70,14870
1512403620,8.000,8.000,8.000,8.000,70,14870
1512403680,8.000,8.000,8.000,8.000,70,14870
1512403740,8.000,8.000,8.000,8.000,70,14870
1512403800,8.100,8.100,8.100,8.100,223,15220
1512403860,8.100,8.100,8.100,8.100,221,15220
1512403920,8.100,8.100,8.100,8.100,221,15220
1512403980,8.100,8.100,8.100,8.100,221,15220
1512404040,8.100,8.100,8.100,8.100,221,15220
1512404100,8.100,8.100,8.100,8.100,221,15220
1512404160,8.100,8.100,8.100,8.100,221,15220
1512404220,8.100,8.100,8.100,8.100,221,15220
1512404280,8.100,8.100,8.100,8.100,221,15220
1512404340,8.100,8.100,8.100,8.100,221,15220
1512404400,8.100,8.100,8.100,8.100,221,15220
1512404460,8.100,8.100,8.100,8.100,221,15220
1512404520,8.100,8.100,8.100,8.100,221,15220
1512404580,8.100,8.100,8.100,8.100,221,15220
1512404640,8.100,8.100,8.100,8.100,221,15220
1512404700,8.100,8.100,8.100,8.100,221,15220
1512404760,8.100,8.100,8.100,8.100,221,15220
1512404820,8.100,8.100,8.100,8.100,221,15220
1512404880,8.100,8.100,8.100,8.100,221,15220
1512404940,8.100,8.100,8.100,8.100,221,15220
1512405000,8.100,8.100,8.100,8.100,64,16327
1512405060,8.100,8.100,8.100,8.100,60,16327
1512405120,8.090,8.090,8.090,8.090,60,16327
1512405180,8.090,8.090,8.090,8.090,60,16327
1512405240,8.090,8.090,8.090,8.090,60,16327
1512405300,8.090,8.090,8.090,8.090,60,16327
1512405360,8.090,8.090,8.090,8.090,60,16327
1512405420,8.090,8.090,8.090,8.090,60,16327
1512405480,8.090,8.090,8.090,8.090,60,16327
1512405540,8.090,8.090,8.090,8.090,60,16327
1512405600,8.090,8.090,8.090,8.090,60,16327
1512405660,8.090,8.090,8.090,8.090,60,16327
1512405720,8.090,8.090,8.090,8.090,60,16327
1512405780,8.090,8.090,8.090,8.090,60,16327
1512405840,8.090,8.090,8.090,8.090,60,16327
1512405900,8.090,8.090,8.090,8.090,60,16327
1512405960,8.090,8.090,8.090,8.090,60,16327
1512406020,8.090,8.090,8.090,8.090,60,16327
1512406080,8.090,8.090,8.090,8.090,60,16327
1512406140,8.090,8.090,8.090,8.090,60,16327
1512406200,8.090,8.090,8.090,8.090,24,16631
1512406260,8.090,8.090,8.090,8.090,24,16631
1512406320,8.090,8.090,8.090,8.090,24,16631
1512406380,8.090,8.090,8.090,8.090,24,16631
1512406440,8.050,8.050,8.050,8.050,24,16631
1512406500,8.050,8.050,8.050,8.050,22,16751
1512406560,8.050,8.050,8.050,8.050,20,16751
1512406620,8.200,8.200,8.200,8.200,20,16751
1512406680,8.200,8.200,8.200,8.200,20,16751
1512406740,8.200,8.200,8.200,8.200,20,16751
1512406800,8.200,8.200,8.200,8.200,20,16751
1512406860,8.200,8.200,8.200,8.200,20,16751
1512406920,8.200,8.200,8.200,8.200,20,16751
1512406980,8.200,8.200,8.200,8.200,20,16751
1512407040,8.200,8.200,8.200,8.200,20,16751
1512407100,8.200,8.200,8.200,8.200,20,16751
1512407160,8.200,8.200,8.200,8.200,20,16751
1512407220,8.200,8.200,8.200,8.200,20,16751
1512407280,8.200,8.200,8.200,8.200,20,16751
1512407340,8.200,8.200,8.200,8.200,20,16751
1512407400,8.200,8.200,8.200,8.200,20,16751
1512407460,8.200,8.200,8.200,8.200,20,16751
1512407520,8.200,8.200,8.200,8.200,20,16751
1512407580,8.200,8.200,8.200,8.200,20,16751
1512407640,8.200,8.200,8.200,8.200,20,16751
1512407700,8.200,8.200,8.200,8.200,20,16751
1512407760,8.200,8.200,8.200,8.200,20,16751
1512407820,8.200,8.200,8.200,8.200,20,16751
1512407880,8.200,8.200,8.200,8.200,20,16751
1512407940,8.200,8.200,8.200,8.200,20,16751
1512408000,8.200,8.200,8.200,8.200,20,16751
1512408060,8.200,8.200,8.200,8.200,20,16751
1512408120,8.200,8.200,8.200,8.200,20,16751
1512408180,8.200,8.200,8.200,8.200,20,16751
1512408240,8.200,8.200,8.200,8.200,20,16751
1512408300,8.200,8.200,8.200,8.200,20,16751
1512408360,8.200,8.200,8.200,8.200,20,16751
1512408420,8.200,8.200,8.200,8.200,20,16751
1512408480,8.200,8.200,8.200,8.200,20,16751
1512408540,8.200,8.200,8.200,8.200,20,16751
1512408600,8.200,8.200,8.200,8.200,20,16751
1512408660,8.200,8.200,8.200,8.200,20,16751
1512408720,8.200,8.200,8.200,8.200,20,16751
1512408780,8.200,8.200,8.200,8.200,20,16751
1512408840,8.200,8.200,8.200,8.200,20,16751
1512408900,8.200,8.200,8.200,8.200,20,16751
1512408960,8.200,8.200,8.200,8.200,20,16751
1512409020,8.200,8.200,8.200,8.200,20,16751
1512409080,8.200,8.200,8.200,8.200,20,16751
1512409140,8.200,8.200,8.200,8.200,20,16751
1512409200,8.200,8.200,8.200,8.200,20,16751
1512409260,8.200,8.200,8.200,8.200,20,16751
1512409320,8.200,8.200,8.200,8.200,20,16751
1512409380,8.200,8.200,8.200,8.200,20,16751
1512409440,8.200,8.200,8.200,8.200,20,16751
1512409500,8.200,8.200,8.200,8.200,20,16751
1512409560,8.200,8.200,8.200,8.200,20,16751
1512409620,8.200,8.200,8.200,8.200,20,16751
1512409680,8.200,8.200,8.200,8.200,20,16751
1512409740,8.200,8.200,8.200,8.200,20,16751
1512409800,8.200,8.200,8.200,8.200,20,16751
1512409860,8.200,8.200,8.200,8.200,20,16751
1512409920,8.200,8.200,8.200,8.200,20,16751
1512409980,8.200,8.200,8.200,8.200,20,16751
1512410040,8.200,8.200,8.200,8.200,20,16751
1512410100,8.200,8.200,8.200,8.200,20,16751
1512410160,8.200,8.200,8.200,8.200,20,16751
1512410220,8.200,8.200,8.200,8.200,20,16751
1512410280,8.200,8.200,8.200,8.200,20,16751
1512410340,8.200,8.200,8.200,8.200,20,16751
1512410400,8.200,8.200,8.200,8.200,20,16751
1512410460,8.200,8.200,8.200,8.200,20,16751
1512410520,8.200,8.200,8.200,8.200,20,16751
1512410580,8.200,8.200,8.200,8.200,20,16751
1512410640,8.200,8.200,8.200,8.200,20,16751
1512410700,8.200,8.200,8.200,8.200,20,16751
1512410760,8.200,8.200,8.200,8.200,20,16751
1512410820,8.200,8.200,8.200,8.200,20,16751
1512410880,8.200,8.200,8.200,8.200,20,16751
1512410940,8.200,8.200,8.200,8.200,20,16751
1512411000,8.200,8.200,8.200,8.200,20,16751
1512411060,8.200,8.200,8.200,8.200,20,16751
1512411120,8.200,8.200,8.200,8.200,20,16751
1512411180,8.200,8.200,8.200,8.200,20,16751
1512411240,8.200,8.200,8.200,8.200,20,16751
1512411300,8.200,8.200,8.200,8.200,20,16751
1512411360,8.200,8.200,8.200,8.200,20,16751
1512411420,8.200,8.200,8.200,8.200,20,16751
1512411480,8.200,8.200,8.200,8.200,20,16751
1512411540,8.200,8.200,8.200,8.200,20,16751
1512411600,8.200,8.200,8.200,8.200,20,16751
1512411660,8.200,8.200,8.200,8.200,20,16751
1512411720,8.200,8.200,8.200,8.200,20,16751
1512411780,8.200,8.200,8.200,8.200,20,16751
1512411840,8.200,8.200,8.200,8.200,20,16751
1512411900,8.200,8.200,8.200,8.200,20,16751
1512411960,8.200,8.200,8.200,8.200,20,16751
1512412020,8.200,8.200,8.200,8.200,20,16751
1512412080,8.200,8.200,8.200,8.200,20,16751
1512412140,8.200,8.200,8.200,8.200,20,16751
1512412200,8.200,8.200,8.200,8.200,20,16751
1512412260,8.200,8.200,8.200,8.200,20,16751
1512412320,8.200,8.200,8.200,8.200,20,16751
1512412380,8.200,8.200,8.200,8.200,20,16751
1512412440,8.200,8.200,8.200,8.200,20,16751
1512412500,8.200,8.200,8.200,8.200,20,16751
1512412560,8.200,8.200,8.200,8.200,20,16751
1512412620,8.200,8.200,8.200,8.200,20,16751
1512412680,8.200,8.200,8.200,8.200,20,16751
1512412740,8.200,8.200,8.200,8.200,20,16751
1512412800,8.200,8.200,8.200,8.200,20,16751
1512412860,8.200,8.200,8.200,8.200,20,16751
1512412920,8.200,8.200,8.200,8.200,20,16751
1512412980,8.200,8.200,8.200,8.200,20,16751
1512413040,8.200,8.200,8.200,8.200,20,16751
1512413100,8.200,8.200,8.200,8.200,20,16751
1512413160,8.200,8.200,8.200,8.200,20,16751
1512413220,8.200,8.200,8.200,8.200,20,16751
1512413280,8.200,8.200,8.200,8.200,20,16751
1512413340,8.200,8.200,8.200,8.200,20,16751
1512413400,8.200,8.200,8.200,8.200,97,16853
1512413460,8.200,8.200,8.200,8.200,95,16853
1512413520,8.200,8.200,8.200,8.200,95,16853
1512413580,8.100,8.100,8.100,8.100,95,16853
1512413640,8.100,8.100,8.100,8.100,95,16853
1512413700,8.100,8.100,8.100,8.100,95,16853
1512413760,8.100,8.100,8.100,8.100,95,16853
1512413820,8.100,8.100,8.100,8.100,95,16853
1512413880,8.100,8.100,8.100,8.100,95,16853
1512413940,8.100,8.100,8.100,8.100,95,16853
1512414000,8.100,8.100,8.100,8.100,95,16853
1512414060,8.100,8.100,8.100,8.100,95,16853
1512414120,8.100,8.100,8.100,8.100,95,16853
1512414180,8.100,8.100,8.100,8.100,95,16853
1512414240,8.100,8.100,8.100,8.100,95,16853
1512414300,8.100,8.100,8.100,8.100,95,16853
1512414360,8.100,8.100,8.100,8.100,95,16853
1512414420,8.100,8.100,8.100,8.100,95,16853
1512414480,8.100,8.100,8.100,8.100,95,16853
1512414540,8.100,8.100,8.100,8.100,95,16853
1512414600,8.100,8.100,8.100,8.100,81,17330
1512414660,8.100,8.100,8.100,8.100,81,17330
1512414720,8.100,8.100,8.100,8.100,81,17330
1512414780,8.100,8.100,8.100,8.100,81,17330
1512414840,8.140,8.140,8.140,8.140,81,17330
1512414900,8.140,8.140,8.140,8.140,81,17330
1512414960,8.140,8.140,8.140,8.140,81,17330
1512415020,8.140,8.140,8.140,8.140,81,17330
1512415080,8.140,8.140,8.140,8.140,81,17330
1512415140,8.140,8.140,8.140,8.140,81,17330
1512415200,8.140,8.140,8.140,8.140,81,17330
1512415260,8.140,8.140,8.140,8.140,81,17330
1512415320,8.140,8.140,8.140,8.140,81,17330
1512415380,8.140,8.140,8.140,8.140,81,17330
1512415440,8.140,8.140,8.140,8.140,81,17330
1512415500,8.140,8.140,8.140,8.140,81,17330
1512415560,8.140,8.140,8.140,8.140,81,17330
1512415620,8.140,8.140,8.140,8.140,81,17330
1512415680,8.140,8.140,8.140,8.140,81,17330
1512415740,8.140,8.140,8.140,8.140,81,17330
1512415800,8.140,8.140,8.140,8.140,81,17330
1512415860,8.140,8.140,8.140,8.140,81,17330
1512415920,8.140,8.140,8.140,8.140,81,17330
1512415980,8.140,8.140,8.140,8.140,81,17330
1512416040,8.140,8.140,8.140,8.140,81,17330
1512416100,8.140,8.140,8.140,8.140,81,17330
1512416160,8.140,8.140,8.140,8.140,81,17330
1512416220,8.140,8.140,8.140,8.140,81,17330
1512416280,8.140,8.140,8.140,8.140,81,17330
1512416340,8.140,8.140,8.140,8.140,81,17330
1512416400,8.140,8.140,8.140,8.140,81,17330
1512416460,8.140,8.140,8.140,8.140,81,17330
1512416520,8.140,8.140,8.140,8.140,81,17330
1512416580,8.140,8.140,8.140,8.140,81,17330
1512416640,8.140,8.140,8.140,8.140,81,17330
1512416700,8.140,8.140,8.140,8.140,81,17330
1512416760,8.140,8.140,8.140,8.140,81,17330
1512416820,8.140,8.140,8.140,8.140,81,17330
1512416880,8.140,8.140,8.140,8.140,81,17330
1512416940,8.140,8.140,8.140,8.140,81,17330
1512417000,8.140,8.140,8.140,8.140,81,17330
1512417060,8.140,8.140,8.140,8.140,81,17330
1512417120,8.140,8.140,8.140,8.140,81,17330
1512417180,8.140,8.140,8.140,8.140,81,17330
1512417240,8.140,8.140,8.140,8.140,81,17330
1512417300,8.140,8.140,8.140,8.140,81,17330
1512417360,8.140,8.140,8.140,8.140,81,17330
1512417420,8.140,8.140,8.140,8.140,81,17330
1512417480,8.140,8.140,8.140,8.140,81,17330
1512417540,8.140,8.140,8.140,8.140,81,17330
1512417600,8.140,8.140,8.140,8.140,81,17330
1512417660,8.140,8.140,8.140,8.140,81,17330
1512417720,8.140,8.140,8.140,8.140,81,17330
1512417780,8.140,8.140,8.140,8.140,81,17330
1512417840,8.140,8.140,8.140,8.140,81,17330
1512417900,8.140,8.140,8.140,8.140,81,17330
1512417960,8.140,8.140,8.140,8.140,81,17330
1512418020,8.140,8.140,8.140,8.140,81,17330
1512418080,8.140,8.140,8.140,8.140,81,17330
1512418140,8.140,8.140,8.140,8.140,81,17330
1512418200,8.140,8.140,8.140,8.140,81,17330
1512418260,8.140,8.140,8.140,8.140,81,17330
1512418320,8.140,8.140,8.140,8.140,81,17330
1512418380,8.140,8.140,8.140,8.140,81,17330
1512418440,8.140,8.140,8.140,8.140,81,17330
1512418500,8.140,8.140,8.140,8.140,81,17330
1512418560,8.140,8.140,8.140,8.140,81,17330
1512418620,8.140,8.140,8.140,8.140,81,17330
1512418680,8.140,8.140,8.140,8.140,81,17330
1512418740,8.140,8.140,8.140,8.140,81,17330
1512418800,8.140,8.140,8.140,8.140,81,17330
1512418860,8.140,8.140,8.140,8.140,81,17330
1512418920,8.140,8.140,8.140,8.140,81,17330
1512418980,8.140,8.140,8.140,8.140,81,17330
1512419040,8.140,8.140,8.140,8.140,81,17330
1512419100,8.140,8.140,8.140,8.140,81,17330
1512419160,8.140,8.140,8.140,8.140,81,17330
1512419220,8.140,8.140,8.140,8.140,81,17330
1512419280,8.140,8.140,8.140,8.140,81,17330
1512419340,8.140,8.140,8.140,8.140,81,17330
1512419400,8.140,8.140,8.140,8.140,67,17735
1512419460,8.140,8.140,8.140,8.140,64,17735
1512419520,8.100,8.100,8.100,8.100,64,17735
1512419580,8.100,8.100,8.100,8.100,64,17735
1512419640,8.100,8.100,8.100,8.100,64,17735
1512419700,8.100,8.100,8.100,8.100,64,17735
1512419760,8.100,8.100,8.100,8.100,64,17735
1512419820,8.100,8.100,8.100,8.100,64,17735
1512419880,8.100,8.100,8.100,8.100,64,17735
1512419940,8.100,8.100,8.100,8.100,64,17735
1512420000,8.100,8.100,8.100,8.100,64,17735
1512420060,8.100,8.100,8.100,8.100,64,17735
1512420120,8.100,8.100,8.100,8.100,64,17735
1512420180,8.100,8.100,8.100,8.100,64,17735
1512420240,8.100,8.100,8.100,8.100,64,17735
1512420300,8.100,8.100,8.100,8.100,64,17735
1512420360,8.100,8.100,8.100,8.100,64,17735
1512420420,8.100,8.100,8.100,8.100,64,17735
1512420480,8.100,8.100,8.100,8.100,64,17735
1512420540,8.100,8.100,8.100,8.100,64,17735
1512420600,8.100,8.100,8.100,8.100,64,17735
1512420660,8.100,8.100,8.100,8.100,64,17735
1512420720,8.100,8.100,8.100,8.100,64,17735
1512420780,8.100,8.100,8.100,8.100,64,17735
1512420840,8.100,8.100,8.100,8.100,64,17735
1512420900,8.100,8.100,8.100,8.100,168,18058
1512420960,8.100,8.100,8.100,8.100,167,18058
1512421020,8.100,8.100,8.100,8.100,167,18058
1512421080,8.100,8.100,8.100,8.100,167,18058
1512421140,8.150,8.050,8.050,8.150,167,18058
1512484200,8.050,8.050,8.050,8.050,215,0
1512484260,8.050,8.050,8.050,8.050,212,0
1512484320,8.100,8.100,8.100,8.100,212,0
1512484380,8.100,8.100,8.100,8.100,212,0
1512484440,8.100,8.100,8.100,8.100,212,0
1512484500,8.100,8.100,8.100,8.100,81,1063
1512484560,8.100,8.100,8.100,8.100,80,1063
1512484620,8.100,8.100,8.100,8.100,80,1063
1512484680,8.100,8.100,8.100,8.100,80,1063
1512484740,8.100,8.100,8.100,8.100,80,1063
1512484800,8.100,8.100,8.100,8.100,80,1063
1512484860,8.100,8.100,8.100,8.100,80,1063
1512484920,8.100,8.100,8.100,8.100,80,1063
1512484980,8.100,8.100,8.100,8.100,80,1063
1512485040,8.100,8.100,8.100,8.100,80,1063
1512485100,8.100,8.100,8.100,8.100,80,1063
1512485160,8.100,8.100,8.100,8.100,80,1063
1512485220,8.100,8.100,8.100,8.100,80,1063
1512485280,8.100,8.100,8.100,8.100,80,1063
1512485340,8.100,8.100,8.100,8.100,80,1063
1512485400,8.100,8.100,8.100,8.100,80,1063
1512485460,8.100,8.100,8.100,8.100,80,1063
1512485520,8.100,8.100,8.100,8.100,80,1063
1512485580,8.100,8.100,8.100,8.100,80,1063
1512485640,8.100,8.100,8.100,8.100,80,1063
1512485700,8.100,8.100,8.100,8.100,80,1063
1512485760,8.100,8.100,8.100,8.100,80,1063
1512485820,8.100,8.100,8.100,8.100,80,1063
1512485880,8.100,8.100,8.100,8.100,80,1063
1512485940,8.100,8.100,8.100,8.100,80,1063
1512486000,8.100,8.100,8.100,8.100,80,1063
1512486060,8.100,8.100,8.100,8.100,80,1063
1512486120,8.100,8.100,8.100,8.100,80,1063
1512486180,8.100,8.100,8.100,8.100,80,1063
1512486240,8.100,8.100,8.100,8.100,80,1063
1512486300,8.100,8.100,8.100,8.100,80,1063
1512486360,8.100,8.100,8.100,8.100,80,1063
1512486420,8.100,8.100,8.100,8.100,80,1063
1512486480,8.100,8.100,8.100,8.100,80,1063
1512486540,8.100,8.100,8.100,8.100,80,1063
1512486600,8.120,8.120,8.120,8.120,220,1464
1512486660,8.120,8.120,8.120,8.120,220,1464
1512486720,8.120,8.120,8.120,8.120,220,1464
1512486780,8.150,8.150,8.150,8.150,220,1464
1512486840,8.120,8.120,8.120,8.120,220,1464
1512486900,8.120,8.120,8.120,8.120,220,1464
1512486960,8.120,8.120,8.120,8.120,220,1464
1512487020,8.120,8.120,8.120,8.120,220,1464
1512487080,8.120,8.120,8.120,8.120,220,1464
1512487140,8.120,8.120,8.120,8.120,220,1464
1512487200,8.120,8.120,8.120,8.120,220,1464
1512487260,8.120,8.120,8.120,8.120,220,1464
1512487320,8.120,8.120,8.120,8.120,220,1464
1512487380,8.120,8.120,8.120,8.120,220,1464
1512487440,8.120,8.120,8.120,8.120,220,1464
1512487500,8.250,8.250,8.250,8.250,314,2564
1512487560,8.250,8.250,8.250,8.250,312,2564
1512487620,8.250,8.250,8.250,8.250,312,2564
1512487680,8.250,8.250,8.250,8.250,312,2564
1512487740,8.250,8.250,8.250,8.250,312,2564
1512487800,8.250,8.250,8.250,8.250,312,2564
1512487860,8.250,8.250,8.250,8.250,312,2564
1512487920,8.250,8.250,8.250,8.250,312,2564
1512487980,8.250,8.250,8.250,8.250,312,2564
1512488040,8.250,8.250,8.250,8.250,312,2564
1512488100,8.250,8.250,8.250,8.250,312,2564
1512488160,8.250,8.250,8.250,8.250,312,2564
1512488220,8.250,8.250,8.250,8.250,312,2564
1512488280,8.250,8.250,8.250,8.250,312,2564
1512488340,8.250,8.250,8.250,8.250,312,2564
1512488400,8.250,8.250,8.250,8.250,312,2564
1512488460,8.250,8.250,8.250,8.250,312,2564
1512488520,8.250,8.250,8.250,8.250,312,2564
1512488580,8.250,8.250,8.250,8.250,312,2564
1512488640,8.250,8.250,8.250,8.250,312,2564
1512488700,8.250,8.250,8.250,8.250,312,2564
1512488760,8.250,8.250,8.250,8.250,312,2564
1512488820,8.250,8.250,8.250,8.250,312,2564
1512488880,8.250,8.250,8.250,8.250,312,2564
1512488940,8.250,8.250,8.250,8.250,312,2564
1512489000,8.250,8.250,8.250,8.250,312,2564
1512489060,8.250,8.250,8.250,8.250,312,2564
1512489120,8.250,8.250,8.250,8.250,312,2564
1512489180,8.250,8.250,8.250,8.250,312,2564
1512489240,8.250,8.250,8.250,8.250,312,2564
1512489300,8.250,8.250,8.250,8.250,312,2564
1512489360,8.250,8.250,8.250,8.250,312,2564
1512489420,8.250,8.250,8.250,8.250,312,2564
1512489480,8.250,8.250,8.250,8.250,312,2564
1512489540,8.250,8.250,8.250,8.250,312,2564
1512489600,8.250,8.250,8.250,8.250,312,2564
1512489660,8.250,8.250,8.250,8.250,312,2564
1512489720,8.250,8.250,8.250,8.250,312,2564
1512489780,8.250,8.250,8.250,8.250,312,2564
1512489840,8.250,8.250,8.250,8.250,312,2564
1512489900,8.250,8.250,8.250,8.250,312,2564
1512489960,8.250,8.250,8.250,8.250,312,2564
1512490020,8.250,8.250,8.250,8.250,312,2564
1512490080,8.250,8.250,8.250,8.250,312,2564
1512490140,8.250,8.250,8.250,8.250,312,2564
1512490200,8.250,8.250,8.250,8.250,312,2564
1512490260,8.250,8.250,8.250,8.250,312,2564
1512490320,8.250,8.250,8.250,8.250,312,2564
1512490380,8.250,8.250,8.250,8.250,312,2564
1512490440,8.250,8.250,8.250,8.250,312,2564
1512490500,8.250,8.250,8.250,8.250,312,2564
1512490560,8.250,8.250,8.250,8.250,312,2564
1512490620,8.250,8.250,8.250,8.250,312,2564
1512490680,8.250,8.250,8.250,8.250,312,2564
1512490740,8.250,8.250,8.250,8.250,312,2564
1512490800,8.250,8.250,8.250,8.250,312,2564
1512490860,8.250,8.250,8.250,8.250,312,2564
1512490920,8.250,8.250,8.250,8.250,312,2564
1512490980,8.250,8.250,8.250,8.250,312,2564
1512491040,8.250,8.250,8.250,8.250,312,2564
1512491100,8.250,8.250,8.250,8.250,312,2564
1512491160,8.250,8.250,8.250,8.250,312,2564
1512491220,8.250,8.250,8.250,8.250,312,2564
1512491280,8.250,8.250,8.250,8.250,312,2564
1512491340,8.250,8.250,8.250,8.250,312,2564
1512491400,8.250,8.250,8.250,8.250,312,2564
1512491460,8.250,8.250,8.250,8.250,312,2564
1512491520,8.250,8.250,8.250,8.250,312,2564
1512491580,8.250,8.250,8.250,8.250,312,2564
1512491640,8.250,8.250,8.250,8.250,312,2564
1512491700,8.250,8.250,8.250,8.250,312,2564
1512491760,8.250,8.250,8.250,8.250,312,2564
1512491820,8.250,8.250,8.250,8.250,312,2564
1512491880,8.250,8.250,8.250,8.250,312,2564
1512491940,8.250,8.250,8.250,8.250,312,2564
1512492000,8.250,8.250,8.250,8.250,312,2564
1512492060,8.250,8.250,8.250,8.250,312,2564
1512492120,8.250,8.250,8.250,8.250,312,2564
1512492180,8.250,8.250,8.250,8.250,312,2564
1512492240,8.250,8.250,8.250,8.250,312,2564
1512492300,8.250,8.250,8.250,8.250,312,2564
1512492360,8.250,8.250,8.250,8.250,312,2564
1512492420,8.250,8.250,8.250,8.250,312,2564
1512492480,8.250,8.250,8.250,8.250,312,2564
1512492540,8.250,8.250,8.250,8.250,312,2564
1512492600,8.250,8.250,8.250,8.250,312,2564
1512492660,8.250,8.250,8.250,8.250,312,2564
1512492720,8.250,8.250,8.250,8.250,312,2564
1512492780,8.250,8.250,8.250,8.250,312,2564
1512492840,8.250,8.250,8.250,8.250,312,2564
1512492900,8.250,8.250,8.250,8.250,312,2564
1512492960,8.250,8.250,8.250,8.250,312,2564
1512493020,8.250,8.250,8.250,8.250,312,2564
1512493080,8.250,8.250,8.250,8.250,312,2564
1512493140,8.250,8.250,8.250,8.250,312,2564
1512493200,8.250,8.250,8.250,8.250,312,2564
1512493260,8.250,8.250,8.250,8.250,312,2564
1512493320,8.250,8.250,8.250,8.250,312,2564
1512493380,8.250,8.250,8.250,8.250,312,2564
1512493440,8.250,8.250,8.250,8.250,312,2564
1512493500,8.250,8.250,8.250,8.250,312,2564
1512493560,8.250,8.250,8.250,8.250,312,2564
1512493620,8.250,8.250,8.250,8.250,312,2564
1512493680,8.250,8.250,8.250,8.250,312,2564
1512493740,8.250,8.250,8.250,8.250,312,2564
1512493800,8.250,8.250,8.250,8.250,312,2564
1512493860,8.250,8.250,8.250,8.250,312,2564
1512493920,8.250,8.250,8.250,8.250,312,2564
1512493980,8.250,8.250,8.250,8.250,312,2564
1512494040,8.250,8.250,8.250,8.250,312,2564
1512494100,8.250,8.250,8.250,8.250,312,2564
1512494160,8.250,8.250,8.250,8.250,312,2564
1512494220,8.250,8.250,8.250,8.250,312,2564
1512494280,8.250,8.250,8.250,8.250,312,2564
1512494340,8.250,8.250,8.250,8.250,312,2564
1512494400,8.250,8.250,8.250,8.250,312,2564
1512494460,8.250,8.250,8.250,8.250,312,2564
1512494520,8.250,8.250,8.250,8.250,312,2564
1512494580,8.250,8.250,8.250,8.250,312,2564
1512494640,8.250,8.250,8.250,8.250,312,2564
1512494700,8.250,8.250,8.250,8.250,312,2564
1512494760,8.250,8.250,8.250,8.250,312,2564
1512494820,8.250,8.250,8.250,8.250,312,2564
1512494880,8.250,8.250,8.250,8.250,312,2564
1512494940,8.250,8.250,8.250,8.250,312,2564
1512495000,8.250,8.250,8.250,8.250,312,2564
1512495060,8.250,8.250,8.250,8.250,312,2564
1512495120,8.250,8.250,8.250,8.250,312,2564
1512495180,8.250,8.250,8.250,8.250,312,2564
1512495240,8.250,8.250,8.250,8.250,312,2564
1512495300,8.250,8.250,8.250,8.250,312,2564
1512495360,8.250,8.250,8.250,8.250,312,2564
1512495420,8.250,8.250,8.250,8.250,312,2564
1512495480,8.250,8.250,8.250,8.250,312,2564
1512495540,8.250,8.250,8.250,8.250,312,2564
1512495600,8.250,8.250,8.250,8.250,312,2564
1512495660,8.250,8.250,8.250,8.250,312,2564
1512495720,8.250,8.250,8.250,8.250,312,2564
1512495780,8.250,8.250,8.250,8.250,312,2564
1512495840,8.250,8.250,8.250,8.250,312,2564
1512495900,8.250,8.250,8.250,8.250,169,4126
1512495960,8.250,8.250,8.250,8.250,169,4126
1512496020,8.100,8.100,8.100,8.100,169,4126
1512496080,8.100,8.100,8.100,8.100,169,4126
1512496140,8.100,8.100,8.100,8.100,169,4126
1512496200,8.100,8.100,8.100,8.100,169,4126
1512496260,8.100,8.100,8.100,8.100,169,4126
1512496320,8.100,8.100,8.100,8.100,169,4126
1512496380,8.100,8.100,8.100,8.100,169,4126
1512496440,8.100,8.100,8.100,8.100,169,4126
1512496500,8.100,8.100,8.100,8.100,94,4971
1512496560,8.100,8.100,8.100,8.100,94,4971
1512496620,8.100,8.100,8.100,8.100,94,4971
1512496680,8.180,8.180,8.180,8.180,94,4971
1512496740,8.180,8.180,8.180,8.180,94,4971
1512496800,8.180,8.180,8.180,8.180,94,4971
1512496860,8.180,8.180,8.180,8.180,94,4971
1512496920,8.180,8.180,8.180,8.180,94,4971
1512496980,8.180,8.180,8.180,8.180,94,4971
1512497040,8.180,8.180,8.180,8.180,94,4971
1512497100,8.180,8.180,8.180,8.180,94,4971
1512497160,8.180,8.180,8.180,8.180,94,4971
1512497220,8.180,8.180,8.180,8.180,94,4971
1512497280,8.180,8.180,8.180,8.180,94,4971
1512497340,8.180,8.180,8.180,8.180,94,4971
1512497400,8.180,8.180,8.180,8.180,94,4971
1512497460,8.180,8.180,8.180,8.180,94,4971
1512497520,8.180,8.180,8.180,8.180,94,4971
1512497580,8.180,8.180,8.180,8.180,94,4971
1512497640,8.180,8.180,8.180,8.180,94,4971
1512497700,8.180,8.180,8.180,8.180,622,5441
1512497760,8.000,8.080,8.000,8.080,621,5441
1512497820,8.000,8.080,8.000,8.080,621,5441
1512497880,8.000,8.080,8.000,8.080,621,5441
1512497940,8.000,8.080,8.000,8.080,621,5441
1512498000,8.000,8.080,8.000,8.080,621,5441
1512498060,8.000,8.080,8.000,8.080,621,5441
1512498120,8.000,8.080,8.000,8.080,621,5441
1512498180,8.000,8.080,8.000,8.080,621,5441
1512498240,8.000,8.080,8.000,8.080,621,5441
1512498300,8.000,8.080,8.000,8.080,621,5441
1512498360,8.000,8.080,8.000,8.080,621,5441
1512498420,8.000,8.080,8.000,8.080,621,5441
1512498480,8.000,8.080,8.000,8.080,621,5441
1512498540,8.000,8.080,8.000,8.080,621,5441
1512498600,8.000,8.080,8.000,8.080,621,5441
1512498660,8.000,8.080,8.000,8.080,621,5441
1512498720,8.000,8.080,8.000,8.080,621,5441
1512498780,8.000,8.080,8.000,8.080,621,5441
1512498840,8.000,8.080,8.000,8.080,621,5441
1512498900,8.000,8.080,8.000,8.080,621,5441
1512498960,8.000,8.080,8.000,8.080,621,5441
1512499020,8.000,8.080,8.000,8.080,621,5441
1512499080,8.000,8.080,8.000,8.080,621,5441
1512499140,8.000,8.080,8.000,8.080,621,5441
1512499200,8.000,8.080,8.000,8.080,621,5441
1512499260,8.000,8.080,8.000,8.080,621,5441
1512499320,8.000,8.080,8.000,8.080,621,5441
1512499380,8.000,8.080,8.000,8.080,621,5441
1512499440,8.000,8.080,8.000,8.080,621,5441
1512499500,8.000,8.080,8.000,8.080,621,5441
1512499560,8.000,8.080,8.000,8.080,621,5441
1512499620,8.000,8.080,8.000,8.080,621,5441
1512499680,8.000,8.080,8.000,8.080,621,5441
1512499740,8.000,8.080,8.000,8.080,621,5441
1512499800,8.000,8.080,8.000,8.080,621,5441
1512499860,8.000,8.080,8.000,8.080,621,5441
1512499920,8.000,8.080,8.000,8.080,621,5441
1512499980,8.000,8.080,8.000,8.080,621,5441
1512500040,8.000,8.080,8.000,8.080,621,5441
1512500100,8.000,8.080,8.000,8.080,621,5441
1512500160,8.000,8.080,8.000,8.080,621,5441
1512500220,8.000,8.080,8.000,8.080,621,5441
1512500280,8.000,8.080,8.000,8.080,621,5441
1512500340,8.000,8.080,8.000,8.080,621,5441
1512500400,8.000,8.080,8.000,8.080,621,5441
1512500460,8.000,8.080,8.000,8.080,621,5441
1512500520,8.000,8.080,8.000,8.080,621,5441
1512500580,8.000,8.080,8.000,8.080,621,5441
1512500640,8.000,8.080,8.000,8.080,621,5441
1512500700,8.000,8.080,8.000,8.080,621,5441
1512500760,8.000,8.080,8.000,8.080,621,5441
1512500820,8.000,8.080,8.000,8.080,621,5441
1512500880,8.000,8.080,8.000,8.080,621,5441
1512500940,8.000,8.080,8.000,8.080,621,5441
1512501000,8.000,8.080,8.000,8.080,621,5441
1512501060,8.000,8.080,8.000,8.080,621,5441
1512501120,8.000,8.080,8.000,8.080,621,5441
1512501180,8.000,8.080,8.000,8.080,621,5441
1512501240,8.000,8.080,8.000,8.080,621,5441
1512501300,8.000,8.080,8.000,8.080,621,5441
1512501360,8.000,8.080,8.000,8.080,621,5441
1512501420,8.000,8.080,8.000,8.080,621,5441
1512501480,8.000,8.080,8.000,8.080,621,5441
1512501540,8.000,8.080,8.000,8.080,621,5441
1512501600,8.000,8.080,8.000,8.080,621,5441
1512501660,8.000,8.080,8.000,8.080,621,5441
1512501720,8.000,8.080,8.000,8.080,621,5441
1512501780,8.000,8.080,8.000,8.080,621,5441
1512501840,8.000,8.080,8.000,8.080,621,5441
1512501900,8.000,8.080,8.000,8.080,621,5441
1512501960,8.000,8.080,8.000,8.080,621,5441
1512502020,8.000,8.080,8.000,8.080,621,5441
1512502080,8.000,8.080,8.000,8.080,621,5441
1512502140,8.000,8.080,8.000,8.080,621,5441
1512502200,8.000,8.080,8.000,8.080,621,5441
1512502260,8.000,8.080,8.000,8.080,621,5441
1512502320,8.000,8.080,8.000,8.080,621,5441
1512502380,8.000,8.080,8.000,8.080,621,5441
1512502440,8.000,8.080,8.000,8.080,621,5441
1512502500,8.000,8.080,8.000,8.080,621,5441
1512502560,8.000,8.080,8.000,8.080,621,5441
1512502620,8.000,8.080,8.000,8.080,621,5441
1512502680,8.000,8.080,8.000,8.080,621,5441
1512502740,8.000,8.080,8.000,8.080,621,5441
1512502800,8.000,8.080,8.000,8.080,621,5441
1512502860,8.000,8.080,8.000,8.080,621,5441
1512502920,8.000,8.080,8.000,8.080,621,5441
1512502980,8.000,8.080,8.000,8.080,621,5441
1512503040,8.000,8.080,8.000,8.080,621,5441
1512503100,8.000,8.080,8.000,8.080,621,5441
1512503160,8.000,8.080,8.000,8.080,621,5441
1512503220,8.000,8.080,8.000,8.080,621,5441
1512503280,8.000,8.080,8.000,8.080,621,5441
1512503340,8.000,8.080,8.000,8.080,621,5441
1512503400,8.000,8.080,8.000,8.080,621,5441
1512503460,8.000,8.080,8.000,8.080,621,5441
1512503520,8.000,8.080,8.000,8.080,621,5441
1512503580,8.000,8.080,8.000,8.080,621,5441
1512503640,8.000,8.080,8.000,8.080,621,5441
1512503700,8.000,8.080,8.000,8.080,621,5441
1512503760,8.000,8.080,8.000,8.080,621,5441
1512503820,8.000,8.080,8.000,8.080,621,5441
1512503880,8.000,8.080,8.000,8.080,621,5441
1512503940,8.000,8.080,8.000,8.080,621,5441
1512504000,8.000,8.080,8.000,8.080,621,5441
1512504060,8.000,8.080,8.000,8.080,621,5441
1512504120,8.000,8.080,8.000,8.080,621,5441
1512504180,8.000,8.080,8.000,8.080,621,5441
1512504240,8.000,8.080,8.000,8.080,621,5441
1512504300,8.000,8.080,8.000,8.080,621,5441
1512504360,8.000,8.080,8.000,8.080,621,5441
1512504420,8.000,8.080,8.000,8.080,621,5441
1512504480,8.000,8.080,8.000,8.080,621,5441
1512504540,8.000,8.080,8.000,8.080,621,5441
1512504600,8.000,8.080,8.000,8.080,104,8547
1512504660,8.050,8.050,8.050,8.050,100,8547
1512504720,8.050,8.050,8.050,8.050,100,8547
1512504780,8.050,8.050,8.050,8.050,100,8547
1512504840,8.050,8.050,8.050,8.050,100,8547
1512504900,8.050,8.050,8.050,8.050,41,9051
1512504960,8.050,8.050,8.050,8.050,41,9051
1512505020,8.050,8.050,8.050,8.050,41,9051
1512505080,8.050,8.050,8.050,8.050,41,9051
1512505140,8.050,8.050,8.050,8.050,41,9051
1512505200,8.050,8.050,8.050,8.050,41,9051
1512505260,8.050,8.050,8.050,8.050,41,9051
1512505320,8.050,8.050,8.050,8.050,41,9051
1512505380,8.050,8.050,8.050,8.050,41,9051
1512505440,8.050,8.050,8.050,8.050,41,9051
1512505500,8.050,8.050,8.050,8.050,21,9256
1512505560,8.050,8.050,8.050,8.050,21,9256
1512505620,8.050,8.050,8.050,8.050,21,9256
1512505680,8.050,8.050,8.050,8.050,21,9256
1512505740,8.050,8.050,8.050,8.050,21,9256
1512505800,8.050,8.050,8.050,8.050,21,9256
1512505860,8.050,8.050,8.050,8.050,21,9256
1512505920,8.050,8.050,8.050,8.050,21,9256
1512505980,8.050,8.050,8.050,8.050,21,9256
1512506040,8.050,8.050,8.050,8.050,21,9256
1512506100,8.050,8.050,8.050,8.050,21,9256
1512506160,8.050,8.050,8.050,8.050,21,9256
1512506220,8.050,8.050,8.050,8.050,21,9256
1512506280,8.050,8.050,8.050,8.050,21,9256
1512506340,8.050,8.050,8.050,8.050,21,9256
1512506400,8.050,8.050,8.050,8.050,21,9256
1512506460,8.050,8.050,8.050,8.050,21,9256
1512506520,8.050,8.050,8.050,8.050,21,9256
1512506580,8.050,8.050,8.050,8.050,21,9256
1512506640,8.050,8.050,8.050,8.050,21,9256
1512506700,8.050,8.050,8.050,8.050,21,9256
1512506760,8.050,8.050,8.050,8.050,21,9256
1512506820,8.050,8.050,8.050,8.050,21,9256
1512506880,8.050,8.050,8.050,8.050,21,9256
1512506940,8.050,8.050,8.050,8.050,21,9256
1512507000,8.050,8.050,8.050,8.050,46,9361
1512507060,8.050,8.050,8.050,8.050,46,9361
1512507120,8.050,8.050,8.050,8.050,46,9361
1512507180,8.050,8.050,8.050,8.050,46,9361
1512507240,8.050,8.050,8.050,8.050,46,9361
1512507300,8.050,8.050,8.050,8.050,322,9591
1512507360,8.050,8.050,8.050,8.050,322,9591
1512507420,8.050,8.050,8.050,8.050,322,9591
1512507480,8.050,8.050,8.050,8.050,322,9591
1512507540,8.000,8.000,8.000,8.000,322,9591
1512570600,8.000,8.000,8.000,8.000,0,0
1512570660,8.000,8.000,8.000,8.000,0,0
1512570720,8.000,8.000,8.000,8.000,0,0
1512570780,8.000,8.000,8.000,8.000,0,0
1512570840,8.000,8.000,8.000,8.000,0,0
1512570900,8.000,8.000,8.000,8.000,0,0
1512570960,8.000,8.000,8.000,8.000,0,0
1512571020,8.000,8.000,8.000,8.000,0,0
1512571080,8.000,8.000,8.000,8.000,0,0
1512571140,8.000,8.000,8.000,8.000,0,0
1512571200,8.000,8.000,8.000,8.000,0,0
1512571260,8.000,8.000,8.000,8.000,0,0
1512571320,8.000,8.000,8.000,8.000,0,0
1512571380,8.000,8.000,8.000,8.000,0,0
1512571440,8.000,8.000,8.000,8.000,0,0
1512571500,8.000,8.000,8.000,8.000,0,0
1512571560,8.000,8.000,8.000,8.000,0,0
1512571620,8.000,8.000,8.000,8.000,0,0
1512571680,8.000,8.000,8.000,8.000,0,0
1512571740,8.000,8.000,8.000,8.000,0,0
1512571800,8.000,8.000,8.000,8.000,83,0
1512571860,8.000,8.000,8.000,8.000,80,0
1512571920,8.000,8.000,8.000,8.000,80,0
1512571980,8.000,8.000,8.000,8.000,80,0
1512572040,8.050,8.050,8.050,8.050,80,0
1512572100,8.050,8.050,8.050,8.050,80,0
1512572160,8.050,8.050,8.050,8.050,80,0
1512572220,8.050,8.050,8.050,8.050,80,0
1512572280,8.050,8.050,8.050,8.050,80,0
1512572340,8.050,8.050,8.050,8.050,80,0
1512572400,8.050,8.050,8.050,8.050,80,0
1512572460,8.050,8.050,8.050,8.050,80,0
1512572520,8.050,8.050,8.050,8.050,80,0
1512572580,8.050,8.050,8.050,8.050,80,0
1512572640,8.050,8.050,8.050,8.050,80,0
1512572700,8.050,8.050,8.050,8.050,80,0
1512572760,8.050,8.050,8.050,8.050,80,0
1512572820,8.050,8.050,8.050,8.050,80,0
1512572880,8.050,8.050,8.050,8.050,80,0
1512572940,8.050,8.050,8.050,8.050,80,0
1512573000,8.050,8.050,8.050,8.050,80,0
1512573060,8.050,8.050,8.050,8.050,80,0
1512573120,8.050,8.050,8.050,8.050,80,0
1512573180,8.050,8.050,8.050,8.050,80,0
1512573240,8.050,8.050,8.050,8.050,80,0
1512573300,8.050,8.050,8.050,8.050,80,0
1512573360,8.050,8.050,8.050,8.050,80,0
1512573420,8.050,8.050,8.050,8.050,80,0
1512573480,8.050,8.050,8.050,8.050,80,0
1512573540,8.050,8.050,8.050,8.050,80,0
1512573600,8.050,8.050,8.050,8.050,80,0
1512573660,8.050,8.050,8.050,8.050,80,0
1512573720,8.050,8.050,8.050,8.050,80,0
1512573780,8.050,8.050,8.050,8.050,80,0
1512573840,8.050,8.050,8.050,8.050,80,0
1512573900,8.050,8.050,8.050,8.050,80,0
1512573960,8.050,8.050,8.050,8.050,80,0
1512574020,8.050,8.050,8.050,8.050,80,0
1512574080,8.050,8.050,8.050,8.050,80,0
1512574140,8.050,8.050,8.050,8.050,80,0
1512574200,8.050,8.050,8.050,8.050,80,0
1512574260,8.050,8.050,8.050,8.050,80,0
1512574320,8.050,8.050,8.050,8.050,80,0
1512574380,8.050,8.050,8.050,8.050,80,0
1512574440,8.050,8.050,8.050,8.050,80,0
1512574500,8.050,8.050,8.050,8.050,6045,403
1512574560,8.050,8.050,8.050,8.050,6044,403
1512574620,8.050,8.050,8.050,8.050,6044,403
1512574680,8.050,8.050,8.050,8.050,6044,403
1512574740,8.000,8.000,8.000,8.000,6044,403
1512574800,8.000,8.000,8.000,8.000,41,30624
1512574860,8.000,8.000,8.000,8.000,41,30624
1512574920,8.030,8.030,8.030,8.030,41,30624
1512574980,8.030,8.030,8.030,8.030,41,30624
1512575040,8.030,8.030,8.030,8.030,41,30624
1512575100,8.030,8.030,8.030,8.030,41,30624
1512575160,8.030,8.030,8.030,8.030,41,30624
1512575220,8.030,8.030,8.030,8.030,41,30624
1512575280,8.030,8.030,8.030,8.030,41,30624
1512575340,8.030,8.030,8.030,8.030,41,30624
1512575400,8.030,8.030,8.030,8.030,41,30624
1512575460,8.030,8.030,8.030,8.030,41,30624
1512575520,8.030,8.030,8.030,8.030,41,30624
1512575580,8.030,8.030,8.030,8.030,41,30624
1512575640,8.030,8.030,8.030,8.030,41,30624
1512575700,8.030,8.030,8.030,8.030,41,30624
1512575760,8.030,8.030,8.030,8.030,41,30624
1512575820,8.030,8.030,8.030,8.030,41,30624
1512575880,8.030,8.030,8.030,8.030,41,30624
1512575940,8.030,8.030,8.030,8.030,41,30624
1512576000,8.030,8.030,8.030,8.030,41,30624
1512576060,8.030,8.030,8.030,8.030,41,30624
1512576120,8.030,8.030,8.030,8.030,41,30624
1512576180,8.030,8.030,8.030,8.030,41,30624
1512576240,8.030,8.030,8.030,8.030,41,30624
1512576300,8.030,8.030,8.030,8.030,41,30624
1512576360,8.030,8.030,8.030,8.030,41,30624
1512576420,8.030,8.030,8.030,8.030,41,30624
1512576480,8.030,8.030,8.030,8.030,41,30624
1512576540,8.030,8.030,8.030,8.030,41,30624
1512576600,8.030,8.030,8.030,8.030,41,30624
1512576660,8.030,8.030,8.030,8.030,41,30624
1512576720,8.030,8.030,8.030,8.030,41,30624
1512576780,8.030,8.030,8.030,8.030,41,30624
1512576840,8.030,8.030,8.030,8.030,41,30624
1512576900,8.030,8.030,8.030,8.030,41,30624
1512576960,8.030,8.030,8.030,8.030,41,30624
1512577020,8.030,8.030,8.030,8.030,41,30624
1512577080,8.030,8.030,8.030,8.030,41,30624
1512577140,8.030,8.030,8.030,8.030,41,30624
1512577200,8.030,8.030,8.030,8.030,41,30624
1512577260,8.030,8.030,8.030,8.030,41,30624
1512577320,8.030,8.030,8.030,8.030,41,30624
1512577380,8.030,8.030,8.030,8.030,41,30624
1512577440,8.030,8.030,8.030,8.030,41,30624
1512577500,8.030,8.030,8.030,8.030,41,30624
1512577560,8.030,8.030,8.030,8.030,41,30624
1512577620,8.030,8.030,8.030,8.030,41,30624
1512577680,8.030,8.030,8.030,8.030,41,30624
1512577740,8.030,8.030,8.030,8.030,41,30624
1512577800,8.030,8.030,8.030,8.030,41,30624
1512577860,8.030,8.030,8.030,8.030,41,30624
1512577920,8.030,8.030,8.030,8.030,41,30624
1512577980,8.030,8.030,8.030,8.030,41,30624
1512578040,8.030,8.030,8.030,8.030,41,30624
1512578100,8.030,8.030,8.030,8.030,123,30829
1512578160,8.030,8.030,8.030,8.030,120,30829
1512578220,8.030,8.030,8.030,8.030,120,30829
1512578280,8.030,8.030,8.030,8.030,120,30829
1512578340,8.030,8.030,8.030,8.030,120,30829
1512578400,8.030,8.030,8.030,8.030,120,30829
1512578460,8.030,8.030,8.030,8.030,120,30829
1512578520,8.030,8.030,8.030,8.030,120,30829
1512578580,8.030,8.030,8.030,8.030,120,30829
1512578640,8.030,8.030,8.030,8.030,120,30829
1512578700,8.030,8.030,8.030,8.030,4005,31432
1512578760,8.030,8.030,8.030,8.030,4005,31432
1512578820,8.030,8.030,8.030,8.030,4005,31432
1512578880,8.000,8.000,8.000,8.000,4005,31432
1512578940,8.000,8.000,8.000,8.000,4005,31432
1512579000,8.000,8.000,8.000,8.000,4005,31432
1512579060,8.000,8.000,8.000,8.000,4005,31432
1512579120,8.000,8.000,8.000,8.000,4005,31432
1512579180,8.000,8.000,8.000,8.000,4005,31432
1512579240,8.000,8.000,8.000,8.000,4005,31432
1512579300,8.000,8.000,8.000,8.000,4005,31432
1512579360,8.000,8.000,8.000,8.000,4005,31432
1512579420,8.000,8.000,8.000,8.000,4005,31432
1512579480,8.000,8.000,8.000,8.000,4005,31432
1512579540,8.000,8.000,8.000,8.000,4005,31432
1512579600,8.000,8.000,8.000,8.000,1166,51457
1512579660,8.000,8.000,8.000,8.000,1164,51457
1512579720,8.000,8.000,8.000,8.000,1164,51457
1512579780,8.000,8.000,8.000,8.000,1164,51457
1512579840,8.000,8.000,8.000,8.000,1164,51457
1512579900,8.000,8.000,8.000,8.000,1164,51457
1512579960,8.000,8.000,8.000,8.000,1164,51457
1512580020,8.000,8.000,8.000,8.000,1164,51457
1512580080,8.000,8.000,8.000,8.000,1164,51457
1512580140,8.000,8.000,8.000,8.000,1164,51457
1512580200,8.000,8.000,8.000,8.000,1164,51457
1512580260,8.000,8.000,8.000,8.000,1164,51457
1512580320,8.000,8.000,8.000,8.000,1164,51457
1512580380,8.000,8.000,8.000,8.000,1164,51457
1512580440,8.000,8.000,8.000,8.000,1164,51457
1512580500,8.000,8.000,8.000,8.000,1164,51457
1512580560,8.000,8.000,8.000,8.000,1164,51457
1512580620,8.000,8.000,8.000,8.000,1164,51457
1512580680,8.000,8.000,8.000,8.000,1164,51457
1512580740,8.000,8.000,8.000,8.000,1164,51457
1512580800,8.000,8.000,8.000,8.000,1164,51457
1512580860,8.000,8.000,8.000,8.000,1164,51457
1512580920,8.000,8.000,8.000,8.000,1164,51457
1512580980,8.000,8.000,8.000,8.000,1164,51457
1512581040,8.000,8.000,8.000,8.000,1164,51457
1512581100,8.000,8.000,8.000,8.000,45,57279
1512581160,8.000,8.000,8.000,8.000,41,57279
1512581220,8.000,8.000,8.000,8.000,41,57279
1512581280,8.000,8.000,8.000,8.000,41,57279
1512581340,8.000,8.000,8.000,8.000,41,57279
1512581400,8.000,8.000,8.000,8.000,31,57488
1512581460,8.050,8.050,8.050,8.050,28,57488
1512581520,8.050,8.050,8.050,8.050,28,57488
1512581580,8.050,8.050,8.050,8.050,28,57488
1512581640,8.050,8.050,8.050,8.050,28,57488
1512581700,8.050,8.050,8.050,8.050,28,57488
1512581760,8.050,8.050,8.050,8.050,28,57488
1512581820,8.050,8.050,8.050,8.050,28,57488
1512581880,8.050,8.050,8.050,8.050,28,57488
1512581940,8.050,8.050,8.050,8.050,28,57488
1512582000,8.050,8.050,8.050,8.050,28,57488
1512582060,8.050,8.050,8.050,8.050,28,57488
1512582120,8.050,8.050,8.050,8.050,28,57488
1512582180,8.050,8.050,8.050,8.050,28,57488
1512582240,8.050,8.050,8.050,8.050,28,57488
1512582300,8.050,8.050,8.050,8.050,28,57488
1512582360,8.050,8.050,8.050,8.050,28,57488
1512582420,8.050,8.050,8.050,8.050,28,57488
1512582480,8.050,8.050,8.050,8.050,28,57488
1512582540,8.050,8.050,8.050,8.050,28,57488
1512582600,8.050,8.050,8.050,8.050,28,57488
1512582660,8.050,8.050,8.050,8.050,28,57488
1512582720,8.050,8.050,8.050,8.050,28,57488
1512582780,8.050,8.050,8.050,8.050,28,57488
1512582840,8.050,8.050,8.050,8.050,28,57488
1512582900,8.050,8.050,8.050,8.050,28,57488
1512582960,8.050,8.050,8.050,8.050,28,57488
1512583020,8.050,8.050,8.050,8.050,28,57488
1512583080,8.050,8.050,8.050,8.050,28,57488
1512583140,8.050,8.050,8.050,8.050,28,57488
1512583200,8.050,8.050,8.050,8.050,28,57488
1512583260,8.050,8.050,8.050,8.050,28,57488
1512583320,8.050,8.050,8.050,8.050,28,57488
1512583380,8.050,8.050,8.050,8.050,28,57488
1512583440,8.050,8.050,8.050,8.050,28,57488
1512583500,8.050,8.050,8.050,8.050,28,57488
1512583560,8.050,8.050,8.050,8.050,28,57488
1512583620,8.050,8.050,8.050,8.050,28,57488
1512583680,8.050,8.050,8.050,8.050,28,57488
1512583740,8.050,8.050,8.050,8.050,28,57488
1512583800,8.050,8.050,8.050,8.050,28,57488
1512583860,8.050,8.050,8.050,8.050,28,57488
1512583920,8.050,8.050,8.050,8.050,28,57488
1512583980,8.050,8.050,8.050,8.050,28,57488
1512584040,8.050,8.050,8.050,8.050,28,57488
1512584100,8.050,8.050,8.050,8.050,28,57488
1512584160,8.050,8.050,8.050,8.050,28,57488
1512584220,8.050,8.050,8.050,8.050,28,57488
1512584280,8.050,8.050,8.050,8.050,28,57488
1512584340,8.050,8.050,8.050,8.050,28,57488
1512584400,8.050,8.050,8.050,8.050,28,57488
1512584460,8.050,8.050,8.050,8.050,28,57488
1512584520,8.050,8.050,8.050,8.050,28,57488
1512584580,8.050,8.050,8.050,8.050,28,57488
1512584640,8.050,8.050,8.050,8.050,28,57488
1512584700,8.050,8.050,8.050,8.050,28,57488
1512584760,8.050,8.050,8.050,8.050,28,57488
1512584820,8.050,8.050,8.050,8.050,28,57488
1512584880,8.050,8.050,8.050,8.050,28,57488
1512584940,8.050,8.050,8.050,8.050,28,57488
1512585000,8.050,8.050,8.050,8.050,28,57488
1512585060,8.050,8.050,8.050,8.050,28,57488
1512585120,8.050,8.050,8.050,8.050,28,57488
1512585180,8.050,8.050,8.050,8.050,28,57488
1512585240,8.050,8.050,8.050,8.050,28,57488
1512585300,8.050,8.050,8.050,8.050,28,57488
1512585360,8.050,8.050,8.050,8.050,28,57488
1512585420,8.050,8.050,8.050,8.050,28,57488
1512585480,8.050,8.050,8.050,8.050,28,57488
1512585540,8.050,8.050,8.050,8.050,28,57488
1512585600,8.050,8.050,8.050,8.050,28,57488
1512585660,8.050,8.050,8.050,8.050,28,57488
1512585720,8.050,8.050,8.050,8.050,28,57488
1512585780,8.050,8.050,8.050,8.050,28,57488
1512585840,8.050,8.050,8.050,8.050,28,57488
1512585900,8.050,8.050,8.050,8.050,28,57488
1512585960,8.050,8.050,8.050,8.050,28,57488
1512586020,8.050,8.050,8.050,8.050,28,57488
1512586080,8.050,8.050,8.050,8.050,28,57488
1512586140,8.050,8.050,8.050,8.050,28,57488
1512586200,8.050,8.050,8.050,8.050,345,57631
1512586260,8.050,8.050,8.050,8.050,345,57631
1512586320,8.050,8.050,8.050,8.050,345,57631
1512586380,8.050,8.050,8.050,8.050,345,57631
1512586440,8.000,8.000,8.000,8.000,345,57631
1512586500,8.000,8.000,8.000,8.000,345,57631
1512586560,8.000,8.000,8.000,8.000,345,57631
1512586620,8.000,8.000,8.000,8.000,345,57631
1512586680,8.000,8.000,8.000,8.000,345,57631
1512586740,8.000,8.000,8.000,8.000,345,57631
1512586800,8.000,8.000,8.000,8.000,345,57631
1512586860,8.000,8.000,8.000,8.000,345,57631
1512586920,8.000,8.000,8.000,8.000,345,57631
1512586980,8.000,8.000,8.000,8.000,345,57631
1512587040,8.000,8.000,8.000,8.000,345,57631
1512587100,8.000,8.000,8.000,8.000,345,57631
1512587160,8.000,8.000,8.000,8.000,345,57631
1512587220,8.000,8.000,8.000,8.000,345,57631
1512587280,8.000,8.000,8.000,8.000,345,57631
1512587340,8.000,8.000,8.000,8.000,345,57631
1512587400,8.000,8.000,8.000,8.000,345,57631
1512587460,8.000,8.000,8.000,8.000,345,57631
1512587520,8.000,8.000,8.000,8.000,345,57631
1512587580,8.000,8.000,8.000,8.000,345,57631
1512587640,8.000,8.000,8.000,8.000,345,57631
1512587700,8.000,8.000,8.000,8.000,345,57631
1512587760,8.000,8.000,8.000,8.000,345,57631
1512587820,8.000,8.000,8.000,8.000,345,57631
1512587880,8.000,8.000,8.000,8.000,345,57631
1512587940,8.000,8.000,8.000,8.000,345,57631
1512588000,8.000,8.000,8.000,8.000,345,57631
1512588060,8.000,8.000,8.000,8.000,345,57631
1512588120,8.000,8.000,8.000,8.000,345,57631
1512588180,8.000,8.000,8.000,8.000,345,57631
1512588240,8.000,8.000,8.000,8.000,345,57631
1512588300,8.000,8.000,8.000,8.000,83,59356
1512588360,8.000,8.000,8.000,8.000,79,59356
1512588420,8.000,8.000,8.000,8.000,79,59356
1512588480,8.000,8.000,8.000,8.000,79,59356
1512588540,8.000,8.000,8.000,8.000,79,59356
1512588600,8.000,8.000,8.000,8.000,79,59356
1512588660,8.000,8.000,8.000,8.000,79,59356
1512588720,8.000,8.000,8.000,8.000,79,59356
1512588780,8.000,8.000,8.000,8.000,79,59356
1512588840,8.000,8.000,8.000,8.000,79,59356
1512588900,8.000,8.000,8.000,8.000,79,59356
1512588960,8.000,8.000,8.000,8.000,79,59356
1512589020,8.000,8.000,8.000,8.000,79,59356
1512589080,8.000,8.000,8.000,8.000,79,59356
1512589140,8.000,8.000,8.000,8.000,79,59356
1512589200,8.000,8.000,8.000,8.000,79,59356
1512589260,8.000,8.000,8.000,8.000,79,59356
1512589320,8.000,8.000,8.000,8.000,79,59356
1512589380,8.000,8.000,8.000,8.000,79,59356
1512589440,8.000,8.000,8.000,8.000,79,59356
1512589500,8.000,8.000,8.000,8.000,79,59356
1512589560,8.000,8.000,8.000,8.000,79,59356
1512589620,8.000,8.000,8.000,8.000,79,59356
1512589680,8.000,8.000,8.000,8.000,79,59356
1512589740,8.000,8.000,8.000,8.000,79,59356
1512589800,8.000,8.000,8.000,8.000,79,59356
1512589860,8.000,8.000,8.000,8.000,79,59356
1512589920,8.000,8.000,8.000,8.000,79,59356
1512589980,8.000,8.000,8.000,8.000,79,59356
1512590040,8.000,8.000,8.000,8.000,79,59356
1512590100,8.000,8.000,8.000,8.000,79,59356
1512590160,8.000,8.000,8.000,8.000,79,59356
1512590220,8.000,8.000,8.000,8.000,79,59356
1512590280,8.000,8.000,8.000,8.000,79,59356
1512590340,8.000,8.000,8.000,8.000,79,59356
1512590400,8.000,8.000,8.000,8.000,79,59356
1512590460,8.000,8.000,8.000,8.000,79,59356
1512590520,8.000,8.000,8.000,8.000,79,59356
1512590580,8.000,8.000,8.000,8.000,79,59356
1512590640,8.000,8.000,8.000,8.000,79,59356
1512590700,8.000,8.000,8.000,8.000,79,59356
1512590760,8.000,8.000,8.000,8.000,79,59356
1512590820,8.000,8.000,8.000,8.000,79,59356
1512590880,8.000,8.000,8.000,8.000,79,59356
1512590940,8.000,8.000,8.000,8.000,79,59356
1512591000,8.000,8.000,8.000,8.000,79,59356
1512591060,8.000,8.000,8.000,8.000,79,59356
1512591120,8.000,8.000,8.000,8.000,79,59356
1512591180,8.000,8.000,8.000,8.000,79,59356
1512591240,8.000,8.000,8.000,8.000,79,59356
1512591300,8.000,8.000,8.000,8.000,79,59356
1512591360,8.000,8.000,8.000,8.000,79,59356
1512591420,8.000,8.000,8.000,8.000,79,59356
1512591480,8.000,8.000,8.000,8.000,79,59356
1512591540,8.000,8.000,8.000,8.000,79,59356
1512591600,8.000,8.000,8.000,8.000,79,59356
1512591660,8.000,8.000,8.000,8.000,79,59356
1512591720,8.000,8.000,8.000,8.000,79,59356
1512591780,8.000,8.000,8.000,8.000,79,59356
1512591840,8.000,8.000,8.000,8.000,79,59356
1512591900,8.000,8.000,8.000,8.000,79,59356
1512591960,8.000,8.000,8.000,8.000,79,59356
1512592020,8.000,8.000,8.000,8.000,79,59356
1512592080,8.000,8.000,8.000,8.000,79,59356
1512592140,8.000,8.000,8.000,8.000,79,59356
1512592200,8.000,8.000,8.000,8.000,79,59356
1512592260,8.000,8.000,8.000,8.000,79,59356
1512592320,8.000,8.000,8.000,8.000,79,59356
1512592380,8.000,8.000,8.000,8.000,79,59356
1512592440,8.000,8.000,8.000,8.000,79,59356
1512592500,8.000,8.000,8.000,8.000,79,59356
1512592560,8.000,8.000,8.000,8.000,79,59356
1512592620,8.000,8.000,8.000,8.000,79,59356
1512592680,8.000,8.000,8.000,8.000,79,59356
1512592740,8.000,8.000,8.000,8.000,79,59356
1512592800,8.000,8.000,8.000,8.000,79,59356
1512592860,8.000,8.000,8.000,8.000,79,59356
1512592920,8.000,8.000,8.000,8.000,79,59356
1512592980,8.000,8.000,8.000,8.000,79,59356
1512593040,8.000,8.000,8.000,8.000,79,59356
1512593100,8.000,8.000,8.000,8.000,54,59755
1512593160,8.000,8.000,8.000,8.000,52,59755
1512593220,8.000,8.000,8.000,8.000,52,59755
1512593280,8.050,8.050,8.050,8.050,52,59755
1512593340,8.050,8.050,8.050,8.050,52,59755
1512593400,8.050,8.050,8.050,8.050,52,59755
1512593460,8.050,8.050,8.050,8.050,52,59755
1512593520,8.050,8.050,8.050,8.050,52,59755
1512593580,8.050,8.050,8.050,8.050,52,59755
1512593640,8.050,8.050,8.050,8.050,52,59755
1512593700,8.050,8.050,8.050,8.050,43,60017
1512593760,8.050,8.050,8.050,8.050,39,60017
1512657000,8.150,8.150,8.150,8.150,238,0
1512657060,8.150,8.150,8.150,8.150,238,0
1512657120,8.100,8.050,8.050,8.100,238,0
1512657180,8.100,8.050,8.050,8.100,238,0
1512657240,8.100,8.050,8.050,8.100,238,0
1512657300,8.100,8.050,8.050,8.100,238,0
1512657360,8.100,8.050,8.050,8.100,238,0
1512657420,8.100,8.050,8.050,8.100,238,0
1512657480,8.100,8.050,8.050,8.100,238,0
1512657540,8.100,8.050,8.050,8.100,238,0
1512657600,8.100,8.050,8.050,8.100,238,0
1512657660,8.100,8.050,8.050,8.100,238,0
1512657720,8.100,8.050,8.050,8.100,238,0
1512657780,8.100,8.050,8.050,8.100,238,0
1512657840,8.100,8.050,8.050,8.100,238,0
1512657900,8.100,8.050,8.050,8.100,238,0
1512657960,8.100,8.050,8.050,8.100,238,0
1512658020,8.100,8.050,8.050,8.100,238,0
1512658080,8.100,8.050,8.050,8.100,238,0
1512658140,8.100,8.050,8.050,8.100,238,0
1512658200,8.100,8.050,8.050,8.100,238,0
1512658260,8.100,8.050,8.050,8.100,238,0
1512658320,8.100,8.050,8.050,8.100,238,0
1512658380,8.100,8.050,8.050,8.100,238,0
1512658440,8.100,8.050,8.050,8.100,238,0
1512658500,8.100,8.050,8.050,8.100,238,0
1512658560,8.100,8.050,8.050,8.100,238,0
1512658620,8.100,8.050,8.050,8.100,238,0
1512658680,8.100,8.050,8.050,8.100,238,0
1512658740,8.100,8.050,8.050,8.100,238,0
1512658800,8.100,8.050,8.050,8.100,238,0
1512658860,8.100,8.050,8.050,8.100,238,0
1512658920,8.100,8.050,8.050,8.100,238,0
1512658980,8.100,8.050,8.050,8.100,238,0
1512659040,8.100,8.050,8.050,8.100,238,0
1512659100,8.100,8.050,8.050,8.100,238,0
1512659160,8.100,8.050,8.050,8.100,238,0
1512659220,8.100,8.050,8.050,8.100,238,0
1512659280,8.100,8.050,8.050,8.100,238,0
1512659340,8.100,8.050,8.050,8.100,238,0
1512659400,8.100,8.050,8.050,8.100,238,0
1512659460,8.100,8.050,8.050,8.100,238,0
1512659520,8.100,8.050,8.050,8.100,238,0
1512659580,8.100,8.050,8.050,8.100,238,0
1512659640,8.100,8.050,8.050,8.100,238,0
1512659700,8.100,8.050,8.050,8.100,238,0
1512659760,8.100,8.050,8.050,8.100,238,0
1512659820,8.100,8.050,8.050,8.100,238,0
1512659880,8.100,8.050,8.050,8.100,238,0
1512659940,8.100,8.050,8.050,8.100,238,0
1512660000,8.100,8.050,8.050,8.100,238,0
1512660060,8.100,8.050,8.050,8.100,238,0
1512660120,8.100,8.050,8.050,8.100,238,0
1512660180,8.100,8.050,8.050,8.100,238,0
1512660240,8.100,8.050,8.050,8.100,238,0
1512660300,8.100,8.050,8.050,8.100,238,0
1512660360,8.100,8.050,8.050,8.100,238,0
1512660420,8.100,8.050,8.050,8.100,238,0
1512660480,8.100,8.050,8.050,8.100,238,0
1512660540,8.100,8.050,8.050,8.100,238,0
1512660600,8.100,8.050,8.050,8.100,238,0
1512660660,8.100,8.050,8.050,8.100,238,0
1512660720,8.100,8.050,8.050,8.100,238,0
1512660780,8.100,8.050,8.050,8.100,238,0
1512660840,8.100,8.050,8.050,8.100,238,0
1512660900,8.100,8.050,8.050,8.100,238,0
1512660960,8.100,8.050,8.050,8.100,238,0
1512661020,8.100,8.050,8.050,8.100,238,0
1512661080,8.100,8.050,8.050,8.100,238,0
1512661140,8.100,8.050,8.050,8.100,238,0
1512661200,8.100,8.050,8.050,8.100,238,0
1512661260,8.100,8.050,8.050,8.100,238,0
1512661320,8.100,8.050,8.050,8.100,238,0
1512661380,8.100,8.050,8.050,8.100,238,0
1512661440,8.100,8.050,8.050,8.100,238,0
1512661500,8.100,8.050,8.050,8.100,238,0
1512661560,8.100,8.050,8.050,8.100,238,0
1512661620,8.100,8.050,8.050,8.100,238,0
1512661680,8.100,8.050,8.050,8.100,238,0
1512661740,8.100,8.050,8.050,8.100,238,0
1512661800,8.100,8.050,8.050,8.100,238,0
1512661860,8.100,8.050,8.050,8.100,238,0
1512661920,8.100,8.050,8.050,8.100,238,0
1512661980,8.100,8.050,8.050,8.100,238,0
1512662040,8.100,8.050,8.050,8.100,238,0
1512662100,8.100,8.050,8.050,8.100,238,0
1512662160,8.100,8.050,8.050,8.100,238,0
1512662220,8.100,8.050,8.050,8.100,238,0
1512662280,8.100,8.050,8.050,8.100,238,0
1512662340,8.100,8.050,8.050,8.100,238,0
1512662400,8.100,8.050,8.050,8.100,49,1190
1512662460,8.060,8.060,8.060,8.060,45,1190
1512662520,8.060,8.060,8.060,8.060,45,1190
1512662580,8.060,8.060,8.060,8.060,45,1190
1512662640,8.060,8.060,8.060,8.060,45,1190
1512662700,8.060,8.060,8.060,8.060,45,1190
1512662760,8.060,8.060,8.060,8.060,45,1190
1512662820,8.060,8.060,8.060,8.060,45,1190
1512662880,8.060,8.060,8.060,8.060,45,1190
1512662940,8.060,8.060,8.060,8.060,45,1190
1512663000,8.060,8.060,8.060,8.060,45,1190
1512663060,8.060,8.060,8.060,8.060,45,1190
1512663120,8.060,8.060,8.060,8.060,45,1190
1512663180,8.060,8.060,8.060,8.060,45,1190
1512663240,8.060,8.060,8.060,8.060,45,1190
1512663300,8.060,8.060,8.060,8.060,65,1419
1512663360,8.060,8.060,8.060,8.060,63,1419
1512663420,8.060,8.060,8.060,8.060,63,1419
1512663480,8.100,8.100,8.100,8.100,63,1419
1512663540,8.100,8.100,8.100,8.100,63,1419
1512663600,8.100,8.100,8.100,8.100,63,1419
1512663660,8.100,8.100,8.100,8.100,63,1419
1512663720,8.100,8.100,8.100,8.100,63,1419
1512663780,8.100,8.100,8.100,8.100,63,1419
1512663840,8.100,8.100,8.100,8.100,63,1419
1512663900,8.100,8.100,8.100,8.100,63,1419
1512663960,8.100,8.100,8.100,8.100,63,1419
1512664020,8.100,8.100,8.100,8.100,63,1419
1512664080,8.100,8.100,8.100,8.100,63,1419
1512664140,8.100,8.100,8.100,8.100,63,1419
1512664200,8.100,8.100,8.100,8.100,63,1419
1512664260,8.100,8.100,8.100,8.100,63,1419
1512664320,8.100,8.100,8.100,8.100,63,1419
1512664380,8.100,8.100,8.100,8.100,63,1419
1512664440,8.100,8.100,8.100,8.100,63,1419
1512664500,8.100,8.100,8.100,8.100,63,1419
1512664560,8.100,8.100,8.100,8.100,63,1419
1512664620,8.100,8.100,8.100,8.100,63,1419
1512664680,8.100,8.100,8.100,8.100,63,1419
1512664740,8.100,8.100,8.100,8.100,63,1419
1512664800,8.100,8.100,8.100,8.100,63,1419
1512664860,8.100,8.100,8.100,8.100,63,1419
1512664920,8.100,8.100,8.100,8.100,63,1419
1512664980,8.100,8.100,8.100,8.100,63,1419
1512665040,8.100,8.100,8.100,8.100,63,1419
1512665100,8.100,8.100,8.100,8.100,63,1419
1512665160,8.100,8.100,8.100,8.100,63,1419
1512665220,8.100,8.100,8.100,8.100,63,1419
1512665280,8.100,8.100,8.100,8.100,63,1419
1512665340,8.100,8.100,8.100,8.100,63,1419
1512665400,8.100,8.100,8.100,8.100,63,1419
1512665460,8.100,8.100,8.100,8.100,63,1419
1512665520,8.100,8.100,8.100,8.100,63,1419
1512665580,8.100,8.100,8.100,8.100,63,1419
1512665640,8.100,8.100,8.100,8.100,63,1419
1512665700,8.100,8.100,8.100,8.100,63,1419
1512665760,8.100,8.100,8.100,8.100,63,1419
1512665820,8.100,8.100,8.100,8.100,63,1419
1512665880,8.100,8.100,8.100,8.100,63,1419
1512665940,8.100,8.100,8.100,8.100,63,1419
1512666000,8.100,8.100,8.100,8.100,63,1419
1512666060,8.100,8.100,8.100,8.100,63,1419
1512666120,8.100,8.100,8.100,8.100,63,1419
1512666180,8.100,8.100,8.100,8.100,63,1419
1512666240,8.100,8.100,8.100,8.100,63,1419
1512666300,8.100,8.100,8.100,8.100,63,1419
1512666360,8.100,8.100,8.100,8.100,63,1419
1512666420,8.100,8.100,8.100,8.100,63,1419
1512666480,8.100,8.100,8.100,8.100,63,1419
1512666540,8.100,8.100,8.100,8.100,63,1419
1512666600,8.100,8.100,8.100,8.100,63,1419
1512666660,8.100,8.100,8.100,8.100,63,1419
1512666720,8.100,8.100,8.100,8.100,63,1419
1512666780,8.100,8.100,8.100,8.100,63,1419
1512666840,8.100,8.100,8.100,8.100,63,1419
1512666900,8.100,8.100,8.100,8.100,63,1419
1512666960,8.100,8.100,8.100,8.100,63,1419
1512667020,8.100,8.100,8.100,8.100,63,1419
1512667080,8.100,8.100,8.100,8.100,63,1419
1512667140,8.100,8.100,8.100,8.100,63,1419
1512667200,8.100,8.100,8.100,8.100,21,1736
1512667260,8.100,8.100,8.100,8.100,21,1736
1512667320,8.100,8.100,8.100,8.100,21,1736
1512667380,8.100,8.100,8.100,8.100,21,1736
1512667440,8.100,8.100,8.100,8.100,21,1736
1512667500,8.100,8.100,8.100,8.100,21,1736
1512667560,8.100,8.100,8.100,8.100,21,1736
1512667620,8.100,8.100,8.100,8.100,21,1736
1512667680,8.100,8.100,8.100,8.100,21,1736
1512667740,8.100,8.100,8.100,8.100,21,1736
1512667800,8.100,8.100,8.100,8.100,21,1736
1512667860,8.100,8.100,8.100,8.100,21,1736
1512667920,8.100,8.100,8.100,8.100,21,1736
1512667980,8.100,8.100,8.100,8.100,21,1736
1512668040,8.100,8.100,8.100,8.100,21,1736
1512668100,8.100,8.100,8.100,8.100,21,1736
1512668160,8.100,8.100,8.100,8.100,21,1736
1512668220,8.100,8.100,8.100,8.100,21,1736
1512668280,8.100,8.100,8.100,8.100,21,1736
1512668340,8.100,8.100,8.100,8.100,21,1736
1512668400,8.100,8.100,8.100,8.100,21,1736
1512668460,8.100,8.100,8.100,8.100,21,1736
1512668520,8.100,8.100,8.100,8.100,21,1736
1512668580,8.100,8.100,8.100,8.100,21,1736
1512668640,8.100,8.100,8.100,8.100,21,1736
1512668700,8.100,8.100,8.100,8.100,21,1736
1512668760,8.100,8.100,8.100,8.100,21,1736
1512668820,8.100,8.100,8.100,8.100,21,1736
1512668880,8.100,8.100,8.100,8.100,21,1736
1512668940,8.100,8.100,8.100,8.100,21,1736
1512669000,8.100,8.100,8.100,8.100,21,1736
1512669060,8.100,8.100,8.100,8.100,21,1736
1512669120,8.100,8.100,8.100,8.100,21,1736
1512669180,8.100,8.100,8.100,8.100,21,1736
1512669240,8.100,8.100,8.100,8.100,21,1736
1512669300,8.100,8.100,8.100,8.100,21,1736
1512669360,8.100,8.100,8.100,8.100,21,1736
1512669420,8.100,8.100,8.100,8.100,21,1736
1512669480,8.100,8.100,8.100,8.100,21,1736
1512669540,8.100,8.100,8.100,8.100,21,1736
1512669600,8.100,8.100,8.100,8.100,21,1736
1512669660,8.100,8.100,8.100,8.100,21,1736
1512669720,8.100,8.100,8.100,8.100,21,1736
1512669780,8.100,8.100,8.100,8.100,21,1736
1512669840,8.100,8.100,8.100,8.100,21,1736
1512669900,8.100,8.100,8.100,8.100,21,1736
1512669960,8.100,8.100,8.100,8.100,21,1736
1512670020,8.100,8.100,8.100,8.100,21,1736
1512670080,8.100,8.100,8.100,8.100,21,1736
1512670140,8.100,8.100,8.100,8.100,21,1736
1512670200,8.100,8.100,8.100,8.100,21,1736
1512670260,8.100,8.100,8.100,8.100,21,1736
1512670320,8.100,8.100,8.100,8.100,21,1736
1512670380,8.100,8.100,8.100,8.100,21,1736
1512670440,8.100,8.100,8.100,8.100,21,1736
1512670500,8.100,8.100,8.100,8.100,21,1736
1512670560,8.100,8.100,8.100,8.100,21,1736
1512670620,8.100,8.100,8.100,8.100,21,1736
1512670680,8.100,8.100,8.100,8.100,21,1736
1512670740,8.100,8.100,8.100,8.100,21,1736
1512670800,8.100,8.100,8.100,8.100,21,1736
1512670860,8.100,8.100,8.100,8.100,21,1736
1512670920,8.100,8.100,8.100,8.100,21,1736
1512670980,8.100,8.100,8.100,8.100,21,1736
1512671040,8.100,8.100,8.100,8.100,21,1736
1512671100,8.100,8.100,8.100,8.100,21,1736
1512671160,8.100,8.100,8.100,8.100,21,1736
1512671220,8.100,8.100,8.100,8.100,21,1736
1512671280,8.100,8.100,8.100,8.100,21,1736
1512671340,8.100,8.100,8.100,8.100,21,1736
1512671400,8.100,8.100,8.100,8.100,21,1736
1512671460,8.100,8.100,8.100,8.100,21,1736
1512671520,8.100,8.100,8.100,8.100,21,1736
1512671580,8.100,8.100,8.100,8.100,21,1736
1512671640,8.100,8.100,8.100,8.100,21,1736
1512671700,8.100,8.100,8.100,8.100,21,1841
1512671760,8.100,8.100,8.100,8.100,20,1841
1512671820,8.100,8.100,8.100,8.100,20,1841
1512671880,8.050,8.050,8.050,8.050,20,1841
1512671940,8.050,8.050,8.050,8.050,20,1841
1512672000,8.050,8.050,8.050,8.050,20,1841
1512672060,8.050,8.050,8.050,8.050,20,1841
1512672120,8.050,8.050,8.050,8.050,20,1841
1512672180,8.050,8.050,8.050,8.050,20,1841
1512672240,8.050,8.050,8.050,8.050,20,1841
1512672300,8.050,8.050,8.050,8.050,228,1942
1512672360,8.100,8.100,8.100,8.100,227,1942
1512672420,8.100,8.100,8.100,8.100,227,1942
1512672480,8.100,8.100,8.100,8.100,227,1942
1512672540,8.100,8.100,8.100,8.100,227,1942
1512672600,8.100,8.100,8.100,8.100,227,1942
1512672660,8.100,8.100,8.100,8.100,227,1942
1512672720,8.100,8.100,8.100,8.100,227,1942
1512672780,8.100,8.100,8.100,8.100,227,1942
1512672840,8.100,8.100,8.100,8.100,227,1942
1512672900,8.100,8.100,8.100,8.100,227,1942
1512672960,8.100,8.100,8.100,8.100,227,1942
1512673020,8.100,8.100,8.100,8.100,227,1942
1512673080,8.100,8.100,8.100,8.100,227,1942
1512673140,8.100,8.100,8.100,8.100,227,1942
1512673200,8.100,8.100,8.100,8.100,227,1942
1512673260,8.100,8.100,8.100,8.100,227,1942
1512673320,8.100,8.100,8.100,8.100,227,1942
1512673380,8.100,8.100,8.100,8.100,227,1942
1512673440,8.100,8.100,8.100,8.100,227,1942
1512673500,8.100,8.100,8.100,8.100,227,1942
1512673560,8.100,8.100,8.100,8.100,227,1942
1512673620,8.100,8.100,8.100,8.100,227,1942
1512673680,8.100,8.100,8.100,8.100,227,1942
1512673740,8.100,8.100,8.100,8.100,227,1942
1512673800,8.100,8.100,8.100,8.100,227,1942
1512673860,8.100,8.100,8.100,8.100,227,1942
1512673920,8.100,8.100,8.100,8.100,227,1942
1512673980,8.100,8.100,8.100,8.100,227,1942
1512674040,8.100,8.100,8.100,8.100,227,1942
1512674100,8.100,8.100,8.100,8.100,227,1942
1512674160,8.100,8.100,8.100,8.100,227,1942
1512674220,8.100,8.100,8.100,8.100,227,1942
1512674280,8.100,8.100,8.100,8.100,227,1942
1512674340,8.100,8.100,8.100,8.100,227,1942
1512674400,8.100,8.100,8.100,8.100,227,1942
1512674460,8.100,8.100,8.100,8.100,227,1942
1512674520,8.100,8.100,8.100,8.100,227,1942
1512674580,8.100,8.100,8.100,8.100,227,1942
1512674640,8.100,8.100,8.100,8.100,227,1942
1512674700,8.100,8.100,8.100,8.100,227,1942
1512674760,8.100,8.100,8.100,8.100,227,1942
1512674820,8.100,8.100,8.100,8.100,227,1942
1512674880,8.100,8.100,8.100,8.100,227,1942
1512674940,8.100,8.100,8.100,8.100,227,1942
1512675000,8.100,8.100,8.100,8.100,227,1942
1512675060,8.100,8.100,8.100,8.100,227,1942
1512675120,8.100,8.100,8.100,8.100,227,1942
1512675180,8.100,8.100,8.100,8.100,227,1942
1512675240,8.100,8.100,8.100,8.100,227,1942
1512675300,8.050,8.050,8.050,8.050,22,3078
1512675360,8.050,8.050,8.050,8.050,20,3078
1512675420,8.050,8.050,8.050,8.050,20,3078
1512675480,8.050,8.050,8.050,8.050,20,3078
1512675540,8.050,8.050,8.050,8.050,20,3078
1512675600,8.050,8.050,8.050,8.050,20,3078
1512675660,8.050,8.050,8.050,8.050,20,3078
1512675720,8.050,8.050,8.050,8.050,20,3078
1512675780,8.050,8.050,8.050,8.050,20,3078
1512675840,8.050,8.050,8.050,8.050,20,3078
1512675900,8.050,8.050,8.050,8.050,20,3078
1512675960,8.050,8.050,8.050,8.050,20,3078
1512676020,8.050,8.050,8.050,8.050,20,3078
1512676080,8.050,8.050,8.050,8.050,20,3078
1512676140,8.050,8.050,8.050,8.050,20,3078
1512676200,8.050,8.050,8.050,8.050,20,3078
1512676260,8.050,8.050,8.050,8.050,20,3078
1512676320,8.050,8.050,8.050,8.050,20,3078
1512676380,8.050,8.050,8.050,8.050,20,3078
1512676440,8.050,8.050,8.050,8.050,20,3078
1512676500,8.050,8.050,8.050,8.050,20,3078
1512676560,8.050,8.050,8.050,8.050,20,3078
1512676620,8.050,8.050,8.050,8.050,20,3078
1512676680,8.050,8.050,8.050,8.050,20,3078
1512676740,8.050,8.050,8.050,8.050,20,3078
1512676800,8.050,8.050,8.050,8.050,20,3180
1512676860,8.050,8.050,8.050,8.050,20,3180
1512676920,8.050,8.050,8.050,8.050,20,3180
1512676980,8.050,8.050,8.050,8.050,20,3180
1512677040,8.050,8.050,8.050,8.050,20,3180
1512677100,8.050,8.050,8.050,8.050,20,3180
1512677160,8.050,8.050,8.050,8.050,20,3180
1512677220,8.050,8.050,8.050,8.050,20,3180
1512677280,8.050,8.050,8.050,8.050,20,3180
1512677340,8.050,8.050,8.050,8.050,20,3180
1512677400,8.050,8.050,8.050,8.050,20,3180
1512677460,8.050,8.050,8.050,8.050,20,3180
1512677520,8.050,8.050,8.050,8.050,20,3180
1512677580,8.050,8.050,8.050,8.050,20,3180
1512677640,8.050,8.050,8.050,8.050,20,3180
1512677700,8.050,8.050,8.050,8.050,20,3180
1512677760,8.050,8.050,8.050,8.050,20,3180
1512677820,8.050,8.050,8.050,8.050,20,3180
1512677880,8.050,8.050,8.050,8.050,20,3180
1512677940,8.050,8.050,8.050,8.050,20,3180
1512678000,8.050,8.050,8.050,8.050,1039,3280
1512678060,8.050,8.050,8.050,8.050,1035,3280
1512678120,8.050,8.050,8.050,8.050,1035,3280
1512678180,8.070,8.100,8.070,8.100,1035,3280
1512678240,8.070,8.100,8.070,8.100,1035,3280
1512678300,8.050,8.050,8.050,8.050,1177,8459
1512678360,8.050,8.050,8.050,8.050,1177,8459
1512678420,8.050,8.050,8.050,8.050,1177,8459
1512678480,8.050,8.050,8.050,8.050,1177,8459
1512678540,8.050,8.050,8.050,8.050,1177,8459
1512678600,8.050,8.050,8.050,8.050,1177,8459
1512678660,8.050,8.050,8.050,8.050,1177,8459
1512678720,8.050,8.050,8.050,8.050,1177,8459
1512678780,8.050,8.050,8.050,8.050,1177,8459
1512678840,8.050,8.050,8.050,8.050,1177,8459
1512678900,8.050,8.050,8.050,8.050,1177,8459
1512678960,8.050,8.050,8.050,8.050,1177,8459
1512679020,8.050,8.050,8.050,8.050,1177,8459
1512679080,8.050,8.050,8.050,8.050,1177,8459
1512679140,8.050,8.050,8.050,8.050,1177,8459
1512679200,8.050,8.050,8.050,8.050,1177,8459
1512679260,8.050,8.050,8.050,8.050,1177,8459
1512679320,8.050,8.050,8.050,8.050,1177,8459
1512679380,8.050,8.050,8.050,8.050,1177,8459
1512679440,8.050,8.050,8.050,8.050,1177,8459
1512679500,8.050,8.050,8.050,8.050,139,14344
1512679560,8.050,8.050,8.050,8.050,139,14344
1512679620,8.050,8.050,8.050,8.050,139,14344
1512679680,8.050,8.050,8.050,8.050,139,14344
1512679740,8.100,8.100,8.100,8.100,139,14344
1512679800,8.100,8.100,8.100,8.100,139,14344
1512679860,8.100,8.100,8.100,8.100,139,14344
1512679920,8.100,8.100,8.100,8.100,139,14344
1512679980,8.100,8.100,8.100,8.100,139,14344
1512680040,8.100,8.100,8.100,8.100,139,14344
1512680100,8.100,8.100,8.100,8.100,80,15039
1512680160,8.100,8.100,8.100,8.100,80,15039
1512680220,8.100,8.100,8.100,8.100,80,15039
1512680280,8.100,8.100,8.100,8.100,80,15039
1512743400,8.150,8.150,8.150,8.150,0,0
1512743460,8.150,8.150,8.150,8.150,0,0
1512743520,8.150,8.150,8.150,8.150,0,0
1512743580,8.150,8.150,8.150,8.150,0,0
1512743640,8.150,8.150,8.150,8.150,0,0
1512743700,8.150,8.150,8.150,8.150,0,0
1512743760,8.150,8.150,8.150,8.150,0,0
1512743820,8.150,8.150,8.150,8.150,0,0
1512743880,8.150,8.150,8.150,8.150,0,0
1512743940,8.150,8.150,8.150,8.150,0,0
1512744000,8.150,8.150,8.150,8.150,101,0
1512744060,8.150,8.150,8.150,8.150,100,0
1512744120,8.150,8.150,8.150,8.150,100,0
1512744180,8.150,8.150,8.150,8.150,100,0
1512744240,8.150,8.150,8.150,8.150,100,0
1512744300,8.150,8.150,8.150,8.150,100,0
1512744360,8.150,8.150,8.150,8.150,100,0
1512744420,8.150,8.150,8.150,8.150,100,0
1512744480,8.150,8.150,8.150,8.150,100,0
1512744540,8.150,8.150,8.150,8.150,100,0
1512744600,8.150,8.150,8.150,8.150,100,0
1512744660,8.150,8.150,8.150,8.150,100,0
1512744720,8.150,8.150,8.150,8.150,100,0
1512744780,8.150,8.150,8.150,8.150,100,0
1512744840,8.150,8.150,8.150,8.150,100,0
1512744900,8.150,8.150,8.150,8.150,100,0
1512744960,8.150,8.150,8.150,8.150,100,0
1512745020,8.150,8.150,8.150,8.150,100,0
1512745080,8.150,8.150,8.150,8.150,100,0
1512745140,8.150,8.150,8.150,8.150,100,0
1512745200,8.150,8.150,8.150,8.150,100,0
1512745260,8.150,8.150,8.150,8.150,100,0
1512745320,8.150,8.150,8.150,8.150,100,0
1512745380,8.150,8.150,8.150,8.150,100,0
1512745440,8.150,8.150,8.150,8.150,100,0
1512745500,8.150,8.150,8.150,8.150,100,0
1512745560,8.150,8.150,8.150,8.150,100,0
1512745620,8.150,8.150,8.150,8.150,100,0
1512745680,8.150,8.150,8.150,8.150,100,0
1512745740,8.150,8.150,8.150,8.150,100,0
1512745800,8.150,8.150,8.150,8.150,100,0
1512745860,8.150,8.150,8.150,8.150,100,0
1512745920,8.150,8.150,8.150,8.150,100,0
1512745980,8.150,8.150,8.150,8.150,100,0
1512746040,8.150,8.150,8.150,8.150,100,0
1512746100,8.150,8.150,8.150,8.150,100,0
1512746160,8.150,8.150,8.150,8.150,100,0
1512746220,8.150,8.150,8.150,8.150,100,0
1512746280,8.150,8.150,8.150,8.150,100,0
1512746340,8.150,8.150,8.150,8.150,100,0
1512746400,8.150,8.150,8.150,8.150,100,0
1512746460,8.150,8.150,8.150,8.150,100,0
1512746520,8.150,8.150,8.150,8.150,100,0
1512746580,8.150,8.150,8.150,8.150,100,0
1512746640,8.150,8.150,8.150,8.150,100,0
1512746700,8.150,8.150,8.150,8.150,100,0
1512746760,8.150,8.150,8.150,8.150,100,0
1512746820,8.150,8.150,8.150,8.150,100,0
1512746880,8.150,8.150,8.150,8.150,100,0
1512746940,8.150,8.150,8.150,8.150,100,0
1512747000,8.150,8.150,8.150,8.150,100,0
1512747060,8.150,8.150,8.150,8.150,100,0
1512747120,8.150,8.150,8.150,8.150,100,0
1512747180,8.150,8.150,8.150,8.150,100,0
1512747240,8.150,8.150,8.150,8.150,100,0
1512747300,8.150,8.150,8.150,8.150,100,0
1512747360,8.150,8.150,8.150,8.150,100,0
1512747420,8.150,8.150,8.150,8.150,100,0
1512747480,8.150,8.150,8.150,8.150,100,0
1512747540,8.150,8.150,8.150,8.150,100,0
1512747600,8.150,8.150,8.150,8.150,100,0
1512747660,8.150,8.150,8.150,8.150,100,0
1512747720,8.150,8.150,8.150,8.150,100,0
1512747780,8.150,8.150,8.150,8.150,100,0
1512747840,8.150,8.150,8.150,8.150,100,0
1512747900,8.150,8.150,8.150,8.150,100,0
1512747960,8.150,8.150,8.150,8.150,100,0
1512748020,8.150,8.150,8.150,8.150,100,0
1512748080,8.150,8.150,8.150,8.150,100,0
1512748140,8.150,8.150,8.150,8.150,100,0
1512748200,8.150,8.150,8.150,8.150,100,0
1512748260,8.150,8.150,8.150,8.150,100,0
1512748320,8.150,8.150,8.150,8.150,100,0
1512748380,8.150,8.150,8.150,8.150,100,0
1512748440,8.150,8.150,8.150,8.150,100,0
1512748500,8.150,8.150,8.150,8.150,61,501
1512748560,8.050,8.050,8.050,8.050,59,501
1512748620,8.050,8.050,8.050,8.050,59,501
1512748680,8.050,8.050,8.050,8.050,59,501
1512748740,8.050,8.050,8.050,8.050,59,501
1512748800,8.050,8.050,8.050,8.050,59,501
1512748860,8.050,8.050,8.050,8.050,59,501
1512748920,8.050,8.050,8.050,8.050,59,501
1512748980,8.050,8.050,8.050,8.050,59,501
1512749040,8.050,8.050,8.050,8.050,59,501
1512749100,8.050,8.050,8.050,8.050,20,798
1512749160,8.100,8.100,8.100,8.100,20,798
1512749220,8.100,8.100,8.100,8.100,20,798
1512749280,8.100,8.100,8.100,8.100,20,798
1512749340,8.100,8.100,8.100,8.100,20,798
1512749400,8.100,8.100,8.100,8.100,20,798
1512749460,8.100,8.100,8.100,8.100,20,798
1512749520,8.100,8.100,8.100,8.100,20,798
1512749580,8.100,8.100,8.100,8.100,20,798
1512749640,8.100,8.100,8.100,8.100,20,798
1512749700,8.100,8.100,8.100,8.100,20,798
1512749760,8.100,8.100,8.100,8.100,20,798
1512749820,8.100,8.100,8.100,8.100,20,798
1512749880,8.100,8.100,8.100,8.100,20,798
1512749940,8.100,8.100,8.100,8.100,20,798
1512750000,8.100,8.100,8.100,8.100,20,798
1512750060,8.100,8.100,8.100,8.100,20,798
1512750120,8.100,8.100,8.100,8.100,20,798
1512750180,8.100,8.100,8.100,8.100,20,798
1512750240,8.100,8.100,8.100,8.100,20,798
1512750300,8.100,8.100,8.100,8.100,20,798
1512750360,8.100,8.100,8.100,8.100,20,798
1512750420,8.100,8.100,8.100,8.100,20,798
1512750480,8.100,8.100,8.100,8.100,20,798
1512750540,8.100,8.100,8.100,8.100,20,798
1512750600,8.100,8.100,8.100,8.100,20,798
1512750660,8.100,8.100,8.100,8.100,20,798
1512750720,8.100,8.100,8.100,8.100,20,798
1512750780,8.100,8.100,8.100,8.100,20,798
1512750840,8.100,8.100,8.100,8.100,20,798
1512750900,8.100,8.100,8.100,8.100,20,798
1512750960,8.100,8.100,8.100,8.100,20,798
1512751020,8.100,8.100,8.100,8.100,20,798
1512751080,8.100,8.100,8.100,8.100,20,798
1512751140,8.100,8.100,8.100,8.100,20,798
1512751200,8.100,8.100,8.100,8.100,20,798
1512751260,8.100,8.100,8.100,8.100,20,798
1512751320,8.100,8.100,8.100,8.100,20,798
1512751380,8.100,8.100,8.100,8.100,20,798
1512751440,8.100,8.100,8.100,8.100,20,798
1512751500,8.100,8.100,8.100,8.100,20,798
1512751560,8.100,8.100,8.100,8.100,20,798
1512751620,8.100,8.100,8.100,8.100,20,798
1512751680,8.100,8.100,8.100,8.100,20,798
1512751740,8.100,8.100,8.100,8.100,20,798
1512751800,8.100,8.100,8.100,8.100,20,798
1512751860,8.100,8.100,8.100,8.100,20,798
1512751920,8.100,8.100,8.100,8.100,20,798
1512751980,8.100,8.100,8.100,8.100,20,798
1512752040,8.100,8.100,8.100,8.100,20,798
1512752100,8.100,8.100,8.100,8.100,20,798
1512752160,8.100,8.100,8.100,8.100,20,798
1512752220,8.100,8.100,8.100,8.100,20,798
1512752280,8.100,8.100,8.100,8.100,20,798
1512752340,8.100,8.100,8.100,8.100,20,798
1512752400,8.100,8.100,8.100,8.100,20,798
1512752460,8.100,8.100,8.100,8.100,20,798
1512752520,8.100,8.100,8.100,8.100,20,798
1512752580,8.100,8.100,8.100,8.100,20,798
1512752640,8.100,8.100,8.100,8.100,20,798
1512752700,8.100,8.100,8.100,8.100,20,798
1512752760,8.100,8.100,8.100,8.100,20,798
1512752820,8.100,8.100,8.100,8.100,20,798
1512752880,8.100,8.100,8.100,8.100,20,798
1512752940,8.100,8.100,8.100,8.100,20,798
1512753000,8.100,8.100,8.100,8.100,20,798
1512753060,8.100,8.100,8.100,8.100,20,798
1512753120,8.100,8.100,8.100,8.100,20,798
1512753180,8.100,8.100,8.100,8.100,20,798
1512753240,8.100,8.100,8.100,8.100,20,798
1512753300,8.100,8.100,8.100,8.100,20,798
1512753360,8.100,8.100,8.100,8.100,20,798
1512753420,8.100,8.100,8.100,8.100,20,798
1512753480,8.100,8.100,8.100,8.100,20,798
1512753540,8.100,8.100,8.100,8.100,20,798
1512753600,8.100,8.100,8.100,8.100,20,798
1512753660,8.100,8.100,8.100,8.100,20,798
1512753720,8.100,8.100,8.100,8.100,20,798
1512753780,8.100,8.100,8.100,8.100,20,798
1512753840,8.100,8.100,8.100,8.100,20,798
1512753900,8.100,8.100,8.100,8.100,20,798
1512753960,8.100,8.100,8.100,8.100,20,798
1512754020,8.100,8.100,8.100,8.100,20,798
1512754080,8.100,8.100,8.100,8.100,20,798
1512754140,8.100,8.100,8.100,8.100,20,798
1512754200,8.100,8.100,8.100,8.100,20,798
1512754260,8.100,8.100,8.100,8.100,20,798
1512754320,8.100,8.100,8.100,8.100,20,798
1512754380,8.100,8.100,8.100,8.100,20,798
1512754440,8.100,8.100,8.100,8.100,20,798
1512754500,8.100,8.100,8.100,8.100,20,798
1512754560,8.100,8.100,8.100,8.100,20,798
1512754620,8.100,8.100,8.100,8.100,20,798
1512754680,8.100,8.100,8.100,8.100,20,798
1512754740,8.100,8.100,8.100,8.100,20,798
1512754800,8.100,8.100,8.100,8.100,193,898
1512754860,8.120,8.120,8.120,8.120,189,898
1512754920,8.120,8.120,8.120,8.120,189,898
1512754980,8.120,8.120,8.120,8.120,189,898
1512755040,8.120,8.120,8.120,8.120,189,898
1512755100,8.120,8.120,8.120,8.120,189,898
1512755160,8.120,8.120,8.120,8.120,189,898
1512755220,8.120,8.120,8.120,8.120,189,898
1512755280,8.120,8.120,8.120,8.120,189,898
1512755340,8.120,8.120,8.120,8.120,189,898
1512755400,8.120,8.120,8.120,8.120,189,898
1512755460,8.120,8.120,8.120,8.120,189,898
1512755520,8.120,8.120,8.120,8.120,189,898
1512755580,8.120,8.120,8.120,8.120,189,898
1512755640,8.120,8.120,8.120,8.120,189,898
1512755700,8.120,8.120,8.120,8.120,189,898
1512755760,8.120,8.120,8.120,8.120,189,898
1512755820,8.120,8.120,8.120,8.120,189,898
1512755880,8.120,8.120,8.120,8.120,189,898
1512755940,8.120,8.120,8.120,8.120,189,898
1512756000,8.120,8.120,8.120,8.120,49,1847
1512756060,8.120,8.120,8.120,8.120,49,1847
1512756120,8.120,8.120,8.120,8.120,49,1847
1512756180,8.120,8.120,8.120,8.120,49,1847
1512756240,8.050,8.050,8.050,8.050,49,1847
1512756300,8.050,8.050,8.050,8.050,49,1847
1512756360,8.050,8.050,8.050,8.050,49,1847
1512756420,8.050,8.050,8.050,8.050,49,1847
1512756480,8.050,8.050,8.050,8.050,49,1847
1512756540,8.050,8.050,8.050,8.050,49,1847
1512756600,8.050,8.050,8.050,8.050,49,1847
1512756660,8.050,8.050,8.050,8.050,49,1847
1512756720,8.050,8.050,8.050,8.050,49,1847
1512756780,8.050,8.050,8.050,8.050,49,1847
1512756840,8.050,8.050,8.050,8.050,49,1847
1512756900,8.050,8.050,8.050,8.050,49,1847
1512756960,8.050,8.050,8.050,8.050,49,1847
1512757020,8.050,8.050,8.050,8.050,49,1847
1512757080,8.050,8.050,8.050,8.050,49,1847
1512757140,8.050,8.050,8.050,8.050,49,1847
1512757200,8.050,8.050,8.050,8.050,49,1847
1512757260,8.050,8.050,8.050,8.050,49,1847
1512757320,8.050,8.050,8.050,8.050,49,1847
1512757380,8.050,8.050,8.050,8.050,49,1847
1512757440,8.050,8.050,8.050,8.050,49,1847
1512757500,8.050,8.050,8.050,8.050,49,1847
1512757560,8.050,8.050,8.050,8.050,49,1847
1512757620,8.050,8.050,8.050,8.050,49,1847
1512757680,8.050,8.050,8.050,8.050,49,1847
1512757740,8.050,8.050,8.050,8.050,49,1847
1512757800,8.050,8.050,8.050,8.050,49,1847
1512757860,8.050,8.050,8.050,8.050,49,1847
1512757920,8.050,8.050,8.050,8.050,49,1847
1512757980,8.050,8.050,8.050,8.050,49,1847
1512758040,8.050,8.050,8.050,8.050,49,1847
1512758100,8.050,8.050,8.050,8.050,49,1847
1512758160,8.050,8.050,8.050,8.050,49,1847
1512758220,8.050,8.050,8.050,8.050,49,1847
1512758280,8.050,8.050,8.050,8.050,49,1847
1512758340,8.050,8.050,8.050,8.050,49,1847
1512758400,8.050,8.050,8.050,8.050,49,1847
1512758460,8.050,8.050,8.050,8.050,49,1847
1512758520,8.050,8.050,8.050,8.050,49,1847
1512758580,8.050,8.050,8.050,8.050,49,1847
1512758640,8.050,8.050,8.050,8.050,49,1847
1512758700,8.050,8.050,8.050,8.050,49,1847
1512758760,8.050,8.050,8.050,8.050,49,1847
1512758820,8.050,8.050,8.050,8.050,49,1847
1512758880,8.050,8.050,8.050,8.050,49,1847
1512758940,8.050,8.050,8.050,8.050,49,1847
1512759000,8.050,8.050,8.050,8.050,49,1847
1512759060,8.050,8.050,8.050,8.050,49,1847
1512759120,8.050,8.050,8.050,8.050,49,1847
1512759180,8.050,8.050,8.050,8.050,49,1847
1512759240,8.050,8.050,8.050,8.050,49,1847
1512759300,8.050,8.050,8.050,8.050,49,1847
1512759360,8.050,8.050,8.050,8.050,49,1847
1512759420,8.050,8.050,8.050,8.050,49,1847
1512759480,8.050,8.050,8.050,8.050,49,1847
1512759540,8.050,8.050,8.050,8.050,49,1847
1512759600,8.050,8.050,8.050,8.050,49,1847
1512759660,8.050,8.050,8.050,8.050,49,1847
1512759720,8.050,8.050,8.050,8.050,49,1847
1512759780,8.050,8.050,8.050,8.050,49,1847
1512759840,8.050,8.050,8.050,8.050,49,1847
1512759900,8.050,8.050,8.050,8.050,49,1847
1512759960,8.050,8.050,8.050,8.050,49,1847
1512760020,8.050,8.050,8.050,8.050,49,1847
1512760080,8.050,8.050,8.050,8.050,49,1847
1512760140,8.050,8.050,8.050,8.050,49,1847
1512760200,8.050,8.050,8.050,8.050,49,1847
1512760260,8.050,8.050,8.050,8.050,49,1847
1512760320,8.050,8.050,8.050,8.050,49,1847
1512760380,8.050,8.050,8.050,8.050,49,1847
1512760440,8.050,8.050,8.050,8.050,49,1847
1512760500,8.050,8.050,8.050,8.050,49,1847
1512760560,8.050,8.050,8.050,8.050,49,1847
1512760620,8.050,8.050,8.050,8.050,49,1847
1512760680,8.050,8.050,8.050,8.050,49,1847
1512760740,8.050,8.050,8.050,8.050,49,1847
1512760800,8.050,8.050,8.050,8.050,49,1847
1512760860,8.050,8.050,8.050,8.050,49,1847
1512760920,8.050,8.050,8.050,8.050,49,1847
1512760980,8.050,8.050,8.050,8.050,49,1847
1512761040,8.050,8.050,8.050,8.050,49,1847
1512761100,8.050,8.050,8.050,8.050,49,1847
1512761160,8.050,8.050,8.050,8.050,49,1847
1512761220,8.050,8.050,8.050,8.050,49,1847
1512761280,8.050,8.050,8.050,8.050,49,1847
1512761340,8.050,8.050,8.050,8.050,49,1847
1512761400,8.050,8.050,8.050,8.050,49,1847
1512761460,8.050,8.050,8.050,8.050,49,1847
1512761520,8.050,8.050,8.050,8.050,49,1847
1512761580,8.050,8.050,8.050,8.050,49,1847
1512761640,8.050,8.050,8.050,8.050,49,1847
1512761700,8.050,8.050,8.050,8.050,30,2092
1512761760,8.050,8.050,8.050,8.050,30,2092
1512761820,8.050,8.050,8.050,8.050,30,2092
1512761880,8.050,8.050,8.050,8.050,30,2092
1512761940,8.050,8.050,8.050,8.050,30,2092
1512762000,8.050,8.050,8.050,8.050,30,2092
1512762060,8.050,8.050,8.050,8.050,30,2092
1512762120,8.050,8.050,8.050,8.050,30,2092
1512762180,8.050,8.050,8.050,8.050,30,2092
1512762240,8.050,8.050,8.050,8.050,30,2092
1512762300,8.050,8.050,8.050,8.050,30,2092
1512762360,8.050,8.050,8.050,8.050,30,2092
1512762420,8.050,8.050,8.050,8.050,30,2092
1512762480,8.050,8.050,8.050,8.050,30,2092
1512762540,8.050,8.050,8.050,8.050,30,2092
1512762600,8.050,8.050,8.050,8.050,30,2092
1512762660,8.050,8.050,8.050,8.050,30,2092
1512762720,8.050,8.050,8.050,8.050,30,2092
1512762780,8.050,8.050,8.050,8.050,30,2092
1512762840,8.050,8.050,8.050,8.050,30,2092
1512762900,8.050,8.050,8.050,8.050,30,2092
1512762960,8.050,8.050,8.050,8.050,30,2092
1512763020,8.050,8.050,8.050,8.050,30,2092
1512763080,8.050,8.050,8.050,8.050,30,2092
1512763140,8.050,8.050,8.050,8.050,30,2092
1512763200,8.050,8.050,8.050,8.050,30,2092
1512763260,8.050,8.050,8.050,8.050,30,2092
1512763320,8.050,8.050,8.050,8.050,30,2092
1512763380,8.050,8.050,8.050,8.050,30,2092
1512763440,8.050,8.050,8.050,8.050,30,2092
1512763500,8.050,8.050,8.050,8.050,30,2092
1512763560,8.050,8.050,8.050,8.050,30,2092
1512763620,8.050,8.050,8.050,8.050,30,2092
1512763680,8.050,8.050,8.050,8.050,30,2092
1512763740,8.050,8.050,8.050,8.050,30,2092
1512763800,8.050,8.050,8.050,8.050,30,2092
1512763860,8.050,8.050,8.050,8.050,30,2092
1512763920,8.050,8.050,8.050,8.050,30,2092
1512763980,8.050,8.050,8.050,8.050,30,2092
1512764040,8.050,8.050,8.050,8.050,30,2092
1512764100,8.050,8.050,8.050,8.050,30,2092
1512764160,8.050,8.050,8.050,8.050,30,2092
1512764220,8.050,8.050,8.050,8.050,30,2092
1512764280,8.050,8.050,8.050,8.050,30,2092
1512764340,8.050,8.050,8.050,8.050,30,2092
1512764400,8.050,8.050,8.050,8.050,30,2092
1512764460,8.050,8.050,8.050,8.050,30,2092
1512764520,8.050,8.050,8.050,8.050,30,2092
1512764580,8.050,8.050,8.050,8.050,30,2092
1512764640,8.050,8.050,8.050,8.050,30,2092
1512764700,8.100,8.100,8.100,8.100,21,2242
1512764760,8.100,8.100,8.100,8.100,21,2242
1512764820,8.100,8.100,8.100,8.100,21,2242
1512764880,8.100,8.100,8.100,8.100,21,2242
1512764940,8.100,8.100,8.100,8.100,21,2242
1512765000,8.100,8.100,8.100,8.100,21,2242
1512765060,8.100,8.100,8.100,8.100,21,2242
1512765120,8.100,8.100,8.100,8.100,21,2242
1512765180,8.100,8.100,8.100,8.100,21,2242
1512765240,8.100,8.100,8.100,8.100,21,2242
1512765300,8.100,8.100,8.100,8.100,21,2242
1512765360,8.100,8.100,8.100,8.100,21,2242
1512765420,8.100,8.100,8.100,8.100,21,2242
1512765480,8.100,8.100,8.100,8.100,21,2242
1512765540,8.100,8.100,8.100,8.100,21,2242
1512765600,8.100,8.100,8.100,8.100,21,2242
1512765660,8.100,8.100,8.100,8.100,21,2242
1512765720,8.100,8.100,8.100,8.100,21,2242
1512765780,8.100,8.100,8.100,8.100,21,2242
1512765840,8.100,8.100,8.100,8.100,21,2242
1512765900,8.100,8.100,8.100,8.100,21,2242
1512765960,8.100,8.100,8.100,8.100,21,2242
1512766020,8.100,8.100,8.100,8.100,21,2242
1512766080,8.100,8.100,8.100,8.100,21,2242
1512766140,8.100,8.100,8.100,8.100,21,2242
1512766200,8.100,8.100,8.100,8.100,70,2347
1512766260,8.100,8.100,8.100,8.100,70,2347
1512766320,8.050,8.050,8.050,8.050,70,2347
1512766380,8.050,8.050,8.050,8.050,70,2347
1512766440,8.050,8.050,8.050,8.050,70,2347
1512766500,8.050,8.050,8.050,8.050,652,2697
1512766560,8.050,8.050,8.050,8.050,652,2697
1512766620,8.050,8.150,8.050,8.150,652,2697
1512766680,8.050,8.150,8.050,8.150,652,2697
1512766740,8.050,8.050,8.050,8.050,652,2697
1513002600,8.050,8.050,8.050,8.050,321,0
1513002660,8.050,8.050,8.050,8.050,321,0
1513002720,8.050,8.050,8.050,8.050,321,0
1513002780,8.050,8.050,8.050,8.050,321,0
1513002840,8.050,8.050,8.050,8.050,321,0
1513002900,8.100,8.100,8.100,8.100,124,1605
1513002960,8.100,8.100,8.100,8.100,121,1605
1513003020,8.100,8.100,8.100,8.100,121,1605
1513003080,8.100,8.100,8.100,8.100,121,1605
1513003140,8.100,8.100,8.100,8.100,121,1605
1513003200,8.100,8.100,8.100,8.100,121,1605
1513003260,8.100,8.100,8.100,8.100,121,1605
1513003320,8.100,8.100,8.100,8.100,121,1605
1513003380,8.100,8.100,8.100,8.100,121,1605
1513003440,8.100,8.100,8.100,8.100,121,1605
1513003500,8.100,8.100,8.100,8.100,121,1605
1513003560,8.100,8.100,8.100,8.100,121,1605
1513003620,8.100,8.100,8.100,8.100,121,1605
1513003680,8.100,8.100,8.100,8.100,121,1605
1513003740,8.100,8.100,8.100,8.100,121,1605
1513003800,8.100,8.100,8.100,8.100,121,1605
1513003860,8.100,8.100,8.100,8.100,121,1605
1513003920,8.100,8.100,8.100,8.100,121,1605
1513003980,8.100,8.100,8.100,8.100,121,1605
1513004040,8.100,8.100,8.100,8.100,121,1605
1513004100,8.100,8.100,8.100,8.100,121,1605
1513004160,8.100,8.100,8.100,8.100,121,1605
1513004220,8.100,8.100,8.100,8.100,121,1605
1513004280,8.100,8.100,8.100,8.100,121,1605
1513004340,8.100,8.100,8.100,8.100,121,1605
1513004400,8.100,8.100,8.100,8.100,121,1605
1513004460,8.100,8.100,8.100,8.100,121,1605
1513004520,8.100,8.100,8.100,8.100,121,1605
1513004580,8.100,8.100,8.100,8.100,121,1605
1513004640,8.100,8.100,8.100,8.100,121,1605
1513004700,8.100,8.100,8.100,8.100,121,1605
1513004760,8.100,8.100,8.100,8.100,121,1605
1513004820,8.100,8.100,8.100,8.100,121,1605
1513004880,8.100,8.100,8.100,8.100,121,1605
1513004940,8.100,8.100,8.100,8.100,121,1605
1513005000,8.100,8.100,8.100,8.100,121,1605
1513005060,8.100,8.100,8.100,8.100,121,1605
1513005120,8.100,8.100,8.100,8.100,121,1605
1513005180,8.100,8.100,8.100,8.100,121,1605
1513005240,8.100,8.100,8.100,8.100,121,1605
1513005300,8.100,8.100,8.100,8.100,49,2213
1513005360,8.100,8.100,8.100,8.100,47,2213
1513005420,8.100,8.100,8.100,8.100,47,2213
1513005480,8.070,8.070,8.070,8.070,47,2213
1513005540,8.070,8.070,8.070,8.070,47,2213
1513005600,8.070,8.070,8.070,8.070,130,2450
1513005660,8.070,8.070,8.070,8.070,130,2450
1513005720,8.070,8.070,8.070,8.070,130,2450
1513005780,8.070,8.070,8.070,8.070,130,2450
1513005840,8.070,8.070,8.070,8.070,130,2450
1513005900,8.070,8.070,8.070,8.070,130,2450
1513005960,8.070,8.070,8.070,8.070,130,2450
1513006020,8.070,8.070,8.070,8.070,130,2450
1513006080,8.070,8.070,8.070,8.070,130,2450
1513006140,8.070,8.070,8.070,8.070,130,2450
1513006200,8.070,8.070,8.070,8.070,130,2450
1513006260,8.070,8.070,8.070,8.070,130,2450
1513006320,8.070,8.070,8.070,8.070,130,2450
1513006380,8.070,8.070,8.070,8.070,130,2450
1513006440,8.070,8.070,8.070,8.070,130,2450
1513006500,8.070,8.070,8.070,8.070,130,2450
1513006560,8.070,8.070,8.070,8.070,130,2450
1513006620,8.070,8.070,8.070,8.070,130,2450
1513006680,8.070,8.070,8.070,8.070,130,2450
1513006740,8.070,8.070,8.070,8.070,130,2450
1513006800,8.070,8.070,8.070,8.070,130,2450
1513006860,8.070,8.070,8.070,8.070,130,2450
1513006920,8.070,8.070,8.070,8.070,130,2450
1513006980,8.070,8.070,8.070,8.070,130,2450
1513007040,8.070,8.070,8.070,8.070,130,2450
1513007100,8.070,8.070,8.070,8.070,225,3100
1513007160,8.070,8.070,8.070,8.070,224,3100
1513007220,8.070,8.070,8.070,8.070,224,3100
1513007280,8.070,8.070,8.070,8.070,224,3100
1513007340,8.050,8.050,8.050,8.050,224,3100
1513007400,8.050,8.050,8.050,8.050,224,3100
1513007460,8.050,8.050,8.050,8.050,224,3100
1513007520,8.050,8.050,8.050,8.050,224,3100
1513007580,8.050,8.050,8.050,8.050,224,3100
1513007640,8.050,8.050,8.050,8.050,224,3100
1513007700,8.050,8.050,8.050,8.050,224,3100
1513007760,8.050,8.050,8.050,8.050,224,3100
1513007820,8.050,8.050,8.050,8.050,224,3100
1513007880,8.050,8.050,8.050,8.050,224,3100
1513007940,8.050,8.050,8.050,8.050,224,3100
1513008000,8.050,8.050,8.050,8.050,224,3100
1513008060,8.050,8.050,8.050,8.050,224,3100
1513008120,8.050,8.050,8.050,8.050,224,3100
1513008180,8.050,8.050,8.050,8.050,224,3100
1513008240,8.050,8.050,8.050,8.050,224,3100
1513008300,8.050,8.050,8.050,8.050,224,3100
1513008360,8.050,8.050,8.050,8.050,224,3100
1513008420,8.050,8.050,8.050,8.050,224,3100
1513008480,8.050,8.050,8.050,8.050,224,3100
1513008540,8.050,8.050,8.050,8.050,224,3100
1513008600,8.050,8.050,8.050,8.050,224,3100
1513008660,8.050,8.050,8.050,8.050,224,3100
1513008720,8.050,8.050,8.050,8.050,224,3100
1513008780,8.050,8.050,8.050,8.050,224,3100
1513008840,8.050,8.050,8.050,8.050,224,3100
1513008900,8.050,8.050,8.050,8.050,224,3100
1513008960,8.050,8.050,8.050,8.050,224,3100
1513009020,8.050,8.050,8.050,8.050,224,3100
1513009080,8.050,8.050,8.050,8.050,224,3100
1513009140,8.050,8.050,8.050,8.050,224,3100
1513009200,8.050,8.050,8.050,8.050,224,3100
1513009260,8.050,8.050,8.050,8.050,224,3100
1513009320,8.050,8.050,8.050,8.050,224,3100
1513009380,8.050,8.050,8.050,8.050,224,3100
1513009440,8.050,8.050,8.050,8.050,224,3100
1513009500,8.050,8.050,8.050,8.050,224,3100
1513009560,8.050,8.050,8.050,8.050,224,3100
1513009620,8.050,8.050,8.050,8.050,224,3100
1513009680,8.050,8.050,8.050,8.050,224,3100
1513009740,8.050,8.050,8.050,8.050,224,3100
1513009800,8.050,8.050,8.050,8.050,224,3100
1513009860,8.050,8.050,8.050,8.050,224,3100
1513009920,8.050,8.050,8.050,8.050,224,3100
1513009980,8.050,8.050,8.050,8.050,224,3100
1513010040,8.050,8.050,8.050,8.050,224,3100
1513010100,8.050,8.050,8.050,8.050,224,3100
1513010160,8.050,8.050,8.050,8.050,224,3100
1513010220,8.050,8.050,8.050,8.050,224,3100
1513010280,8.050,8.050,8.050,8.050,224,3100
1513010340,8.050,8.050,8.050,8.050,224,3100
1513010400,8.050,8.050,8.050,8.050,224,3100
1513010460,8.050,8.050,8.050,8.050,224,3100
1513010520,8.050,8.050,8.050,8.050,224,3100
1513010580,8.050,8.050,8.050,8.050,224,3100
1513010640,8.050,8.050,8.050,8.050,224,3100
1513010700,8.050,8.050,8.050,8.050,224,3100
1513010760,8.050,8.050,8.050,8.050,224,3100
1513010820,8.050,8.050,8.050,8.050,224,3100
1513010880,8.050,8.050,8.050,8.050,224,3100
1513010940,8.050,8.050,8.050,8.050,224,3100
1513011000,8.050,8.050,8.050,8.050,224,3100
1513011060,8.050,8.050,8.050,8.050,224,3100
1513011120,8.050,8.050,8.050,8.050,224,3100
1513011180,8.050,8.050,8.050,8.050,224,3100
1513011240,8.050,8.050,8.050,8.050,224,3100
1513011300,8.050,8.050,8.050,8.050,224,3100
1513011360,8.050,8.050,8.050,8.050,224,3100
1513011420,8.050,8.050,8.050,8.050,224,3100
1513011480,8.050,8.050,8.050,8.050,224,3100
1513011540,8.050,8.050,8.050,8.050,224,3100
1513011600,8.050,8.050,8.050,8.050,224,3100
1513011660,8.050,8.050,8.050,8.050,224,3100
1513011720,8.050,8.050,8.050,8.050,224,3100
1513011780,8.050,8.050,8.050,8.050,224,3100
1513011840,8.050,8.050,8.050,8.050,224,3100
1513011900,8.050,8.050,8.050,8.050,107,4221
1513011960,8.050,8.050,8.050,8.050,107,4221
1513012020,8.050,8.050,8.050,8.050,107,4221
1513012080,8.050,8.050,8.050,8.050,107,4221
1513012140,8.050,8.050,8.050,8.050,107,4221
1513012200,8.050,8.050,8.050,8.050,107,4221
1513012260,8.050,8.050,8.050,8.050,107,4221
1513012320,8.050,8.050,8.050,8.050,107,4221
1513012380,8.050,8.050,8.050,8.050,107,4221
1513012440,8.050,8.050,8.050,8.050,107,4221
1513012500,8.050,8.050,8.050,8.050,107,4221
1513012560,8.050,8.050,8.050,8.050,107,4221
1513012620,8.050,8.050,8.050,8.050,107,4221
1513012680,8.050,8.050,8.050,8.050,107,4221
1513012740,8.050,8.050,8.050,8.050,107,4221
1513012800,8.050,8.050,8.050,8.050,107,4221
1513012860,8.050,8.050,8.050,8.050,107,4221
1513012920,8.050,8.050,8.050,8.050,107,4221
1513012980,8.050,8.050,8.050,8.050,107,4221
1513013040,8.050,8.050,8.050,8.050,107,4221
1513013100,8.050,8.050,8.050,8.050,107,4221
1513013160,8.050,8.050,8.050,8.050,107,4221
1513013220,8.050,8.050,8.050,8.050,107,4221
1513013280,8.050,8.050,8.050,8.050,107,4221
1513013340,8.050,8.050,8.050,8.050,107,4221
1513013400,8.050,8.050,8.050,8.050,107,4221
1513013460,8.050,8.050,8.050,8.050,107,4221
1513013520,8.050,8.050,8.050,8.050,107,4221
1513013580,8.050,8.050,8.050,8.050,107,4221
1513013640,8.050,8.050,8.050,8.050,107,4221
1513013700,8.050,8.050,8.050,8.050,107,4221
1513013760,8.050,8.050,8.050,8.050,107,4221
1513013820,8.050,8.050,8.050,8.050,107,4221
1513013880,8.050,8.050,8.050,8.050,107,4221
1513013940,8.050,8.050,8.050,8.050,107,4221
1513014000,8.050,8.050,8.050,8.050,107,4221
1513014060,8.050,8.050,8.050,8.050,107,4221
1513014120,8.050,8.050,8.050,8.050,107,4221
1513014180,8.050,8.050,8.050,8.050,107,4221
1513014240,8.050,8.050,8.050,8.050,107,4221
1513014300,8.050,8.050,8.050,8.050,107,4221
1513014360,8.050,8.050,8.050,8.050,107,4221
1513014420,8.050,8.050,8.050,8.050,107,4221
1513014480,8.050,8.050,8.050,8.050,107,4221
1513014540,8.050,8.050,8.050,8.050,107,4221
1513014600,8.050,8.050,8.050,8.050,107,4221
1513014660,8.050,8.050,8.050,8.050,107,4221
1513014720,8.050,8.050,8.050,8.050,107,4221
1513014780,8.050,8.050,8.050,8.050,107,4221
1513014840,8.050,8.050,8.050,8.050,107,4221
1513014900,8.050,8.050,8.050,8.050,107,4221
1513014960,8.050,8.050,8.050,8.050,107,4221
1513015020,8.050,8.050,8.050,8.050,107,4221
1513015080,8.050,8.050,8.050,8.050,107,4221
1513015140,8.050,8.050,8.050,8.050,107,4221
1513015200,8.050,8.050,8.050,8.050,107,4221
1513015260,8.050,8.050,8.050,8.050,107,4221
1513015320,8.050,8.050,8.050,8.050,107,4221
1513015380,8.050,8.050,8.050,8.050,107,4221
1513015440,8.050,8.050,8.050,8.050,107,4221
1513015500,8.050,8.050,8.050,8.050,107,4221
1513015560,8.050,8.050,8.050,8.050,107,4221
1513015620,8.050,8.050,8.050,8.050,107,4221
1513015680,8.050,8.050,8.050,8.050,107,4221
1513015740,8.050,8.050,8.050,8.050,107,4221
1513015800,8.050,8.050,8.050,8.050,107,4221
1513015860,8.050,8.050,8.050,8.050,107,4221
1513015920,8.050,8.050,8.050,8.050,107,4221
1513015980,8.050,8.050,8.050,8.050,107,4221
1513016040,8.050,8.050,8.050,8.050,107,4221
1513016100,8.050,8.050,8.050,8.050,107,4221
1513016160,8.050,8.050,8.050,8.050,107,4221
1513016220,8.050,8.050,8.050,8.050,107,4221
1513016280,8.050,8.050,8.050,8.050,107,4221
1513016340,8.050,8.050,8.050,8.050,107,4221
1513016400,8.050,8.050,8.050,8.050,107,4221
1513016460,8.050,8.050,8.050,8.050,107,4221
1513016520,8.050,8.050,8.050,8.050,107,4221
1513016580,8.050,8.050,8.050,8.050,107,4221
1513016640,8.050,8.050,8.050,8.050,107,4221
1513016700,8.050,8.050,8.050,8.050,107,4221
1513016760,8.050,8.050,8.050,8.050,107,4221
1513016820,8.050,8.050,8.050,8.050,107,4221
1513016880,8.050,8.050,8.050,8.050,107,4221
1513016940,8.050,8.050,8.050,8.050,107,4221
1513017000,8.050,8.050,8.050,8.050,107,4221
1513017060,8.050,8.050,8.050,8.050,107,4221
1513017120,8.050,8.050,8.050,8.050,107,4221
1513017180,8.050,8.050,8.050,8.050,107,4221
1513017240,8.050,8.050,8.050,8.050,107,4221
1513017300,8.050,8.050,8.050,8.050,107,4221
1513017360,8.050,8.050,8.050,8.050,107,4221
1513017420,8.050,8.050,8.050,8.050,107,4221
1513017480,8.050,8.050,8.050,8.050,107,4221
1513017540,8.050,8.050,8.050,8.050,107,4221
1513017600,8.050,8.050,8.050,8.050,27,4756
1513017660,8.050,8.050,8.050,8.050,26,4756
1513017720,8.100,8.100,8.100,8.100,26,4756
1513017780,8.100,8.100,8.100,8.100,26,4756
1513017840,8.100,8.100,8.100,8.100,26,4756
1513017900,8.100,8.100,8.100,8.100,26,4756
1513017960,8.100,8.100,8.100,8.100,26,4756
1513018020,8.100,8.100,8.100,8.100,26,4756
1513018080,8.100,8.100,8.100,8.100,26,4756
1513018140,8.100,8.100,8.100,8.100,26,4756
1513018200,8.050,8.100,8.050,8.100,226,4887
1513018260,8.050,8.100,8.050,8.100,223,4887
1513018320,8.050,8.100,8.050,8.100,223,4887
1513018380,8.050,8.100,8.050,8.100,223,4887
1513018440,8.050,8.100,8.050,8.100,223,4887
1513018500,8.050,8.100,8.050,8.100,223,4887
1513018560,8.050,8.100,8.050,8.100,223,4887
1513018620,8.050,8.100,8.050,8.100,223,4887
1513018680,8.050,8.100,8.050,8.100,223,4887
1513018740,8.050,8.100,8.050,8.100,223,4887
1513018800,8.050,8.100,8.050,8.100,223,4887
1513018860,8.050,8.100,8.050,8.100,223,4887
1513018920,8.050,8.100,8.050,8.100,223,4887
1513018980,8.050,8.100,8.050,8.100,223,4887
1513019040,8.050,8.100,8.050,8.100,223,4887
1513019100,8.050,8.100,8.050,8.100,223,4887
1513019160,8.050,8.100,8.050,8.100,223,4887
1513019220,8.050,8.100,8.050,8.100,223,4887
1513019280,8.050,8.100,8.050,8.100,223,4887
1513019340,8.050,8.100,8.050,8.100,223,4887
1513019400,8.050,8.100,8.050,8.100,223,4887
1513019460,8.050,8.100,8.050,8.100,223,4887
1513019520,8.050,8.100,8.050,8.100,223,4887
1513019580,8.050,8.100,8.050,8.100,223,4887
1513019640,8.050,8.100,8.050,8.100,223,4887
1513019700,8.050,8.100,8.050,8.100,223,4887
1513019760,8.050,8.100,8.050,8.100,223,4887
1513019820,8.050,8.100,8.050,8.100,223,4887
1513019880,8.050,8.100,8.050,8.100,223,4887
1513019940,8.050,8.100,8.050,8.100,223,4887
1513020000,8.050,8.100,8.050,8.100,223,4887
1513020060,8.050,8.100,8.050,8.100,223,4887
1513020120,8.050,8.100,8.050,8.100,223,4887
1513020180,8.050,8.100,8.050,8.100,223,4887
1513020240,8.050,8.100,8.050,8.100,223,4887
1513020300,8.050,8.100,8.050,8.100,223,4887
1513020360,8.050,8.100,8.050,8.100,223,4887
1513020420,8.050,8.100,8.050,8.100,223,4887
1513020480,8.050,8.100,8.050,8.100,223,4887
1513020540,8.050,8.100,8.050,8.100,223,4887
1513020600,8.050,8.100,8.050,8.100,48,6005
1513020660,8.050,8.100,8.050,8.100,44,6005
1513020720,8.050,8.100,8.050,8.100,44,6005
1513020780,8.050,8.100,8.050,8.100,44,6005
1513020840,8.100,8.070,8.070,8.100,44,6005
1513020900,8.100,8.070,8.070,8.100,44,6005
1513020960,8.100,8.070,8.070,8.100,44,6005
1513021020,8.100,8.070,8.070,8.100,44,6005
1513021080,8.100,8.070,8.070,8.100,44,6005
1513021140,8.100,8.070,8.070,8.100,44,6005
1513021200,8.100,8.070,8.070,8.100,44,6005
1513021260,8.100,8.070,8.070,8.100,44,6005
1513021320,8.100,8.070,8.070,8.100,44,6005
1513021380,8.100,8.070,8.070,8.100,44,6005
1513021440,8.100,8.070,8.070,8.100,44,6005
1513021500,8.100,8.070,8.070,8.100,44,6005
1513021560,8.100,8.070,8.070,8.100,44,6005
1513021620,8.100,8.070,8.070,8.100,44,6005
1513021680,8.100,8.070,8.070,8.100,44,6005
1513021740,8.100,8.070,8.070,8.100,44,6005
1513021800,8.100,8.070,8.070,8.100,44,6005
1513021860,8.100,8.070,8.070,8.100,44,6005
1513021920,8.100,8.070,8.070,8.100,44,6005
1513021980,8.100,8.070,8.070,8.100,44,6005
1513022040,8.100,8.070,8.070,8.100,44,6005
1513022100,8.100,8.070,8.070,8.100,44,6005
1513022160,8.100,8.070,8.070,8.100,44,6005
1513022220,8.100,8.070,8.070,8.100,44,6005
1513022280,8.100,8.070,8.070,8.100,44,6005
1513022340,8.100,8.070,8.070,8.100,44,6005
1513022400,8.100,8.070,8.070,8.100,44,6005
1513022460,8.100,8.070,8.070,8.100,44,6005
1513022520,8.100,8.070,8.070,8.100,44,6005
1513022580,8.100,8.070,8.070,8.100,44,6005
1513022640,8.100,8.070,8.070,8.100,44,6005
1513022700,8.100,8.070,8.070,8.100,44,6005
1513022760,8.100,8.070,8.070,8.100,44,6005
1513022820,8.100,8.070,8.070,8.100,44,6005
1513022880,8.100,8.070,8.070,8.100,44,6005
1513022940,8.100,8.070,8.070,8.100,44,6005
1513023000,8.100,8.070,8.070,8.100,44,6005
1513023060,8.100,8.070,8.070,8.100,44,6005
1513023120,8.100,8.070,8.070,8.100,44,6005
1513023180,8.100,8.070,8.070,8.100,44,6005
1513023240,8.100,8.070,8.070,8.100,44,6005
1513023300,8.100,8.070,8.070,8.100,28,6229
1513023360,8.100,8.070,8.070,8.100,24,6229
1513023420,8.100,8.100,8.100,8.100,24,6229
1513023480,8.100,8.100,8.100,8.100,24,6229
1513023540,8.100,8.100,8.100,8.100,24,6229
1513023600,8.100,8.100,8.100,8.100,24,6229
1513023660,8.100,8.100,8.100,8.100,24,6229
1513023720,8.100,8.100,8.100,8.100,24,6229
1513023780,8.100,8.100,8.100,8.100,24,6229
1513023840,8.100,8.100,8.100,8.100,24,6229
1513023900,8.100,8.100,8.100,8.100,24,6353
1513023960,8.100,8.100,8.100,8.100,21,6353
1513024020,8.100,8.100,8.100,8.100,21,6353
1513024080,8.100,8.100,8.100,8.100,21,6353
1513024140,8.100,8.100,8.100,8.100,21,6353
1513024200,8.100,8.100,8.100,8.100,21,6353
1513024260,8.100,8.100,8.100,8.100,21,6353
1513024320,8.100,8.100,8.100,8.100,21,6353
1513024380,8.100,8.100,8.100,8.100,21,6353
1513024440,8.100,8.100,8.100,8.100,21,6353
1513024500,8.100,8.100,8.100,8.100,21,6353
1513024560,8.100,8.100,8.100,8.100,21,6353
1513024620,8.100,8.100,8.100,8.100,21,6353
1513024680,8.100,8.100,8.100,8.100,21,6353
1513024740,8.100,8.100,8.100,8.100,21,6353
1513024800,8.100,8.100,8.100,8.100,205,6461
1513024860,8.100,8.100,8.100,8.100,201,6461
1513024920,8.100,8.100,8.100,8.100,201,6461
1513024980,8.100,8.100,8.100,8.100,201,6461
1513025040,8.100,8.100,8.100,8.100,201,6461
1513025100,8.100,8.100,8.100,8.100,201,6461
1513025160,8.100,8.100,8.100,8.100,201,6461
1513025220,8.100,8.100,8.100,8.100,201,6461
1513025280,8.100,8.100,8.100,8.100,201,6461
1513025340,8.100,8.100,8.100,8.100,201,6461
1513025400,8.100,8.100,8.100,8.100,25,7470
1513025460,8.100,8.100,8.100,8.100,22,7470
1513025520,8.100,8.100,8.100,8.100,22,7470
1513025580,8.100,8.100,8.100,8.100,22,7470
1513025640,8.100,8.100,8.100,8.100,22,7470
1513025700,8.100,8.100,8.100,8.100,71,7583
1513025760,8.100,8.100,8.100,8.100,67,7583
1513025820,8.100,8.100,8.100,8.100,67,7583
1513025880,8.070,8.070,8.070,8.070,67,7583
1513025940,8.100,8.100,8.100,8.100,67,7583
1513089000,8.050,8.050,8.050,8.050,0,0
1513089060,8.050,8.050,8.050,8.050,0,0
1513089120,8.050,8.050,8.050,8.050,0,0
1513089180,8.050,8.050,8.050,8.050,0,0
1513089240,8.050,8.050,8.050,8.050,0,0
1513089300,8.050,8.050,8.050,8.050,0,0
1513089360,8.050,8.050,8.050,8.050,0,0
1513089420,8.050,8.050,8.050,8.050,0,0
1513089480,8.050,8.050,8.050,8.050,0,0
1513089540,8.050,8.050,8.050,8.050,0,0
1513089600,8.050,8.050,8.050,8.050,0,0
1513089660,8.050,8.050,8.050,8.050,0,0
1513089720,8.050,8.050,8.050,8.050,0,0
1513089780,8.050,8.050,8.050,8.050,0,0
1513089840,8.050,8.050,8.050,8.050,0,0
1513089900,8.050,8.050,8.050,8.050,0,0
1513089960,8.050,8.050,8.050,8.050,0,0
1513090020,8.050,8.050,8.050,8.050,0,0
1513090080,8.050,8.050,8.050,8.050,0,0
1513090140,8.050,8.050,8.050,8.050,0,0
1513090200,8.050,8.050,8.050,8.050,0,0
1513090260,8.050,8.050,8.050,8.050,0,0
1513090320,8.050,8.050,8.050,8.050,0,0
1513090380,8.050,8.050,8.050,8.050,0,0
1513090440,8.050,8.050,8.050,8.050,0,0
1513090500,8.050,8.050,8.050,8.050,0,0
1513090560,8.050,8.050,8.050,8.050,0,0
1513090620,8.050,8.050,8.050,8.050,0,0
1513090680,8.050,8.050,8.050,8.050,0,0
1513090740,8.050,8.050,8.050,8.050,0,0
1513090800,8.050,8.050,8.050,8.050,0,0
1513090860,8.050,8.050,8.050,8.050,0,0
1513090920,8.050,8.050,8.050,8.050,0,0
1513090980,8.050,8.050,8.050,8.050,0,0
1513091040,8.050,8.050,8.050,8.050,0,0
1513091100,8.050,8.050,8.050,8.050,0,0
1513091160,8.050,8.050,8.050,8.050,0,0
1513091220,8.050,8.050,8.050,8.050,0,0
1513091280,8.050,8.050,8.050,8.050,0,0
1513091340,8.050,8.050,8.050,8.050,0,0
1513091400,8.050,8.050,8.050,8.050,0,0
1513091460,8.050,8.050,8.050,8.050,0,0
1513091520,8.050,8.050,8.050,8.050,0,0
1513091580,8.050,8.050,8.050,8.050,0,0
1513091640,8.050,8.050,8.050,8.050,0,0
1513091700,8.050,8.050,8.050,8.050,571,0
1513091760,8.050,8.050,8.050,8.050,569,0
1513091820,8.050,8.050,8.050,8.050,569,0
1513091880,8.090,8.090,8.090,8.090,569,0
1513091940,8.090,8.090,8.090,8.090,569,0
1513092000,8.070,8.070,8.070,8.070,77,2847
1513092060,8.070,8.070,8.070,8.070,73,2847
1513092120,8.070,8.070,8.070,8.070,73,2847
1513092180,8.070,8.070,8.070,8.070,73,2847
1513092240,8.050,8.050,8.050,8.050,73,2847
1513092300,8.050,8.050,8.050,8.050,73,2847
1513092360,8.050,8.050,8.050,8.050,73,2847
1513092420,8.050,8.050,8.050,8.050,73,2847
1513092480,8.050,8.050,8.050,8.050,73,2847
1513092540,8.050,8.050,8.050,8.050,73,2847
1513092600,8.050,8.050,8.050,8.050,73,2847
1513092660,8.050,8.050,8.050,8.050,73,2847
1513092720,8.050,8.050,8.050,8.050,73,2847
1513092780,8.050,8.050,8.050,8.050,73,2847
1513092840,8.050,8.050,8.050,8.050,73,2847
1513092900,8.050,8.050,8.050,8.050,73,2847
1513092960,8.050,8.050,8.050,8.050,73,2847
1513093020,8.050,8.050,8.050,8.050,73,2847
1513093080,8.050,8.050,8.050,8.050,73,2847
1513093140,8.050,8.050,8.050,8.050,73,2847
1513093200,8.050,8.050,8.050,8.050,73,2847
1513093260,8.050,8.050,8.050,8.050,73,2847
1513093320,8.050,8.050,8.050,8.050,73,2847
1513093380,8.050,8.050,8.050,8.050,73,2847
1513093440,8.050,8.050,8.050,8.050,73,2847
1513093500,8.050,8.050,8.050,8.050,73,2847
1513093560,8.050,8.050,8.050,8.050,73,2847
1513093620,8.050,8.050,8.050,8.050,73,2847
1513093680,8.050,8.050,8.050,8.050,73,2847
1513093740,8.050,8.050,8.050,8.050,73,2847
1513093800,8.050,8.050,8.050,8.050,73,2847
1513093860,8.050,8.050,8.050,8.050,73,2847
1513093920,8.050,8.050,8.050,8.050,73,2847
1513093980,8.050,8.050,8.050,8.050,73,2847
1513094040,8.050,8.050,8.050,8.050,73,2847
1513094100,8.050,8.050,8.050,8.050,73,2847
1513094160,8.050,8.050,8.050,8.050,73,2847
1513094220,8.050,8.050,8.050,8.050,73,2847
1513094280,8.050,8.050,8.050,8.050,73,2847
1513094340,8.050,8.050,8.050,8.050,73,2847
1513094400,8.050,8.050,8.050,8.050,73,2847
1513094460,8.050,8.050,8.050,8.050,73,2847
1513094520,8.050,8.050,8.050,8.050,73,2847
1513094580,8.050,8.050,8.050,8.050,73,2847
1513094640,8.050,8.050,8.050,8.050,73,2847
1513094700,8.050,8.050,8.050,8.050,73,2847
1513094760,8.050,8.050,8.050,8.050,73,2847
1513094820,8.050,8.050,8.050,8.050,73,2847
1513094880,8.050,8.050,8.050,8.050,73,2847
1513094940,8.050,8.050,8.050,8.050,73,2847
1513095000,8.050,8.050,8.050,8.050,73,2847
1513095060,8.050,8.050,8.050,8.050,73,2847
1513095120,8.050,8.050,8.050,8.050,73,2847
1513095180,8.050,8.050,8.050,8.050,73,2847
1513095240,8.050,8.050,8.050,8.050,73,2847
1513095300,8.050,8.050,8.050,8.050,73,2847
1513095360,8.050,8.050,8.050,8.050,73,2847
1513095420,8.050,8.050,8.050,8.050,73,2847
1513095480,8.050,8.050,8.050,8.050,73,2847
1513095540,8.050,8.050,8.050,8.050,73,2847
1513095600,8.050,8.050,8.050,8.050,73,2847
1513095660,8.050,8.050,8.050,8.050,73,2847
1513095720,8.050,8.050,8.050,8.050,73,2847
1513095780,8.050,8.050,8.050,8.050,73,2847
1513095840,8.050,8.050,8.050,8.050,73,2847
1513095900,8.050,8.050,8.050,8.050,52,3216
1513095960,8.050,8.050,8.050,8.050,49,3216
1513096020,8.050,8.050,8.050,8.050,49,3216
1513096080,8.050,8.050,8.050,8.050,49,3216
1513096140,8.070,8.070,8.070,8.070,49,3216
1513096200,8.070,8.070,8.070,8.070,49,3216
1513096260,8.070,8.070,8.070,8.070,49,3216
1513096320,8.070,8.070,8.070,8.070,49,3216
1513096380,8.070,8.070,8.070,8.070,49,3216
1513096440,8.070,8.070,8.070,8.070,49,3216
1513096500,8.070,8.070,8.070,8.070,49,3216
1513096560,8.070,8.070,8.070,8.070,49,3216
1513096620,8.070,8.070,8.070,8.070,49,3216
1513096680,8.070,8.070,8.070,8.070,49,3216
1513096740,8.070,8.070,8.070,8.070,49,3216
1513096800,8.070,8.070,8.070,8.070,49,3216
1513096860,8.070,8.070,8.070,8.070,49,3216
1513096920,8.070,8.070,8.070,8.070,49,3216
1513096980,8.070,8.070,8.070,8.070,49,3216
1513097040,8.070,8.070,8.070,8.070,49,3216
1513097100,8.070,8.070,8.070,8.070,49,3216
1513097160,8.070,8.070,8.070,8.070,49,3216
1513097220,8.070,8.070,8.070,8.070,49,3216
1513097280,8.070,8.070,8.070,8.070,49,3216
1513097340,8.070,8.070,8.070,8.070,49,3216
1513097400,8.070,8.070,8.070,8.070,49,3216
1513097460,8.070,8.070,8.070,8.070,49,3216
1513097520,8.070,8.070,8.070,8.070,49,3216
1513097580,8.070,8.070,8.070,8.070,49,3216
1513097640,8.070,8.070,8.070,8.070,49,3216
1513097700,8.070,8.070,8.070,8.070,49,3216
1513097760,8.070,8.070,8.070,8.070,49,3216
1513097820,8.070,8.070,8.070,8.070,49,3216
1513097880,8.070,8.070,8.070,8.070,49,3216
1513097940,8.070,8.070,8.070,8.070,49,3216
1513098000,8.070,8.070,8.070,8.070,49,3216
1513098060,8.070,8.070,8.070,8.070,49,3216
1513098120,8.070,8.070,8.070,8.070,49,3216
1513098180,8.070,8.070,8.070,8.070,49,3216
1513098240,8.070,8.070,8.070,8.070,49,3216
1513098300,8.070,8.070,8.070,8.070,49,3216
1513098360,8.070,8.070,8.070,8.070,49,3216
1513098420,8.070,8.070,8.070,8.070,49,3216
1513098480,8.070,8.070,8.070,8.070,49,3216
1513098540,8.070,8.070,8.070,8.070,49,3216
1513098600,8.070,8.070,8.070,8.070,49,3216
1513098660,8.070,8.070,8.070,8.070,49,3216
1513098720,8.070,8.070,8.070,8.070,49,3216
1513098780,8.070,8.070,8.070,8.070,49,3216
1513098840,8.070,8.070,8.070,8.070,49,3216
1513098900,8.070,8.070,8.070,8.070,49,3216
1513098960,8.070,8.070,8.070,8.070,49,3216
1513099020,8.070,8.070,8.070,8.070,49,3216
1513099080,8.070,8.070,8.070,8.070,49,3216
1513099140,8.070,8.070,8.070,8.070,49,3216
1513099200,8.070,8.070,8.070,8.070,49,3216
1513099260,8.070,8.070,8.070,8.070,49,3216
1513099320,8.070,8.070,8.070,8.070,49,3216
1513099380,8.070,8.070,8.070,8.070,49,3216
1513099440,8.070,8.070,8.070,8.070,49,3216
1513099500,8.070,8.070,8.070,8.070,49,3216
1513099560,8.070,8.070,8.070,8.070,49,3216
1513099620,8.070,8.070,8.070,8.070,49,3216
1513099680,8.070,8.070,8.070,8.070,49,3216
1513099740,8.070,8.070,8.070,8.070,49,3216
1513099800,8.070,8.070,8.070,8.070,49,3216
1513099860,8.070,8.070,8.070,8.070,49,3216
1513099920,8.070,8.070,8.070,8.070,49,3216
1513099980,8.070,8.070,8.070,8.070,49,3216
1513100040,8.070,8.070,8.070,8.070,49,3216
1513100100,8.070,8.070,8.070,8.070,49,3216
1513100160,8.070,8.070,8.070,8.070,49,3216
1513100220,8.070,8.070,8.070,8.070,49,3216
1513100280,8.070,8.070,8.070,8.070,49,3216
1513100340,8.070,8.070,8.070,8.070,49,3216
1513100400,8.070,8.070,8.070,8.070,25,3464
1513100460,8.070,8.070,8.070,8.070,21,3464
1513100520,8.100,8.100,8.100,8.100,21,3464
1513100580,8.100,8.100,8.100,8.100,21,3464
1513100640,8.100,8.100,8.100,8.100,21,3464
1513100700,8.100,8.100,8.100,8.100,21,3464
1513100760,8.100,8.100,8.100,8.100,21,3464
1513100820,8.100,8.100,8.100,8.100,21,3464
1513100880,8.100,8.100,8.100,8.100,21,3464
1513100940,8.100,8.100,8.100,8.100,21,3464
1513101000,8.100,8.100,8.100,8.100,21,3464
1513101060,8.100,8.100,8.100,8.100,21,3464
1513101120,8.100,8.100,8.100,8.100,21,3464
1513101180,8.100,8.100,8.100,8.100,21,3464
1513101240,8.100,8.100,8.100,8.100,21,3464
1513101300,8.100,8.100,8.100,8.100,21,3464
1513101360,8.100,8.100,8.100,8.100,21,3464
1513101420,8.100,8.100,8.100,8.100,21,3464
1513101480,8.100,8.100,8.100,8.100,21,3464
1513101540,8.100,8.100,8.100,8.100,21,3464
1513101600,8.100,8.100,8.100,8.100,21,3464
1513101660,8.100,8.100,8.100,8.100,21,3464
1513101720,8.100,8.100,8.100,8.100,21,3464
1513101780,8.100,8.100,8.100,8.100,21,3464
1513101840,8.100,8.100,8.100,8.100,21,3464
1513101900,8.100,8.100,8.100,8.100,21,3464
1513101960,8.100,8.100,8.100,8.100,21,3464
1513102020,8.100,8.100,8.100,8.100,21,3464
1513102080,8.100,8.100,8.100,8.100,21,3464
1513102140,8.100,8.100,8.100,8.100,21,3464
1513102200,8.060,8.060,8.060,8.060,115,3573
1513102260,8.060,8.060,8.060,8.060,115,3573
1513102320,8.060,8.060,8.060,8.060,115,3573
1513102380,8.060,8.060,8.060,8.060,115,3573
1513102440,8.060,8.060,8.060,8.060,115,3573
1513102500,8.060,8.060,8.060,8.060,115,3573
1513102560,8.060,8.060,8.060,8.060,115,3573
1513102620,8.060,8.060,8.060,8.060,115,3573
1513102680,8.060,8.060,8.060,8.060,115,3573
1513102740,8.060,8.060,8.060,8.060,115,3573
1513102800,8.060,8.060,8.060,8.060,115,3573
1513102860,8.060,8.060,8.060,8.060,115,3573
1513102920,8.060,8.060,8.060,8.060,115,3573
1513102980,8.060,8.060,8.060,8.060,115,3573
1513103040,8.060,8.060,8.060,8.060,115,3573
1513103100,8.060,8.060,8.060,8.060,115,3573
1513103160,8.060,8.060,8.060,8.060,115,3573
1513103220,8.060,8.060,8.060,8.060,115,3573
1513103280,8.060,8.060,8.060,8.060,115,3573
1513103340,8.060,8.060,8.060,8.060,115,3573
1513103400,8.060,8.060,8.060,8.060,115,3573
1513103460,8.060,8.060,8.060,8.060,115,3573
1513103520,8.060,8.060,8.060,8.060,115,3573
1513103580,8.060,8.060,8.060,8.060,115,3573
1513103640,8.060,8.060,8.060,8.060,115,3573
1513103700,8.060,8.060,8.060,8.060,115,3573
1513103760,8.060,8.060,8.060,8.060,115,3573
1513103820,8.060,8.060,8.060,8.060,115,3573
1513103880,8.060,8.060,8.060,8.060,115,3573
1513103940,8.060,8.060,8.060,8.060,115,3573
1513104000,8.060,8.060,8.060,8.060,115,3573
1513104060,8.060,8.060,8.060,8.060,115,3573
1513104120,8.060,8.060,8.060,8.060,115,3573
1513104180,8.060,8.060,8.060,8.060,115,3573
1513104240,8.060,8.060,8.060,8.060,115,3573
1513104300,8.060,8.060,8.060,8.060,115,3573
1513104360,8.060,8.060,8.060,8.060,115,3573
1513104420,8.060,8.060,8.060,8.060,115,3573
1513104480,8.060,8.060,8.060,8.060,115,3573
1513104540,8.060,8.060,8.060,8.060,115,3573
1513104600,8.060,8.060,8.060,8.060,115,3573
1513104660,8.060,8.060,8.060,8.060,115,3573
1513104720,8.060,8.060,8.060,8.060,115,3573
1513104780,8.060,8.060,8.060,8.060,115,3573
1513104840,8.060,8.060,8.060,8.060,115,3573
1513104900,8.060,8.060,8.060,8.060,115,3573
1513104960,8.060,8.060,8.060,8.060,115,3573
1513105020,8.060,8.060,8.060,8.060,115,3573
1513105080,8.060,8.060,8.060,8.060,115,3573
1513105140,8.060,8.060,8.060,8.060,115,3573
1513105200,8.060,8.060,8.060,8.060,115,3573
1513105260,8.060,8.060,8.060,8.060,115,3573
1513105320,8.060,8.060,8.060,8.060,115,3573
1513105380,8.060,8.060,8.060,8.060,115,3573
1513105440,8.060,8.060,8.060,8.060,115,3573
1513105500,8.060,8.060,8.060,8.060,115,3573
1513105560,8.060,8.060,8.060,8.060,115,3573
1513105620,8.060,8.060,8.060,8.060,115,3573
1513105680,8.060,8.060,8.060,8.060,115,3573
1513105740,8.060,8.060,8.060,8.060,115,3573
1513105800,8.060,8.060,8.060,8.060,115,3573
1513105860,8.060,8.060,8.060,8.060,115,3573
1513105920,8.060,8.060,8.060,8.060,115,3573
1513105980,8.060,8.060,8.060,8.060,115,3573
1513106040,8.060,8.060,8.060,8.060,115,3573
1513106100,8.060,8.060,8.060,8.060,115,3573
1513106160,8.060,8.060,8.060,8.060,115,3573
1513106220,8.060,8.060,8.060,8.060,115,3573
1513106280,8.060,8.060,8.060,8.060,115,3573
1513106340,8.060,8.060,8.060,8.060,115,3573
1513106400,8.060,8.060,8.060,8.060,115,3573
1513106460,8.060,8.060,8.060,8.060,115,3573
1513106520,8.060,8.060,8.060,8.060,115,3573
1513106580,8.060,8.060,8.060,8.060,115,3573
1513106640,8.060,8.060,8.060,8.060,115,3573
1513106700,8.060,8.060,8.060,8.060,115,3573
1513106760,8.060,8.060,8.060,8.060,115,3573
1513106820,8.060,8.060,8.060,8.060,115,3573
1513106880,8.060,8.060,8.060,8.060,115,3573
1513106940,8.060,8.060,8.060,8.060,115,3573
1513107000,8.060,8.060,8.060,8.060,115,3573
1513107060,8.060,8.060,8.060,8.060,115,3573
1513107120,8.060,8.060,8.060,8.060,115,3573
1513107180,8.060,8.060,8.060,8.060,115,3573
1513107240,8.060,8.060,8.060,8.060,115,3573
1513107300,8.060,8.060,8.060,8.060,115,3573
1513107360,8.060,8.060,8.060,8.060,115,3573
1513107420,8.060,8.060,8.060,8.060,115,3573
1513107480,8.060,8.060,8.060,8.060,115,3573
1513107540,8.060,8.060,8.060,8.060,115,3573
1513107600,8.060,8.060,8.060,8.060,115,3573
1513107660,8.060,8.060,8.060,8.060,115,3573
1513107720,8.060,8.060,8.060,8.060,115,3573
1513107780,8.060,8.060,8.060,8.060,115,3573
1513107840,8.060,8.060,8.060,8.060,115,3573
1513107900,8.060,8.060,8.060,8.060,115,3573
1513107960,8.060,8.060,8.060,8.060,115,3573
1513108020,8.060,8.060,8.060,8.060,115,3573
1513108080,8.060,8.060,8.060,8.060,115,3573
1513108140,8.060,8.060,8.060,8.060,115,3573
1513108200,8.060,8.060,8.060,8.060,115,3573
1513108260,8.060,8.060,8.060,8.060,115,3573
1513108320,8.060,8.060,8.060,8.060,115,3573
1513108380,8.060,8.060,8.060,8.060,115,3573
1513108440,8.060,8.060,8.060,8.060,115,3573
1513108500,8.060,8.060,8.060,8.060,115,3573
1513108560,8.060,8.060,8.060,8.060,115,3573
1513108620,8.060,8.060,8.060,8.060,115,3573
1513108680,8.060,8.060,8.060,8.060,115,3573
1513108740,8.060,8.060,8.060,8.060,115,3573
1513108800,8.060,8.060,8.060,8.060,115,3573
1513108860,8.060,8.060,8.060,8.060,115,3573
1513108920,8.060,8.060,8.060,8.060,115,3573
1513108980,8.060,8.060,8.060,8.060,115,3573
1513109040,8.060,8.060,8.060,8.060,115,3573
1513109100,8.060,8.060,8.060,8.060,115,3573
1513109160,8.060,8.060,8.060,8.060,115,3573
1513109220,8.060,8.060,8.060,8.060,115,3573
1513109280,8.060,8.060,8.060,8.060,115,3573
1513109340,8.060,8.060,8.060,8.060,115,3573
1513109400,8.060,8.060,8.060,8.060,115,3573
1513109460,8.060,8.060,8.060,8.060,115,3573
1513109520,8.060,8.060,8.060,8.060,115,3573
1513109580,8.060,8.060,8.060,8.060,115,3573
1513109640,8.060,8.060,8.060,8.060,115,3573
1513109700,8.060,8.060,8.060,8.060,115,3573
1513109760,8.060,8.060,8.060,8.060,115,3573
1513109820,8.060,8.060,8.060,8.060,115,3573
1513109880,8.060,8.060,8.060,8.060,115,3573
1513109940,8.060,8.060,8.060,8.060,115,3573
1513110000,8.060,8.060,8.060,8.060,115,3573
1513110060,8.060,8.060,8.060,8.060,115,3573
1513110120,8.060,8.060,8.060,8.060,115,3573
1513110180,8.060,8.060,8.060,8.060,115,3573
1513110240,8.060,8.060,8.060,8.060,115,3573
1513110300,8.060,8.060,8.060,8.060,115,3573
1513110360,8.060,8.060,8.060,8.060,115,3573
1513110420,8.060,8.060,8.060,8.060,115,3573
1513110480,8.060,8.060,8.060,8.060,115,3573
1513110540,8.060,8.060,8.060,8.060,115,3573
1513110600,8.060,8.060,8.060,8.060,115,3573
1513110660,8.060,8.060,8.060,8.060,115,3573
1513110720,8.060,8.060,8.060,8.060,115,3573
1513110780,8.060,8.060,8.060,8.060,115,3573
1513110840,8.060,8.060,8.060,8.060,115,3573
1513110900,8.060,8.060,8.060,8.060,115,3573
1513110960,8.060,8.060,8.060,8.060,115,3573
1513111020,8.060,8.060,8.060,8.060,115,3573
1513111080,8.060,8.060,8.060,8.060,115,3573
1513111140,8.060,8.060,8.060,8.060,115,3573
1513111200,8.060,8.060,8.060,8.060,115,3573
1513111260,8.060,8.060,8.060,8.060,115,3573
1513111320,8.060,8.060,8.060,8.060,115,3573
1513111380,8.060,8.060,8.060,8.060,115,3573
1513111440,8.060,8.060,8.060,8.060,115,3573
1513111500,8.060,8.060,8.060,8.060,115,3573
1513111560,8.060,8.060,8.060,8.060,115,3573
1513111620,8.060,8.060,8.060,8.060,115,3573
1513111680,8.060,8.060,8.060,8.060,115,3573
1513111740,8.060,8.060,8.060,8.060,115,3573
1513111800,8.060,8.060,8.060,8.060,275,4148
1513111860,8.060,8.060,8.060,8.060,273,4148
1513111920,8.060,8.060,8.060,8.060,273,4148
1513111980,8.070,8.070,8.070,8.070,273,4148
1513112040,8.070,8.070,8.070,8.070,273,4148
1513112100,8.070,8.070,8.070,8.070,642,5515
1513112160,8.070,8.070,8.070,8.070,639,5515
1513112220,8.100,8.100,8.100,8.100,639,5515
1513112280,8.100,8.100,8.100,8.100,639,5515
1513112340,8.050,8.150,8.050,8.150,639,5515
1513175400,8.150,8.150,8.150,8.150,0,0
1513175460,8.150,8.150,8.150,8.150,0,0
1513175520,8.150,8.150,8.150,8.150,0,0
1513175580,8.150,8.150,8.150,8.150,0,0
1513175640,8.150,8.150,8.150,8.150,0,0
1513175700,8.150,8.150,8.150,8.150,0,0
1513175760,8.150,8.150,8.150,8.150,0,0
1513175820,8.150,8.150,8.150,8.150,0,0
1513175880,8.150,8.150,8.150,8.150,0,0
1513175940,8.150,8.150,8.150,8.150,0,0
1513176000,8.150,8.150,8.150,8.150,0,0
1513176060,8.150,8.150,8.150,8.150,0,0
1513176120,8.150,8.150,8.150,8.150,0,0
1513176180,8.150,8.150,8.150,8.150,0,0
1513176240,8.150,8.150,8.150,8.150,0,0
1513176300,8.150,8.150,8.150,8.150,0,0
1513176360,8.150,8.150,8.150,8.150,0,0
1513176420,8.150,8.150,8.150,8.150,0,0
1513176480,8.150,8.150,8.150,8.150,0,0
1513176540,8.150,8.150,8.150,8.150,0,0
1513176600,8.150,8.150,8.150,8.150,0,0
1513176660,8.150,8.150,8.150,8.150,0,0
1513176720,8.150,8.150,8.150,8.150,0,0
1513176780,8.150,8.150,8.150,8.150,0,0
1513176840,8.150,8.150,8.150,8.150,0,0
1513176900,8.150,8.150,8.150,8.150,0,0
1513176960,8.150,8.150,8.150,8.150,0,0
1513177020,8.150,8.150,8.150,8.150,0,0
1513177080,8.150,8.150,8.150,8.150,0,0
1513177140,8.150,8.150,8.150,8.150,0,0
1513177200,8.150,8.150,8.150,8.150,0,0
1513177260,8.150,8.150,8.150,8.150,0,0
1513177320,8.150,8.150,8.150,8.150,0,0
1513177380,8.150,8.150,8.150,8.150,0,0
1513177440,8.150,8.150,8.150,8.150,0,0
1513177500,8.150,8.150,8.150,8.150,331,0
1513177560,8.150,8.150,8.150,8.150,328,0
1513177620,8.150,8.150,8.150,8.150,328,0
1513177680,8.150,8.150,8.150,8.150,328,0
1513177740,8.130,8.100,8.100,8.130,328,0
1513177800,8.130,8.100,8.100,8.130,328,0
1513177860,8.130,8.100,8.100,8.130,328,0
1513177920,8.130,8.100,8.100,8.130,328,0
1513177980,8.130,8.100,8.100,8.130,328,0
1513178040,8.130,8.100,8.100,8.130,328,0
1513178100,8.130,8.100,8.100,8.130,328,0
1513178160,8.130,8.100,8.100,8.130,328,0
1513178220,8.130,8.100,8.100,8.130,328,0
1513178280,8.130,8.100,8.100,8.130,328,0
1513178340,8.130,8.100,8.100,8.130,328,0
1513178400,8.130,8.100,8.100,8.130,328,0
1513178460,8.130,8.100,8.100,8.130,328,0
1513178520,8.130,8.100,8.100,8.130,328,0
1513178580,8.130,8.100,8.100,8.130,328,0
1513178640,8.130,8.100,8.100,8.130,328,0
1513178700,8.130,8.100,8.100,8.130,328,0
1513178760,8.130,8.100,8.100,8.130,328,0
1513178820,8.130,8.100,8.100,8.130,328,0
1513178880,8.130,8.100,8.100,8.130,328,0
1513178940,8.130,8.100,8.100,8.130,328,0
1513179000,8.130,8.100,8.100,8.130,328,0
1513179060,8.130,8.100,8.100,8.130,328,0
1513179120,8.130,8.100,8.100,8.130,328,0
1513179180,8.130,8.100,8.100,8.130,328,0
1513179240,8.130,8.100,8.100,8.130,328,0
1513179300,8.130,8.100,8.100,8.130,328,0
1513179360,8.130,8.100,8.100,8.130,328,0
1513179420,8.130,8.100,8.100,8.130,328,0
1513179480,8.130,8.100,8.100,8.130,328,0
1513179540,8.130,8.100,8.100,8.130,328,0
1513179600,8.130,8.100,8.100,8.130,173,1643
1513179660,8.130,8.100,8.100,8.130,172,1643
1513179720,8.110,8.110,8.110,8.110,172,1643
1513179780,8.090,8.090,8.090,8.090,172,1643
1513179840,8.050,8.050,8.050,8.050,172,1643
1513179900,8.050,8.050,8.050,8.050,172,1643
1513179960,8.050,8.050,8.050,8.050,172,1643
1513180020,8.050,8.050,8.050,8.050,172,1643
1513180080,8.050,8.050,8.050,8.050,172,1643
1513180140,8.050,8.050,8.050,8.050,172,1643
1513180200,8.050,8.050,8.050,8.050,172,1643
1513180260,8.050,8.050,8.050,8.050,172,1643
1513180320,8.050,8.050,8.050,8.050,172,1643
1513180380,8.050,8.050,8.050,8.050,172,1643
1513180440,8.050,8.050,8.050,8.050,172,1643
1513180500,8.050,8.050,8.050,8.050,172,1643
1513180560,8.050,8.050,8.050,8.050,172,1643
1513180620,8.050,8.050,8.050,8.050,172,1643
1513180680,8.050,8.050,8.050,8.050,172,1643
1513180740,8.050,8.050,8.050,8.050,172,1643
1513180800,8.050,8.050,8.050,8.050,172,1643
1513180860,8.050,8.050,8.050,8.050,172,1643
1513180920,8.050,8.050,8.050,8.050,172,1643
1513180980,8.050,8.050,8.050,8.050,172,1643
1513181040,8.050,8.050,8.050,8.050,172,1643
1513181100,8.050,8.050,8.050,8.050,172,1643
1513181160,8.050,8.050,8.050,8.050,172,1643
1513181220,8.050,8.050,8.050,8.050,172,1643
1513181280,8.050,8.050,8.050,8.050,172,1643
1513181340,8.050,8.050,8.050,8.050,172,1643
1513181400,8.050,8.050,8.050,8.050,172,1643
1513181460,8.050,8.050,8.050,8.050,172,1643
1513181520,8.050,8.050,8.050,8.050,172,1643
1513181580,8.050,8.050,8.050,8.050,172,1643
1513181640,8.050,8.050,8.050,8.050,172,1643
1513181700,8.050,8.050,8.050,8.050,172,1643
1513181760,8.050,8.050,8.050,8.050,172,1643
1513181820,8.050,8.050,8.050,8.050,172,1643
1513181880,8.050,8.050,8.050,8.050,172,1643
1513181940,8.050,8.050,8.050,8.050,172,1643
1513182000,8.050,8.050,8.050,8.050,172,1643
1513182060,8.050,8.050,8.050,8.050,172,1643
1513182120,8.050,8.050,8.050,8.050,172,1643
1513182180,8.050,8.050,8.050,8.050,172,1643
1513182240,8.050,8.050,8.050,8.050,172,1643
1513182300,8.050,8.050,8.050,8.050,172,1643
1513182360,8.050,8.050,8.050,8.050,172,1643
1513182420,8.050,8.050,8.050,8.050,172,1643
1513182480,8.050,8.050,8.050,8.050,172,1643
1513182540,8.050,8.050,8.050,8.050,172,1643
1513182600,8.050,8.050,8.050,8.050,172,1643
1513182660,8.050,8.050,8.050,8.050,172,1643
1513182720,8.050,8.050,8.050,8.050,172,1643
1513182780,8.050,8.050,8.050,8.050,172,1643
1513182840,8.050,8.050,8.050,8.050,172,1643
1513182900,8.050,8.050,8.050,8.050,172,1643
1513182960,8.050,8.050,8.050,8.050,172,1643
1513183020,8.050,8.050,8.050,8.050,172,1643
1513183080,8.050,8.050,8.050,8.050,172,1643
1513183140,8.050,8.050,8.050,8.050,172,1643
1513183200,8.050,8.050,8.050,8.050,74,2504
1513183260,8.050,8.050,8.050,8.050,74,2504
1513183320,8.090,8.090,8.090,8.090,74,2504
1513183380,8.090,8.090,8.090,8.090,74,2504
1513183440,8.090,8.090,8.090,8.090,74,2504
1513183500,8.090,8.090,8.090,8.090,74,2504
1513183560,8.090,8.090,8.090,8.090,74,2504
1513183620,8.090,8.090,8.090,8.090,74,2504
1513183680,8.090,8.090,8.090,8.090,74,2504
1513183740,8.090,8.090,8.090,8.090,74,2504
1513183800,8.090,8.090,8.090,8.090,74,2504
1513183860,8.090,8.090,8.090,8.090,74,2504
1513183920,8.090,8.090,8.090,8.090,74,2504
1513183980,8.090,8.090,8.090,8.090,74,2504
1513184040,8.090,8.090,8.090,8.090,74,2504
1513184100,8.090,8.090,8.090,8.090,74,2504
1513184160,8.090,8.090,8.090,8.090,74,2504
1513184220,8.090,8.090,8.090,8.090,74,2504
1513184280,8.090,8.090,8.090,8.090,74,2504
1513184340,8.090,8.090,8.090,8.090,74,2504
1513184400,8.090,8.090,8.090,8.090,74,2504
1513184460,8.090,8.090,8.090,8.090,74,2504
1513184520,8.090,8.090,8.090,8.090,74,2504
1513184580,8.090,8.090,8.090,8.090,74,2504
1513184640,8.090,8.090,8.090,8.090,74,2504
1513184700,8.090,8.090,8.090,8.090,74,2504
1513184760,8.090,8.090,8.090,8.090,74,2504
1513184820,8.090,8.090,8.090,8.090,74,2504
1513184880,8.090,8.090,8.090,8.090,74,2504
1513184940,8.090,8.090,8.090,8.090,74,2504
1513185000,8.090,8.090,8.090,8.090,74,2504
1513185060,8.090,8.090,8.090,8.090,74,2504
1513185120,8.090,8.090,8.090,8.090,74,2504
1513185180,8.090,8.090,8.090,8.090,74,2504
1513185240,8.090,8.090,8.090,8.090,74,2504
1513185300,8.090,8.090,8.090,8.090,20,2874
1513185360,8.090,8.090,8.090,8.090,20,2874
1513185420,8.100,8.100,8.100,8.100,20,2874
1513185480,8.100,8.100,8.100,8.100,20,2874
1513185540,8.100,8.100,8.100,8.100,20,2874
1513185600,8.100,8.100,8.100,8.100,20,2874
1513185660,8.100,8.100,8.100,8.100,20,2874
1513185720,8.100,8.100,8.100,8.100,20,2874
1513185780,8.100,8.100,8.100,8.100,20,2874
1513185840,8.100,8.100,8.100,8.100,20,2874
1513185900,8.100,8.100,8.100,8.100,220,2974
1513185960,8.100,8.100,8.100,8.100,220,2974
1513186020,8.100,8.100,8.100,8.100,220,2974
1513186080,8.150,8.120,8.120,8.150,220,2974
1513186140,8.150,8.120,8.120,8.150,220,2974
1513186200,8.100,8.100,8.100,8.100,20,4074
1513186260,8.100,8.100,8.100,8.100,20,4074
1513186320,8.100,8.100,8.100,8.100,20,4074
1513186380,8.100,8.100,8.100,8.100,20,4074
1513186440,8.100,8.100,8.100,8.100,20,4074
1513186500,8.100,8.100,8.100,8.100,20,4074
1513186560,8.100,8.100,8.100,8.100,20,4074
1513186620,8.100,8.100,8.100,8.100,20,4074
1513186680,8.100,8.100,8.100,8.100,20,4074
1513186740,8.100,8.100,8.100,8.100,20,4074
1513186800,8.100,8.100,8.100,8.100,20,4074
1513186860,8.100,8.100,8.100,8.100,20,4074
1513186920,8.100,8.100,8.100,8.100,20,4074
1513186980,8.100,8.100,8.100,8.100,20,4074
1513187040,8.100,8.100,8.100,8.100,20,4074
1513187100,8.100,8.100,8.100,8.100,20,4074
1513187160,8.100,8.100,8.100,8.100,20,4074
1513187220,8.100,8.100,8.100,8.100,20,4074
1513187280,8.100,8.100,8.100,8.100,20,4074
1513187340,8.100,8.100,8.100,8.100,20,4074
1513187400,8.100,8.100,8.100,8.100,20,4074
1513187460,8.100,8.100,8.100,8.100,20,4074
1513187520,8.100,8.100,8.100,8.100,20,4074
1513187580,8.100,8.100,8.100,8.100,20,4074
1513187640,8.100,8.100,8.100,8.100,20,4074
1513187700,8.100,8.100,8.100,8.100,20,4074
1513187760,8.100,8.100,8.100,8.100,20,4074
1513187820,8.100,8.100,8.100,8.100,20,4074
1513187880,8.100,8.100,8.100,8.100,20,4074
1513187940,8.100,8.100,8.100,8.100,20,4074
1513188000,8.100,8.100,8.100,8.100,20,4074
1513188060,8.100,8.100,8.100,8.100,20,4074
1513188120,8.100,8.100,8.100,8.100,20,4074
1513188180,8.100,8.100,8.100,8.100,20,4074
1513188240,8.100,8.100,8.100,8.100,20,4074
1513188300,8.100,8.100,8.100,8.100,20,4074
1513188360,8.100,8.100,8.100,8.100,20,4074
1513188420,8.100,8.100,8.100,8.100,20,4074
1513188480,8.100,8.100,8.100,8.100,20,4074
1513188540,8.100,8.100,8.100,8.100,20,4074
1513188600,8.100,8.100,8.100,8.100,20,4074
1513188660,8.100,8.100,8.100,8.100,20,4074
1513188720,8.100,8.100,8.100,8.100,20,4074
1513188780,8.100,8.100,8.100,8.100,20,4074
1513188840,8.100,8.100,8.100,8.100,20,4074
1513188900,8.100,8.100,8.100,8.100,20,4074
1513188960,8.100,8.100,8.100,8.100,20,4074
1513189020,8.100,8.100,8.100,8.100,20,4074
1513189080,8.100,8.100,8.100,8.100,20,4074
1513189140,8.100,8.100,8.100,8.100,20,4074
1513189200,8.100,8.100,8.100,8.100,20,4074
1513189260,8.100,8.100,8.100,8.100,20,4074
1513189320,8.100,8.100,8.100,8.100,20,4074
1513189380,8.100,8.100,8.100,8.100,20,4074
1513189440,8.100,8.100,8.100,8.100,20,4074
1513189500,8.100,8.100,8.100,8.100,20,4074
1513189560,8.100,8.100,8.100,8.100,20,4074
1513189620,8.100,8.100,8.100,8.100,20,4074
1513189680,8.100,8.100,8.100,8.100,20,4074
1513189740,8.100,8.100,8.100,8.100,20,4074
1513189800,8.100,8.100,8.100,8.100,20,4074
1513189860,8.100,8.100,8.100,8.100,20,4074
1513189920,8.100,8.100,8.100,8.100,20,4074
1513189980,8.100,8.100,8.100,8.100,20,4074
1513190040,8.100,8.100,8.100,8.100,20,4074
1513190100,8.100,8.100,8.100,8.100,20,4074
1513190160,8.100,8.100,8.100,8.100,20,4074
1513190220,8.100,8.100,8.100,8.100,20,4074
1513190280,8.100,8.100,8.100,8.100,20,4074
1513190340,8.100,8.100,8.100,8.100,20,4074
1513190400,8.100,8.100,8.100,8.100,20,4074
1513190460,8.100,8.100,8.100,8.100,20,4074
1513190520,8.100,8.100,8.100,8.100,20,4074
1513190580,8.100,8.100,8.100,8.100,20,4074
1513190640,8.100,8.100,8.100,8.100,20,4074
1513190700,8.100,8.100,8.100,8.100,20,4074
1513190760,8.100,8.100,8.100,8.100,20,4074
1513190820,8.100,8.100,8.100,8.100,20,4074
1513190880,8.100,8.100,8.100,8.100,20,4074
1513190940,8.100,8.100,8.100,8.100,20,4074
1513191000,8.100,8.100,8.100,8.100,20,4074
1513191060,8.100,8.100,8.100,8.100,20,4074
1513191120,8.100,8.100,8.100,8.100,20,4074
1513191180,8.100,8.100,8.100,8.100,20,4074
1513191240,8.100,8.100,8.100,8.100,20,4074
1513191300,8.100,8.100,8.100,8.100,20,4074
1513191360,8.100,8.100,8.100,8.100,20,4074
1513191420,8.100,8.100,8.100,8.100,20,4074
1513191480,8.100,8.100,8.100,8.100,20,4074
1513191540,8.100,8.100,8.100,8.100,20,4074
1513191600,8.100,8.100,8.100,8.100,35,4174
1513191660,8.100,8.100,8.100,8.100,31,4174
1513191720,8.100,8.100,8.100,8.100,31,4174
1513191780,8.100,8.100,8.100,8.100,31,4174
1513191840,8.100,8.100,8.100,8.100,31,4174
1513191900,8.100,8.100,8.100,8.100,31,4174
1513191960,8.100,8.100,8.100,8.100,31,4174
1513192020,8.100,8.100,8.100,8.100,31,4174
1513192080,8.100,8.100,8.100,8.100,31,4174
1513192140,8.100,8.100,8.100,8.100,31,4174
1513192200,8.100,8.100,8.100,8.100,31,4174
1513192260,8.100,8.100,8.100,8.100,31,4174
1513192320,8.100,8.100,8.100,8.100,31,4174
1513192380,8.100,8.100,8.100,8.100,31,4174
1513192440,8.100,8.100,8.100,8.100,31,4174
1513192500,8.100,8.100,8.100,8.100,31,4174
1513192560,8.100,8.100,8.100,8.100,31,4174
1513192620,8.100,8.100,8.100,8.100,31,4174
1513192680,8.100,8.100,8.100,8.100,31,4174
1513192740,8.100,8.100,8.100,8.100,31,4174
1513192800,8.100,8.100,8.100,8.100,31,4174
1513192860,8.100,8.100,8.100,8.100,31,4174
1513192920,8.100,8.100,8.100,8.100,31,4174
1513192980,8.100,8.100,8.100,8.100,31,4174
1513193040,8.100,8.100,8.100,8.100,31,4174
1513193100,8.100,8.100,8.100,8.100,31,4174
1513193160,8.100,8.100,8.100,8.100,31,4174
1513193220,8.100,8.100,8.100,8.100,31,4174
1513193280,8.100,8.100,8.100,8.100,31,4174
1513193340,8.100,8.100,8.100,8.100,31,4174
1513193400,8.100,8.100,8.100,8.100,31,4174
1513193460,8.100,8.100,8.100,8.100,31,4174
1513193520,8.100,8.100,8.100,8.100,31,4174
1513193580,8.100,8.100,8.100,8.100,31,4174
1513193640,8.100,8.100,8.100,8.100,31,4174
1513193700,8.100,8.100,8.100,8.100,28,4333
1513193760,8.100,8.100,8.100,8.100,26,4333
1513193820,8.100,8.100,8.100,8.100,26,4333
1513193880,8.090,8.090,8.090,8.090,26,4333
1513193940,8.090,8.090,8.090,8.090,26,4333
1513194000,8.150,8.150,8.150,8.150,20,4465
1513194060,8.150,8.150,8.150,8.150,20,4465
1513194120,8.150,8.150,8.150,8.150,20,4465
1513194180,8.150,8.150,8.150,8.150,20,4465
1513194240,8.150,8.150,8.150,8.150,20,4465
1513194300,8.150,8.150,8.150,8.150,20,4465
1513194360,8.150,8.150,8.150,8.150,20,4465
1513194420,8.150,8.150,8.150,8.150,20,4465
1513194480,8.150,8.150,8.150,8.150,20,4465
1513194540,8.150,8.150,8.150,8.150,20,4465
1513194600,8.150,8.150,8.150,8.150,20,4465
1513194660,8.150,8.150,8.150,8.150,20,4465
1513194720,8.150,8.150,8.150,8.150,20,4465
1513194780,8.150,8.150,8.150,8.150,20,4465
1513194840,8.150,8.150,8.150,8.150,20,4465
1513194900,8.150,8.150,8.150,8.150,254,4565
1513194960,8.150,8.150,8.150,8.150,250,4565
1513195020,8.150,8.150,8.150,8.150,250,4565
1513195080,8.150,8.150,8.150,8.150,250,4565
1513195140,8.070,8.070,8.070,8.070,250,4565
1513195200,8.070,8.070,8.070,8.070,250,4565
1513195260,8.070,8.070,8.070,8.070,250,4565
1513195320,8.070,8.070,8.070,8.070,250,4565
1513195380,8.070,8.070,8.070,8.070,250,4565
1513195440,8.070,8.070,8.070,8.070,250,4565
1513195500,8.070,8.070,8.070,8.070,250,4565
1513195560,8.070,8.070,8.070,8.070,250,4565
1513195620,8.070,8.070,8.070,8.070,250,4565
1513195680,8.070,8.070,8.070,8.070,250,4565
1513195740,8.070,8.070,8.070,8.070,250,4565
1513195800,8.070,8.070,8.070,8.070,250,4565
1513195860,8.070,8.070,8.070,8.070,250,4565
1513195920,8.070,8.070,8.070,8.070,250,4565
1513195980,8.070,8.070,8.070,8.070,250,4565
1513196040,8.070,8.070,8.070,8.070,250,4565
1513196100,8.070,8.070,8.070,8.070,250,4565
1513196160,8.070,8.070,8.070,8.070,250,4565
1513196220,8.070,8.070,8.070,8.070,250,4565
1513196280,8.070,8.070,8.070,8.070,250,4565
1513196340,8.070,8.070,8.070,8.070,250,4565
1513196400,8.070,8.070,8.070,8.070,112,5819
1513196460,8.070,8.070,8.070,8.070,112,5819
1513196520,8.070,8.070,8.070,8.070,112,5819
1513196580,8.070,8.070,8.070,8.070,112,5819
1513196640,8.070,8.070,8.070,8.070,112,5819
1513196700,8.070,8.070,8.070,8.070,112,5819
1513196760,8.070,8.070,8.070,8.070,112,5819
1513196820,8.070,8.070,8.070,8.070,112,5819
1513196880,8.070,8.070,8.070,8.070,112,5819
1513196940,8.070,8.070,8.070,8.070,112,5819
1513197000,8.070,8.070,8.070,8.070,112,5819
1513197060,8.070,8.070,8.070,8.070,112,5819
1513197120,8.070,8.070,8.070,8.070,112,5819
1513197180,8.070,8.070,8.070,8.070,112,5819
1513197240,8.070,8.070,8.070,8.070,112,5819
1513197300,8.070,8.070,8.070,8.070,112,5819
1513197360,8.070,8.070,8.070,8.070,112,5819
1513197420,8.070,8.070,8.070,8.070,112,5819
1513197480,8.070,8.070,8.070,8.070,112,5819
1513197540,8.070,8.070,8.070,8.070,112,5819
1513197600,8.070,8.070,8.070,8.070,130,6379
1513197660,8.080,8.080,8.080,8.080,130,6379
1513197720,8.080,8.080,8.080,8.080,130,6379
1513197780,8.080,8.080,8.080,8.080,130,6379
1513197840,8.080,8.080,8.080,8.080,130,6379
1513197900,8.080,8.080,8.080,8.080,130,6379
1513197960,8.080,8.080,8.080,8.080,130,6379
1513198020,8.080,8.080,8.080,8.080,130,6379
1513198080,8.080,8.080,8.080,8.080,130,6379
1513198140,8.080,8.080,8.080,8.080,130,6379
1513198200,8.080,8.080,8.080,8.080,130,6379
1513198260,8.080,8.080,8.080,8.080,130,6379
1513198320,8.080,8.080,8.080,8.080,130,6379
1513198380,8.080,8.080,8.080,8.080,130,6379
1513198440,8.080,8.080,8.080,8.080,130,6379
1513198500,8.080,8.080,8.080,8.080,70,7029
1513198560,8.080,8.080,8.080,8.080,70,7029
1513198620,8.150,8.150,8.150,8.150,70,7029
1513198680,8.150,8.150,8.150,8.150,70,7029
1513198740,8.150,8.150,8.150,8.150,70,7029
1513261800,8.100,8.100,8.100,8.100,0,0
1513261860,8.100,8.100,8.100,8.100,0,0
1513261920,8.100,8.100,8.100,8.100,0,0
1513261980,8.100,8.100,8.100,8.100,0,0
1513262040,8.100,8.100,8.100,8.100,0,0
1513262100,8.150,8.150,8.150,8.150,93,0
1513262160,8.150,8.150,8.150,8.150,91,0
1513262220,8.150,8.150,8.150,8.150,91,0
1513262280,8.150,8.150,8.150,8.150,91,0
1513262340,8.150,8.150,8.150,8.150,91,0
1513262400,8.150,8.150,8.150,8.150,91,0
1513262460,8.150,8.150,8.150,8.150,91,0
1513262520,8.150,8.150,8.150,8.150,91,0
1513262580,8.150,8.150,8.150,8.150,91,0
1513262640,8.150,8.150,8.150,8.150,91,0
1513262700,8.150,8.150,8.150,8.150,91,0
1513262760,8.150,8.150,8.150,8.150,91,0
1513262820,8.150,8.150,8.150,8.150,91,0
1513262880,8.150,8.150,8.150,8.150,91,0
1513262940,8.150,8.150,8.150,8.150,91,0
1513263000,8.150,8.150,8.150,8.150,228,457
1513263060,8.150,8.150,8.150,8.150,228,457
1513263120,8.150,8.150,8.150,8.150,228,457
1513263180,8.150,8.150,8.150,8.150,228,457
1513263240,8.150,8.150,8.150,8.150,228,457
1513263300,8.150,8.150,8.150,8.150,228,457
1513263360,8.150,8.150,8.150,8.150,228,457
1513263420,8.150,8.150,8.150,8.150,228,457
1513263480,8.150,8.150,8.150,8.150,228,457
1513263540,8.150,8.150,8.150,8.150,228,457
1513263600,8.150,8.150,8.150,8.150,145,1597
1513263660,8.150,8.150,8.150,8.150,142,1597
1513263720,8.150,8.150,8.150,8.150,142,1597
1513263780,8.200,8.200,8.200,8.200,142,1597
1513263840,8.150,8.150,8.150,8.150,142,1597
1513263900,8.150,8.150,8.150,8.150,61,2310
1513263960,8.150,8.150,8.150,8.150,60,2310
1513264020,8.150,8.150,8.150,8.150,60,2310
1513264080,8.150,8.150,8.150,8.150,60,2310
1513264140,8.150,8.150,8.150,8.150,60,2310
1513264200,8.150,8.150,8.150,8.150,60,2310
1513264260,8.150,8.150,8.150,8.150,60,2310
1513264320,8.150,8.150,8.150,8.150,60,2310
1513264380,8.150,8.150,8.150,8.150,60,2310
1513264440,8.150,8.150,8.150,8.150,60,2310
1513264500,8.150,8.150,8.150,8.150,60,2310
1513264560,8.150,8.150,8.150,8.150,60,2310
1513264620,8.150,8.150,8.150,8.150,60,2310
1513264680,8.150,8.150,8.150,8.150,60,2310
1513264740,8.150,8.150,8.150,8.150,60,2310
1513264800,8.150,8.150,8.150,8.150,60,2310
1513264860,8.150,8.150,8.150,8.150,60,2310
1513264920,8.150,8.150,8.150,8.150,60,2310
1513264980,8.150,8.150,8.150,8.150,60,2310
1513265040,8.150,8.150,8.150,8.150,60,2310
1513265100,8.150,8.150,8.150,8.150,60,2310
1513265160,8.150,8.150,8.150,8.150,60,2310
1513265220,8.150,8.150,8.150,8.150,60,2310
1513265280,8.150,8.150,8.150,8.150,60,2310
1513265340,8.150,8.150,8.150,8.150,60,2310
1513265400,8.150,8.150,8.150,8.150,60,2310
1513265460,8.150,8.150,8.150,8.150,60,2310
1513265520,8.150,8.150,8.150,8.150,60,2310
1513265580,8.150,8.150,8.150,8.150,60,2310
1513265640,8.150,8.150,8.150,8.150,60,2310
1513265700,8.150,8.150,8.150,8.150,60,2310
1513265760,8.150,8.150,8.150,8.150,60,2310
1513265820,8.150,8.150,8.150,8.150,60,2310
1513265880,8.150,8.150,8.150,8.150,60,2310
1513265940,8.150,8.150,8.150,8.150,60,2310
1513266000,8.150,8.150,8.150,8.150,60,2310
1513266060,8.150,8.150,8.150,8.150,60,2310
1513266120,8.150,8.150,8.150,8.150,60,2310
1513266180,8.150,8.150,8.150,8.150,60,2310
1513266240,8.150,8.150,8.150,8.150,60,2310
1513266300,8.150,8.150,8.150,8.150,60,2310
1513266360,8.150,8.150,8.150,8.150,60,2310
1513266420,8.150,8.150,8.150,8.150,60,2310
1513266480,8.150,8.150,8.150,8.150,60,2310
1513266540,8.150,8.150,8.150,8.150,60,2310
1513266600,8.150,8.150,8.150,8.150,60,2310
1513266660,8.150,8.150,8.150,8.150,60,2310
1513266720,8.150,8.150,8.150,8.150,60,2310
1513266780,8.150,8.150,8.150,8.150,60,2310
1513266840,8.150,8.150,8.150,8.150,60,2310
1513266900,8.200,8.200,8.200,8.200,3315,2611
1513266960,8.200,8.200,8.200,8.200,3311,2611
1513267020,8.200,8.200,8.200,8.200,3311,2611
1513267080,8.200,8.200,8.200,8.200,3311,2611
1513267140,8.200,8.200,8.200,8.200,3311,2611
1513267200,8.180,8.180,8.180,8.180,28,19170
1513267260,8.180,8.180,8.180,8.180,28,19170
1513267320,8.180,8.180,8.180,8.180,28,19170
1513267380,8.180,8.180,8.180,8.180,28,19170
1513267440,8.180,8.180,8.180,8.180,28,19170
1513267500,8.180,8.180,8.180,8.180,28,19170
1513267560,8.180,8.180,8.180,8.180,28,19170
1513267620,8.180,8.180,8.180,8.180,28,19170
1513267680,8.180,8.180,8.180,8.180,28,19170
1513267740,8.180,8.180,8.180,8.180,28,19170
1513267800,8.180,8.180,8.180,8.180,28,19170
1513267860,8.180,8.180,8.180,8.180,28,19170
1513267920,8.180,8.180,8.180,8.180,28,19170
1513267980,8.180,8.180,8.180,8.180,28,19170
1513268040,8.180,8.180,8.180,8.180,28,19170
1513268100,8.180,8.180,8.180,8.180,28,19170
1513268160,8.180,8.180,8.180,8.180,28,19170
1513268220,8.180,8.180,8.180,8.180,28,19170
1513268280,8.180,8.180,8.180,8.180,28,19170
1513268340,8.180,8.180,8.180,8.180,28,19170
1513268400,8.180,8.180,8.180,8.180,28,19170
1513268460,8.180,8.180,8.180,8.180,28,19170
1513268520,8.180,8.180,8.180,8.180,28,19170
1513268580,8.180,8.180,8.180,8.180,28,19170
1513268640,8.180,8.180,8.180,8.180,28,19170
1513268700,8.180,8.180,8.180,8.180,28,19170
1513268760,8.180,8.180,8.180,8.180,28,19170
1513268820,8.180,8.180,8.180,8.180,28,19170
1513268880,8.180,8.180,8.180,8.180,28,19170
1513268940,8.180,8.180,8.180,8.180,28,19170
1513269000,8.150,8.150,8.150,8.150,985,19310
1513269060,8.150,8.150,8.150,8.150,981,19310
1513269120,8.150,8.150,8.150,8.150,981,19310
1513269180,8.150,8.150,8.150,8.150,981,19310
1513269240,8.150,8.150,8.150,8.150,981,19310
1513269300,8.150,8.150,8.150,8.150,981,19310
1513269360,8.150,8.150,8.150,8.150,981,19310
1513269420,8.150,8.150,8.150,8.150,981,19310
1513269480,8.150,8.150,8.150,8.150,981,19310
1513269540,8.150,8.150,8.150,8.150,981,19310
1513269600,8.150,8.150,8.150,8.150,981,19310
1513269660,8.150,8.150,8.150,8.150,981,19310
1513269720,8.150,8.150,8.150,8.150,981,19310
1513269780,8.150,8.150,8.150,8.150,981,19310
1513269840,8.150,8.150,8.150,8.150,981,19310
1513269900,8.150,8.150,8.150,8.150,981,19310
1513269960,8.150,8.150,8.150,8.150,981,19310
1513270020,8.150,8.150,8.150,8.150,981,19310
1513270080,8.150,8.150,8.150,8.150,981,19310
1513270140,8.150,8.150,8.150,8.150,981,19310
1513270200,8.150,8.150,8.150,8.150,60,24219
1513270260,8.150,8.150,8.150,8.150,60,24219
1513270320,8.150,8.150,8.150,8.150,60,24219
1513270380,8.150,8.150,8.150,8.150,60,24219
1513270440,8.150,8.150,8.150,8.150,60,24219
1513270500,8.150,8.150,8.150,8.150,60,24219
1513270560,8.150,8.150,8.150,8.150,60,24219
1513270620,8.150,8.150,8.150,8.150,60,24219
1513270680,8.150,8.150,8.150,8.150,60,24219
1513270740,8.150,8.150,8.150,8.150,60,24219
1513270800,8.150,8.150,8.150,8.150,60,24219
1513270860,8.150,8.150,8.150,8.150,60,24219
1513270920,8.150,8.150,8.150,8.150,60,24219
1513270980,8.150,8.150,8.150,8.150,60,24219
1513271040,8.150,8.150,8.150,8.150,60,24219
1513271100,8.150,8.150,8.150,8.150,60,24219
1513271160,8.150,8.150,8.150,8.150,60,24219
1513271220,8.150,8.150,8.150,8.150,60,24219
1513271280,8.150,8.150,8.150,8.150,60,24219
1513271340,8.150,8.150,8.150,8.150,60,24219
1513271400,8.150,8.150,8.150,8.150,60,24219
1513271460,8.150,8.150,8.150,8.150,60,24219
1513271520,8.150,8.150,8.150,8.150,60,24219
1513271580,8.150,8.150,8.150,8.150,60,24219
1513271640,8.150,8.150,8.150,8.150,60,24219
1513271700,8.150,8.150,8.150,8.150,60,24219
1513271760,8.150,8.150,8.150,8.150,60,24219
1513271820,8.150,8.150,8.150,8.150,60,24219
1513271880,8.150,8.150,8.150,8.150,60,24219
1513271940,8.150,8.150,8.150,8.150,60,24219
1513272000,8.150,8.150,8.150,8.150,60,24219
1513272060,8.150,8.150,8.150,8.150,60,24219
1513272120,8.150,8.150,8.150,8.150,60,24219
1513272180,8.150,8.150,8.150,8.150,60,24219
1513272240,8.150,8.150,8.150,8.150,60,24219
1513272300,8.150,8.150,8.150,8.150,60,24219
1513272360,8.150,8.150,8.150,8.150,60,24219
1513272420,8.150,8.150,8.150,8.150,60,24219
1513272480,8.150,8.150,8.150,8.150,60,24219
1513272540,8.150,8.150,8.150,8.150,60,24219
1513272600,8.150,8.150,8.150,8.150,60,24219
1513272660,8.150,8.150,8.150,8.150,60,24219
1513272720,8.150,8.150,8.150,8.150,60,24219
1513272780,8.150,8.150,8.150,8.150,60,24219
1513272840,8.150,8.150,8.150,8.150,60,24219
1513272900,8.150,8.150,8.150,8.150,60,24219
1513272960,8.150,8.150,8.150,8.150,60,24219
1513273020,8.150,8.150,8.150,8.150,60,24219
1513273080,8.150,8.150,8.150,8.150,60,24219
1513273140,8.150,8.150,8.150,8.150,60,24219
1513273200,8.150,8.150,8.150,8.150,60,24219
1513273260,8.150,8.150,8.150,8.150,60,24219
1513273320,8.150,8.150,8.150,8.150,60,24219
1513273380,8.150,8.150,8.150,8.150,60,24219
1513273440,8.150,8.150,8.150,8.150,60,24219
1513273500,8.150,8.150,8.150,8.150,60,24219
1513273560,8.150,8.150,8.150,8.150,60,24219
1513273620,8.150,8.150,8.150,8.150,60,24219
1513273680,8.150,8.150,8.150,8.150,60,24219
1513273740,8.150,8.150,8.150,8.150,60,24219
1513273800,8.150,8.150,8.150,8.150,60,24219
1513273860,8.150,8.150,8.150,8.150,60,24219
1513273920,8.150,8.150,8.150,8.150,60,24219
1513273980,8.150,8.150,8.150,8.150,60,24219
1513274040,8.150,8.150,8.150,8.150,60,24219
1513274100,8.150,8.150,8.150,8.150,60,24219
1513274160,8.150,8.150,8.150,8.150,60,24219
1513274220,8.150,8.150,8.150,8.150,60,24219
1513274280,8.150,8.150,8.150,8.150,60,24219
1513274340,8.150,8.150,8.150,8.150,60,24219
1513274400,8.150,8.150,8.150,8.150,275,24519
1513274460,8.180,8.180,8.180,8.180,272,24519
1513274520,8.180,8.180,8.180,8.180,272,24519
1513274580,8.180,8.180,8.180,8.180,272,24519
1513274640,8.180,8.180,8.180,8.180,272,24519
1513274700,8.180,8.180,8.180,8.180,272,24519
1513274760,8.180,8.180,8.180,8.180,272,24519
1513274820,8.180,8.180,8.180,8.180,272,24519
1513274880,8.180,8.180,8.180,8.180,272,24519
1513274940,8.180,8.180,8.180,8.180,272,24519
1513275000,8.180,8.180,8.180,8.180,272,24519
1513275060,8.180,8.180,8.180,8.180,272,24519
1513275120,8.180,8.180,8.180,8.180,272,24519
1513275180,8.180,8.180,8.180,8.180,272,24519
1513275240,8.180,8.180,8.180,8.180,272,24519
1513275300,8.180,8.180,8.180,8.180,272,24519
1513275360,8.180,8.180,8.180,8.180,272,24519
1513275420,8.180,8.180,8.180,8.180,272,24519
1513275480,8.180,8.180,8.180,8.180,272,24519
1513275540,8.180,8.180,8.180,8.180,272,24519
1513275600,8.180,8.180,8.180,8.180,272,24519
1513275660,8.180,8.180,8.180,8.180,272,24519
1513275720,8.180,8.180,8.180,8.180,272,24519
1513275780,8.180,8.180,8.180,8.180,272,24519
1513275840,8.180,8.180,8.180,8.180,272,24519
1513275900,8.180,8.180,8.180,8.180,272,24519
1513275960,8.180,8.180,8.180,8.180,272,24519
1513276020,8.180,8.180,8.180,8.180,272,24519
1513276080,8.180,8.180,8.180,8.180,272,24519
1513276140,8.180,8.180,8.180,8.180,272,24519
1513276200,8.180,8.180,8.180,8.180,35,25882
1513276260,8.180,8.180,8.180,8.180,33,25882
1513276320,8.180,8.180,8.180,8.180,33,25882
1513276380,8.150,8.150,8.150,8.150,33,25882
1513276440,8.150,8.150,8.150,8.150,33,25882
1513276500,8.150,8.150,8.150,8.150,33,25882
1513276560,8.150,8.150,8.150,8.150,33,25882
1513276620,8.150,8.150,8.150,8.150,33,25882
1513276680,8.150,8.150,8.150,8.150,33,25882
1513276740,8.150,8.150,8.150,8.150,33,25882
1513276800,8.150,8.150,8.150,8.150,33,25882
1513276860,8.150,8.150,8.150,8.150,33,25882
1513276920,8.150,8.150,8.150,8.150,33,25882
1513276980,8.150,8.150,8.150,8.150,33,25882
1513277040,8.150,8.150,8.150,8.150,33,25882
1513277100,8.150,8.150,8.150,8.150,33,25882
1513277160,8.150,8.150,8.150,8.150,33,25882
1513277220,8.150,8.150,8.150,8.150,33,25882
1513277280,8.150,8.150,8.150,8.150,33,25882
1513277340,8.150,8.150,8.150,8.150,33,25882
1513277400,8.150,8.150,8.150,8.150,33,25882
1513277460,8.150,8.150,8.150,8.150,33,25882
1513277520,8.150,8.150,8.150,8.150,33,25882
1513277580,8.150,8.150,8.150,8.150,33,25882
1513277640,8.150,8.150,8.150,8.150,33,25882
1513277700,8.150,8.150,8.150,8.150,33,25882
1513277760,8.150,8.150,8.150,8.150,33,25882
1513277820,8.150,8.150,8.150,8.150,33,25882
1513277880,8.150,8.150,8.150,8.150,33,25882
1513277940,8.150,8.150,8.150,8.150,33,25882
1513278000,8.150,8.150,8.150,8.150,33,25882
1513278060,8.150,8.150,8.150,8.150,33,25882
1513278120,8.150,8.150,8.150,8.150,33,25882
1513278180,8.150,8.150,8.150,8.150,33,25882
1513278240,8.150,8.150,8.150,8.150,33,25882
1513278300,8.150,8.150,8.150,8.150,33,25882
1513278360,8.150,8.150,8.150,8.150,33,25882
1513278420,8.150,8.150,8.150,8.150,33,25882
1513278480,8.150,8.150,8.150,8.150,33,25882
1513278540,8.150,8.150,8.150,8.150,33,25882
1513278600,8.150,8.150,8.150,8.150,33,25882
1513278660,8.150,8.150,8.150,8.150,33,25882
1513278720,8.150,8.150,8.150,8.150,33,25882
1513278780,8.150,8.150,8.150,8.150,33,25882
1513278840,8.150,8.150,8.150,8.150,33,25882
1513278900,8.150,8.150,8.150,8.150,33,25882
1513278960,8.150,8.150,8.150,8.150,33,25882
1513279020,8.150,8.150,8.150,8.150,33,25882
1513279080,8.150,8.150,8.150,8.150,33,25882
1513279140,8.150,8.150,8.150,8.150,33,25882
1513279200,8.150,8.150,8.150,8.150,33,25882
1513279260,8.150,8.150,8.150,8.150,33,25882
1513279320,8.150,8.150,8.150,8.150,33,25882
1513279380,8.150,8.150,8.150,8.150,33,25882
1513279440,8.150,8.150,8.150,8.150,33,25882
1513279500,8.150,8.150,8.150,8.150,33,25882
1513279560,8.150,8.150,8.150,8.150,33,25882
1513279620,8.150,8.150,8.150,8.150,33,25882
1513279680,8.150,8.150,8.150,8.150,33,25882
1513279740,8.150,8.150,8.150,8.150,33,25882
1513279800,8.150,8.150,8.150,8.150,33,25882
1513279860,8.150,8.150,8.150,8.150,33,25882
1513279920,8.150,8.150,8.150,8.150,33,25882
1513279980,8.150,8.150,8.150,8.150,33,25882
1513280040,8.150,8.150,8.150,8.150,33,25882
1513280100,8.150,8.150,8.150,8.150,33,25882
1513280160,8.150,8.150,8.150,8.150,33,25882
1513280220,8.150,8.150,8.150,8.150,33,25882
1513280280,8.150,8.150,8.150,8.150,33,25882
1513280340,8.150,8.150,8.150,8.150,33,25882
1513280400,8.150,8.150,8.150,8.150,33,25882
1513280460,8.150,8.150,8.150,8.150,33,25882
1513280520,8.150,8.150,8.150,8.150,33,25882
1513280580,8.150,8.150,8.150,8.150,33,25882
1513280640,8.150,8.150,8.150,8.150,33,25882
1513280700,8.150,8.150,8.150,8.150,33,25882
1513280760,8.150,8.150,8.150,8.150,33,25882
1513280820,8.150,8.150,8.150,8.150,33,25882
1513280880,8.150,8.150,8.150,8.150,33,25882
1513280940,8.150,8.150,8.150,8.150,33,25882
1513281000,8.180,8.180,8.180,8.180,108,26049
1513281060,8.180,8.180,8.180,8.180,106,26049
1513281120,8.180,8.180,8.180,8.180,106,26049
1513281180,8.180,8.180,8.180,8.180,106,26049
1513281240,8.180,8.180,8.180,8.180,106,26049
1513281300,8.180,8.180,8.180,8.180,106,26049
1513281360,8.180,8.180,8.180,8.180,106,26049
1513281420,8.180,8.180,8.180,8.180,106,26049
1513281480,8.180,8.180,8.180,8.180,106,26049
1513281540,8.180,8.180,8.180,8.180,106,26049
1513281600,8.180,8.180,8.180,8.180,106,26049
1513281660,8.180,8.180,8.180,8.180,106,26049
1513281720,8.180,8.180,8.180,8.180,106,26049
1513281780,8.180,8.180,8.180,8.180,106,26049
1513281840,8.180,8.180,8.180,8.180,106,26049
1513281900,8.180,8.180,8.180,8.180,106,26049
1513281960,8.180,8.180,8.180,8.180,106,26049
1513282020,8.180,8.180,8.180,8.180,106,26049
1513282080,8.180,8.180,8.180,8.180,106,26049
1513282140,8.180,8.180,8.180,8.180,106,26049
1513282200,8.180,8.180,8.180,8.180,106,26049
1513282260,8.180,8.180,8.180,8.180,106,26049
1513282320,8.180,8.180,8.180,8.180,106,26049
1513282380,8.180,8.180,8.180,8.180,106,26049
1513282440,8.180,8.180,8.180,8.180,106,26049
1513282500,8.180,8.180,8.180,8.180,106,26049
1513282560,8.180,8.180,8.180,8.180,106,26049
1513282620,8.180,8.180,8.180,8.180,106,26049
1513282680,8.180,8.180,8.180,8.180,106,26049
1513282740,8.180,8.180,8.180,8.180,106,26049
1513282800,8.180,8.180,8.180,8.180,40,26581
1513282860,8.200,8.200,8.200,8.200,40,26581
1513282920,8.200,8.200,8.200,8.200,40,26581
1513282980,8.200,8.200,8.200,8.200,40,26581
1513283040,8.200,8.200,8.200,8.200,40,26581
1513283100,8.200,8.200,8.200,8.200,40,26581
1513283160,8.200,8.200,8.200,8.200,40,26581
1513283220,8.200,8.200,8.200,8.200,40,26581
1513283280,8.200,8.200,8.200,8.200,40,26581
1513283340,8.200,8.200,8.200,8.200,40,26581
1513283400,8.180,8.180,8.180,8.180,20,26781
1513283460,8.180,8.180,8.180,8.180,20,26781
1513283520,8.180,8.180,8.180,8.180,20,26781
1513283580,8.180,8.180,8.180,8.180,20,26781
1513283640,8.180,8.180,8.180,8.180,20,26781
1513283700,8.180,8.180,8.180,8.180,20,26781
1513283760,8.180,8.180,8.180,8.180,20,26781
1513283820,8.180,8.180,8.180,8.180,20,26781
1513283880,8.180,8.180,8.180,8.180,20,26781
1513283940,8.180,8.180,8.180,8.180,20,26781
1513284000,8.180,8.180,8.180,8.180,20,26781
1513284060,8.180,8.180,8.180,8.180,20,26781
1513284120,8.180,8.180,8.180,8.180,20,26781
1513284180,8.180,8.180,8.180,8.180,20,26781
1513284240,8.180,8.180,8.180,8.180,20,26781
1513284300,8.180,8.180,8.180,8.180,20,26781
1513284360,8.180,8.180,8.180,8.180,20,26781
1513284420,8.180,8.180,8.180,8.180,20,26781
1513284480,8.180,8.180,8.180,8.180,20,26781
1513284540,8.180,8.180,8.180,8.180,20,26781
1513284600,8.180,8.180,8.180,8.180,250,26881
1513284660,8.180,8.180,8.180,8.180,250,26881
1513284720,8.180,8.180,8.180,8.180,250,26881
1513284780,8.180,8.180,8.180,8.180,250,26881
1513284840,8.170,8.170,8.170,8.170,250,26881
1513285140,8.200,8.200,8.200,8.200,0,0
1513285200,8.200,8.200,8.200,8.200,0,0
1513285260,8.200,8.200,8.200,8.200,0,0
1513285320,8.200,8.200,8.200,8.200,0,0
1513285380,8.200,8.200,8.200,8.200,0,0
1513285440,8.200,8.200,8.200,8.200,0,0
1513285500,8.200,8.200,8.200,8.200,0,0
1513285560,8.200,8.200,8.200,8.200,0,0
1513285620,8.200,8.200,8.200,8.200,0,0
1513285680,8.200,8.200,8.200,8.200,0,0
1513285740,8.200,8.200,8.200,8.200,0,0
1513285800,8.200,8.200,8.200,8.200,0,0
1513285860,8.200,8.200,8.200,8.200,0,0
1513285920,8.200,8.200,8.200,8.200,0,0
1513285980,8.200,8.200,8.200,8.200,0,0
1513286040,8.200,8.200,8.200,8.200,0,0
1513286100,8.200,8.200,8.200,8.200,0,0
1513286160,8.200,8.200,8.200,8.200,0,0
1513286220,8.200,8.200,8.200,8.200,0,0
1513286280,8.200,8.200,8.200,8.200,0,0
1513286340,8.200,8.200,8.200,8.200,0,0
1513286400,8.200,8.200,8.200,8.200,0,0
1513286460,8.200,8.200,8.200,8.200,0,0
1513286520,8.200,8.200,8.200,8.200,0,0
1513286580,8.200,8.200,8.200,8.200,0,0
1513286640,8.200,8.200,8.200,8.200,0,0
1513286700,8.200,8.200,8.200,8.200,0,0
1513286760,8.200,8.200,8.200,8.200,0,0
1513286820,8.200,8.200,8.200,8.200,0,0
1513286880,8.200,8.200,8.200,8.200,0,0
1513286940,8.200,8.200,8.200,8.200,0,0
1513287000,8.200,8.200,8.200,8.200,0,0
1513287060,8.200,8.200,8.200,8.200,0,0
1513287120,8.200,8.200,8.200,8.200,0,0
1513287180,8.200,8.200,8.200,8.200,0,0
1513287240,8.200,8.200,8.200,8.200,0,0
1513287300,8.200,8.200,8.200,8.200,0,0
1513287360,8.200,8.200,8.200,8.200,0,0
1513287420,8.200,8.200,8.200,8.200,0,0
1513287480,8.200,8.200,8.200,8.200,0,0
1513287540,8.200,8.200,8.200,8.200,0,0
1513287600,8.200,8.200,8.200,8.200,0,0
1513287660,8.200,8.200,8.200,8.200,0,0
1513287720,8.200,8.200,8.200,8.200,0,0
1513287780,8.200,8.200,8.200,8.200,0,0
1513287840,8.200,8.200,8.200,8.200,0,0
1513287900,8.200,8.200,8.200,8.200,0,0
1513287960,8.200,8.200,8.200,8.200,0,0
1513288020,8.200,8.200,8.200,8.200,0,0
1513288080,8.200,8.200,8.200,8.200,0,0
1513288140,8.200,8.200,8.200,8.200,0,0
1513288200,8.200,8.200,8.200,8.200,0,0
1513288260,8.200,8.200,8.200,8.200,0,0
1513288320,8.200,8.200,8.200,8.200,0,0
1513288380,8.200,8.200,8.200,8.200,0,0
1513288440,8.200,8.200,8.200,8.200,0,0
1513288500,8.200,8.200,8.200,8.200,0,0
1513288560,8.200,8.200,8.200,8.200,0,0
1513288620,8.200,8.200,8.200,8.200,0,0
1513288680,8.200,8.200,8.200,8.200,0,0
1513288740,8.200,8.200,8.200,8.200,0,0
1513288800,8.200,8.200,8.200,8.200,0,0
1513288860,8.200,8.200,8.200,8.200,0,0
1513288920,8.200,8.200,8.200,8.200,0,0
1513288980,8.200,8.200,8.200,8.200,0,0
1513289040,8.200,8.200,8.200,8.200,0,0
1513289100,8.200,8.200,8.200,8.200,0,0
1513289160,8.200,8.200,8.200,8.200,0,0
1513289220,8.200,8.200,8.200,8.200,0,0
1513289280,8.200,8.200,8.200,8.200,0,0
1513289340,8.200,8.200,8.200,8.200,0,0
1513289400,8.200,8.200,8.200,8.200,0,0
1513289460,8.200,8.200,8.200,8.200,0,0
1513289520,8.200,8.200,8.200,8.200,0,0
1513289580,8.200,8.200,8.200,8.200,0,0
1513289640,8.200,8.200,8.200,8.200,0,0
1513289700,8.200,8.200,8.200,8.200,0,0
1513289760,8.200,8.200,8.200,8.200,0,0
1513289820,8.200,8.200,8.200,8.200,0,0
1513289880,8.200,8.200,8.200,8.200,0,0
1513289940,8.200,8.200,8.200,8.200,0,0
1513290000,8.200,8.200,8.200,8.200,0,0
1513290060,8.200,8.200,8.200,8.200,0,0
1513290120,8.200,8.200,8.200,8.200,0,0
1513290180,8.200,8.200,8.200,8.200,0,0
1513290240,8.200,8.200,8.200,8.200,0,0
1513290300,8.200,8.200,8.200,8.200,0,0
1513290360,8.200,8.200,8.200,8.200,0,0
1513290420,8.200,8.200,8.200,8.200,0,0
1513290480,8.200,8.200,8.200,8.200,0,0
1513290540,8.200,8.200,8.200,8.200,0,0
1513290600,8.200,8.200,8.200,8.200,0,0
1513290660,8.200,8.200,8.200,8.200,0,0
1513290720,8.200,8.200,8.200,8.200,0,0
1513290780,8.200,8.200,8.200,8.200,0,0
1513290840,8.200,8.200,8.200,8.200,0,0
1513290900,8.200,8.200,8.200,8.200,0,0
1513290960,8.200,8.200,8.200,8.200,0,0
1513291020,8.200,8.200,8.200,8.200,0,0
1513291080,8.200,8.200,8.200,8.200,0,0
1513291140,8.200,8.200,8.200,8.200,0,0
1513291200,8.200,8.200,8.200,8.200,0,0
1513291260,8.200,8.200,8.200,8.200,0,0
1513291320,8.200,8.200,8.200,8.200,0,0
1513291380,8.200,8.200,8.200,8.200,0,0
1513291440,8.200,8.200,8.200,8.200,0,0
1513291500,8.200,8.200,8.200,8.200,0,0
1513291560,8.200,8.200,8.200,8.200,0,0
1513291620,8.200,8.200,8.200,8.200,0,0
1513291680,8.200,8.200,8.200,8.200,0,0
1513291740,8.200,8.200,8.200,8.200,0,0
1513291800,8.200,8.200,8.200,8.200,0,0
1513291860,8.200,8.200,8.200,8.200,0,0
1513291920,8.200,8.200,8.200,8.200,0,0
1513291980,8.200,8.200,8.200,8.200,0,0
1513292040,8.200,8.200,8.200,8.200,0,0
1513292100,8.200,8.200,8.200,8.200,0,0
1513292160,8.200,8.200,8.200,8.200,0,0
1513292220,8.200,8.200,8.200,8.200,0,0
1513292280,8.200,8.200,8.200,8.200,0,0
1513292340,8.200,8.200,8.200,8.200,0,0
1513292400,8.200,8.200,8.200,8.200,0,0
1513292460,8.200,8.200,8.200,8.200,0,0
1513292520,8.200,8.200,8.200,8.200,0,0
1513292580,8.200,8.200,8.200,8.200,0,0
1513292640,8.200,8.200,8.200,8.200,0,0
1513292700,8.200,8.200,8.200,8.200,0,0
1513292760,8.200,8.200,8.200,8.200,0,0
1513292820,8.200,8.200,8.200,8.200,0,0
1513292880,8.200,8.200,8.200,8.200,0,0
1513292940,8.200,8.200,8.200,8.200,0,0
1513293000,8.200,8.200,8.200,8.200,0,0
1513293060,8.200,8.200,8.200,8.200,0,0
1513293120,8.200,8.200,8.200,8.200,0,0
1513293180,8.200,8.200,8.200,8.200,0,0
1513293240,8.200,8.200,8.200,8.200,0,0
1513293300,8.200,8.200,8.200,8.200,0,0
1513293360,8.200,8.200,8.200,8.200,0,0
1513293420,8.200,8.200,8.200,8.200,0,0
1513293480,8.200,8.200,8.200,8.200,0,0
1513293540,8.200,8.200,8.200,8.200,0,0
1513293600,8.200,8.200,8.200,8.200,0,0
1513293660,8.200,8.200,8.200,8.200,0,0
1513293720,8.200,8.200,8.200,8.200,0,0
1513293780,8.200,8.200,8.200,8.200,0,0
1513293840,8.200,8.200,8.200,8.200,0,0
1513293900,8.200,8.200,8.200,8.200,0,0
1513293960,8.200,8.200,8.200,8.200,0,0
1513294020,8.200,8.200,8.200,8.200,0,0
1513294080,8.200,8.200,8.200,8.200,0,0
1513294140,8.200,8.200,8.200,8.200,0,0
1513294200,8.200,8.200,8.200,8.200,0,0
1513294260,8.200,8.200,8.200,8.200,0,0
1513294320,8.200,8.200,8.200,8.200,0,0
1513294380,8.200,8.200,8.200,8.200,0,0
1513294440,8.200,8.200,8.200,8.200,0,0
1513294500,8.200,8.200,8.200,8.200,0,0
1513294560,8.200,8.200,8.200,8.200,0,0
1513294620,8.200,8.200,8.200,8.200,0,0
1513294680,8.200,8.200,8.200,8.200,0,0
1513294740,8.200,8.200,8.200,8.200,0,0
1513294800,8.200,8.200,8.200,8.200,0,0
1513294860,8.200,8.200,8.200,8.200,0,0
1513294920,8.200,8.200,8.200,8.200,0,0
1513294980,8.200,8.200,8.200,8.200,0,0
1513295040,8.200,8.200,8.200,8.200,0,0
1513295100,8.200,8.200,8.200,8.200,0,0
1513295160,8.200,8.200,8.200,8.200,0,0
1513295220,8.200,8.200,8.200,8.200,0,0
1513295280,8.200,8.200,8.200,8.200,0,0
1513295340,8.200,8.200,8.200,8.200,0,0
1513295400,8.200,8.200,8.200,8.200,0,0
1513295460,8.200,8.200,8.200,8.200,0,0
1513295520,8.200,8.200,8.200,8.200,0,0
1513295580,8.200,8.200,8.200,8.200,0,0
1513295640,8.200,8.200,8.200,8.200,0,0
1513295700,8.200,8.200,8.200,8.200,0,0
1513295760,8.200,8.200,8.200,8.200,0,0
1513295820,8.200,8.200,8.200,8.200,0,0
1513295880,8.200,8.200,8.200,8.200,0,0
1513295940,8.200,8.200,8.200,8.200,0,0
1513296000,8.200,8.200,8.200,8.200,0,0
1513296060,8.200,8.200,8.200,8.200,0,0
1513296120,8.200,8.200,8.200,8.200,0,0
1513296180,8.200,8.200,8.200,8.200,0,0
1513296240,8.200,8.200,8.200,8.200,0,0
1513296300,8.200,8.200,8.200,8.200,0,0
1513296360,8.200,8.200,8.200,8.200,0,0
1513296420,8.200,8.200,8.200,8.200,0,0
1513296480,8.200,8.200,8.200,8.200,0,0
1513296540,8.200,8.200,8.200,8.200,0,0
1513296600,8.200,8.200,8.200,8.200,0,0
1513296660,8.200,8.200,8.200,8.200,0,0
1513296720,8.200,8.200,8.200,8.200,0,0
1513296780,8.200,8.200,8.200,8.200,0,0
1513296840,8.200,8.200,8.200,8.200,0,0
1513296900,8.200,8.200,8.200,8.200,0,0
1513296960,8.200,8.200,8.200,8.200,0,0
1513297020,8.200,8.200,8.200,8.200,0,0
1513297080,8.200,8.200,8.200,8.200,0,0
1513297140,8.200,8.200,8.200,8.200,0,0
1513297200,8.200,8.200,8.200,8.200,0,0
1513297260,8.200,8.200,8.200,8.200,0,0
1513297320,8.200,8.200,8.200,8.200,0,0
1513297380,8.200,8.200,8.200,8.200,0,0
1513297440,8.200,8.200,8.200,8.200,0,0
1513297500,8.200,8.200,8.200,8.200,0,0
1513297560,8.200,8.200,8.200,8.200,0,0
1513297620,8.200,8.200,8.200,8.200,0,0
1513297680,8.200,8.200,8.200,8.200,0,0
1513297740,8.200,8.200,8.200,8.200,0,0
1513297800,8.200,8.200,8.200,8.200,0,0
1513297860,8.200,8.200,8.200,8.200,0,0
1513297920,8.200,8.200,8.200,8.200,0,0
1513297980,8.200,8.200,8.200,8.200,0,0
1513298040,8.200,8.200,8.200,8.200,0,0
1513298100,8.200,8.200,8.200,8.200,0,0
1513298160,8.200,8.200,8.200,8.200,0,0
1513298220,8.200,8.200,8.200,8.200,0,0
1513298280,8.200,8.200,8.200,8.200,0,0
1513298340,8.200,8.200,8.200,8.200,0,0
1513298400,8.200,8.200,8.200,8.200,0,0
1513298460,8.200,8.200,8.200,8.200,0,0
1513298520,8.200,8.200,8.200,8.200,0,0
1513298580,8.200,8.200,8.200,8.200,0,0
1513298640,8.200,8.200,8.200,8.200,0,0
1513298700,8.200,8.200,8.200,8.200,0,0
1513298760,8.200,8.200,8.200,8.200,0,0
1513298820,8.200,8.200,8.200,8.200,0,0
1513298880,8.200,8.200,8.200,8.200,0,0
1513298940,8.200,8.200,8.200,8.200,0,0
1513299000,8.200,8.200,8.200,8.200,0,0
1513299060,8.200,8.200,8.200,8.200,0,0
1513299120,8.200,8.200,8.200,8.200,0,0
1513299180,8.200,8.200,8.200,8.200,0,0
1513299240,8.200,8.200,8.200,8.200,0,0
1513299300,8.200,8.200,8.200,8.200,0,0
1513299360,8.200,8.200,8.200,8.200,0,0
1513299420,8.200,8.200,8.200,8.200,0,0
1513299480,8.200,8.200,8.200,8.200,0,0
1513299540,8.200,8.200,8.200,8.200,0,0
1513299600,8.200,8.200,8.200,8.200,0,0
1513299660,8.200,8.200,8.200,8.200,0,0
1513299720,8.200,8.200,8.200,8.200,0,0
1513299780,8.200,8.200,8.200,8.200,0,0
1513299840,8.200,8.200,8.200,8.200,0,0
1513299900,8.200,8.200,8.200,8.200,0,0
1513299960,8.200,8.200,8.200,8.200,0,0
1513300020,8.200,8.200,8.200,8.200,0,0
1513300080,8.200,8.200,8.200,8.200,0,0
1513300140,8.200,8.200,8.200,8.200,0,0
1513300200,8.200,8.200,8.200,8.200,0,0
1513300260,8.200,8.200,8.200,8.200,0,0
1513300320,8.200,8.200,8.200,8.200,0,0
1513300380,8.200,8.200,8.200,8.200,0,0
1513300440,8.200,8.200,8.200,8.200,0,0
1513300500,8.200,8.200,8.200,8.200,0,0
1513300560,8.200,8.200,8.200,8.200,0,0
1513300620,8.200,8.200,8.200,8.200,0,0
1513300680,8.200,8.200,8.200,8.200,0,0
1513300740,8.200,8.200,8.200,8.200,0,0
1513300800,8.200,8.200,8.200,8.200,0,0
1513300860,8.200,8.200,8.200,8.200,0,0
1513300920,8.200,8.200,8.200,8.200,0,0
1513300980,8.200,8.200,8.200,8.200,0,0
1513301040,8.200,8.200,8.200,8.200,0,0
1513301100,8.200,8.200,8.200,8.200,0,0
1513301160,8.200,8.200,8.200,8.200,0,0
1513301220,8.200,8.200,8.200,8.200,0,0
1513301280,8.200,8.200,8.200,8.200,0,0
1513301340,8.200,8.200,8.200,8.200,0,0
1513301400,8.200,8.200,8.200,8.200,0,0
1513301460,8.200,8.200,8.200,8.200,0,0
1513301520,8.200,8.200,8.200,8.200,0,0
1513301580,8.200,8.200,8.200,8.200,0,0
1513301640,8.200,8.200,8.200,8.200,0,0
1513301700,8.200,8.200,8.200,8.200,0,0
1513301760,8.200,8.200,8.200,8.200,0,0
1513301820,8.200,8.200,8.200,8.200,0,0
1513301880,8.200,8.200,8.200,8.200,0,0
1513301940,8.200,8.200,8.200,8.200,0,0
1513302000,8.200,8.200,8.200,8.200,0,0
1513302060,8.200,8.200,8.200,8.200,0,0
1513302120,8.200,8.200,8.200,8.200,0,0
1513302180,8.200,8.200,8.200,8.200,0,0
1513302240,8.200,8.200,8.200,8.200,0,0
1513302300,8.200,8.200,8.200,8.200,0,0
1513302360,8.200,8.200,8.200,8.200,0,0
1513302420,8.200,8.200,8.200,8.200,0,0
1513302480,8.200,8.200,8.200,8.200,0,0
1513302540,8.200,8.200,8.200,8.200,0,0
1513302600,8.200,8.200,8.200,8.200,0,0
1513302660,8.200,8.200,8.200,8.200,0,0
1513302720,8.200,8.200,8.200,8.200,0,0
1513302780,8.200,8.200,8.200,8.200,0,0
1513302840,8.200,8.200,8.200,8.200,0,0
1513302900,8.200,8.200,8.200,8.200,0,0
1513302960,8.200,8.200,8.200,8.200,0,0
1513303020,8.200,8.200,8.200,8.200,0,0
1513303080,8.200,8.200,8.200,8.200,0,0
1513303140,8.200,8.200,8.200,8.200,0,0
1513303200,8.200,8.200,8.200,8.200,0,0
1513303260,8.200,8.200,8.200,8.200,0,0
1513303320,8.200,8.200,8.200,8.200,0,0
1513303380,8.200,8.200,8.200,8.200,0,0
1513303440,8.200,8.200,8.200,8.200,0,0
1513303500,8.200,8.200,8.200,8.200,0,0
1513303560,8.200,8.200,8.200,8.200,0,0
1513303620,8.200,8.200,8.200,8.200,0,0
1513303680,8.200,8.200,8.200,8.200,0,0
1513303740,8.200,8.200,8.200,8.200,0,0
1513303800,8.200,8.200,8.200,8.200,0,0
1513303860,8.200,8.200,8.200,8.200,0,0
1513303920,8.200,8.200,8.200,8.200,0,0
1513303980,8.200,8.200,8.200,8.200,0,0
1513304040,8.200,8.200,8.200,8.200,0,0
1513304100,8.200,8.200,8.200,8.200,0,0
1513304160,8.200,8.200,8.200,8.200,0,0
1513304220,8.200,8.200,8.200,8.200,0,0
1513304280,8.200,8.200,8.200,8.200,0,0
1513304340,8.200,8.200,8.200,8.200,0,0
1513304400,8.200,8.200,8.200,8.200,0,0
1513304460,8.200,8.200,8.200,8.200,0,0
1513304520,8.200,8.200,8.200,8.200,0,0
1513304580,8.200,8.200,8.200,8.200,0,0
1513304640,8.200,8.200,8.200,8.200,0,0
1513304700,8.200,8.200,8.200,8.200,0,0
1513304760,8.200,8.200,8.200,8.200,0,0
1513304820,8.200,8.200,8.200,8.200,0,0
1513304880,8.200,8.200,8.200,8.200,0,0
1513304940,8.200,8.200,8.200,8.200,0,0
1513305000,8.200,8.200,8.200,8.200,0,0
1513305060,8.200,8.200,8.200,8.200,0,0
1513305120,8.200,8.200,8.200,8.200,0,0
1513305180,8.200,8.200,8.200,8.200,0,0
1513305240,8.200,8.200,8.200,8.200,0,0
1513305300,8.200,8.200,8.200,8.200,0,0
1513305360,8.200,8.200,8.200,8.200,0,0
1513305420,8.200,8.200,8.200,8.200,0,0
1513305480,8.200,8.200,8.200,8.200,0,0
1513305540,8.200,8.200,8.200,8.200,0,0
1513305600,8.200,8.200,8.200,8.200,0,0
1513305660,8.200,8.200,8.200,8.200,0,0
1513305720,8.200,8.200,8.200,8.200,0,0
1513305780,8.200,8.200,8.200,8.200,0,0
1513305840,8.200,8.200,8.200,8.200,0,0
1513305900,8.200,8.200,8.200,8.200,0,0
1513305960,8.200,8.200,8.200,8.200,0,0
1513306020,8.200,8.200,8.200,8.200,0,0
1513306080,8.200,8.200,8.200,8.200,0,0
1513306140,8.200,8.200,8.200,8.200,0,0
1513306200,8.200,8.200,8.200,8.200,0,0
1513306260,8.200,8.200,8.200,8.200,0,0
1513306320,8.200,8.200,8.200,8.200,0,0
1513306380,8.200,8.200,8.200,8.200,0,0
1513306440,8.200,8.200,8.200,8.200,0,0
1513306500,8.200,8.200,8.200,8.200,0,0
1513306560,8.200,8.200,8.200,8.200,0,0
1513306620,8.200,8.200,8.200,8.200,0,0
1513306680,8.200,8.200,8.200,8.200,0,0
1513306740,8.200,8.200,8.200,8.200,0,0
1513306800,8.200,8.200,8.200,8.200,0,0
1513306860,8.200,8.200,8.200,8.200,0,0
1513306920,8.200,8.200,8.200,8.200,0,0
1513306980,8.200,8.200,8.200,8.200,0,0
1513307040,8.200,8.200,8.200,8.200,0,0
1513307100,8.200,8.200,8.200,8.200,0,0
1513307160,8.200,8.200,8.200,8.200,0,0
1513307220,8.200,8.200,8.200,8.200,0,0
1513307280,8.200,8.200,8.200,8.200,0,0
1513307340,8.200,8.200,8.200,8.200,0,0
1513307400,8.200,8.200,8.200,8.200,0,0
1513307460,8.200,8.200,8.200,8.200,0,0
1513307520,8.200,8.200,8.200,8.200,0,0
1513307580,8.200,8.200,8.200,8.200,0,0
1513307640,8.200,8.200,8.200,8.200,0,0
1513307700,8.200,8.200,8.200,8.200,0,0
1513307760,8.200,8.200,8.200,8.200,0,0
1513307820,8.200,8.200,8.200,8.200,0,0
1513307880,8.200,8.200,8.200,8.200,0,0
1513307940,8.200,8.200,8.200,8.200,0,0
1513308000,8.200,8.200,8.200,8.200,0,0
1513308060,8.200,8.200,8.200,8.200,0,0
1513308120,8.200,8.200,8.200,8.200,0,0
1513308180,8.200,8.200,8.200,8.200,0,0
1513308240,8.200,8.200,8.200,8.200,0,0
1513308300,8.200,8.200,8.200,8.200,0,0
1513308360,8.200,8.200,8.200,8.200,0,0
1513308420,8.200,8.200,8.200,8.200,0,0
1513308480,8.200,8.200,8.200,8.200,0,0
1513308540,8.200,8.200,8.200,8.200,0,0
1513308600,8.200,8.200,8.200,8.200,0,0
1513308660,8.200,8.200,8.200,8.200,0,0
1513308720,8.200,8.200,8.200,8.200,0,0
1513308780,8.200,8.200,8.200,8.200,0,0
1513308840,8.200,8.200,8.200,8.200,0,0
1513308900,8.200,8.200,8.200,8.200,0,0
1513308960,8.200,8.200,8.200,8.200,0,0
1513309020,8.200,8.200,8.200,8.200,0,0
1513309080,8.200,8.200,8.200,8.200,0,0
1513309140,8.200,8.200,8.200,8.200,0,0
1513309200,8.200,8.200,8.200,8.200,0,0
1513309260,8.200,8.200,8.200,8.200,0,0
1513309320,8.200,8.200,8.200,8.200,0,0
1513309380,8.200,8.200,8.200,8.200,0,0
1513309440,8.200,8.200,8.200,8.200,0,0
1513309500,8.200,8.200,8.200,8.200,0,0
1513309560,8.200,8.200,8.200,8.200,0,0
1513309620,8.200,8.200,8.200,8.200,0,0
1513309680,8.200,8.200,8.200,8.200,0,0
1513309740,8.200,8.200,8.200,8.200,0,0
1513309800,8.200,8.200,8.200,8.200,0,0
1513309860,8.200,8.200,8.200,8.200,0,0
1513309920,8.200,8.200,8.200,8.200,0,0
1513309980,8.200,8.200,8.200,8.200,0,0
1513310040,8.200,8.200,8.200,8.200,0,0
1513310100,8.200,8.200,8.200,8.200,0,0
1513310160,8.200,8.200,8.200,8.200,0,0
1513310220,8.200,8.200,8.200,8.200,0,0
1513310280,8.200,8.200,8.200,8.200,0,0
1513310340,8.200,8.200,8.200,8.200,0,0
1513310400,8.200,8.200,8.200,8.200,0,0
1513310460,8.200,8.200,8.200,8.200,0,0
1513310520,8.200,8.200,8.200,8.200,0,0
1513310580,8.200,8.200,8.200,8.200,0,0
1513310640,8.200,8.200,8.200,8.200,0,0
1513310700,8.200,8.200,8.200,8.200,0,0
1513310760,8.200,8.200,8.200,8.200,0,0
1513310820,8.200,8.200,8.200,8.200,0,0
1513310880,8.200,8.200,8.200,8.200,0,0
1513310940,8.200,8.200,8.200,8.200,0,0
1513311000,8.200,8.200,8.200,8.200,0,0
1513311060,8.200,8.200,8.200,8.200,0,0
1513311120,8.200,8.200,8.200,8.200,0,0
1513311180,8.200,8.200,8.200,8.200,0,0
1513311240,8.200,8.200,8.200,8.200,0,0
1513311300,8.200,8.200,8.200,8.200,0,0
1513311360,8.200,8.200,8.200,8.200,0,0
1513311420,8.200,8.200,8.200,8.200,0,0
1513311480,8.200,8.200,8.200,8.200,0,0
1513311540,8.200,8.200,8.200,8.200,0,0
1513311600,8.200,8.200,8.200,8.200,0,0
1513311660,8.200,8.200,8.200,8.200,0,0
1513311720,8.200,8.200,8.200,8.200,0,0
1513311780,8.200,8.200,8.200,8.200,0,0
1513311840,8.200,8.200,8.200,8.200,0,0
1513311900,8.200,8.200,8.200,8.200,0,0
1513311960,8.200,8.200,8.200,8.200,0,0
1513312020,8.200,8.200,8.200,8.200,0,0
1513312080,8.200,8.200,8.200,8.200,0,0
1513312140,8.200,8.200,8.200,8.200,0,0
1513312200,8.200,8.200,8.200,8.200,0,0
1513312260,8.200,8.200,8.200,8.200,0,0
1513312320,8.200,8.200,8.200,8.200,0,0
1513312380,8.200,8.200,8.200,8.200,0,0
1513312440,8.200,8.200,8.200,8.200,0,0
1513312500,8.200,8.200,8.200,8.200,0,0
1513312560,8.200,8.200,8.200,8.200,0,0
1513312620,8.200,8.200,8.200,8.200,0,0
1513312680,8.200,8.200,8.200,8.200,0,0
1513312740,8.200,8.200,8.200,8.200,0,0
1513312800,8.200,8.200,8.200,8.200,0,0
1513312860,8.200,8.200,8.200,8.200,0,0
1513312920,8.200,8.200,8.200,8.200,0,0
1513312980,8.200,8.200,8.200,8.200,0,0
1513313040,8.200,8.200,8.200,8.200,0,0
1513313100,8.200,8.200,8.200,8.200,0,0
1513313160,8.200,8.200,8.200,8.200,0,0
1513313220,8.200,8.200,8.200,8.200,0,0
1513313280,8.200,8.200,8.200,8.200,0,0
1513313340,8.200,8.200,8.200,8.200,0,0
1513313400,8.200,8.200,8.200,8.200,0,0
1513313460,8.200,8.200,8.200,8.200,0,0
1513313520,8.200,8.200,8.200,8.200,0,0
1513313580,8.200,8.200,8.200,8.200,0,0
1513313640,8.200,8.200,8.200,8.200,0,0
1513313700,8.200,8.200,8.200,8.200,0,0
1513313760,8.200,8.200,8.200,8.200,0,0
1513313820,8.200,8.200,8.200,8.200,0,0
1513313880,8.200,8.200,8.200,8.200,0,0
1513313940,8.200,8.200,8.200,8.200,0,0
1513314000,8.200,8.200,8.200,8.200,0,0
1513314060,8.200,8.200,8.200,8.200,0,0
1513314120,8.200,8.200,8.200,8.200,0,0
1513314180,8.200,8.200,8.200,8.200,0,0
1513314240,8.200,8.200,8.200,8.200,0,0
1513314300,8.200,8.200,8.200,8.200,0,0
1513314360,8.200,8.200,8.200,8.200,0,0
1513314420,8.200,8.200,8.200,8.200,0,0
1513314480,8.200,8.200,8.200,8.200,0,0
1513314540,8.200,8.200,8.200,8.200,0,0
1513314600,8.200,8.200,8.200,8.200,0,0
1513314660,8.200,8.200,8.200,8.200,0,0
1513314720,8.200,8.200,8.200,8.200,0,0
1513314780,8.200,8.200,8.200,8.200,0,0
1513314840,8.200,8.200,8.200,8.200,0,0
1513314900,8.200,8.200,8.200,8.200,0,0
1513314960,8.200,8.200,8.200,8.200,0,0
1513315020,8.200,8.200,8.200,8.200,0,0
1513315080,8.200,8.200,8.200,8.200,0,0
1513315140,8.200,8.200,8.200,8.200,0,0
1513315200,8.200,8.200,8.200,8.200,0,0
1513315260,8.200,8.200,8.200,8.200,0,0
1513315320,8.200,8.200,8.200,8.200,0,0
1513315380,8.200,8.200,8.200,8.200,0,0
1513315440,8.200,8.200,8.200,8.200,0,0
1513315500,8.200,8.200,8.200,8.200,0,0
1513315560,8.200,8.200,8.200,8.200,0,0
1513315620,8.200,8.200,8.200,8.200,0,0
1513315680,8.200,8.200,8.200,8.200,0,0
1513315740,8.200,8.200,8.200,8.200,0,0
1513315800,8.200,8.200,8.200,8.200,0,0
1513315860,8.200,8.200,8.200,8.200,0,0
1513315920,8.200,8.200,8.200,8.200,0,0
1513315980,8.200,8.200,8.200,8.200,0,0
1513316040,8.200,8.200,8.200,8.200,0,0
1513316100,8.200,8.200,8.200,8.200,0,0
1513316160,8.200,8.200,8.200,8.200,0,0
1513316220,8.200,8.200,8.200,8.200,0,0
1513316280,8.200,8.200,8.200,8.200,0,0
1513316340,8.200,8.200,8.200,8.200,0,0
1513316400,8.200,8.200,8.200,8.200,0,0
1513316460,8.200,8.200,8.200,8.200,0,0
1513316520,8.200,8.200,8.200,8.200,0,0
1513316580,8.200,8.200,8.200,8.200,0,0
1513316640,8.200,8.200,8.200,8.200,0,0
1513316700,8.200,8.200,8.200,8.200,0,0
1513316760,8.200,8.200,8.200,8.200,0,0
1513316820,8.200,8.200,8.200,8.200,0,0
1513316880,8.200,8.200,8.200,8.200,0,0
1513316940,8.200,8.200,8.200,8.200,0,0
1513317000,8.200,8.200,8.200,8.200,0,0
1513317060,8.200,8.200,8.200,8.200,0,0
1513317120,8.200,8.200,8.200,8.200,0,0
1513317180,8.200,8.200,8.200,8.200,0,0
1513317240,8.200,8.200,8.200,8.200,0,0
1513317300,8.200,8.200,8.200,8.200,0,0
1513317360,8.200,8.200,8.200,8.200,0,0
1513317420,8.200,8.200,8.200,8.200,0,0
1513317480,8.200,8.200,8.200,8.200,0,0
1513317540,8.200,8.200,8.200,8.200,0,0
1513317600,8.200,8.200,8.200,8.200,0,0
1513317660,8.200,8.200,8.200,8.200,0,0
1513317720,8.200,8.200,8.200,8.200,0,0
1513317780,8.200,8.200,8.200,8.200,0,0
1513317840,8.200,8.200,8.200,8.200,0,0
1513317900,8.200,8.200,8.200,8.200,0,0
1513317960,8.200,8.200,8.200,8.200,0,0
1513318020,8.200,8.200,8.200,8.200,0,0
1513318080,8.200,8.200,8.200,8.200,0,0
1513318140,8.200,8.200,8.200,8.200,0,0
1513318200,8.200,8.200,8.200,8.200,0,0
1513318260,8.200,8.200,8.200,8.200,0,0
1513318320,8.200,8.200,8.200,8.200,0,0
1513318380,8.200,8.200,8.200,8.200,0,0
1513318440,8.200,8.200,8.200,8.200,0,0
1513318500,8.200,8.200,8.200,8.200,0,0
1513318560,8.200,8.200,8.200,8.200,0,0
1513318620,8.200,8.200,8.200,8.200,0,0
1513318680,8.200,8.200,8.200,8.200,0,0
1513318740,8.200,8.200,8.200,8.200,0,0
1513318800,8.200,8.200,8.200,8.200,0,0
1513318860,8.200,8.200,8.200,8.200,0,0
1513318920,8.200,8.200,8.200,8.200,0,0
1513318980,8.200,8.200,8.200,8.200,0,0
1513319040,8.200,8.200,8.200,8.200,0,0
1513319100,8.200,8.200,8.200,8.200,0,0
1513319160,8.200,8.200,8.200,8.200,0,0
1513319220,8.200,8.200,8.200,8.200,0,0
1513319280,8.200,8.200,8.200,8.200,0,0
1513319340,8.200,8.200,8.200,8.200,0,0
1513319400,8.200,8.200,8.200,8.200,0,0
1513319460,8.200,8.200,8.200,8.200,0,0
1513319520,8.200,8.200,8.200,8.200,0,0
1513319580,8.200,8.200,8.200,8.200,0,0
1513319640,8.200,8.200,8.200,8.200,0,0
1513319700,8.200,8.200,8.200,8.200,0,0
1513319760,8.200,8.200,8.200,8.200,0,0
1513319820,8.200,8.200,8.200,8.200,0,0
1513319880,8.200,8.200,8.200,8.200,0,0
1513319940,8.200,8.200,8.200,8.200,0,0
1513320000,8.200,8.200,8.200,8.200,0,0
1513320060,8.200,8.200,8.200,8.200,0,0
1513320120,8.200,8.200,8.200,8.200,0,0
1513320180,8.200,8.200,8.200,8.200,0,0
1513320240,8.200,8.200,8.200,8.200,0,0
1513320300,8.200,8.200,8.200,8.200,0,0
1513320360,8.200,8.200,8.200,8.200,0,0
1513320420,8.200,8.200,8.200,8.200,0,0
1513320480,8.200,8.200,8.200,8.200,0,0
1513320540,8.200,8.200,8.200,8.200,0,0
1513320600,8.200,8.200,8.200,8.200,0,0
1513320660,8.200,8.200,8.200,8.200,0,0
1513320720,8.200,8.200,8.200,8.200,0,0
1513320780,8.200,8.200,8.200,8.200,0,0
1513320840,8.200,8.200,8.200,8.200,0,0
1513320900,8.200,8.200,8.200,8.200,0,0
1513320960,8.200,8.200,8.200,8.200,0,0
1513321020,8.200,8.200,8.200,8.200,0,0
1513321080,8.200,8.200,8.200,8.200,0,0
1513321140,8.200,8.200,8.200,8.200,0,0
1513321200,8.200,8.200,8.200,8.200,0,0
1513321260,8.200,8.200,8.200,8.200,0,0
1513321320,8.200,8.200,8.200,8.200,0,0
1513321380,8.200,8.200,8.200,8.200,0,0
1513321440,8.200,8.200,8.200,8.200,0,0
1513321500,8.200,8.200,8.200,8.200,0,0
1513321560,8.200,8.200,8.200,8.200,0,0
1513321620,8.200,8.200,8.200,8.200,0,0
1513321680,8.200,8.200,8.200,8.200,0,0
1513321740,8.200,8.200,8.200,8.200,0,0
1513321800,8.200,8.200,8.200,8.200,0,0
1513321860,8.200,8.200,8.200,8.200,0,0
1513321920,8.200,8.200,8.200,8.200,0,0
1513321980,8.200,8.200,8.200,8.200,0,0
1513322040,8.200,8.200,8.200,8.200,0,0
1513322100,8.200,8.200,8.200,8.200,0,0
1513322160,8.200,8.200,8.200,8.200,0,0
1513322220,8.200,8.200,8.200,8.200,0,0
1513322280,8.200,8.200,8.200,8.200,0,0
1513322340,8.200,8.200,8.200,8.200,0,0
1513322400,8.200,8.200,8.200,8.200,0,0
1513322460,8.200,8.200,8.200,8.200,0,0
1513322520,8.200,8.200,8.200,8.200,0,0
1513322580,8.200,8.200,8.200,8.200,0,0
1513322640,8.200,8.200,8.200,8.200,0,0
1513322700,8.200,8.200,8.200,8.200,0,0
1513322760,8.200,8.200,8.200,8.200,0,0
1513322820,8.200,8.200,8.200,8.200,0,0
1513322880,8.200,8.200,8.200,8.200,0,0
1513322940,8.200,8.200,8.200,8.200,0,0
1513323000,8.200,8.200,8.200,8.200,0,0
1513323060,8.200,8.200,8.200,8.200,0,0
1513323120,8.200,8.200,8.200,8.200,0,0
1513323180,8.200,8.200,8.200,8.200,0,0
1513323240,8.200,8.200,8.200,8.200,0,0
1513323300,8.200,8.200,8.200,8.200,0,0
1513323360,8.200,8.200,8.200,8.200,0,0
1513323420,8.200,8.200,8.200,8.200,0,0
1513323480,8.200,8.200,8.200,8.200,0,0
1513323540,8.200,8.200,8.200,8.200,0,0
1513323600,8.200,8.200,8.200,8.200,0,0
1513323660,8.200,8.200,8.200,8.200,0,0
1513323720,8.200,8.200,8.200,8.200,0,0
1513323780,8.200,8.200,8.200,8.200,0,0
1513323840,8.200,8.200,8.200,8.200,0,0
1513323900,8.200,8.200,8.200,8.200,0,0
1513323960,8.200,8.200,8.200,8.200,0,0
1513324020,8.200,8.200,8.200,8.200,0,0
1513324080,8.200,8.200,8.200,8.200,0,0
1513324140,8.200,8.200,8.200,8.200,0,0
1513324200,8.200,8.200,8.200,8.200,0,0
1513324260,8.200,8.200,8.200,8.200,0,0
1513324320,8.200,8.200,8.200,8.200,0,0
1513324380,8.200,8.200,8.200,8.200,0,0
1513324440,8.200,8.200,8.200,8.200,0,0
1513324500,8.200,8.200,8.200,8.200,0,0
1513324560,8.200,8.200,8.200,8.200,0,0
1513324620,8.200,8.200,8.200,8.200,0,0
1513324680,8.200,8.200,8.200,8.200,0,0
1513324740,8.200,8.200,8.200,8.200,0,0
1513324800,8.200,8.200,8.200,8.200,0,0
1513324860,8.200,8.200,8.200,8.200,0,0
1513324920,8.200,8.200,8.200,8.200,0,0
1513324980,8.200,8.200,8.200,8.200,0,0
1513325040,8.200,8.200,8.200,8.200,0,0
1513325100,8.200,8.200,8.200,8.200,0,0
1513325160,8.200,8.200,8.200,8.200,0,0
1513325220,8.200,8.200,8.200,8.200,0,0
1513325280,8.200,8.200,8.200,8.200,0,0
1513325340,8.200,8.200,8.200,8.200,0,0
1513325400,8.200,8.200,8.200,8.200,0,0
1513325460,8.200,8.200,8.200,8.200,0,0
1513325520,8.200,8.200,8.200,8.200,0,0
1513325580,8.200,8.200,8.200,8.200,0,0
1513325640,8.200,8.200,8.200,8.200,0,0
1513325700,8.200,8.200,8.200,8.200,0,0
1513325760,8.200,8.200,8.200,8.200,0,0
1513325820,8.200,8.200,8.200,8.200,0,0
1513325880,8.200,8.200,8.200,8.200,0,0
1513325940,8.200,8.200,8.200,8.200,0,0
1513326000,8.200,8.200,8.200,8.200,0,0
1513326060,8.200,8.200,8.200,8.200,0,0
1513326120,8.200,8.200,8.200,8.200,0,0
1513326180,8.200,8.200,8.200,8.200,0,0
1513326240,8.200,8.200,8.200,8.200,0,0
1513326300,8.200,8.200,8.200,8.200,0,0
1513326360,8.200,8.200,8.200,8.200,0,0
1513326420,8.200,8.200,8.200,8.200,0,0
1513326480,8.200,8.200,8.200,8.200,0,0
1513326540,8.200,8.200,8.200,8.200,0,0
1513326600,8.200,8.200,8.200,8.200,0,0
1513326660,8.200,8.200,8.200,8.200,0,0
1513326720,8.200,8.200,8.200,8.200,0,0
1513326780,8.200,8.200,8.200,8.200,0,0
1513326840,8.200,8.200,8.200,8.200,0,0
1513326900,8.200,8.200,8.200,8.200,0,0
1513326960,8.200,8.200,8.200,8.200,0,0
1513327020,8.200,8.200,8.200,8.200,0,0
1513327080,8.200,8.200,8.200,8.200,0,0
1513327140,8.200,8.200,8.200,8.200,0,0
1513327200,8.200,8.200,8.200,8.200,0,0
1513327260,8.200,8.200,8.200,8.200,0,0
1513327320,8.200,8.200,8.200,8.200,0,0
1513327380,8.200,8.200,8.200,8.200,0,0
1513327440,8.200,8.200,8.200,8.200,0,0
1513327500,8.200,8.200,8.200,8.200,0,0
1513327560,8.200,8.200,8.200,8.200,0,0
1513327620,8.200,8.200,8.200,8.200,0,0
1513327680,8.200,8.200,8.200,8.200,0,0
1513327740,8.200,8.200,8.200,8.200,0,0
1513327800,8.200,8.200,8.200,8.200,0,0
1513327860,8.200,8.200,8.200,8.200,0,0
1513327920,8.200,8.200,8.200,8.200,0,0
1513327980,8.200,8.200,8.200,8.200,0,0
1513328040,8.200,8.200,8.200,8.200,0,0
1513328100,8.200,8.200,8.200,8.200,0,0
1513328160,8.200,8.200,8.200,8.200,0,0
1513328220,8.200,8.200,8.200,8.200,0,0
1513328280,8.200,8.200,8.200,8.200,0,0
1513328340,8.200,8.200,8.200,8.200,0,0
1513328400,8.200,8.200,8.200,8.200,0,0
1513328460,8.200,8.200,8.200,8.200,0,0
1513328520,8.200,8.200,8.200,8.200,0,0
1513328580,8.200,8.200,8.200,8.200,0,0
1513328640,8.200,8.200,8.200,8.200,0,0
1513328700,8.200,8.200,8.200,8.200,0,0
1513328760,8.200,8.200,8.200,8.200,0,0
1513328820,8.200,8.200,8.200,8.200,0,0
1513328880,8.200,8.200,8.200,8.200,0,0
1513328940,8.200,8.200,8.200,8.200,0,0
1513329000,8.200,8.200,8.200,8.200,0,0
1513329060,8.200,8.200,8.200,8.200,0,0
1513329120,8.200,8.200,8.200,8.200,0,0
1513329180,8.200,8.200,8.200,8.200,0,0
1513329240,8.200,8.200,8.200,8.200,0,0
1513329300,8.200,8.200,8.200,8.200,0,0
1513329360,8.200,8.200,8.200,8.200,0,0
1513329420,8.200,8.200,8.200,8.200,0,0
1513329480,8.200,8.200,8.200,8.200,0,0
1513329540,8.200,8.200,8.200,8.200,0,0
1513329600,8.200,8.200,8.200,8.200,0,0
1513329660,8.200,8.200,8.200,8.200,0,0
1513329720,8.200,8.200,8.200,8.200,0,0
1513329780,8.200,8.200,8.200,8.200,0,0
1513329840,8.200,8.200,8.200,8.200,0,0
1513329900,8.200,8.200,8.200,8.200,0,0
1513329960,8.200,8.200,8.200,8.200,0,0
1513330020,8.200,8.200,8.200,8.200,0,0
1513330080,8.200,8.200,8.200,8.200,0,0
1513330140,8.200,8.200,8.200,8.200,0,0
1513330200,8.200,8.200,8.200,8.200,0,0
1513330260,8.200,8.200,8.200,8.200,0,0
1513330320,8.200,8.200,8.200,8.200,0,0
1513330380,8.200,8.200,8.200,8.200,0,0
1513330440,8.200,8.200,8.200,8.200,0,0
1513330500,8.200,8.200,8.200,8.200,0,0
1513330560,8.200,8.200,8.200,8.200,0,0
1513330620,8.200,8.200,8.200,8.200,0,0
1513330680,8.200,8.200,8.200,8.200,0,0
1513330740,8.200,8.200,8.200,8.200,0,0
1513330800,8.200,8.200,8.200,8.200,0,0
1513330860,8.200,8.200,8.200,8.200,0,0
1513330920,8.200,8.200,8.200,8.200,0,0
1513330980,8.200,8.200,8.200,8.200,0,0
1513331040,8.200,8.200,8.200,8.200,0,0
1513331100,8.200,8.200,8.200,8.200,0,0
1513331160,8.200,8.200,8.200,8.200,0,0
1513331220,8.200,8.200,8.200,8.200,0,0
1513331280,8.200,8.200,8.200,8.200,0,0
1513331340,8.200,8.200,8.200,8.200,0,0
1513331400,8.200,8.200,8.200,8.200,0,0
1513331460,8.200,8.200,8.200,8.200,0,0
1513331520,8.200,8.200,8.200,8.200,0,0
1513331580,8.200,8.200,8.200,8.200,0,0
1513331640,8.200,8.200,8.200,8.200,0,0
1513331700,8.200,8.200,8.200,8.200,0,0
1513331760,8.200,8.200,8.200,8.200,0,0
1513331820,8.200,8.200,8.200,8.200,0,0
1513331880,8.200,8.200,8.200,8.200,0,0
1513331940,8.200,8.200,8.200,8.200,0,0
1513332000,8.200,8.200,8.200,8.200,0,0
1513332060,8.200,8.200,8.200,8.200,0,0
1513332120,8.200,8.200,8.200,8.200,0,0
1513332180,8.200,8.200,8.200,8.200,0,0
1513332240,8.200,8.200,8.200,8.200,0,0
1513332300,8.200,8.200,8.200,8.200,0,0
1513332360,8.200,8.200,8.200,8.200,0,0
1513332420,8.200,8.200,8.200,8.200,0,0
1513332480,8.200,8.200,8.200,8.200,0,0
1513332540,8.200,8.200,8.200,8.200,0,0
1513332600,8.200,8.200,8.200,8.200,0,0
1513332660,8.200,8.200,8.200,8.200,0,0
1513332720,8.200,8.200,8.200,8.200,0,0
1513332780,8.200,8.200,8.200,8.200,0,0
1513332840,8.200,8.200,8.200,8.200,0,0
1513332900,8.200,8.200,8.200,8.200,0,0
1513332960,8.200,8.200,8.200,8.200,0,0
1513333020,8.200,8.200,8.200,8.200,0,0
1513333080,8.200,8.200,8.200,8.200,0,0
1513333140,8.200,8.200,8.200,8.200,0,0
1513333200,8.200,8.200,8.200,8.200,0,0
1513333260,8.200,8.200,8.200,8.200,0,0
1513333320,8.200,8.200,8.200,8.200,0,0
1513333380,8.200,8.200,8.200,8.200,0,0
1513333440,8.200,8.200,8.200,8.200,0,0
1513333500,8.200,8.200,8.200,8.200,0,0
1513333560,8.200,8.200,8.200,8.200,0,0
1513333620,8.200,8.200,8.200,8.200,0,0
1513333680,8.200,8.200,8.200,8.200,0,0
1513333740,8.200,8.200,8.200,8.200,0,0
1513333800,8.200,8.200,8.200,8.200,0,0
1513333860,8.200,8.200,8.200,8.200,0,0
1513333920,8.200,8.200,8.200,8.200,0,0
1513333980,8.200,8.200,8.200,8.200,0,0
1513334040,8.200,8.200,8.200,8.200,0,0
1513334100,8.200,8.200,8.200,8.200,0,0
1513334160,8.200,8.200,8.200,8.200,0,0
1513334220,8.200,8.200,8.200,8.200,0,0
1513334280,8.200,8.200,8.200,8.200,0,0
1513334340,8.200,8.200,8.200,8.200,0,0
1513334400,8.200,8.200,8.200,8.200,0,0
1513334460,8.200,8.200,8.200,8.200,0,0
1513334520,8.200,8.200,8.200,8.200,0,0
1513334580,8.200,8.200,8.200,8.200,0,0
1513334640,8.200,8.200,8.200,8.200,0,0
1513334700,8.200,8.200,8.200,8.200,0,0
1513334760,8.200,8.200,8.200,8.200,0,0
1513334820,8.200,8.200,8.200,8.200,0,0
1513334880,8.200,8.200,8.200,8.200,0,0
1513334940,8.200,8.200,8.200,8.200,0,0
1513335000,8.200,8.200,8.200,8.200,0,0
1513335060,8.200,8.200,8.200,8.200,0,0
1513335120,8.200,8.200,8.200,8.200,0,0
1513335180,8.200,8.200,8.200,8.200,0,0
1513335240,8.200,8.200,8.200,8.200,0,0
1513335300,8.200,8.200,8.200,8.200,0,0
1513335360,8.200,8.200,8.200,8.200,0,0
1513335420,8.200,8.200,8.200,8.200,0,0
1513335480,8.200,8.200,8.200,8.200,0,0
1513335540,8.200,8.200,8.200,8.200,0,0
1513335600,8.200,8.200,8.200,8.200,0,0
1513335660,8.200,8.200,8.200,8.200,0,0
1513335720,8.200,8.200,8.200,8.200,0,0
1513335780,8.200,8.200,8.200,8.200,0,0
1513335840,8.200,8.200,8.200,8.200,0,0
1513335900,8.200,8.200,8.200,8.200,0,0
1513335960,8.200,8.200,8.200,8.200,0,0
1513336020,8.200,8.200,8.200,8.200,0,0
1513336080,8.200,8.200,8.200,8.200,0,0
1513336140,8.200,8.200,8.200,8.200,0,0
1513336200,8.200,8.200,8.200,8.200,0,0
1513336260,8.200,8.200,8.200,8.200,0,0
1513336320,8.200,8.200,8.200,8.200,0,0
1513336380,8.200,8.200,8.200,8.200,0,0
1513336440,8.200,8.200,8.200,8.200,0,0
1513336500,8.200,8.200,8.200,8.200,0,0
1513336560,8.200,8.200,8.200,8.200,0,0
1513336620,8.200,8.200,8.200,8.200,0,0
1513336680,8.200,8.200,8.200,8.200,0,0
1513336740,8.200,8.200,8.200,8.200,0,0
1513336800,8.200,8.200,8.200,8.200,0,0
1513336860,8.200,8.200,8.200,8.200,0,0
1513336920,8.200,8.200,8.200,8.200,0,0
1513336980,8.200,8.200,8.200,8.200,0,0
1513337040,8.200,8.200,8.200,8.200,0,0
1513337100,8.200,8.200,8.200,8.200,0,0
1513337160,8.200,8.200,8.200,8.200,0,0
1513337220,8.200,8.200,8.200,8.200,0,0
1513337280,8.200,8.200,8.200,8.200,0,0
1513337340,8.200,8.200,8.200,8.200,0,0
1513337400,8.200,8.200,8.200,8.200,0,0
1513337460,8.200,8.200,8.200,8.200,0,0
1513337520,8.200,8.200,8.200,8.200,0,0
1513337580,8.200,8.200,8.200,8.200,0,0
1513337640,8.200,8.200,8.200,8.200,0,0
1513337700,8.200,8.200,8.200,8.200,0,0
1513337760,8.200,8.200,8.200,8.200,0,0
1513337820,8.200,8.200,8.200,8.200,0,0
1513337880,8.200,8.200,8.200,8.200,0,0
1513337940,8.200,8.200,8.200,8.200,0,0
1513338000,8.200,8.200,8.200,8.200,0,0
1513338060,8.200,8.200,8.200,8.200,0,0
1513338120,8.200,8.200,8.200,8.200,0,0
1513338180,8.200,8.200,8.200,8.200,0,0
1513338240,8.200,8.200,8.200,8.200,0,0
1513338300,8.200,8.200,8.200,8.200,0,0
1513338360,8.200,8.200,8.200,8.200,0,0
1513338420,8.200,8.200,8.200,8.200,0,0
1513338480,8.200,8.200,8.200,8.200,0,0
1513338540,8.200,8.200,8.200,8.200,0,0
1513338600,8.200,8.200,8.200,8.200,0,0
1513338660,8.200,8.200,8.200,8.200,0,0
1513338720,8.200,8.200,8.200,8.200,0,0
1513338780,8.200,8.200,8.200,8.200,0,0
1513338840,8.200,8.200,8.200,8.200,0,0
1513338900,8.200,8.200,8.200,8.200,0,0
1513338960,8.200,8.200,8.200,8.200,0,0
1513339020,8.200,8.200,8.200,8.200,0,0
1513339080,8.200,8.200,8.200,8.200,0,0
1513339140,8.200,8.200,8.200,8.200,0,0
1513339200,8.200,8.200,8.200,8.200,0,0
1513339260,8.200,8.200,8.200,8.200,0,0
1513339320,8.200,8.200,8.200,8.200,0,0
1513339380,8.200,8.200,8.200,8.200,0,0
1513339440,8.200,8.200,8.200,8.200,0,0
1513339500,8.200,8.200,8.200,8.200,0,0
1513339560,8.200,8.200,8.200,8.200,0,0
1513339620,8.200,8.200,8.200,8.200,0,0
1513339680,8.200,8.200,8.200,8.200,0,0
1513339740,8.200,8.200,8.200,8.200,0,0
1513339800,8.200,8.200,8.200,8.200,0,0
1513339860,8.200,8.200,8.200,8.200,0,0
1513339920,8.200,8.200,8.200,8.200,0,0
1513339980,8.200,8.200,8.200,8.200,0,0
1513340040,8.200,8.200,8.200,8.200,0,0
1513340100,8.200,8.200,8.200,8.200,0,0
1513340160,8.200,8.200,8.200,8.200,0,0
1513340220,8.200,8.200,8.200,8.200,0,0
1513340280,8.200,8.200,8.200,8.200,0,0
1513340340,8.200,8.200,8.200,8.200,0,0
1513340400,8.200,8.200,8.200,8.200,0,0
1513340460,8.200,8.200,8.200,8.200,0,0
1513340520,8.200,8.200,8.200,8.200,0,0
1513340580,8.200,8.200,8.200,8.200,0,0
1513340640,8.200,8.200,8.200,8.200,0,0
1513340700,8.200,8.200,8.200,8.200,0,0
1513340760,8.200,8.200,8.200,8.200,0,0
1513340820,8.200,8.200,8.200,8.200,0,0
1513340880,8.200,8.200,8.200,8.200,0,0
1513340940,8.200,8.200,8.200,8.200,0,0
1513341000,8.200,8.200,8.200,8.200,0,0
1513341060,8.200,8.200,8.200,8.200,0,0
1513341120,8.200,8.200,8.200,8.200,0,0
1513341180,8.200,8.200,8.200,8.200,0,0
1513341240,8.200,8.200,8.200,8.200,0,0
1513341300,8.200,8.200,8.200,8.200,0,0
1513341360,8.200,8.200,8.200,8.200,0,0
1513341420,8.200,8.200,8.200,8.200,0,0
1513341480,8.200,8.200,8.200,8.200,0,0
1513341540,8.200,8.200,8.200,8.200,0,0
1513341600,8.200,8.200,8.200,8.200,0,0
1513341660,8.200,8.200,8.200,8.200,0,0
1513341720,8.200,8.200,8.200,8.200,0,0
1513341780,8.200,8.200,8.200,8.200,0,0
1513341840,8.200,8.200,8.200,8.200,0,0
1513341900,8.200,8.200,8.200,8.200,0,0
1513341960,8.200,8.200,8.200,8.200,0,0
1513342020,8.200,8.200,8.200,8.200,0,0
1513342080,8.200,8.200,8.200,8.200,0,0
1513342140,8.200,8.200,8.200,8.200,0,0
1513342200,8.200,8.200,8.200,8.200,0,0
1513342260,8.200,8.200,8.200,8.200,0,0
1513342320,8.200,8.200,8.200,8.200,0,0
1513342380,8.200,8.200,8.200,8.200,0,0
1513342440,8.200,8.200,8.200,8.200,0,0
1513342500,8.200,8.200,8.200,8.200,0,0
1513342560,8.200,8.200,8.200,8.200,0,0
1513342620,8.200,8.200,8.200,8.200,0,0
1513342680,8.200,8.200,8.200,8.200,0,0
1513342740,8.200,8.200,8.200,8.200,0,0
1513342800,8.200,8.200,8.200,8.200,0,0
1513342860,8.200,8.200,8.200,8.200,0,0
1513342920,8.200,8.200,8.200,8.200,0,0
1513342980,8.200,8.200,8.200,8.200,0,0
1513343040,8.200,8.200,8.200,8.200,0,0
1513343100,8.200,8.200,8.200,8.200,0,0
1513343160,8.200,8.200,8.200,8.200,0,0
1513343220,8.200,8.200,8.200,8.200,0,0
1513343280,8.200,8.200,8.200,8.200,0,0
1513343340,8.200,8.200,8.200,8.200,0,0
1513343400,8.200,8.200,8.200,8.200,0,0
1513343460,8.200,8.200,8.200,8.200,0,0
1513343520,8.200,8.200,8.200,8.200,0,0
1513343580,8.200,8.200,8.200,8.200,0,0
1513343640,8.200,8.200,8.200,8.200,0,0
1513343700,8.200,8.200,8.200,8.200,0,0
1513343760,8.200,8.200,8.200,8.200,0,0
1513343820,8.200,8.200,8.200,8.200,0,0
1513343880,8.200,8.200,8.200,8.200,0,0
1513343940,8.200,8.200,8.200,8.200,0,0
1513344000,8.200,8.200,8.200,8.200,0,0
1513344060,8.200,8.200,8.200,8.200,0,0
1513344120,8.200,8.200,8.200,8.200,0,0
1513344180,8.200,8.200,8.200,8.200,0,0
1513344240,8.200,8.200,8.200,8.200,0,0
1513344300,8.200,8.200,8.200,8.200,0,0
1513344360,8.200,8.200,8.200,8.200,0,0
1513344420,8.200,8.200,8.200,8.200,0,0
1513344480,8.200,8.200,8.200,8.200,0,0
1513344540,8.200,8.200,8.200,8.200,0,0
1513344600,8.200,8.200,8.200,8.200,0,0
1513344660,8.200,8.200,8.200,8.200,0,0
1513344720,8.200,8.200,8.200,8.200,0,0
1513344780,8.200,8.200,8.200,8.200,0,0
1513344840,8.200,8.200,8.200,8.200,0,0
1513344900,8.200,8.200,8.200,8.200,0,0
1513344960,8.200,8.200,8.200,8.200,0,0
1513345020,8.200,8.200,8.200,8.200,0,0
1513345080,8.200,8.200,8.200,8.200,0,0
1513345140,8.200,8.200,8.200,8.200,0,0
1513345200,8.200,8.200,8.200,8.200,0,0
1513345260,8.200,8.200,8.200,8.200,0,0
1513345320,8.200,8.200,8.200,8.200,0,0
1513345380,8.200,8.200,8.200,8.200,0,0
1513345440,8.200,8.200,8.200,8.200,0,0
1513345500,8.200,8.200,8.200,8.200,0,0
1513345560,8.200,8.200,8.200,8.200,0,0
1513345620,8.200,8.200,8.200,8.200,0,0
1513345680,8.200,8.200,8.200,8.200,0,0
1513345740,8.200,8.200,8.200,8.200,0,0
1513345800,8.200,8.200,8.200,8.200,0,0
1513345860,8.200,8.200,8.200,8.200,0,0
1513345920,8.200,8.200,8.200,8.200,0,0
1513345980,8.200,8.200,8.200,8.200,0,0
1513346040,8.200,8.200,8.200,8.200,0,0
1513346100,8.200,8.200,8.200,8.200,0,0
1513346160,8.200,8.200,8.200,8.200,0,0
1513346220,8.200,8.200,8.200,8.200,0,0
1513346280,8.200,8.200,8.200,8.200,0,0
1513346340,8.200,8.200,8.200,8.200,0,0
1513346400,8.200,8.200,8.200,8.200,0,0
1513346460,8.200,8.200,8.200,8.200,0,0
1513346520,8.200,8.200,8.200,8.200,0,0
1513346580,8.200,8.200,8.200,8.200,0,0
1513346640,8.200,8.200,8.200,8.200,0,0
1513346700,8.200,8.200,8.200,8.200,0,0
1513346760,8.200,8.200,8.200,8.200,0,0
1513346820,8.200,8.200,8.200,8.200,0,0
1513346880,8.200,8.200,8.200,8.200,0,0
1513346940,8.200,8.200,8.200,8.200,0,0
1513347000,8.200,8.200,8.200,8.200,0,0
1513347060,8.200,8.200,8.200,8.200,0,0
1513347120,8.200,8.200,8.200,8.200,0,0
1513347180,8.200,8.200,8.200,8.200,0,0
1513347240,8.200,8.200,8.200,8.200,0,0
1513347300,8.200,8.200,8.200,8.200,0,0
1513347360,8.200,8.200,8.200,8.200,0,0
1513347420,8.200,8.200,8.200,8.200,0,0
1513347480,8.200,8.200,8.200,8.200,0,0
1513347540,8.200,8.200,8.200,8.200,0,0
1513347600,8.200,8.200,8.200,8.200,0,0
1513347660,8.200,8.200,8.200,8.200,0,0
1513347720,8.200,8.200,8.200,8.200,0,0
1513347780,8.200,8.200,8.200,8.200,0,0
1513347840,8.200,8.200,8.200,8.200,0,0
1513347900,8.200,8.200,8.200,8.200,0,0
1513347960,8.200,8.200,8.200,8.200,0,0
1513348020,8.200,8.200,8.200,8.200,0,0
1513348080,8.200,8.200,8.200,8.200,0,0
1513348140,8.200,8.200,8.200,8.200,0,0
1513348200,8.150,8.150,8.150,8.150,0,0
1513348260,8.150,8.150,8.150,8.150,0,0
1513348320,8.150,8.150,8.150,8.150,0,0
1513348380,8.150,8.150,8.150,8.150,0,0
1513348440,8.150,8.150,8.150,8.150,0,0
1513348500,8.150,8.150,8.150,8.150,0,0
1513348560,8.150,8.150,8.150,8.150,0,0
1513348620,8.150,8.150,8.150,8.150,0,0
1513348680,8.150,8.150,8.150,8.150,0,0
1513348740,8.150,8.150,8.150,8.150,0,0
1513348800,8.150,8.150,8.150,8.150,0,0
1513348860,8.150,8.150,8.150,8.150,0,0
1513348920,8.150,8.150,8.150,8.150,0,0
1513348980,8.150,8.150,8.150,8.150,0,0
1513349040,8.150,8.150,8.150,8.150,0,0
1513349100,8.150,8.150,8.150,8.150,0,0
1513349160,8.150,8.150,8.150,8.150,0,0
1513349220,8.150,8.150,8.150,8.150,0,0
1513349280,8.150,8.150,8.150,8.150,0,0
1513349340,8.150,8.150,8.150,8.150,0,0
1513349400,8.150,8.150,8.150,8.150,0,0
1513349460,8.150,8.150,8.150,8.150,0,0
1513349520,8.150,8.150,8.150,8.150,0,0
1513349580,8.150,8.150,8.150,8.150,0,0
1513349640,8.150,8.150,8.150,8.150,0,0
1513349700,8.150,8.150,8.150,8.150,0,0
1513349760,8.150,8.150,8.150,8.150,0,0
1513349820,8.150,8.150,8.150,8.150,0,0
1513349880,8.150,8.150,8.150,8.150,0,0
1513349940,8.150,8.150,8.150,8.150,0,0
1513350000,8.150,8.150,8.150,8.150,0,0
1513350060,8.150,8.150,8.150,8.150,0,0
1513350120,8.150,8.150,8.150,8.150,0,0
1513350180,8.150,8.150,8.150,8.150,0,0
1513350240,8.150,8.150,8.150,8.150,0,0
1513350300,8.150,8.150,8.150,8.150,0,0
1513350360,8.150,8.150,8.150,8.150,0,0
1513350420,8.150,8.150,8.150,8.150,0,0
1513350480,8.150,8.150,8.150,8.150,0,0
1513350540,8.150,8.150,8.150,8.150,0,0
1513350600,8.150,8.150,8.150,8.150,0,0
1513350660,8.150,8.150,8.150,8.150,0,0
1513350720,8.150,8.150,8.150,8.150,0,0
1513350780,8.150,8.150,8.150,8.150,0,0
1513350840,8.150,8.150,8.150,8.150,0,0
1513350900,8.150,8.150,8.150,8.150,0,0
1513350960,8.150,8.150,8.150,8.150,0,0
1513351020,8.150,8.150,8.150,8.150,0,0
1513351080,8.150,8.150,8.150,8.150,0,0
1513351140,8.150,8.150,8.150,8.150,0,0
1513351200,8.150,8.150,8.150,8.150,0,0
1513351260,8.150,8.150,8.150,8.150,0,0
1513351320,8.150,8.150,8.150,8.150,0,0
1513351380,8.150,8.150,8.150,8.150,0,0
1513351440,8.150,8.150,8.150,8.150,0,0
1513351500,8.150,8.150,8.150,8.150,0,0
1513351560,8.150,8.150,8.150,8.150,0,0
1513351620,8.150,8.150,8.150,8.150,0,0
1513351680,8.150,8.150,8.150,8.150,0,0
1513351740,8.150,8.150,8.150,8.150,0,0
1513351800,8.150,8.150,8.150,8.150,437,0
1513351860,8.150,8.150,8.150,8.150,437,0
1513351920,8.150,8.150,8.150,8.150,437,0
1513351980,8.200,8.200,8.200,8.200,437,0
1513352040,8.110,8.110,8.110,8.110,437,0
1513352100,8.110,8.110,8.110,8.110,437,0
1513352160,8.110,8.110,8.110,8.110,437,0
1513352220,8.110,8.110,8.110,8.110,437,0
1513352280,8.110,8.110,8.110,8.110,437,0
1513352340,8.110,8.110,8.110,8.110,437,0
1513352400,8.110,8.110,8.110,8.110,437,0
1513352460,8.110,8.110,8.110,8.110,437,0
1513352520,8.110,8.110,8.110,8.110,437,0
1513352580,8.110,8.110,8.110,8.110,437,0
1513352640,8.110,8.110,8.110,8.110,437,0
1513352700,8.110,8.110,8.110,8.110,437,0
1513352760,8.110,8.110,8.110,8.110,437,0
1513352820,8.110,8.110,8.110,8.110,437,0
1513352880,8.110,8.110,8.110,8.110,437,0
1513352940,8.110,8.110,8.110,8.110,437,0
1513353000,8.110,8.110,8.110,8.110,437,0
1513353060,8.110,8.110,8.110,8.110,437,0
1513353120,8.110,8.110,8.110,8.110,437,0
1513353180,8.110,8.110,8.110,8.110,437,0
1513353240,8.110,8.110,8.110,8.110,437,0
1513353300,8.110,8.110,8.110,8.110,27,2185
1513353360,8.110,8.110,8.110,8.110,26,2185
1513353420,8.110,8.110,8.110,8.110,26,2185
1513353480,8.150,8.150,8.150,8.150,26,2185
1513353540,8.150,8.150,8.150,8.150,26,2185
1513353600,8.150,8.150,8.150,8.150,26,2185
1513353660,8.150,8.150,8.150,8.150,26,2185
1513353720,8.150,8.150,8.150,8.150,26,2185
1513353780,8.150,8.150,8.150,8.150,26,2185
1513353840,8.150,8.150,8.150,8.150,26,2185
1513353900,8.150,8.150,8.150,8.150,26,2185
1513353960,8.150,8.150,8.150,8.150,26,2185
1513354020,8.150,8.150,8.150,8.150,26,2185
1513354080,8.150,8.150,8.150,8.150,26,2185
1513354140,8.150,8.150,8.150,8.150,26,2185
1513354200,8.150,8.150,8.150,8.150,26,2185
1513354260,8.150,8.150,8.150,8.150,26,2185
1513354320,8.150,8.150,8.150,8.150,26,2185
1513354380,8.150,8.150,8.150,8.150,26,2185
1513354440,8.150,8.150,8.150,8.150,26,2185
1513354500,8.150,8.150,8.150,8.150,27,2316
1513354560,8.150,8.150,8.150,8.150,26,2316
1513354620,8.150,8.150,8.150,8.150,26,2316
1513354680,8.150,8.150,8.150,8.150,26,2316
1513354740,8.150,8.150,8.150,8.150,26,2316
1513354800,8.150,8.150,8.150,8.150,26,2316
1513354860,8.150,8.150,8.150,8.150,26,2316
1513354920,8.150,8.150,8.150,8.150,26,2316
1513354980,8.150,8.150,8.150,8.150,26,2316
1513355040,8.150,8.150,8.150,8.150,26,2316
1513355100,8.150,8.150,8.150,8.150,61,2447
1513355160,8.150,8.150,8.150,8.150,59,2447
1513355220,8.150,8.150,8.150,8.150,59,2447
1513355280,8.200,8.200,8.200,8.200,59,2447
1513355340,8.200,8.200,8.200,8.200,59,2447
1513355400,8.200,8.200,8.200,8.200,59,2447
1513355460,8.200,8.200,8.200,8.200,59,2447
1513355520,8.200,8.200,8.200,8.200,59,2447
1513355580,8.200,8.200,8.200,8.200,59,2447
1513355640,8.200,8.200,8.200,8.200,59,2447
1513355700,8.200,8.200,8.200,8.200,59,2447
1513355760,8.200,8.200,8.200,8.200,59,2447
1513355820,8.200,8.200,8.200,8.200,59,2447
1513355880,8.200,8.200,8.200,8.200,59,2447
1513355940,8.200,8.200,8.200,8.200,59,2447
1513356000,8.200,8.200,8.200,8.200,59,2447
1513356060,8.200,8.200,8.200,8.200,59,2447
1513356120,8.200,8.200,8.200,8.200,59,2447
1513356180,8.200,8.200,8.200,8.200,59,2447
1513356240,8.200,8.200,8.200,8.200,59,2447
1513356300,8.200,8.200,8.200,8.200,43,2744
1513356360,8.200,8.200,8.200,8.200,40,2744
1513356420,8.200,8.200,8.200,8.200,40,2744
1513356480,8.200,8.200,8.200,8.200,40,2744
1513356540,8.150,8.150,8.150,8.150,40,2744
1513356600,8.150,8.150,8.150,8.150,40,2744
1513356660,8.150,8.150,8.150,8.150,40,2744
1513356720,8.150,8.150,8.150,8.150,40,2744
1513356780,8.150,8.150,8.150,8.150,40,2744
1513356840,8.150,8.150,8.150,8.150,40,2744
1513356900,8.150,8.150,8.150,8.150,40,2744
1513356960,8.150,8.150,8.150,8.150,40,2744
1513357020,8.150,8.150,8.150,8.150,40,2744
1513357080,8.150,8.150,8.150,8.150,40,2744
1513357140,8.150,8.150,8.150,8.150,40,2744
1513357200,8.150,8.150,8.150,8.150,298,2947
1513357260,8.150,8.150,8.150,8.150,296,2947
1513357320,8.150,8.150,8.150,8.150,296,2947
1513357380,8.150,8.150,8.150,8.150,296,2947
1513357440,8.150,8.150,8.150,8.150,296,2947
1513357500,8.150,8.150,8.150,8.150,296,2947
1513357560,8.150,8.150,8.150,8.150,296,2947
1513357620,8.150,8.150,8.150,8.150,296,2947
1513357680,8.150,8.150,8.150,8.150,296,2947
1513357740,8.150,8.150,8.150,8.150,296,2947
1513357800,8.150,8.150,8.150,8.150,296,2947
1513357860,8.150,8.150,8.150,8.150,296,2947
1513357920,8.150,8.150,8.150,8.150,296,2947
1513357980,8.150,8.150,8.150,8.150,296,2947
1513358040,8.150,8.150,8.150,8.150,296,2947
1513358100,8.150,8.150,8.150,8.150,296,2947
1513358160,8.150,8.150,8.150,8.150,296,2947
1513358220,8.150,8.150,8.150,8.150,296,2947
1513358280,8.150,8.150,8.150,8.150,296,2947
1513358340,8.150,8.150,8.150,8.150,296,2947
1513358400,8.150,8.150,8.150,8.150,296,2947
1513358460,8.150,8.150,8.150,8.150,296,2947
1513358520,8.150,8.150,8.150,8.150,296,2947
1513358580,8.150,8.150,8.150,8.150,296,2947
1513358640,8.150,8.150,8.150,8.150,296,2947
1513358700,8.150,8.150,8.150,8.150,296,2947
1513358760,8.150,8.150,8.150,8.150,296,2947
1513358820,8.150,8.150,8.150,8.150,296,2947
1513358880,8.150,8.150,8.150,8.150,296,2947
1513358940,8.150,8.150,8.150,8.150,296,2947
1513359000,8.150,8.150,8.150,8.150,296,2947
1513359060,8.150,8.150,8.150,8.150,296,2947
1513359120,8.150,8.150,8.150,8.150,296,2947
1513359180,8.150,8.150,8.150,8.150,296,2947
1513359240,8.150,8.150,8.150,8.150,296,2947
1513359300,8.150,8.150,8.150,8.150,296,2947
1513359360,8.150,8.150,8.150,8.150,296,2947
1513359420,8.150,8.150,8.150,8.150,296,2947
1513359480,8.150,8.150,8.150,8.150,296,2947
1513359540,8.150,8.150,8.150,8.150,296,2947
1513359600,8.150,8.150,8.150,8.150,296,2947
1513359660,8.150,8.150,8.150,8.150,296,2947
1513359720,8.150,8.150,8.150,8.150,296,2947
1513359780,8.150,8.150,8.150,8.150,296,2947
1513359840,8.150,8.150,8.150,8.150,296,2947
1513359900,8.150,8.150,8.150,8.150,296,2947
1513359960,8.150,8.150,8.150,8.150,296,2947
1513360020,8.150,8.150,8.150,8.150,296,2947
1513360080,8.150,8.150,8.150,8.150,296,2947
1513360140,8.150,8.150,8.150,8.150,296,2947
1513360200,8.150,8.150,8.150,8.150,97,4429
1513360260,8.150,8.150,8.150,8.150,97,4429
1513360320,8.150,8.150,8.150,8.150,97,4429
1513360380,8.170,8.170,8.170,8.170,97,4429
1513360440,8.170,8.170,8.170,8.170,97,4429
1513360500,8.170,8.170,8.170,8.170,97,4429
1513360560,8.170,8.170,8.170,8.170,97,4429
1513360620,8.170,8.170,8.170,8.170,97,4429
1513360680,8.170,8.170,8.170,8.170,97,4429
1513360740,8.170,8.170,8.170,8.170,97,4429
1513360800,8.170,8.170,8.170,8.170,97,4429
1513360860,8.170,8.170,8.170,8.170,97,4429
1513360920,8.170,8.170,8.170,8.170,97,4429
1513360980,8.170,8.170,8.170,8.170,97,4429
1513361040,8.170,8.170,8.170,8.170,97,4429
1513361100,8.170,8.170,8.170,8.170,114,4914
1513361160,8.200,8.200,8.200,8.200,111,4914
1513361220,8.200,8.200,8.200,8.200,111,4914
1513361280,8.200,8.200,8.200,8.200,111,4914
1513361340,8.200,8.200,8.200,8.200,111,4914
1513361400,8.200,8.200,8.200,8.200,111,4914
1513361460,8.200,8.200,8.200,8.200,111,4914
1513361520,8.200,8.200,8.200,8.200,111,4914
1513361580,8.200,8.200,8.200,8.200,111,4914
1513361640,8.200,8.200,8.200,8.200,111,4914
1513361700,8.200,8.200,8.200,8.200,61,5472
1513361760,8.200,8.200,8.200,8.200,60,5472
1513361820,8.200,8.200,8.200,8.200,60,5472
1513361880,8.220,8.220,8.220,8.220,60,5472
1513361940,8.220,8.220,8.220,8.220,60,5472
1513362000,8.220,8.220,8.220,8.220,60,5472
1513362060,8.220,8.220,8.220,8.220,60,5472
1513362120,8.220,8.220,8.220,8.220,60,5472
1513362180,8.220,8.220,8.220,8.220,60,5472
1513362240,8.220,8.220,8.220,8.220,60,5472
1513362300,8.220,8.220,8.220,8.220,60,5472
1513362360,8.220,8.220,8.220,8.220,60,5472
1513362420,8.220,8.220,8.220,8.220,60,5472
1513362480,8.220,8.220,8.220,8.220,60,5472
1513362540,8.220,8.220,8.220,8.220,60,5472
1513362600,8.220,8.220,8.220,8.220,60,5472
1513362660,8.220,8.220,8.220,8.220,60,5472
1513362720,8.220,8.220,8.220,8.220,60,5472
1513362780,8.220,8.220,8.220,8.220,60,5472
1513362840,8.220,8.220,8.220,8.220,60,5472
1513362900,8.220,8.220,8.220,8.220,60,5472
1513362960,8.220,8.220,8.220,8.220,60,5472
1513363020,8.220,8.220,8.220,8.220,60,5472
1513363080,8.220,8.220,8.220,8.220,60,5472
1513363140,8.220,8.220,8.220,8.220,60,5472
1513363200,8.200,8.200,8.200,8.200,274,5773
1513363260,8.240,8.240,8.240,8.240,272,5773
1513363320,8.240,8.240,8.240,8.240,272,5773
1513363380,8.250,8.250,8.250,8.250,272,5773
1513363440,8.250,8.250,8.250,8.250,272,5773
1513363500,8.250,8.250,8.250,8.250,154,7135
1513363560,8.200,8.200,8.200,8.200,151,7135
1513363620,8.200,8.200,8.200,8.200,151,7135
1513363680,8.200,8.200,8.200,8.200,151,7135
1513363740,8.200,8.200,8.200,8.200,151,7135
1513363800,8.200,8.200,8.200,8.200,151,7135
1513363860,8.200,8.200,8.200,8.200,151,7135
1513363920,8.200,8.200,8.200,8.200,151,7135
1513363980,8.200,8.200,8.200,8.200,151,7135
1513364040,8.200,8.200,8.200,8.200,151,7135
1513364100,8.200,8.200,8.200,8.200,151,7135
1513364160,8.200,8.200,8.200,8.200,151,7135
1513364220,8.200,8.200,8.200,8.200,151,7135
1513364280,8.200,8.200,8.200,8.200,151,7135
1513364340,8.200,8.200,8.200,8.200,151,7135
1513364400,8.200,8.200,8.200,8.200,151,7135
1513364460,8.200,8.200,8.200,8.200,151,7135
1513364520,8.200,8.200,8.200,8.200,151,7135
1513364580,8.200,8.200,8.200,8.200,151,7135
1513364640,8.200,8.200,8.200,8.200,151,7135
1513364700,8.200,8.200,8.200,8.200,151,7135
1513364760,8.200,8.200,8.200,8.200,151,7135
1513364820,8.200,8.200,8.200,8.200,151,7135
1513364880,8.200,8.200,8.200,8.200,151,7135
1513364940,8.200,8.200,8.200,8.200,151,7135
1513365000,8.200,8.200,8.200,8.200,151,7135
1513365060,8.200,8.200,8.200,8.200,151,7135
1513365120,8.200,8.200,8.200,8.200,151,7135
1513365180,8.200,8.200,8.200,8.200,151,7135
1513365240,8.200,8.200,8.200,8.200,151,7135
1513365300,8.200,8.200,8.200,8.200,151,7135
1513365360,8.200,8.200,8.200,8.200,151,7135
1513365420,8.200,8.200,8.200,8.200,151,7135
1513365480,8.200,8.200,8.200,8.200,151,7135
1513365540,8.200,8.200,8.200,8.200,151,7135
1513365600,8.200,8.200,8.200,8.200,151,7135
1513365660,8.200,8.200,8.200,8.200,151,7135
1513365720,8.200,8.200,8.200,8.200,151,7135
1513365780,8.200,8.200,8.200,8.200,151,7135
1513365840,8.200,8.200,8.200,8.200,151,7135
1513365900,8.200,8.200,8.200,8.200,151,7135
1513365960,8.200,8.200,8.200,8.200,151,7135
1513366020,8.200,8.200,8.200,8.200,151,7135
1513366080,8.200,8.200,8.200,8.200,151,7135
1513366140,8.200,8.200,8.200,8.200,151,7135
1513366200,8.200,8.200,8.200,8.200,226,7893
1513366260,8.200,8.200,8.200,8.200,223,7893
1513366320,8.230,8.230,8.230,8.230,223,7893
1513366380,8.230,8.230,8.230,8.230,223,7893
1513366440,8.230,8.230,8.230,8.230,223,7893
1513366500,8.230,8.230,8.230,8.230,223,7893
1513366560,8.230,8.230,8.230,8.230,223,7893
1513366620,8.230,8.230,8.230,8.230,223,7893
1513366680,8.230,8.230,8.230,8.230,223,7893
1513366740,8.230,8.230,8.230,8.230,223,7893
1513366800,8.300,8.300,8.300,8.300,51,9011
1513366860,8.300,8.300,8.300,8.300,48,9011
1513366920,8.300,8.300,8.300,8.300,48,9011
1513366980,8.300,8.300,8.300,8.300,48,9011
1513367040,8.300,8.300,8.300,8.300,48,9011
1513367100,8.300,8.300,8.300,8.300,48,9011
1513367160,8.300,8.300,8.300,8.300,48,9011
1513367220,8.300,8.300,8.300,8.300,48,9011
1513367280,8.300,8.300,8.300,8.300,48,9011
1513367340,8.300,8.300,8.300,8.300,48,9011
1513367400,8.300,8.300,8.300,8.300,48,9011
1513367460,8.300,8.300,8.300,8.300,48,9011
1513367520,8.300,8.300,8.300,8.300,48,9011
1513367580,8.300,8.300,8.300,8.300,48,9011
1513367640,8.300,8.300,8.300,8.300,48,9011
1513367700,8.300,8.300,8.300,8.300,48,9011
1513367760,8.300,8.300,8.300,8.300,48,9011
1513367820,8.300,8.300,8.300,8.300,48,9011
1513367880,8.300,8.300,8.300,8.300,48,9011
1513367940,8.300,8.300,8.300,8.300,48,9011
1513368000,8.300,8.300,8.300,8.300,293,9254
1513368060,8.290,8.290,8.290,8.290,292,9254
1513368120,8.290,8.290,8.290,8.290,292,9254
1513368180,8.290,8.290,8.290,8.290,292,9254
1513368240,8.200,8.200,8.200,8.200,292,9254
1513368300,8.200,8.200,8.200,8.200,292,9254
1513368360,8.200,8.200,8.200,8.200,292,9254
1513368420,8.200,8.200,8.200,8.200,292,9254
1513368480,8.200,8.200,8.200,8.200,292,9254
1513368540,8.200,8.200,8.200,8.200,292,9254
1513368600,8.200,8.200,8.200,8.200,26,10715
1513368660,8.200,8.200,8.200,8.200,22,10715
1513368720,8.200,8.200,8.200,8.200,22,10715
1513368780,8.200,8.200,8.200,8.200,22,10715
1513368840,8.200,8.200,8.200,8.200,22,10715
1513368900,8.200,8.200,8.200,8.200,22,10715
1513368960,8.200,8.200,8.200,8.200,22,10715
1513369020,8.200,8.200,8.200,8.200,22,10715
1513369080,8.200,8.200,8.200,8.200,22,10715
1513369140,8.200,8.200,8.200,8.200,22,10715
1513369200,8.200,8.200,8.200,8.200,22,10715
1513369260,8.200,8.200,8.200,8.200,22,10715
1513369320,8.200,8.200,8.200,8.200,22,10715
1513369380,8.200,8.200,8.200,8.200,22,10715
1513369440,8.200,8.200,8.200,8.200,22,10715
1513369500,8.200,8.200,8.200,8.200,27,10829
1513369560,8.200,8.200,8.200,8.200,25,10829
1513369620,8.200,8.200,8.200,8.200,25,10829
1513369680,8.200,8.200,8.200,8.200,25,10829
1513369740,8.200,8.200,8.200,8.200,25,10829
1513369800,8.200,8.200,8.200,8.200,28,10956
1513369860,8.200,8.200,8.200,8.200,24,10956
1513369920,8.200,8.200,8.200,8.200,24,10956
1513369980,8.200,8.200,8.200,8.200,24,10956
1513370040,8.200,8.200,8.200,8.200,24,10956
1513370100,8.200,8.200,8.200,8.200,420,11080
1513370160,8.200,8.200,8.200,8.200,420,11080
1513370220,8.200,8.200,8.200,8.200,420,11080
1513370280,8.300,8.300,8.300,8.300,420,11080
1513370340,8.300,8.300,8.300,8.300,420,11080
1513370400,8.300,8.300,8.300,8.300,420,11080
1513370460,8.300,8.300,8.300,8.300,420,11080
1513370520,8.300,8.300,8.300,8.300,420,11080
1513370580,8.300,8.300,8.300,8.300,420,11080
1513370640,8.300,8.300,8.300,8.300,420,11080
1513370700,8.300,8.300,8.300,8.300,120,13180
1513370760,8.300,8.300,8.300,8.300,120,13180
1513370820,8.300,8.300,8.300,8.300,120,13180
1513370880,8.250,8.250,8.250,8.250,120,13180
1513370940,8.250,8.250,8.250,8.250,120,13180
1513371000,8.250,8.250,8.250,8.250,52,13780
1513371060,8.250,8.250,8.250,8.250,50,13780
1513371120,8.250,8.250,8.250,8.250,50,13780
1513371180,8.250,8.250,8.250,8.250,50,13780
1513371240,8.250,8.250,8.250,8.250,50,13780
1513371300,8.300,8.300,8.300,8.300,168,14032
1513371360,8.300,8.300,8.300,8.300,165,14032
1513371420,8.300,8.300,8.300,8.300,165,14032
1513371480,8.300,8.300,8.300,8.300,165,14032
1513371540,8.300,8.300,8.300,8.300,165,14032
1513607400,8.250,8.250,8.250,8.250,0,0
1513607460,8.250,8.250,8.250,8.250,0,0
1513607520,8.250,8.250,8.250,8.250,0,0
1513607580,8.250,8.250,8.250,8.250,0,0
1513607640,8.250,8.250,8.250,8.250,0,0
1513607700,8.250,8.250,8.250,8.250,0,0
1513607760,8.250,8.250,8.250,8.250,0,0
1513607820,8.250,8.250,8.250,8.250,0,0
1513607880,8.250,8.250,8.250,8.250,0,0
1513607940,8.250,8.250,8.250,8.250,0,0
1513608000,8.250,8.250,8.250,8.250,0,0
1513608060,8.250,8.250,8.250,8.250,0,0
1513608120,8.250,8.250,8.250,8.250,0,0
1513608180,8.250,8.250,8.250,8.250,0,0
1513608240,8.250,8.250,8.250,8.250,0,0
1513608300,8.250,8.250,8.250,8.250,0,0
1513608360,8.250,8.250,8.250,8.250,0,0
1513608420,8.250,8.250,8.250,8.250,0,0
1513608480,8.250,8.250,8.250,8.250,0,0
1513608540,8.250,8.250,8.250,8.250,0,0
1513608600,8.250,8.250,8.250,8.250,0,0
1513608660,8.250,8.250,8.250,8.250,0,0
1513608720,8.250,8.250,8.250,8.250,0,0
1513608780,8.250,8.250,8.250,8.250,0,0
1513608840,8.250,8.250,8.250,8.250,0,0
1513608900,8.250,8.250,8.250,8.250,571,0
1513608960,8.250,8.250,8.250,8.250,569,0
1513609020,8.250,8.250,8.250,8.250,569,0
1513609080,8.250,8.250,8.250,8.250,569,0
1513609140,8.300,8.300,8.300,8.300,569,0
1513609200,8.300,8.300,8.300,8.300,82,2847
1513609260,8.300,8.300,8.300,8.300,82,2847
1513609320,8.300,8.300,8.300,8.300,82,2847
1513609380,8.250,8.250,8.250,8.250,82,2847
1513609440,8.250,8.250,8.250,8.250,82,2847
1513609500,8.250,8.250,8.250,8.250,79,3257
1513609560,8.250,8.250,8.250,8.250,77,3257
1513609620,8.250,8.250,8.250,8.250,77,3257
1513609680,8.250,8.250,8.250,8.250,77,3257
1513609740,8.300,8.300,8.300,8.300,77,3257
1513609800,8.300,8.300,8.300,8.300,77,3257
1513609860,8.300,8.300,8.300,8.300,77,3257
1513609920,8.300,8.300,8.300,8.300,77,3257
1513609980,8.300,8.300,8.300,8.300,77,3257
1513610040,8.300,8.300,8.300,8.300,77,3257
1513610100,8.300,8.300,8.300,8.300,77,3257
1513610160,8.300,8.300,8.300,8.300,77,3257
1513610220,8.300,8.300,8.300,8.300,77,3257
1513610280,8.300,8.300,8.300,8.300,77,3257
1513610340,8.300,8.300,8.300,8.300,77,3257
1513610400,8.300,8.300,8.300,8.300,77,3257
1513610460,8.300,8.300,8.300,8.300,77,3257
1513610520,8.300,8.300,8.300,8.300,77,3257
1513610580,8.300,8.300,8.300,8.300,77,3257
1513610640,8.300,8.300,8.300,8.300,77,3257
1513610700,8.300,8.300,8.300,8.300,77,3257
1513610760,8.300,8.300,8.300,8.300,77,3257
1513610820,8.300,8.300,8.300,8.300,77,3257
1513610880,8.300,8.300,8.300,8.300,77,3257
1513610940,8.300,8.300,8.300,8.300,77,3257
1513611000,8.300,8.300,8.300,8.300,77,3257
1513611060,8.300,8.300,8.300,8.300,77,3257
1513611120,8.300,8.300,8.300,8.300,77,3257
1513611180,8.300,8.300,8.300,8.300,77,3257
1513611240,8.300,8.300,8.300,8.300,77,3257
1513611300,8.300,8.300,8.300,8.300,77,3257
1513611360,8.300,8.300,8.300,8.300,77,3257
1513611420,8.300,8.300,8.300,8.300,77,3257
1513611480,8.300,8.300,8.300,8.300,77,3257
1513611540,8.300,8.300,8.300,8.300,77,3257
1513611600,8.300,8.300,8.300,8.300,77,3257
1513611660,8.300,8.300,8.300,8.300,77,3257
1513611720,8.300,8.300,8.300,8.300,77,3257
1513611780,8.300,8.300,8.300,8.300,77,3257
1513611840,8.300,8.300,8.300,8.300,77,3257
1513611900,8.300,8.300,8.300,8.300,77,3257
1513611960,8.300,8.300,8.300,8.300,77,3257
1513612020,8.300,8.300,8.300,8.300,77,3257
1513612080,8.300,8.300,8.300,8.300,77,3257
1513612140,8.300,8.300,8.300,8.300,77,3257
1513612200,8.300,8.300,8.300,8.300,77,3257
1513612260,8.300,8.300,8.300,8.300,77,3257
1513612320,8.300,8.300,8.300,8.300,77,3257
1513612380,8.300,8.300,8.300,8.300,77,3257
1513612440,8.300,8.300,8.300,8.300,77,3257
1513612500,8.300,8.300,8.300,8.300,77,3257
1513612560,8.300,8.300,8.300,8.300,77,3257
1513612620,8.300,8.300,8.300,8.300,77,3257
1513612680,8.300,8.300,8.300,8.300,77,3257
1513612740,8.300,8.300,8.300,8.300,77,3257
1513612800,8.300,8.300,8.300,8.300,235,3644
1513612860,8.150,8.150,8.150,8.150,232,3644
1513612920,8.150,8.150,8.150,8.150,232,3644
1513612980,8.150,8.150,8.150,8.150,232,3644
1513613040,8.150,8.150,8.150,8.150,232,3644
1513613100,8.150,8.150,8.150,8.150,41,4807
1513613160,8.150,8.150,8.150,8.150,40,4807
1513613220,8.200,8.200,8.200,8.200,40,4807
1513613280,8.200,8.200,8.200,8.200,40,4807
1513613340,8.200,8.200,8.200,8.200,40,4807
1513613400,8.200,8.200,8.200,8.200,40,4807
1513613460,8.200,8.200,8.200,8.200,40,4807
1513613520,8.200,8.200,8.200,8.200,40,4807
1513613580,8.200,8.200,8.200,8.200,40,4807
1513613640,8.200,8.200,8.200,8.200,40,4807
1513613700,8.200,8.200,8.200,8.200,40,4807
1513613760,8.200,8.200,8.200,8.200,40,4807
1513613820,8.200,8.200,8.200,8.200,40,4807
1513613880,8.200,8.200,8.200,8.200,40,4807
1513613940,8.200,8.200,8.200,8.200,40,4807
1513614000,8.200,8.200,8.200,8.200,40,4807
1513614060,8.200,8.200,8.200,8.200,40,4807
1513614120,8.200,8.200,8.200,8.200,40,4807
1513614180,8.200,8.200,8.200,8.200,40,4807
1513614240,8.200,8.200,8.200,8.200,40,4807
1513614300,8.200,8.200,8.200,8.200,40,4807
1513614360,8.200,8.200,8.200,8.200,40,4807
1513614420,8.200,8.200,8.200,8.200,40,4807
1513614480,8.200,8.200,8.200,8.200,40,4807
1513614540,8.200,8.200,8.200,8.200,40,4807
1513614600,8.200,8.200,8.200,8.200,40,4807
1513614660,8.200,8.200,8.200,8.200,40,4807
1513614720,8.200,8.200,8.200,8.200,40,4807
1513614780,8.200,8.200,8.200,8.200,40,4807
1513614840,8.200,8.200,8.200,8.200,40,4807
1513614900,8.200,8.200,8.200,8.200,40,4807
1513614960,8.200,8.200,8.200,8.200,40,4807
1513615020,8.200,8.200,8.200,8.200,40,4807
1513615080,8.200,8.200,8.200,8.200,40,4807
1513615140,8.200,8.200,8.200,8.200,40,4807
1513615200,8.200,8.200,8.200,8.200,40,4807
1513615260,8.200,8.200,8.200,8.200,40,4807
1513615320,8.200,8.200,8.200,8.200,40,4807
1513615380,8.200,8.200,8.200,8.200,40,4807
1513615440,8.200,8.200,8.200,8.200,40,4807
1513615500,8.200,8.200,8.200,8.200,40,4807
1513615560,8.200,8.200,8.200,8.200,40,4807
1513615620,8.200,8.200,8.200,8.200,40,4807
1513615680,8.200,8.200,8.200,8.200,40,4807
1513615740,8.200,8.200,8.200,8.200,40,4807
1513615800,8.200,8.200,8.200,8.200,40,4807
1513615860,8.200,8.200,8.200,8.200,40,4807
1513615920,8.200,8.200,8.200,8.200,40,4807
1513615980,8.200,8.200,8.200,8.200,40,4807
1513616040,8.200,8.200,8.200,8.200,40,4807
1513616100,8.200,8.200,8.200,8.200,40,4807
1513616160,8.200,8.200,8.200,8.200,40,4807
1513616220,8.200,8.200,8.200,8.200,40,4807
1513616280,8.200,8.200,8.200,8.200,40,4807
1513616340,8.200,8.200,8.200,8.200,40,4807
1513616400,8.200,8.200,8.200,8.200,40,4807
1513616460,8.200,8.200,8.200,8.200,40,4807
1513616520,8.200,8.200,8.200,8.200,40,4807
1513616580,8.200,8.200,8.200,8.200,40,4807
1513616640,8.200,8.200,8.200,8.200,40,4807
1513616700,8.200,8.200,8.200,8.200,40,4807
1513616760,8.200,8.200,8.200,8.200,40,4807
1513616820,8.200,8.200,8.200,8.200,40,4807
1513616880,8.200,8.200,8.200,8.200,40,4807
1513616940,8.200,8.200,8.200,8.200,40,4807
1513617000,8.200,8.200,8.200,8.200,40,4807
1513617060,8.200,8.200,8.200,8.200,40,4807
1513617120,8.200,8.200,8.200,8.200,40,4807
1513617180,8.200,8.200,8.200,8.200,40,4807
1513617240,8.200,8.200,8.200,8.200,40,4807
1513617300,8.200,8.200,8.200,8.200,40,4807
1513617360,8.200,8.200,8.200,8.200,40,4807
1513617420,8.200,8.200,8.200,8.200,40,4807
1513617480,8.200,8.200,8.200,8.200,40,4807
1513617540,8.200,8.200,8.200,8.200,40,4807
1513617600,8.200,8.200,8.200,8.200,40,4807
1513617660,8.200,8.200,8.200,8.200,40,4807
1513617720,8.200,8.200,8.200,8.200,40,4807
1513617780,8.200,8.200,8.200,8.200,40,4807
1513617840,8.200,8.200,8.200,8.200,40,4807
1513617900,8.200,8.200,8.200,8.200,40,4807
1513617960,8.200,8.200,8.200,8.200,40,4807
1513618020,8.200,8.200,8.200,8.200,40,4807
1513618080,8.200,8.200,8.200,8.200,40,4807
1513618140,8.200,8.200,8.200,8.200,40,4807
1513618200,8.200,8.200,8.200,8.200,40,4807
1513618260,8.200,8.200,8.200,8.200,40,4807
1513618320,8.200,8.200,8.200,8.200,40,4807
1513618380,8.200,8.200,8.200,8.200,40,4807
1513618440,8.200,8.200,8.200,8.200,40,4807
1513618500,8.200,8.200,8.200,8.200,40,4807
1513618560,8.200,8.200,8.200,8.200,40,4807
1513618620,8.200,8.200,8.200,8.200,40,4807
1513618680,8.200,8.200,8.200,8.200,40,4807
1513618740,8.200,8.200,8.200,8.200,40,4807
1513618800,8.200,8.200,8.200,8.200,40,4807
1513618860,8.200,8.200,8.200,8.200,40,4807
1513618920,8.200,8.200,8.200,8.200,40,4807
1513618980,8.200,8.200,8.200,8.200,40,4807
1513619040,8.200,8.200,8.200,8.200,40,4807
1513619100,8.200,8.200,8.200,8.200,40,4807
1513619160,8.200,8.200,8.200,8.200,40,4807
1513619220,8.200,8.200,8.200,8.200,40,4807
1513619280,8.200,8.200,8.200,8.200,40,4807
1513619340,8.200,8.200,8.200,8.200,40,4807
1513619400,8.200,8.200,8.200,8.200,40,4807
1513619460,8.200,8.200,8.200,8.200,40,4807
1513619520,8.200,8.200,8.200,8.200,40,4807
1513619580,8.200,8.200,8.200,8.200,40,4807
1513619640,8.200,8.200,8.200,8.200,40,4807
1513619700,8.200,8.200,8.200,8.200,40,4807
1513619760,8.200,8.200,8.200,8.200,40,4807
1513619820,8.200,8.200,8.200,8.200,40,4807
1513619880,8.200,8.200,8.200,8.200,40,4807
1513619940,8.200,8.200,8.200,8.200,40,4807
1513620000,8.200,8.200,8.200,8.200,40,4807
1513620060,8.200,8.200,8.200,8.200,40,4807
1513620120,8.200,8.200,8.200,8.200,40,4807
1513620180,8.200,8.200,8.200,8.200,40,4807
1513620240,8.200,8.200,8.200,8.200,40,4807
1513620300,8.200,8.200,8.200,8.200,40,4807
1513620360,8.200,8.200,8.200,8.200,40,4807
1513620420,8.200,8.200,8.200,8.200,40,4807
1513620480,8.200,8.200,8.200,8.200,40,4807
1513620540,8.200,8.200,8.200,8.200,40,4807
1513620600,8.200,8.200,8.200,8.200,85,5008
1513620660,8.200,8.200,8.200,8.200,81,5008
1513620720,8.180,8.180,8.180,8.180,81,5008
1513620780,8.180,8.180,8.180,8.180,81,5008
1513620840,8.180,8.180,8.180,8.180,81,5008
1513620900,8.180,8.180,8.180,8.180,81,5008
1513620960,8.180,8.180,8.180,8.180,81,5008
1513621020,8.180,8.180,8.180,8.180,81,5008
1513621080,8.180,8.180,8.180,8.180,81,5008
1513621140,8.180,8.180,8.180,8.180,81,5008
1513621200,8.170,8.170,8.170,8.170,232,5417
1513621260,8.150,8.150,8.150,8.150,230,5417
1513621320,8.150,8.150,8.150,8.150,230,5417
1513621380,8.150,8.150,8.150,8.150,230,5417
1513621440,8.150,8.150,8.150,8.150,230,5417
1513621500,8.150,8.150,8.150,8.150,20,6569
1513621560,8.150,8.150,8.150,8.150,20,6569
1513621620,8.150,8.150,8.150,8.150,20,6569
1513621680,8.150,8.150,8.150,8.150,20,6569
1513621740,8.150,8.150,8.150,8.150,20,6569
1513621800,8.150,8.150,8.150,8.150,20,6569
1513621860,8.150,8.150,8.150,8.150,20,6569
1513621920,8.150,8.150,8.150,8.150,20,6569
1513621980,8.150,8.150,8.150,8.150,20,6569
1513622040,8.150,8.150,8.150,8.150,20,6569
1513622100,8.150,8.150,8.150,8.150,109,6669
1513622160,8.200,8.200,8.200,8.200,107,6669
1513622220,8.200,8.200,8.200,8.200,107,6669
1513622280,8.200,8.200,8.200,8.200,107,6669
1513622340,8.200,8.200,8.200,8.200,107,6669
1513622400,8.200,8.200,8.200,8.200,107,6669
1513622460,8.200,8.200,8.200,8.200,107,6669
1513622520,8.200,8.200,8.200,8.200,107,6669
1513622580,8.200,8.200,8.200,8.200,107,6669
1513622640,8.200,8.200,8.200,8.200,107,6669
1513622700,8.200,8.200,8.200,8.200,107,6669
1513622760,8.200,8.200,8.200,8.200,107,6669
1513622820,8.200,8.200,8.200,8.200,107,6669
1513622880,8.200,8.200,8.200,8.200,107,6669
1513622940,8.200,8.200,8.200,8.200,107,6669
1513623000,8.200,8.200,8.200,8.200,107,6669
1513623060,8.200,8.200,8.200,8.200,107,6669
1513623120,8.200,8.200,8.200,8.200,107,6669
1513623180,8.200,8.200,8.200,8.200,107,6669
1513623240,8.200,8.200,8.200,8.200,107,6669
1513623300,8.200,8.200,8.200,8.200,107,6669
1513623360,8.200,8.200,8.200,8.200,107,6669
1513623420,8.200,8.200,8.200,8.200,107,6669
1513623480,8.200,8.200,8.200,8.200,107,6669
1513623540,8.200,8.200,8.200,8.200,107,6669
1513623600,8.200,8.200,8.200,8.200,107,6669
1513623660,8.200,8.200,8.200,8.200,107,6669
1513623720,8.200,8.200,8.200,8.200,107,6669
1513623780,8.200,8.200,8.200,8.200,107,6669
1513623840,8.200,8.200,8.200,8.200,107,6669
1513623900,8.200,8.200,8.200,8.200,436,7206
1513623960,8.200,8.200,8.200,8.200,434,7206
1513624020,8.200,8.200,8.200,8.200,434,7206
1513624080,8.200,8.200,8.200,8.200,434,7206
1513624140,8.200,8.200,8.200,8.200,434,7206
1513624200,8.200,8.200,8.200,8.200,434,7206
1513624260,8.200,8.200,8.200,8.200,434,7206
1513624320,8.200,8.200,8.200,8.200,434,7206
1513624380,8.200,8.200,8.200,8.200,434,7206
1513624440,8.200,8.200,8.200,8.200,434,7206
1513624500,8.200,8.200,8.200,8.200,434,7206
1513624560,8.200,8.200,8.200,8.200,434,7206
1513624620,8.200,8.200,8.200,8.200,434,7206
1513624680,8.200,8.200,8.200,8.200,434,7206
1513624740,8.200,8.200,8.200,8.200,434,7206
1513624800,8.200,8.200,8.200,8.200,434,7206
1513624860,8.200,8.200,8.200,8.200,434,7206
1513624920,8.200,8.200,8.200,8.200,434,7206
1513624980,8.200,8.200,8.200,8.200,434,7206
1513625040,8.200,8.200,8.200,8.200,434,7206
1513625100,8.200,8.200,8.200,8.200,43,9378
1513625160,8.200,8.200,8.200,8.200,40,9378
1513625220,8.200,8.200,8.200,8.200,40,9378
1513625280,8.200,8.200,8.200,8.200,40,9378
1513625340,8.200,8.200,8.200,8.200,40,9378
1513625400,8.200,8.200,8.200,8.200,20,9581
1513625460,8.200,8.200,8.200,8.200,20,9581
1513625520,8.200,8.200,8.200,8.200,20,9581
1513625580,8.200,8.200,8.200,8.200,20,9581
1513625640,8.180,8.180,8.180,8.180,20,9581
1513625700,8.180,8.180,8.180,8.180,140,9681
1513625760,8.180,8.180,8.180,8.180,140,9681
1513625820,8.180,8.180,8.180,8.180,140,9681
1513625880,8.180,8.180,8.180,8.180,140,9681
1513625940,8.200,8.200,8.200,8.200,140,9681
1513626000,8.200,8.200,8.200,8.200,140,9681
1513626060,8.200,8.200,8.200,8.200,140,9681
1513626120,8.200,8.200,8.200,8.200,140,9681
1513626180,8.200,8.200,8.200,8.200,140,9681
1513626240,8.200,8.200,8.200,8.200,140,9681
1513626300,8.200,8.200,8.200,8.200,140,9681
1513626360,8.200,8.200,8.200,8.200,140,9681
1513626420,8.200,8.200,8.200,8.200,140,9681
1513626480,8.200,8.200,8.200,8.200,140,9681
1513626540,8.200,8.200,8.200,8.200,140,9681
1513626600,8.200,8.200,8.200,8.200,2020,10381
1513626660,8.200,8.200,8.200,8.200,2020,10381
1513626720,8.200,8.200,8.200,8.200,2020,10381
1513626780,8.200,8.200,8.200,8.200,2020,10381
1513626840,8.200,8.200,8.200,8.200,2020,10381
1513626900,8.200,8.200,8.200,8.200,2020,10381
1513626960,8.200,8.200,8.200,8.200,2020,10381
1513627020,8.200,8.200,8.200,8.200,2020,10381
1513627080,8.200,8.200,8.200,8.200,2020,10381
1513627140,8.200,8.200,8.200,8.200,2020,10381
1513627200,8.200,8.200,8.200,8.200,2020,10381
1513627260,8.200,8.200,8.200,8.200,2020,10381
1513627320,8.200,8.200,8.200,8.200,2020,10381
1513627380,8.200,8.200,8.200,8.200,2020,10381
1513627440,8.200,8.200,8.200,8.200,2020,10381
1513627500,8.200,8.200,8.200,8.200,2020,10381
1513627560,8.200,8.200,8.200,8.200,2020,10381
1513627620,8.200,8.200,8.200,8.200,2020,10381
1513627680,8.200,8.200,8.200,8.200,2020,10381
1513627740,8.200,8.200,8.200,8.200,2020,10381
1513627800,8.200,8.200,8.200,8.200,2020,10381
1513627860,8.200,8.200,8.200,8.200,2020,10381
1513627920,8.200,8.200,8.200,8.200,2020,10381
1513627980,8.200,8.200,8.200,8.200,2020,10381
1513628040,8.200,8.200,8.200,8.200,2020,10381
1513628100,8.200,8.200,8.200,8.200,2020,10381
1513628160,8.200,8.200,8.200,8.200,2020,10381
1513628220,8.200,8.200,8.200,8.200,2020,10381
1513628280,8.200,8.200,8.200,8.200,2020,10381
1513628340,8.200,8.200,8.200,8.200,2020,10381
1513628400,8.200,8.200,8.200,8.200,2020,10381
1513628460,8.200,8.200,8.200,8.200,2020,10381
1513628520,8.200,8.200,8.200,8.200,2020,10381
1513628580,8.200,8.200,8.200,8.200,2020,10381
1513628640,8.200,8.200,8.200,8.200,2020,10381
1513628700,8.200,8.200,8.200,8.200,2020,10381
1513628760,8.200,8.200,8.200,8.200,2020,10381
1513628820,8.200,8.200,8.200,8.200,2020,10381
1513628880,8.200,8.200,8.200,8.200,2020,10381
1513628940,8.200,8.200,8.200,8.200,2020,10381
1513629000,8.200,8.200,8.200,8.200,303,20481
1513629060,8.200,8.200,8.200,8.200,303,20481
1513629120,8.200,8.200,8.200,8.200,303,20481
1513629180,8.250,8.250,8.250,8.250,303,20481
1513629240,8.250,8.250,8.250,8.250,303,20481
1513629300,8.250,8.250,8.250,8.250,303,20481
1513629360,8.250,8.250,8.250,8.250,303,20481
1513629420,8.250,8.250,8.250,8.250,303,20481
1513629480,8.250,8.250,8.250,8.250,303,20481
1513629540,8.250,8.250,8.250,8.250,303,20481
1513629600,8.250,8.250,8.250,8.250,303,20481
1513629660,8.250,8.250,8.250,8.250,303,20481
1513629720,8.250,8.250,8.250,8.250,303,20481
1513629780,8.250,8.250,8.250,8.250,303,20481
1513629840,8.250,8.250,8.250,8.250,303,20481
1513629900,8.250,8.250,8.250,8.250,303,20481
1513629960,8.250,8.250,8.250,8.250,303,20481
1513630020,8.250,8.250,8.250,8.250,303,20481
1513630080,8.250,8.250,8.250,8.250,303,20481
1513630140,8.250,8.250,8.250,8.250,303,20481
1513630200,8.250,8.250,8.250,8.250,132,21996
1513630260,8.250,8.250,8.250,8.250,128,21996
1513630320,8.200,8.200,8.200,8.200,128,21996
1513693800,8.250,8.200,8.200,8.250,1126,0
1513693860,8.250,8.200,8.200,8.250,1126,0
1513693920,8.250,8.200,8.200,8.250,1126,0
1513693980,8.250,8.200,8.200,8.250,1126,0
1513694040,8.200,8.200,8.200,8.200,1126,0
1513694100,8.200,8.200,8.200,8.200,1126,0
1513694160,8.200,8.200,8.200,8.200,1126,0
1513694220,8.200,8.200,8.200,8.200,1126,0
1513694280,8.200,8.200,8.200,8.200,1126,0
1513694340,8.200,8.200,8.200,8.200,1126,0
1513694400,8.200,8.200,8.200,8.200,1126,0
1513694460,8.200,8.200,8.200,8.200,1126,0
1513694520,8.200,8.200,8.200,8.200,1126,0
1513694580,8.200,8.200,8.200,8.200,1126,0
1513694640,8.200,8.200,8.200,8.200,1126,0
1513694700,8.200,8.200,8.200,8.200,1126,0
1513694760,8.200,8.200,8.200,8.200,1126,0
1513694820,8.200,8.200,8.200,8.200,1126,0
1513694880,8.200,8.200,8.200,8.200,1126,0
1513694940,8.200,8.200,8.200,8.200,1126,0
1513695000,8.200,8.200,8.200,8.200,1126,0
1513695060,8.200,8.200,8.200,8.200,1126,0
1513695120,8.200,8.200,8.200,8.200,1126,0
1513695180,8.200,8.200,8.200,8.200,1126,0
1513695240,8.200,8.200,8.200,8.200,1126,0
1513695300,8.200,8.200,8.200,8.200,1126,0
1513695360,8.200,8.200,8.200,8.200,1126,0
1513695420,8.200,8.200,8.200,8.200,1126,0
1513695480,8.200,8.200,8.200,8.200,1126,0
1513695540,8.200,8.200,8.200,8.200,1126,0
1513695600,8.200,8.200,8.200,8.200,1126,0
1513695660,8.200,8.200,8.200,8.200,1126,0
1513695720,8.200,8.200,8.200,8.200,1126,0
1513695780,8.200,8.200,8.200,8.200,1126,0
1513695840,8.200,8.200,8.200,8.200,1126,0
1513695900,8.200,8.200,8.200,8.200,1126,0
1513695960,8.200,8.200,8.200,8.200,1126,0
1513696020,8.200,8.200,8.200,8.200,1126,0
1513696080,8.200,8.200,8.200,8.200,1126,0
1513696140,8.200,8.200,8.200,8.200,1126,0
1513696200,8.200,8.200,8.200,8.200,1126,0
1513696260,8.200,8.200,8.200,8.200,1126,0
1513696320,8.200,8.200,8.200,8.200,1126,0
1513696380,8.200,8.200,8.200,8.200,1126,0
1513696440,8.200,8.200,8.200,8.200,1126,0
1513696500,8.200,8.200,8.200,8.200,37,5630
1513696560,8.200,8.200,8.200,8.200,37,5630
1513696620,8.200,8.200,8.200,8.200,37,5630
1513696680,8.200,8.200,8.200,8.200,37,5630
1513696740,8.200,8.200,8.200,8.200,37,5630
1513696800,8.200,8.200,8.200,8.200,37,5630
1513696860,8.200,8.200,8.200,8.200,37,5630
1513696920,8.200,8.200,8.200,8.200,37,5630
1513696980,8.200,8.200,8.200,8.200,37,5630
1513697040,8.200,8.200,8.200,8.200,37,5630
1513697100,8.200,8.200,8.200,8.200,37,5630
1513697160,8.200,8.200,8.200,8.200,37,5630
1513697220,8.200,8.200,8.200,8.200,37,5630
1513697280,8.200,8.200,8.200,8.200,37,5630
1513697340,8.200,8.200,8.200,8.200,37,5630
1513697400,8.200,8.200,8.200,8.200,37,5630
1513697460,8.200,8.200,8.200,8.200,37,5630
1513697520,8.200,8.200,8.200,8.200,37,5630
1513697580,8.200,8.200,8.200,8.200,37,5630
1513697640,8.200,8.200,8.200,8.200,37,5630
1513697700,8.200,8.200,8.200,8.200,37,5630
1513697760,8.200,8.200,8.200,8.200,37,5630
1513697820,8.200,8.200,8.200,8.200,37,5630
1513697880,8.200,8.200,8.200,8.200,37,5630
1513697940,8.200,8.200,8.200,8.200,37,5630
1513698000,8.200,8.200,8.200,8.200,37,5630
1513698060,8.200,8.200,8.200,8.200,37,5630
1513698120,8.200,8.200,8.200,8.200,37,5630
1513698180,8.200,8.200,8.200,8.200,37,5630
1513698240,8.200,8.200,8.200,8.200,37,5630
1513698300,8.200,8.200,8.200,8.200,120,5815
1513698360,8.200,8.200,8.200,8.200,120,5815
1513698420,8.200,8.200,8.200,8.200,120,5815
1513698480,8.200,8.200,8.200,8.200,120,5815
1513698540,8.200,8.200,8.200,8.200,120,5815
1513698600,8.200,8.200,8.200,8.200,120,5815
1513698660,8.200,8.200,8.200,8.200,120,5815
1513698720,8.200,8.200,8.200,8.200,120,5815
1513698780,8.200,8.200,8.200,8.200,120,5815
1513698840,8.200,8.200,8.200,8.200,120,5815
1513698900,8.200,8.200,8.200,8.200,120,5815
1513698960,8.200,8.200,8.200,8.200,120,5815
1513699020,8.200,8.200,8.200,8.200,120,5815
1513699080,8.200,8.200,8.200,8.200,120,5815
1513699140,8.200,8.200,8.200,8.200,120,5815
1513699200,8.200,8.200,8.200,8.200,120,5815
1513699260,8.200,8.200,8.200,8.200,120,5815
1513699320,8.200,8.200,8.200,8.200,120,5815
1513699380,8.200,8.200,8.200,8.200,120,5815
1513699440,8.200,8.200,8.200,8.200,120,5815
1513699500,8.200,8.200,8.200,8.200,120,5815
1513699560,8.200,8.200,8.200,8.200,120,5815
1513699620,8.200,8.200,8.200,8.200,120,5815
1513699680,8.200,8.200,8.200,8.200,120,5815
1513699740,8.200,8.200,8.200,8.200,120,5815
1513699800,8.200,8.200,8.200,8.200,120,5815
1513699860,8.200,8.200,8.200,8.200,120,5815
1513699920,8.200,8.200,8.200,8.200,120,5815
1513699980,8.200,8.200,8.200,8.200,120,5815
1513700040,8.200,8.200,8.200,8.200,120,5815
1513700100,8.200,8.200,8.200,8.200,120,5815
1513700160,8.200,8.200,8.200,8.200,120,5815
1513700220,8.200,8.200,8.200,8.200,120,5815
1513700280,8.200,8.200,8.200,8.200,120,5815
1513700340,8.200,8.200,8.200,8.200,120,5815
1513700400,8.200,8.200,8.200,8.200,120,5815
1513700460,8.200,8.200,8.200,8.200,120,5815
1513700520,8.200,8.200,8.200,8.200,120,5815
1513700580,8.200,8.200,8.200,8.200,120,5815
1513700640,8.200,8.200,8.200,8.200,120,5815
1513700700,8.200,8.200,8.200,8.200,120,5815
1513700760,8.200,8.200,8.200,8.200,120,5815
1513700820,8.200,8.200,8.200,8.200,120,5815
1513700880,8.200,8.200,8.200,8.200,120,5815
1513700940,8.200,8.200,8.200,8.200,120,5815
1513701000,8.200,8.200,8.200,8.200,120,5815
1513701060,8.200,8.200,8.200,8.200,120,5815
1513701120,8.200,8.200,8.200,8.200,120,5815
1513701180,8.200,8.200,8.200,8.200,120,5815
1513701240,8.200,8.200,8.200,8.200,120,5815
1513701300,8.200,8.200,8.200,8.200,120,5815
1513701360,8.200,8.200,8.200,8.200,120,5815
1513701420,8.200,8.200,8.200,8.200,120,5815
1513701480,8.200,8.200,8.200,8.200,120,5815
1513701540,8.200,8.200,8.200,8.200,120,5815
1513701600,8.200,8.200,8.200,8.200,120,5815
1513701660,8.200,8.200,8.200,8.200,120,5815
1513701720,8.200,8.200,8.200,8.200,120,5815
1513701780,8.200,8.200,8.200,8.200,120,5815
1513701840,8.200,8.200,8.200,8.200,120,5815
1513701900,8.200,8.200,8.200,8.200,120,5815
1513701960,8.200,8.200,8.200,8.200,120,5815
1513702020,8.200,8.200,8.200,8.200,120,5815
1513702080,8.200,8.200,8.200,8.200,120,5815
1513702140,8.200,8.200,8.200,8.200,120,5815
1513702200,8.200,8.200,8.200,8.200,120,5815
1513702260,8.200,8.200,8.200,8.200,120,5815
1513702320,8.200,8.200,8.200,8.200,120,5815
1513702380,8.200,8.200,8.200,8.200,120,5815
1513702440,8.200,8.200,8.200,8.200,120,5815
1513702500,8.200,8.200,8.200,8.200,228,6415
1513702560,8.200,8.200,8.200,8.200,227,6415
1513702620,8.200,8.200,8.200,8.200,227,6415
1513702680,8.200,8.200,8.200,8.200,227,6415
1513702740,8.200,8.200,8.200,8.200,227,6415
1513702800,8.200,8.200,8.200,8.200,20,7551
1513702860,8.200,8.200,8.200,8.200,20,7551
1513702920,8.200,8.200,8.200,8.200,20,7551
1513702980,8.200,8.200,8.200,8.200,20,7551
1513703040,8.200,8.200,8.200,8.200,20,7551
1513703100,8.200,8.200,8.200,8.200,20,7551
1513703160,8.200,8.200,8.200,8.200,20,7551
1513703220,8.200,8.200,8.200,8.200,20,7551
1513703280,8.200,8.200,8.200,8.200,20,7551
1513703340,8.200,8.200,8.200,8.200,20,7551
1513703400,8.200,8.200,8.200,8.200,20,7551
1513703460,8.200,8.200,8.200,8.200,20,7551
1513703520,8.200,8.200,8.200,8.200,20,7551
1513703580,8.200,8.200,8.200,8.200,20,7551
1513703640,8.200,8.200,8.200,8.200,20,7551
1513703700,8.200,8.200,8.200,8.200,20,7551
1513703760,8.200,8.200,8.200,8.200,20,7551
1513703820,8.200,8.200,8.200,8.200,20,7551
1513703880,8.200,8.200,8.200,8.200,20,7551
1513703940,8.200,8.200,8.200,8.200,20,7551
1513704000,8.200,8.200,8.200,8.200,20,7551
1513704060,8.200,8.200,8.200,8.200,20,7551
1513704120,8.200,8.200,8.200,8.200,20,7551
1513704180,8.200,8.200,8.200,8.200,20,7551
1513704240,8.200,8.200,8.200,8.200,20,7551
1513704300,8.200,8.200,8.200,8.200,20,7551
1513704360,8.200,8.200,8.200,8.200,20,7551
1513704420,8.200,8.200,8.200,8.200,20,7551
1513704480,8.200,8.200,8.200,8.200,20,7551
1513704540,8.200,8.200,8.200,8.200,20,7551
1513704600,8.200,8.200,8.200,8.200,20,7551
1513704660,8.200,8.200,8.200,8.200,20,7551
1513704720,8.200,8.200,8.200,8.200,20,7551
1513704780,8.200,8.200,8.200,8.200,20,7551
1513704840,8.200,8.200,8.200,8.200,20,7551
1513704900,8.200,8.200,8.200,8.200,20,7551
1513704960,8.200,8.200,8.200,8.200,20,7551
1513705020,8.200,8.200,8.200,8.200,20,7551
1513705080,8.200,8.200,8.200,8.200,20,7551
1513705140,8.200,8.200,8.200,8.200,20,7551
1513705200,8.200,8.200,8.200,8.200,20,7551
1513705260,8.200,8.200,8.200,8.200,20,7551
1513705320,8.200,8.200,8.200,8.200,20,7551
1513705380,8.200,8.200,8.200,8.200,20,7551
1513705440,8.200,8.200,8.200,8.200,20,7551
1513705500,8.200,8.200,8.200,8.200,20,7551
1513705560,8.200,8.200,8.200,8.200,20,7551
1513705620,8.200,8.200,8.200,8.200,20,7551
1513705680,8.200,8.200,8.200,8.200,20,7551
1513705740,8.200,8.200,8.200,8.200,20,7551
1513705800,8.200,8.200,8.200,8.200,20,7551
1513705860,8.200,8.200,8.200,8.200,20,7551
1513705920,8.200,8.200,8.200,8.200,20,7551
1513705980,8.200,8.200,8.200,8.200,20,7551
1513706040,8.200,8.200,8.200,8.200,20,7551
1513706100,8.200,8.200,8.200,8.200,20,7551
1513706160,8.200,8.200,8.200,8.200,20,7551
1513706220,8.200,8.200,8.200,8.200,20,7551
1513706280,8.200,8.200,8.200,8.200,20,7551
1513706340,8.200,8.200,8.200,8.200,20,7551
1513706400,8.200,8.200,8.200,8.200,20,7551
1513706460,8.200,8.200,8.200,8.200,20,7551
1513706520,8.200,8.200,8.200,8.200,20,7551
1513706580,8.200,8.200,8.200,8.200,20,7551
1513706640,8.200,8.200,8.200,8.200,20,7551
1513706700,8.200,8.200,8.200,8.200,20,7551
1513706760,8.200,8.200,8.200,8.200,20,7551
1513706820,8.200,8.200,8.200,8.200,20,7551
1513706880,8.200,8.200,8.200,8.200,20,7551
1513706940,8.200,8.200,8.200,8.200,20,7551
1513707000,8.200,8.200,8.200,8.200,362,7651
1513707060,8.200,8.200,8.200,8.200,361,7651
1513707120,8.200,8.200,8.200,8.200,361,7651
1513707180,8.200,8.200,8.200,8.200,361,7651
1513707240,8.200,8.200,8.200,8.200,361,7651
1513707300,8.200,8.200,8.200,8.200,260,9457
1513707360,8.200,8.200,8.200,8.200,260,9457
1513707420,8.200,8.200,8.200,8.200,260,9457
1513707480,8.200,8.200,8.200,8.200,260,9457
1513707540,8.200,8.200,8.200,8.200,260,9457
1513707600,8.200,8.200,8.200,8.200,260,9457
1513707660,8.200,8.200,8.200,8.200,260,9457
1513707720,8.200,8.200,8.200,8.200,260,9457
1513707780,8.200,8.200,8.200,8.200,260,9457
1513707840,8.200,8.200,8.200,8.200,260,9457
1513707900,8.200,8.200,8.200,8.200,260,9457
1513707960,8.200,8.200,8.200,8.200,260,9457
1513708020,8.200,8.200,8.200,8.200,260,9457
1513708080,8.200,8.200,8.200,8.200,260,9457
1513708140,8.200,8.200,8.200,8.200,260,9457
1513708200,8.200,8.200,8.200,8.200,260,9457
1513708260,8.200,8.200,8.200,8.200,260,9457
1513708320,8.200,8.200,8.200,8.200,260,9457
1513708380,8.200,8.200,8.200,8.200,260,9457
1513708440,8.200,8.200,8.200,8.200,260,9457
1513708500,8.200,8.200,8.200,8.200,260,9457
1513708560,8.200,8.200,8.200,8.200,260,9457
1513708620,8.200,8.200,8.200,8.200,260,9457
1513708680,8.200,8.200,8.200,8.200,260,9457
1513708740,8.200,8.200,8.200,8.200,260,9457
1513708800,8.200,8.200,8.200,8.200,260,9457
1513708860,8.200,8.200,8.200,8.200,260,9457
1513708920,8.200,8.200,8.200,8.200,260,9457
1513708980,8.200,8.200,8.200,8.200,260,9457
1513709040,8.200,8.200,8.200,8.200,260,9457
1513709100,8.200,8.200,8.200,8.200,260,9457
1513709160,8.200,8.200,8.200,8.200,260,9457
1513709220,8.200,8.200,8.200,8.200,260,9457
1513709280,8.200,8.200,8.200,8.200,260,9457
1513709340,8.200,8.200,8.200,8.200,260,9457
1513709400,8.200,8.200,8.200,8.200,260,9457
1513709460,8.200,8.200,8.200,8.200,260,9457
1513709520,8.200,8.200,8.200,8.200,260,9457
1513709580,8.200,8.200,8.200,8.200,260,9457
1513709640,8.200,8.200,8.200,8.200,260,9457
1513709700,8.200,8.200,8.200,8.200,61,10757
1513709760,8.200,8.200,8.200,8.200,60,10757
1513709820,8.250,8.250,8.250,8.250,60,10757
1513709880,8.250,8.250,8.250,8.250,60,10757
1513709940,8.250,8.250,8.250,8.250,60,10757
1513710000,8.250,8.250,8.250,8.250,60,10757
1513710060,8.250,8.250,8.250,8.250,60,10757
1513710120,8.250,8.250,8.250,8.250,60,10757
1513710180,8.250,8.250,8.250,8.250,60,10757
1513710240,8.250,8.250,8.250,8.250,60,10757
1513710300,8.250,8.250,8.250,8.250,20,11058
1513710360,8.250,8.250,8.250,8.250,20,11058
1513710420,8.250,8.250,8.250,8.250,20,11058
1513710480,8.250,8.250,8.250,8.250,20,11058
1513710540,8.250,8.250,8.250,8.250,20,11058
1513710600,8.250,8.250,8.250,8.250,20,11158
1513710660,8.250,8.250,8.250,8.250,20,11158
1513710720,8.250,8.250,8.250,8.250,20,11158
1513710780,8.250,8.250,8.250,8.250,20,11158
1513710840,8.250,8.250,8.250,8.250,20,11158
1513710900,8.250,8.250,8.250,8.250,20,11158
1513710960,8.250,8.250,8.250,8.250,20,11158
1513711020,8.250,8.250,8.250,8.250,20,11158
1513711080,8.250,8.250,8.250,8.250,20,11158
1513711140,8.250,8.250,8.250,8.250,20,11158
1513711200,8.250,8.250,8.250,8.250,20,11158
1513711260,8.250,8.250,8.250,8.250,20,11158
1513711320,8.250,8.250,8.250,8.250,20,11158
1513711380,8.250,8.250,8.250,8.250,20,11158
1513711440,8.250,8.250,8.250,8.250,20,11158
1513711500,8.250,8.250,8.250,8.250,20,11158
1513711560,8.250,8.250,8.250,8.250,20,11158
1513711620,8.250,8.250,8.250,8.250,20,11158
1513711680,8.250,8.250,8.250,8.250,20,11158
1513711740,8.250,8.250,8.250,8.250,20,11158
1513711800,8.250,8.250,8.250,8.250,20,11158
1513711860,8.250,8.250,8.250,8.250,20,11158
1513711920,8.250,8.250,8.250,8.250,20,11158
1513711980,8.250,8.250,8.250,8.250,20,11158
1513712040,8.250,8.250,8.250,8.250,20,11158
1513712100,8.250,8.250,8.250,8.250,20,11158
1513712160,8.250,8.250,8.250,8.250,20,11158
1513712220,8.250,8.250,8.250,8.250,20,11158
1513712280,8.250,8.250,8.250,8.250,20,11158
1513712340,8.250,8.250,8.250,8.250,20,11158
1513712400,8.250,8.250,8.250,8.250,20,11158
1513712460,8.250,8.250,8.250,8.250,20,11158
1513712520,8.250,8.250,8.250,8.250,20,11158
1513712580,8.250,8.250,8.250,8.250,20,11158
1513712640,8.250,8.250,8.250,8.250,20,11158
1513712700,8.250,8.250,8.250,8.250,1312,11258
1513712760,8.250,8.250,8.250,8.250,1312,11258
1513712820,8.250,8.250,8.250,8.250,1312,11258
1513712880,8.250,8.250,8.250,8.250,1312,11258
1513712940,8.250,8.300,8.250,8.300,1312,11258
1513713000,8.250,8.300,8.250,8.300,161,17818
1513713060,8.250,8.300,8.250,8.300,161,17818
1513713120,8.350,8.350,8.350,8.350,161,17818
1513713180,8.350,8.350,8.350,8.350,161,17818
1513713240,8.350,8.350,8.350,8.350,161,17818
1513713300,8.350,8.350,8.350,8.350,80,18623
1513713360,8.350,8.350,8.350,8.350,80,18623
1513713420,8.350,8.350,8.350,8.350,80,18623
1513713480,8.350,8.350,8.350,8.350,80,18623
1513713540,8.350,8.350,8.350,8.350,80,18623
1513713600,8.350,8.350,8.350,8.350,80,18623
1513713660,8.350,8.350,8.350,8.350,80,18623
1513713720,8.350,8.350,8.350,8.350,80,18623
1513713780,8.350,8.350,8.350,8.350,80,18623
1513713840,8.350,8.350,8.350,8.350,80,18623
1513713900,8.350,8.350,8.350,8.350,80,18623
1513713960,8.350,8.350,8.350,8.350,80,18623
1513714020,8.350,8.350,8.350,8.350,80,18623
1513714080,8.350,8.350,8.350,8.350,80,18623
1513714140,8.350,8.350,8.350,8.350,80,18623
1513714200,8.350,8.350,8.350,8.350,87,19023
1513714260,8.350,8.350,8.350,8.350,87,19023
1513714320,8.350,8.350,8.350,8.350,87,19023
1513714380,8.350,8.350,8.350,8.350,87,19023
1513714440,8.450,8.450,8.450,8.450,87,19023
1513714500,8.450,8.450,8.450,8.450,87,19023
1513714560,8.450,8.450,8.450,8.450,87,19023
1513714620,8.450,8.450,8.450,8.450,87,19023
1513714680,8.450,8.450,8.450,8.450,87,19023
1513714740,8.450,8.450,8.450,8.450,87,19023
1513714800,8.450,8.450,8.450,8.450,87,19023
1513714860,8.450,8.450,8.450,8.450,87,19023
1513714920,8.450,8.450,8.450,8.450,87,19023
1513714980,8.450,8.450,8.450,8.450,87,19023
1513715040,8.450,8.450,8.450,8.450,87,19023
1513715100,8.400,8.400,8.400,8.400,987,19458
1513715160,8.450,8.450,8.450,8.450,987,19458
1513715220,8.450,8.450,8.450,8.450,987,19458
1513715280,8.450,8.450,8.450,8.450,987,19458
1513715340,8.400,8.400,8.400,8.400,987,19458
1513715400,8.400,8.400,8.400,8.400,987,19458
1513715460,8.400,8.400,8.400,8.400,987,19458
1513715520,8.400,8.400,8.400,8.400,987,19458
1513715580,8.400,8.400,8.400,8.400,987,19458
1513715640,8.400,8.400,8.400,8.400,987,19458
1513715700,8.400,8.400,8.400,8.400,987,19458
1513715760,8.400,8.400,8.400,8.400,987,19458
1513715820,8.400,8.400,8.400,8.400,987,19458
1513715880,8.400,8.400,8.400,8.400,987,19458
1513715940,8.400,8.400,8.400,8.400,987,19458
1513716000,8.400,8.400,8.400,8.400,987,19458
1513716060,8.400,8.400,8.400,8.400,987,19458
1513716120,8.400,8.400,8.400,8.400,987,19458
1513716180,8.400,8.400,8.400,8.400,987,19458
1513716240,8.400,8.400,8.400,8.400,987,19458
1513716300,8.350,8.350,8.350,8.350,350,24393
1513716360,8.350,8.400,8.350,8.400,346,24393
1513716420,8.350,8.400,8.350,8.400,346,24393
1513716480,8.350,8.350,8.350,8.350,346,24393
1513716540,8.350,8.350,8.350,8.350,346,24393
1513716600,8.350,8.350,8.350,8.350,331,26127
1513716660,8.350,8.350,8.350,8.350,327,26127
1513716720,8.350,8.350,8.350,8.350,327,26127
1513716780,8.350,8.350,8.350,8.350,327,26127
1513716840,8.350,8.350,8.350,8.350,327,26127
1513716900,8.350,8.350,8.350,8.350,320,27766
1513716960,8.350,8.350,8.350,8.350,320,27766
1513717020,8.350,8.350,8.350,8.350,320,27766
1513717080,8.350,8.350,8.350,8.350,320,27766
1513780200,8.350,8.350,8.350,8.350,0,0
1513780260,8.350,8.350,8.350,8.350,0,0
1513780320,8.350,8.350,8.350,8.350,0,0
1513780380,8.350,8.350,8.350,8.350,0,0
1513780440,8.350,8.350,8.350,8.350,0,0
1513780500,8.350,8.350,8.350,8.350,0,0
1513780560,8.350,8.350,8.350,8.350,0,0
1513780620,8.350,8.350,8.350,8.350,0,0
1513780680,8.350,8.350,8.350,8.350,0,0
1513780740,8.350,8.350,8.350,8.350,0,0
1513780800,8.350,8.350,8.350,8.350,0,0
1513780860,8.350,8.350,8.350,8.350,0,0
1513780920,8.350,8.350,8.350,8.350,0,0
1513780980,8.350,8.350,8.350,8.350,0,0
1513781040,8.350,8.350,8.350,8.350,0,0
1513781100,8.350,8.350,8.350,8.350,0,0
1513781160,8.350,8.350,8.350,8.350,0,0
1513781220,8.350,8.350,8.350,8.350,0,0
1513781280,8.350,8.350,8.350,8.350,0,0
1513781340,8.350,8.350,8.350,8.350,0,0
1513781400,8.350,8.350,8.350,8.350,0,0
1513781460,8.350,8.350,8.350,8.350,0,0
1513781520,8.350,8.350,8.350,8.350,0,0
1513781580,8.350,8.350,8.350,8.350,0,0
1513781640,8.350,8.350,8.350,8.350,0,0
1513781700,8.350,8.350,8.350,8.350,0,0
1513781760,8.350,8.350,8.350,8.350,0,0
1513781820,8.350,8.350,8.350,8.350,0,0
1513781880,8.350,8.350,8.350,8.350,0,0
1513781940,8.350,8.350,8.350,8.350,0,0
1513782000,8.350,8.350,8.350,8.350,0,0
1513782060,8.350,8.350,8.350,8.350,0,0
1513782120,8.350,8.350,8.350,8.350,0,0
1513782180,8.350,8.350,8.350,8.350,0,0
1513782240,8.350,8.350,8.350,8.350,0,0
1513782300,8.350,8.350,8.350,8.350,0,0
1513782360,8.350,8.350,8.350,8.350,0,0
1513782420,8.350,8.350,8.350,8.350,0,0
1513782480,8.350,8.350,8.350,8.350,0,0
1513782540,8.350,8.350,8.350,8.350,0,0
1513782600,8.350,8.350,8.350,8.350,187,0
1513782660,8.350,8.350,8.350,8.350,185,0
1513782720,8.350,8.350,8.350,8.350,185,0
1513782780,8.350,8.350,8.350,8.350,185,0
1513782840,8.250,8.250,8.250,8.250,185,0
1513782900,8.250,8.250,8.250,8.250,185,0
1513782960,8.250,8.250,8.250,8.250,185,0
1513783020,8.250,8.250,8.250,8.250,185,0
1513783080,8.250,8.250,8.250,8.250,185,0
1513783140,8.250,8.250,8.250,8.250,185,0
1513783200,8.250,8.250,8.250,8.250,185,0
1513783260,8.250,8.250,8.250,8.250,185,0
1513783320,8.250,8.250,8.250,8.250,185,0
1513783380,8.250,8.250,8.250,8.250,185,0
1513783440,8.250,8.250,8.250,8.250,185,0
1513783500,8.250,8.250,8.250,8.250,185,0
1513783560,8.250,8.250,8.250,8.250,185,0
1513783620,8.250,8.250,8.250,8.250,185,0
1513783680,8.250,8.250,8.250,8.250,185,0
1513783740,8.250,8.250,8.250,8.250,185,0
1513783800,8.250,8.250,8.250,8.250,185,0
1513783860,8.250,8.250,8.250,8.250,185,0
1513783920,8.250,8.250,8.250,8.250,185,0
1513783980,8.250,8.250,8.250,8.250,185,0
1513784040,8.250,8.250,8.250,8.250,185,0
1513784100,8.250,8.250,8.250,8.250,185,0
1513784160,8.250,8.250,8.250,8.250,185,0
1513784220,8.250,8.250,8.250,8.250,185,0
1513784280,8.250,8.250,8.250,8.250,185,0
1513784340,8.250,8.250,8.250,8.250,185,0
1513784400,8.250,8.250,8.250,8.250,62,927
1513784460,8.250,8.250,8.250,8.250,60,927
1513784520,8.250,8.250,8.250,8.250,60,927
1513784580,8.250,8.250,8.250,8.250,60,927
1513784640,8.300,8.300,8.300,8.300,60,927
1513784700,8.300,8.300,8.300,8.300,60,927
1513784760,8.300,8.300,8.300,8.300,60,927
1513784820,8.300,8.300,8.300,8.300,60,927
1513784880,8.300,8.300,8.300,8.300,60,927
1513784940,8.300,8.300,8.300,8.300,60,927
1513785000,8.300,8.300,8.300,8.300,60,927
1513785060,8.300,8.300,8.300,8.300,60,927
1513785120,8.300,8.300,8.300,8.300,60,927
1513785180,8.300,8.300,8.300,8.300,60,927
1513785240,8.300,8.300,8.300,8.300,60,927
1513785300,8.300,8.300,8.300,8.300,60,927
1513785360,8.300,8.300,8.300,8.300,60,927
1513785420,8.300,8.300,8.300,8.300,60,927
1513785480,8.300,8.300,8.300,8.300,60,927
1513785540,8.300,8.300,8.300,8.300,60,927
1513785600,8.300,8.300,8.300,8.300,60,927
1513785660,8.300,8.300,8.300,8.300,60,927
1513785720,8.300,8.300,8.300,8.300,60,927
1513785780,8.300,8.300,8.300,8.300,60,927
1513785840,8.300,8.300,8.300,8.300,60,927
1513785900,8.300,8.300,8.300,8.300,60,927
1513785960,8.300,8.300,8.300,8.300,60,927
1513786020,8.300,8.300,8.300,8.300,60,927
1513786080,8.300,8.300,8.300,8.300,60,927
1513786140,8.300,8.300,8.300,8.300,60,927
1513786200,8.300,8.300,8.300,8.300,60,927
1513786260,8.300,8.300,8.300,8.300,60,927
1513786320,8.300,8.300,8.300,8.300,60,927
1513786380,8.300,8.300,8.300,8.300,60,927
1513786440,8.300,8.300,8.300,8.300,60,927
1513786500,8.300,8.300,8.300,8.300,60,927
1513786560,8.300,8.300,8.300,8.300,60,927
1513786620,8.300,8.300,8.300,8.300,60,927
1513786680,8.300,8.300,8.300,8.300,60,927
1513786740,8.300,8.300,8.300,8.300,60,927
1513786800,8.300,8.300,8.300,8.300,25,1229
1513786860,8.350,8.350,8.350,8.350,25,1229
1513786920,8.350,8.350,8.350,8.350,25,1229
1513786980,8.350,8.350,8.350,8.350,25,1229
1513787040,8.350,8.350,8.350,8.350,25,1229
1513787100,8.350,8.350,8.350,8.350,60,1354
1513787160,8.350,8.350,8.350,8.350,57,1354
1513787220,8.350,8.350,8.350,8.350,57,1354
1513787280,8.350,8.350,8.350,8.350,57,1354
1513787340,8.450,8.450,8.450,8.450,57,1354
1513787400,8.450,8.450,8.450,8.450,57,1354
1513787460,8.450,8.450,8.450,8.450,57,1354
1513787520,8.450,8.450,8.450,8.450,57,1354
1513787580,8.450,8.450,8.450,8.450,57,1354
1513787640,8.450,8.450,8.450,8.450,57,1354
1513787700,8.450,8.450,8.450,8.450,57,1354
1513787760,8.450,8.450,8.450,8.450,57,1354
1513787820,8.450,8.450,8.450,8.450,57,1354
1513787880,8.450,8.450,8.450,8.450,57,1354
1513787940,8.450,8.450,8.450,8.450,57,1354
1513788000,8.450,8.450,8.450,8.450,57,1354
1513788060,8.450,8.450,8.450,8.450,57,1354
1513788120,8.450,8.450,8.450,8.450,57,1354
1513788180,8.450,8.450,8.450,8.450,57,1354
1513788240,8.450,8.450,8.450,8.450,57,1354
1513788300,8.450,8.450,8.450,8.450,57,1354
1513788360,8.450,8.450,8.450,8.450,57,1354
1513788420,8.450,8.450,8.450,8.450,57,1354
1513788480,8.450,8.450,8.450,8.450,57,1354
1513788540,8.450,8.450,8.450,8.450,57,1354
1513788600,8.450,8.450,8.450,8.450,22,1642
1513788660,8.450,8.450,8.450,8.450,20,1642
1513788720,8.300,8.300,8.300,8.300,20,1642
1513788780,8.300,8.300,8.300,8.300,20,1642
1513788840,8.300,8.300,8.300,8.300,20,1642
1513788900,8.300,8.300,8.300,8.300,20,1642
1513788960,8.300,8.300,8.300,8.300,20,1642
1513789020,8.300,8.300,8.300,8.300,20,1642
1513789080,8.300,8.300,8.300,8.300,20,1642
1513789140,8.300,8.300,8.300,8.300,20,1642
1513789200,8.300,8.300,8.300,8.300,20,1642
1513789260,8.300,8.300,8.300,8.300,20,1642
1513789320,8.300,8.300,8.300,8.300,20,1642
1513789380,8.300,8.300,8.300,8.300,20,1642
1513789440,8.300,8.300,8.300,8.300,20,1642
1513789500,8.300,8.300,8.300,8.300,20,1642
1513789560,8.300,8.300,8.300,8.300,20,1642
1513789620,8.300,8.300,8.300,8.300,20,1642
1513789680,8.300,8.300,8.300,8.300,20,1642
1513789740,8.300,8.300,8.300,8.300,20,1642
1513789800,8.300,8.300,8.300,8.300,20,1642
1513789860,8.300,8.300,8.300,8.300,20,1642
1513789920,8.300,8.300,8.300,8.300,20,1642
1513789980,8.300,8.300,8.300,8.300,20,1642
1513790040,8.300,8.300,8.300,8.300,20,1642
1513790100,8.300,8.300,8.300,8.300,20,1642
1513790160,8.300,8.300,8.300,8.300,20,1642
1513790220,8.300,8.300,8.300,8.300,20,1642
1513790280,8.300,8.300,8.300,8.300,20,1642
1513790340,8.300,8.300,8.300,8.300,20,1642
1513790400,8.300,8.300,8.300,8.300,20,1642
1513790460,8.300,8.300,8.300,8.300,20,1642
1513790520,8.300,8.300,8.300,8.300,20,1642
1513790580,8.300,8.300,8.300,8.300,20,1642
1513790640,8.300,8.300,8.300,8.300,20,1642
1513790700,8.300,8.300,8.300,8.300,20,1642
1513790760,8.300,8.300,8.300,8.300,20,1642
1513790820,8.300,8.300,8.300,8.300,20,1642
1513790880,8.300,8.300,8.300,8.300,20,1642
1513790940,8.300,8.300,8.300,8.300,20,1642
1513791000,8.300,8.300,8.300,8.300,20,1642
1513791060,8.300,8.300,8.300,8.300,20,1642
1513791120,8.300,8.300,8.300,8.300,20,1642
1513791180,8.300,8.300,8.300,8.300,20,1642
1513791240,8.300,8.300,8.300,8.300,20,1642
1513791300,8.300,8.300,8.300,8.300,20,1642
1513791360,8.300,8.300,8.300,8.300,20,1642
1513791420,8.300,8.300,8.300,8.300,20,1642
1513791480,8.300,8.300,8.300,8.300,20,1642
1513791540,8.300,8.300,8.300,8.300,20,1642
1513791600,8.300,8.300,8.300,8.300,20,1642
1513791660,8.300,8.300,8.300,8.300,20,1642
1513791720,8.300,8.300,8.300,8.300,20,1642
1513791780,8.300,8.300,8.300,8.300,20,1642
1513791840,8.300,8.300,8.300,8.300,20,1642
1513791900,8.300,8.300,8.300,8.300,20,1642
1513791960,8.300,8.300,8.300,8.300,20,1642
1513792020,8.300,8.300,8.300,8.300,20,1642
1513792080,8.300,8.300,8.300,8.300,20,1642
1513792140,8.300,8.300,8.300,8.300,20,1642
1513792200,8.300,8.300,8.300,8.300,20,1642
1513792260,8.300,8.300,8.300,8.300,20,1642
1513792320,8.300,8.300,8.300,8.300,20,1642
1513792380,8.300,8.300,8.300,8.300,20,1642
1513792440,8.300,8.300,8.300,8.300,20,1642
1513792500,8.300,8.300,8.300,8.300,20,1642
1513792560,8.300,8.300,8.300,8.300,20,1642
1513792620,8.300,8.300,8.300,8.300,20,1642
1513792680,8.300,8.300,8.300,8.300,20,1642
1513792740,8.300,8.300,8.300,8.300,20,1642
1513792800,8.300,8.300,8.300,8.300,20,1642
1513792860,8.300,8.300,8.300,8.300,20,1642
1513792920,8.300,8.300,8.300,8.300,20,1642
1513792980,8.300,8.300,8.300,8.300,20,1642
1513793040,8.300,8.300,8.300,8.300,20,1642
1513793100,8.300,8.300,8.300,8.300,20,1642
1513793160,8.300,8.300,8.300,8.300,20,1642
1513793220,8.300,8.300,8.300,8.300,20,1642
1513793280,8.300,8.300,8.300,8.300,20,1642
1513793340,8.300,8.300,8.300,8.300,20,1642
1513793400,8.300,8.300,8.300,8.300,20,1642
1513793460,8.300,8.300,8.300,8.300,20,1642
1513793520,8.300,8.300,8.300,8.300,20,1642
1513793580,8.300,8.300,8.300,8.300,20,1642
1513793640,8.300,8.300,8.300,8.300,20,1642
1513793700,8.300,8.300,8.300,8.300,20,1642
1513793760,8.300,8.300,8.300,8.300,20,1642
1513793820,8.300,8.300,8.300,8.300,20,1642
1513793880,8.300,8.300,8.300,8.300,20,1642
1513793940,8.300,8.300,8.300,8.300,20,1642
1513794000,8.300,8.300,8.300,8.300,20,1642
1513794060,8.300,8.300,8.300,8.300,20,1642
1513794120,8.300,8.300,8.300,8.300,20,1642
1513794180,8.300,8.300,8.300,8.300,20,1642
1513794240,8.300,8.300,8.300,8.300,20,1642
1513794300,8.300,8.300,8.300,8.300,20,1642
1513794360,8.300,8.300,8.300,8.300,20,1642
1513794420,8.300,8.300,8.300,8.300,20,1642
1513794480,8.300,8.300,8.300,8.300,20,1642
1513794540,8.300,8.300,8.300,8.300,20,1642
1513794600,8.300,8.300,8.300,8.300,20,1642
1513794660,8.300,8.300,8.300,8.300,20,1642
1513794720,8.300,8.300,8.300,8.300,20,1642
1513794780,8.300,8.300,8.300,8.300,20,1642
1513794840,8.300,8.300,8.300,8.300,20,1642
1513794900,8.300,8.300,8.300,8.300,20,1642
1513794960,8.300,8.300,8.300,8.300,20,1642
1513795020,8.300,8.300,8.300,8.300,20,1642
1513795080,8.300,8.300,8.300,8.300,20,1642
1513795140,8.300,8.300,8.300,8.300,20,1642
1513795200,8.300,8.300,8.300,8.300,20,1642
1513795260,8.300,8.300,8.300,8.300,20,1642
1513795320,8.300,8.300,8.300,8.300,20,1642
1513795380,8.300,8.300,8.300,8.300,20,1642
1513795440,8.300,8.300,8.300,8.300,20,1642
1513795500,8.300,8.300,8.300,8.300,20,1642
1513795560,8.300,8.300,8.300,8.300,20,1642
1513795620,8.300,8.300,8.300,8.300,20,1642
1513795680,8.300,8.300,8.300,8.300,20,1642
1513795740,8.300,8.300,8.300,8.300,20,1642
1513795800,8.300,8.300,8.300,8.300,20,1642
1513795860,8.300,8.300,8.300,8.300,20,1642
1513795920,8.300,8.300,8.300,8.300,20,1642
1513795980,8.300,8.300,8.300,8.300,20,1642
1513796040,8.300,8.300,8.300,8.300,20,1642
1513796100,8.300,8.300,8.300,8.300,20,1642
1513796160,8.300,8.300,8.300,8.300,20,1642
1513796220,8.300,8.300,8.300,8.300,20,1642
1513796280,8.300,8.300,8.300,8.300,20,1642
1513796340,8.300,8.300,8.300,8.300,20,1642
1513796400,8.300,8.300,8.300,8.300,20,1642
1513796460,8.300,8.300,8.300,8.300,20,1642
1513796520,8.300,8.300,8.300,8.300,20,1642
1513796580,8.300,8.300,8.300,8.300,20,1642
1513796640,8.300,8.300,8.300,8.300,20,1642
1513796700,8.300,8.300,8.300,8.300,20,1642
1513796760,8.300,8.300,8.300,8.300,20,1642
1513796820,8.300,8.300,8.300,8.300,20,1642
1513796880,8.300,8.300,8.300,8.300,20,1642
1513796940,8.300,8.300,8.300,8.300,20,1642
1513797000,8.300,8.300,8.300,8.300,20,1642
1513797060,8.300,8.300,8.300,8.300,20,1642
1513797120,8.300,8.300,8.300,8.300,20,1642
1513797180,8.300,8.300,8.300,8.300,20,1642
1513797240,8.300,8.300,8.300,8.300,20,1642
1513797300,8.300,8.300,8.300,8.300,20,1642
1513797360,8.300,8.300,8.300,8.300,20,1642
1513797420,8.300,8.300,8.300,8.300,20,1642
1513797480,8.300,8.300,8.300,8.300,20,1642
1513797540,8.300,8.300,8.300,8.300,20,1642
1513797600,8.300,8.300,8.300,8.300,20,1642
1513797660,8.300,8.300,8.300,8.300,20,1642
1513797720,8.300,8.300,8.300,8.300,20,1642
1513797780,8.300,8.300,8.300,8.300,20,1642
1513797840,8.300,8.300,8.300,8.300,20,1642
1513797900,8.300,8.300,8.300,8.300,20,1642
1513797960,8.300,8.300,8.300,8.300,20,1642
1513798020,8.300,8.300,8.300,8.300,20,1642
1513798080,8.300,8.300,8.300,8.300,20,1642
1513798140,8.300,8.300,8.300,8.300,20,1642
1513798200,8.300,8.300,8.300,8.300,20,1642
1513798260,8.300,8.300,8.300,8.300,20,1642
1513798320,8.300,8.300,8.300,8.300,20,1642
1513798380,8.300,8.300,8.300,8.300,20,1642
1513798440,8.300,8.300,8.300,8.300,20,1642
1513798500,8.300,8.300,8.300,8.300,20,1642
1513798560,8.300,8.300,8.300,8.300,20,1642
1513798620,8.300,8.300,8.300,8.300,20,1642
1513798680,8.300,8.300,8.300,8.300,20,1642
1513798740,8.300,8.300,8.300,8.300,20,1642
1513798800,8.300,8.300,8.300,8.300,20,1642
1513798860,8.300,8.300,8.300,8.300,20,1642
1513798920,8.300,8.300,8.300,8.300,20,1642
1513798980,8.300,8.300,8.300,8.300,20,1642
1513799040,8.300,8.300,8.300,8.300,20,1642
1513799100,8.300,8.300,8.300,8.300,20,1642
1513799160,8.300,8.300,8.300,8.300,20,1642
1513799220,8.300,8.300,8.300,8.300,20,1642
1513799280,8.300,8.300,8.300,8.300,20,1642
1513799340,8.300,8.300,8.300,8.300,20,1642
1513799400,8.300,8.300,8.300,8.300,20,1642
1513799460,8.300,8.300,8.300,8.300,20,1642
1513799520,8.300,8.300,8.300,8.300,20,1642
1513799580,8.300,8.300,8.300,8.300,20,1642
1513799640,8.300,8.300,8.300,8.300,20,1642
1513799700,8.300,8.300,8.300,8.300,203,1744
1513799760,8.300,8.300,8.300,8.300,200,1744
1513799820,8.350,8.350,8.350,8.350,200,1744
1513799880,8.350,8.350,8.350,8.350,200,1744
1513799940,8.350,8.350,8.350,8.350,200,1744
1513800000,8.350,8.350,8.350,8.350,25,2747
1513800060,8.350,8.350,8.350,8.350,21,2747
1513800120,8.350,8.350,8.350,8.350,21,2747
1513800180,8.350,8.350,8.350,8.350,21,2747
1513800240,8.350,8.350,8.350,8.350,21,2747
1513800300,8.350,8.350,8.350,8.350,21,2747
1513800360,8.350,8.350,8.350,8.350,21,2747
1513800420,8.350,8.350,8.350,8.350,21,2747
1513800480,8.350,8.350,8.350,8.350,21,2747
1513800540,8.350,8.350,8.350,8.350,21,2747
1513800600,8.350,8.350,8.350,8.350,21,2747
1513800660,8.350,8.350,8.350,8.350,21,2747
1513800720,8.350,8.350,8.350,8.350,21,2747
1513800780,8.350,8.350,8.350,8.350,21,2747
1513800840,8.350,8.350,8.350,8.350,21,2747
1513800900,8.350,8.350,8.350,8.350,20,2856
1513800960,8.350,8.350,8.350,8.350,20,2856
1513801020,8.350,8.350,8.350,8.350,20,2856
1513801080,8.250,8.250,8.250,8.250,20,2856
1513801140,8.250,8.250,8.250,8.250,20,2856
1513801200,8.250,8.250,8.250,8.250,20,2856
1513801260,8.250,8.250,8.250,8.250,20,2856
1513801320,8.250,8.250,8.250,8.250,20,2856
1513801380,8.250,8.250,8.250,8.250,20,2856
1513801440,8.250,8.250,8.250,8.250,20,2856
1513801500,8.250,8.250,8.250,8.250,20,2856
1513801560,8.250,8.250,8.250,8.250,20,2856
1513801620,8.250,8.250,8.250,8.250,20,2856
1513801680,8.250,8.250,8.250,8.250,20,2856
1513801740,8.250,8.250,8.250,8.250,20,2856
1513801800,8.250,8.250,8.250,8.250,20,2856
1513801860,8.250,8.250,8.250,8.250,20,2856
1513801920,8.250,8.250,8.250,8.250,20,2856
1513801980,8.250,8.250,8.250,8.250,20,2856
1513802040,8.250,8.250,8.250,8.250,20,2856
1513802100,8.250,8.250,8.250,8.250,20,2856
1513802160,8.250,8.250,8.250,8.250,20,2856
1513802220,8.250,8.250,8.250,8.250,20,2856
1513802280,8.250,8.250,8.250,8.250,20,2856
1513802340,8.250,8.250,8.250,8.250,20,2856
1513802400,8.250,8.250,8.250,8.250,20,2856
1513802460,8.250,8.250,8.250,8.250,20,2856
1513802520,8.250,8.250,8.250,8.250,20,2856
1513802580,8.250,8.250,8.250,8.250,20,2856
1513802640,8.250,8.250,8.250,8.250,20,2856
1513802700,8.250,8.250,8.250,8.250,20,2856
1513802760,8.250,8.250,8.250,8.250,20,2856
1513802820,8.250,8.250,8.250,8.250,20,2856
1513802880,8.250,8.250,8.250,8.250,20,2856
1513802940,8.250,8.250,8.250,8.250,20,2856
1513803000,8.250,8.250,8.250,8.250,104,2956
1513803060,8.250,8.250,8.250,8.250,101,2956
1513803120,8.350,8.300,8.300,8.350,101,2956
1513803180,8.350,8.300,8.300,8.350,101,2956
1513803240,8.350,8.300,8.300,8.350,101,2956
1513803300,8.300,8.300,8.300,8.300,20,3464
1513803360,8.300,8.300,8.300,8.300,20,3464
1513803420,8.300,8.300,8.300,8.300,20,3464
1513803480,8.300,8.300,8.300,8.300,20,3464
1513803540,8.300,8.300,8.300,8.300,20,3464
1513803600,8.300,8.300,8.300,8.300,20,3464
1513803660,8.300,8.300,8.300,8.300,20,3464
1513803720,8.300,8.300,8.300,8.300,20,3464
1513803780,8.300,8.300,8.300,8.300,20,3464
1513803840,8.300,8.300,8.300,8.300,20,3464
1513803900,8.300,8.300,8.300,8.300,20,3464
1513803960,8.300,8.300,8.300,8.300,20,3464
1513804020,8.300,8.300,8.300,8.300,20,3464
1513804080,8.300,8.300,8.300,8.300,20,3464
1513804140,8.300,8.300,8.300,8.300,20,3464
1513804200,8.300,8.300,8.300,8.300,20,3464
1513804260,8.300,8.300,8.300,8.300,20,3464
1513804320,8.300,8.300,8.300,8.300,20,3464
1513804380,8.300,8.300,8.300,8.300,20,3464
1513804440,8.300,8.300,8.300,8.300,20,3464
1513804500,8.300,8.300,8.300,8.300,20,3464
1513804560,8.300,8.300,8.300,8.300,20,3464
1513804620,8.300,8.300,8.300,8.300,20,3464
1513804680,8.300,8.300,8.300,8.300,20,3464
1513804740,8.300,8.300,8.300,8.300,20,3464
1513804800,8.300,8.300,8.300,8.300,20,3464
1513804860,8.300,8.300,8.300,8.300,20,3464
1513804920,8.300,8.300,8.300,8.300,20,3464
1513804980,8.300,8.300,8.300,8.300,20,3464
1513805040,8.300,8.300,8.300,8.300,20,3464
1513805100,8.300,8.300,8.300,8.300,20,3464
1513805160,8.300,8.300,8.300,8.300,20,3464
1513805220,8.300,8.300,8.300,8.300,20,3464
1513805280,8.300,8.300,8.300,8.300,20,3464
1513805340,8.300,8.300,8.300,8.300,20,3464
1513805400,8.300,8.300,8.300,8.300,20,3464
1513805460,8.300,8.300,8.300,8.300,20,3464
1513805520,8.300,8.300,8.300,8.300,20,3464
1513805580,8.300,8.300,8.300,8.300,20,3464
1513805640,8.300,8.300,8.300,8.300,20,3464
1513805700,8.300,8.300,8.300,8.300,20,3464
1513805760,8.300,8.300,8.300,8.300,20,3464
1513805820,8.300,8.300,8.300,8.300,20,3464
1513805880,8.300,8.300,8.300,8.300,20,3464
1513805940,8.300,8.300,8.300,8.300,20,3464
1513806000,8.300,8.300,8.300,8.300,20,3464
1513806060,8.300,8.300,8.300,8.300,20,3464
1513806120,8.300,8.300,8.300,8.300,20,3464
1513806180,8.300,8.300,8.300,8.300,20,3464
1513806240,8.300,8.300,8.300,8.300,20,3464
1513806300,8.300,8.300,8.300,8.300,20,3464
1513806360,8.300,8.300,8.300,8.300,20,3464
1513806420,8.300,8.300,8.300,8.300,20,3464
1513806480,8.300,8.300,8.300,8.300,20,3464
1513806540,8.300,8.300,8.300,8.300,20,3464
1513806600,8.300,8.300,8.300,8.300,20,3464
1513806660,8.300,8.300,8.300,8.300,20,3464
1513806720,8.300,8.300,8.300,8.300,20,3464
1513806780,8.300,8.300,8.300,8.300,20,3464
1513806840,8.300,8.300,8.300,8.300,20,3464
1513806900,8.300,8.300,8.300,8.300,20,3464
1513806960,8.300,8.300,8.300,8.300,20,3464
1513807020,8.300,8.300,8.300,8.300,20,3464
1513807080,8.300,8.300,8.300,8.300,20,3464
1513807140,8.300,8.300,8.300,8.300,20,3464
1513807200,8.300,8.300,8.300,8.300,20,3464
1513807260,8.300,8.300,8.300,8.300,20,3464
1513807320,8.300,8.300,8.300,8.300,20,3464
1513807380,8.300,8.300,8.300,8.300,20,3464
1513807440,8.300,8.300,8.300,8.300,20,3464
1513807500,8.300,8.300,8.300,8.300,20,3464
1513807560,8.300,8.300,8.300,8.300,20,3464
1513807620,8.300,8.300,8.300,8.300,20,3464
1513807680,8.300,8.300,8.300,8.300,20,3464
1513807740,8.300,8.300,8.300,8.300,20,3464
1513807800,8.300,8.300,8.300,8.300,20,3464
1513807860,8.300,8.300,8.300,8.300,20,3464
1513807920,8.300,8.300,8.300,8.300,20,3464
1513807980,8.300,8.300,8.300,8.300,20,3464
1513808040,8.300,8.300,8.300,8.300,20,3464
1513808100,8.300,8.300,8.300,8.300,20,3464
1513808160,8.300,8.300,8.300,8.300,20,3464
1513808220,8.300,8.300,8.300,8.300,20,3464
1513808280,8.300,8.300,8.300,8.300,20,3464
1513808340,8.300,8.300,8.300,8.300,20,3464
1513808400,8.300,8.300,8.300,8.300,20,3464
1513808460,8.300,8.300,8.300,8.300,20,3464
1513808520,8.300,8.300,8.300,8.300,20,3464
1513808580,8.300,8.300,8.300,8.300,20,3464
1513808640,8.300,8.300,8.300,8.300,20,3464
1513808700,8.300,8.300,8.300,8.300,20,3464
1513808760,8.300,8.300,8.300,8.300,20,3464
1513808820,8.300,8.300,8.300,8.300,20,3464
1513808880,8.300,8.300,8.300,8.300,20,3464
1513808940,8.300,8.300,8.300,8.300,20,3464
1513809000,8.300,8.300,8.300,8.300,20,3464
1513809060,8.300,8.300,8.300,8.300,20,3464
1513809120,8.300,8.300,8.300,8.300,20,3464
1513809180,8.300,8.300,8.300,8.300,20,3464
1513809240,8.300,8.300,8.300,8.300,20,3464
1513809300,8.300,8.300,8.300,8.300,20,3464
1513809360,8.300,8.300,8.300,8.300,20,3464
1513809420,8.300,8.300,8.300,8.300,20,3464
1513809480,8.300,8.300,8.300,8.300,20,3464
1513809540,8.300,8.300,8.300,8.300,20,3464
1513809600,8.300,8.300,8.300,8.300,20,3464
1513809660,8.300,8.300,8.300,8.300,20,3464
1513809720,8.300,8.300,8.300,8.300,20,3464
1513809780,8.300,8.300,8.300,8.300,20,3464
1513809840,8.300,8.300,8.300,8.300,20,3464
1513809900,8.300,8.300,8.300,8.300,20,3464
1513809960,8.300,8.300,8.300,8.300,20,3464
1513810020,8.300,8.300,8.300,8.300,20,3464
1513810080,8.300,8.300,8.300,8.300,20,3464
1513810140,8.300,8.300,8.300,8.300,20,3464
1513810200,8.300,8.300,8.300,8.300,20,3464
1513810260,8.300,8.300,8.300,8.300,20,3464
1513810320,8.300,8.300,8.300,8.300,20,3464
1513810380,8.300,8.300,8.300,8.300,20,3464
1513810440,8.300,8.300,8.300,8.300,20,3464
1513810500,8.300,8.300,8.300,8.300,20,3464
1513810560,8.300,8.300,8.300,8.300,20,3464
1513810620,8.300,8.300,8.300,8.300,20,3464
1513810680,8.300,8.300,8.300,8.300,20,3464
1513810740,8.300,8.300,8.300,8.300,20,3464
1513810800,8.300,8.300,8.300,8.300,20,3464
1513810860,8.300,8.300,8.300,8.300,20,3464
1513810920,8.300,8.300,8.300,8.300,20,3464
1513810980,8.300,8.300,8.300,8.300,20,3464
1513811040,8.300,8.300,8.300,8.300,20,3464
1513811100,8.300,8.300,8.300,8.300,20,3464
1513811160,8.300,8.300,8.300,8.300,20,3464
1513811220,8.300,8.300,8.300,8.300,20,3464
1513811280,8.300,8.300,8.300,8.300,20,3464
1513811340,8.300,8.300,8.300,8.300,20,3464
1513811400,8.300,8.300,8.300,8.300,20,3464
1513811460,8.300,8.300,8.300,8.300,20,3464
1513811520,8.300,8.300,8.300,8.300,20,3464
1513811580,8.300,8.300,8.300,8.300,20,3464
1513811640,8.300,8.300,8.300,8.300,20,3464
1513811700,8.300,8.300,8.300,8.300,20,3464
1513811760,8.300,8.300,8.300,8.300,20,3464
1513811820,8.300,8.300,8.300,8.300,20,3464
1513811880,8.300,8.300,8.300,8.300,20,3464
1513811940,8.300,8.300,8.300,8.300,20,3464
1513812000,8.300,8.300,8.300,8.300,20,3464
1513812060,8.300,8.300,8.300,8.300,20,3464
1513812120,8.300,8.300,8.300,8.300,20,3464
1513812180,8.300,8.300,8.300,8.300,20,3464
1513812240,8.300,8.300,8.300,8.300,20,3464
1513812300,8.300,8.300,8.300,8.300,20,3464
1513812360,8.300,8.300,8.300,8.300,20,3464
1513812420,8.300,8.300,8.300,8.300,20,3464
1513812480,8.300,8.300,8.300,8.300,20,3464
1513812540,8.300,8.300,8.300,8.300,20,3464
1513812600,8.300,8.300,8.300,8.300,20,3464
1513812660,8.300,8.300,8.300,8.300,20,3464
1513812720,8.300,8.300,8.300,8.300,20,3464
1513812780,8.300,8.300,8.300,8.300,20,3464
1513812840,8.300,8.300,8.300,8.300,20,3464
1513812900,8.300,8.300,8.300,8.300,20,3464
1513812960,8.300,8.300,8.300,8.300,20,3464
1513813020,8.300,8.300,8.300,8.300,20,3464
1513813080,8.300,8.300,8.300,8.300,20,3464
1513813140,8.300,8.300,8.300,8.300,20,3464
1513813200,8.300,8.300,8.300,8.300,20,3464
1513813260,8.300,8.300,8.300,8.300,20,3464
1513813320,8.300,8.300,8.300,8.300,20,3464
1513813380,8.300,8.300,8.300,8.300,20,3464
1513813440,8.300,8.300,8.300,8.300,20,3464
1513813500,8.300,8.300,8.300,8.300,20,3464
1513813560,8.300,8.300,8.300,8.300,20,3464
1513813620,8.300,8.300,8.300,8.300,20,3464
1513813680,8.300,8.300,8.300,8.300,20,3464
1513813740,8.300,8.300,8.300,8.300,20,3464
1513813800,8.300,8.300,8.300,8.300,20,3464
1513813860,8.300,8.300,8.300,8.300,20,3464
1513813920,8.300,8.300,8.300,8.300,20,3464
1513813980,8.300,8.300,8.300,8.300,20,3464
1513814040,8.300,8.300,8.300,8.300,20,3464
1513814100,8.300,8.300,8.300,8.300,20,3464
1513814160,8.300,8.300,8.300,8.300,20,3464
1513814220,8.300,8.300,8.300,8.300,20,3464
1513814280,8.300,8.300,8.300,8.300,20,3464
1513814340,8.300,8.300,8.300,8.300,20,3464
1513814400,8.300,8.300,8.300,8.300,20,3464
1513814460,8.300,8.300,8.300,8.300,20,3464
1513814520,8.300,8.300,8.300,8.300,20,3464
1513814580,8.300,8.300,8.300,8.300,20,3464
1513814640,8.300,8.300,8.300,8.300,20,3464
1513814700,8.300,8.300,8.300,8.300,20,3464
1513814760,8.300,8.300,8.300,8.300,20,3464
1513814820,8.300,8.300,8.300,8.300,20,3464
1513814880,8.300,8.300,8.300,8.300,20,3464
1513814940,8.300,8.300,8.300,8.300,20,3464
1513815000,8.300,8.300,8.300,8.300,20,3464
1513815060,8.300,8.300,8.300,8.300,20,3464
1513815120,8.300,8.300,8.300,8.300,20,3464
1513815180,8.300,8.300,8.300,8.300,20,3464
1513815240,8.300,8.300,8.300,8.300,20,3464
1513815300,8.300,8.300,8.300,8.300,20,3464
1513815360,8.300,8.300,8.300,8.300,20,3464
1513815420,8.300,8.300,8.300,8.300,20,3464
1513815480,8.300,8.300,8.300,8.300,20,3464
1513815540,8.300,8.300,8.300,8.300,20,3464
1513815600,8.300,8.300,8.300,8.300,20,3464
1513815660,8.300,8.300,8.300,8.300,20,3464
1513815720,8.300,8.300,8.300,8.300,20,3464
1513815780,8.300,8.300,8.300,8.300,20,3464
1513815840,8.300,8.300,8.300,8.300,20,3464
1513815900,8.300,8.300,8.300,8.300,20,3464
1513815960,8.300,8.300,8.300,8.300,20,3464
1513816020,8.300,8.300,8.300,8.300,20,3464
1513816080,8.300,8.300,8.300,8.300,20,3464
1513816140,8.300,8.300,8.300,8.300,20,3464
1513816200,8.300,8.300,8.300,8.300,20,3464
1513816260,8.300,8.300,8.300,8.300,20,3464
1513816320,8.300,8.300,8.300,8.300,20,3464
1513816380,8.300,8.300,8.300,8.300,20,3464
1513816440,8.300,8.300,8.300,8.300,20,3464
1513816500,8.300,8.300,8.300,8.300,20,3464
1513816560,8.300,8.300,8.300,8.300,20,3464
1513816620,8.300,8.300,8.300,8.300,20,3464
1513816680,8.300,8.300,8.300,8.300,20,3464
1513816740,8.300,8.300,8.300,8.300,20,3464
1513816800,8.300,8.300,8.300,8.300,20,3464
1513816860,8.300,8.300,8.300,8.300,20,3464
1513816920,8.300,8.300,8.300,8.300,20,3464
1513816980,8.300,8.300,8.300,8.300,20,3464
1513817040,8.300,8.300,8.300,8.300,20,3464
1513817100,8.300,8.300,8.300,8.300,20,3464
1513817160,8.300,8.300,8.300,8.300,20,3464
1513817220,8.300,8.300,8.300,8.300,20,3464
1513817280,8.300,8.300,8.300,8.300,20,3464
1513817340,8.300,8.300,8.300,8.300,20,3464
1513817400,8.300,8.300,8.300,8.300,20,3464
1513817460,8.300,8.300,8.300,8.300,20,3464
1513817520,8.300,8.300,8.300,8.300,20,3464
1513817580,8.300,8.300,8.300,8.300,20,3464
1513817640,8.300,8.300,8.300,8.300,20,3464
1513817700,8.300,8.300,8.300,8.300,20,3464
1513817760,8.300,8.300,8.300,8.300,20,3464
1513817820,8.300,8.300,8.300,8.300,20,3464
1513817880,8.300,8.300,8.300,8.300,20,3464
1513817940,8.300,8.300,8.300,8.300,20,3464
1513818000,8.300,8.300,8.300,8.300,20,3464
1513818060,8.300,8.300,8.300,8.300,20,3464
1513818120,8.300,8.300,8.300,8.300,20,3464
1513818180,8.300,8.300,8.300,8.300,20,3464
1513818240,8.300,8.300,8.300,8.300,20,3464
1513818300,8.300,8.300,8.300,8.300,20,3464
1513818360,8.300,8.300,8.300,8.300,20,3464
1513818420,8.300,8.300,8.300,8.300,20,3464
1513818480,8.300,8.300,8.300,8.300,20,3464
1513818540,8.300,8.300,8.300,8.300,20,3464
1513818600,8.300,8.300,8.300,8.300,20,3464
1513818660,8.300,8.300,8.300,8.300,20,3464
1513818720,8.300,8.300,8.300,8.300,20,3464
1513818780,8.300,8.300,8.300,8.300,20,3464
1513818840,8.300,8.300,8.300,8.300,20,3464
1513818900,8.300,8.300,8.300,8.300,20,3464
1513818960,8.300,8.300,8.300,8.300,20,3464
1513819020,8.300,8.300,8.300,8.300,20,3464
1513819080,8.300,8.300,8.300,8.300,20,3464
1513819140,8.300,8.300,8.300,8.300,20,3464
1513819200,8.300,8.300,8.300,8.300,20,3464
1513819260,8.300,8.300,8.300,8.300,20,3464
1513819320,8.300,8.300,8.300,8.300,20,3464
1513819380,8.300,8.300,8.300,8.300,20,3464
1513819440,8.300,8.300,8.300,8.300,20,3464
1513819500,8.300,8.300,8.300,8.300,20,3464
1513819560,8.300,8.300,8.300,8.300,20,3464
1513819620,8.300,8.300,8.300,8.300,20,3464
1513819680,8.300,8.300,8.300,8.300,20,3464
1513819740,8.300,8.300,8.300,8.300,20,3464
1513819800,8.300,8.300,8.300,8.300,20,3464
1513819860,8.300,8.300,8.300,8.300,20,3464
1513819920,8.300,8.300,8.300,8.300,20,3464
1513819980,8.300,8.300,8.300,8.300,20,3464
1513820040,8.300,8.300,8.300,8.300,20,3464
1513820100,8.300,8.300,8.300,8.300,20,3464
1513820160,8.300,8.300,8.300,8.300,20,3464
1513820220,8.300,8.300,8.300,8.300,20,3464
1513820280,8.300,8.300,8.300,8.300,20,3464
1513820340,8.300,8.300,8.300,8.300,20,3464
1513820400,8.300,8.300,8.300,8.300,20,3464
1513820460,8.300,8.300,8.300,8.300,20,3464
1513820520,8.300,8.300,8.300,8.300,20,3464
1513820580,8.300,8.300,8.300,8.300,20,3464
1513820640,8.300,8.300,8.300,8.300,20,3464
1513820700,8.300,8.300,8.300,8.300,20,3464
1513820760,8.300,8.300,8.300,8.300,20,3464
1513820820,8.300,8.300,8.300,8.300,20,3464
1513820880,8.300,8.300,8.300,8.300,20,3464
1513820940,8.300,8.300,8.300,8.300,20,3464
1513821000,8.300,8.300,8.300,8.300,20,3464
1513821060,8.300,8.300,8.300,8.300,20,3464
1513821120,8.300,8.300,8.300,8.300,20,3464
1513821180,8.300,8.300,8.300,8.300,20,3464
1513821240,8.300,8.300,8.300,8.300,20,3464
1513821300,8.300,8.300,8.300,8.300,20,3464
1513821360,8.300,8.300,8.300,8.300,20,3464
1513821420,8.300,8.300,8.300,8.300,20,3464
1513821480,8.300,8.300,8.300,8.300,20,3464
1513821540,8.300,8.300,8.300,8.300,20,3464
1513821600,8.300,8.300,8.300,8.300,20,3464
1513821660,8.300,8.300,8.300,8.300,20,3464
1513821720,8.300,8.300,8.300,8.300,20,3464
1513821780,8.300,8.300,8.300,8.300,20,3464
1513821840,8.300,8.300,8.300,8.300,20,3464
1513821900,8.300,8.300,8.300,8.300,20,3464
1513821960,8.300,8.300,8.300,8.300,20,3464
1513822020,8.300,8.300,8.300,8.300,20,3464
1513822080,8.300,8.300,8.300,8.300,20,3464
1513822140,8.300,8.300,8.300,8.300,20,3464
1513822200,8.300,8.300,8.300,8.300,20,3464
1513822260,8.300,8.300,8.300,8.300,20,3464
1513822320,8.300,8.300,8.300,8.300,20,3464
1513822380,8.300,8.300,8.300,8.300,20,3464
1513822440,8.300,8.300,8.300,8.300,20,3464
1513822500,8.300,8.300,8.300,8.300,20,3464
1513822560,8.300,8.300,8.300,8.300,20,3464
1513822620,8.300,8.300,8.300,8.300,20,3464
1513822680,8.300,8.300,8.300,8.300,20,3464
1513822740,8.300,8.300,8.300,8.300,20,3464
1513822800,8.300,8.300,8.300,8.300,20,3464
1513822860,8.300,8.300,8.300,8.300,20,3464
1513822920,8.300,8.300,8.300,8.300,20,3464
1513822980,8.300,8.300,8.300,8.300,20,3464
1513823040,8.300,8.300,8.300,8.300,20,3464
1513823100,8.300,8.300,8.300,8.300,20,3464
1513823160,8.300,8.300,8.300,8.300,20,3464
1513823220,8.300,8.300,8.300,8.300,20,3464
1513823280,8.300,8.300,8.300,8.300,20,3464
1513823340,8.300,8.300,8.300,8.300,20,3464
1513823400,8.300,8.300,8.300,8.300,20,3464
1513823460,8.300,8.300,8.300,8.300,20,3464
1513823520,8.300,8.300,8.300,8.300,20,3464
1513823580,8.300,8.300,8.300,8.300,20,3464
1513823640,8.300,8.300,8.300,8.300,20,3464
1513823700,8.300,8.300,8.300,8.300,20,3464
1513823760,8.300,8.300,8.300,8.300,20,3464
1513823820,8.300,8.300,8.300,8.300,20,3464
1513823880,8.300,8.300,8.300,8.300,20,3464
1513823940,8.300,8.300,8.300,8.300,20,3464
1513824000,8.300,8.300,8.300,8.300,20,3464
1513824060,8.300,8.300,8.300,8.300,20,3464
1513824120,8.300,8.300,8.300,8.300,20,3464
1513824180,8.300,8.300,8.300,8.300,20,3464
1513824240,8.300,8.300,8.300,8.300,20,3464
1513824300,8.300,8.300,8.300,8.300,20,3464
1513824360,8.300,8.300,8.300,8.300,20,3464
1513824420,8.300,8.300,8.300,8.300,20,3464
1513824480,8.300,8.300,8.300,8.300,20,3464
1513824540,8.300,8.300,8.300,8.300,20,3464
1513824600,8.300,8.300,8.300,8.300,20,3464
1513824660,8.300,8.300,8.300,8.300,20,3464
1513824720,8.300,8.300,8.300,8.300,20,3464
1513824780,8.300,8.300,8.300,8.300,20,3464
1513824840,8.300,8.300,8.300,8.300,20,3464
1513824900,8.300,8.300,8.300,8.300,20,3464
1513824960,8.300,8.300,8.300,8.300,20,3464
1513825020,8.300,8.300,8.300,8.300,20,3464
1513825080,8.300,8.300,8.300,8.300,20,3464
1513825140,8.300,8.300,8.300,8.300,20,3464
1513825200,8.300,8.300,8.300,8.300,20,3464
1513825260,8.300,8.300,8.300,8.300,20,3464
1513825320,8.300,8.300,8.300,8.300,20,3464
1513825380,8.300,8.300,8.300,8.300,20,3464
1513825440,8.300,8.300,8.300,8.300,20,3464
1513825500,8.300,8.300,8.300,8.300,20,3464
1513825560,8.300,8.300,8.300,8.300,20,3464
1513825620,8.300,8.300,8.300,8.300,20,3464
1513825680,8.300,8.300,8.300,8.300,20,3464
1513825740,8.300,8.300,8.300,8.300,20,3464
1513825800,8.300,8.300,8.300,8.300,20,3464
1513825860,8.300,8.300,8.300,8.300,20,3464
1513825920,8.300,8.300,8.300,8.300,20,3464
1513825980,8.300,8.300,8.300,8.300,20,3464
1513826040,8.300,8.300,8.300,8.300,20,3464
1513826100,8.300,8.300,8.300,8.300,20,3464
1513826160,8.300,8.300,8.300,8.300,20,3464
1513826220,8.300,8.300,8.300,8.300,20,3464
1513826280,8.300,8.300,8.300,8.300,20,3464
1513826340,8.300,8.300,8.300,8.300,20,3464
1513826400,8.300,8.300,8.300,8.300,20,3464
1513826460,8.300,8.300,8.300,8.300,20,3464
1513826520,8.300,8.300,8.300,8.300,20,3464
1513826580,8.300,8.300,8.300,8.300,20,3464
1513826640,8.300,8.300,8.300,8.300,20,3464
1513826700,8.300,8.300,8.300,8.300,20,3464
1513826760,8.300,8.300,8.300,8.300,20,3464
1513826820,8.300,8.300,8.300,8.300,20,3464
1513826880,8.300,8.300,8.300,8.300,20,3464
1513826940,8.300,8.300,8.300,8.300,20,3464
1513827000,8.300,8.300,8.300,8.300,20,3464
1513827060,8.300,8.300,8.300,8.300,20,3464
1513827120,8.300,8.300,8.300,8.300,20,3464
1513827180,8.300,8.300,8.300,8.300,20,3464
1513827240,8.300,8.300,8.300,8.300,20,3464
1513827300,8.300,8.300,8.300,8.300,20,3464
1513827360,8.300,8.300,8.300,8.300,20,3464
1513827420,8.300,8.300,8.300,8.300,20,3464
1513827480,8.300,8.300,8.300,8.300,20,3464
1513827540,8.300,8.300,8.300,8.300,20,3464
1513827600,8.300,8.300,8.300,8.300,20,3464
1513827660,8.300,8.300,8.300,8.300,20,3464
1513827720,8.300,8.300,8.300,8.300,20,3464
1513827780,8.300,8.300,8.300,8.300,20,3464
1513827840,8.300,8.300,8.300,8.300,20,3464
1513827900,8.300,8.300,8.300,8.300,20,3464
1513827960,8.300,8.300,8.300,8.300,20,3464
1513828020,8.300,8.300,8.300,8.300,20,3464
1513828080,8.300,8.300,8.300,8.300,20,3464
1513828140,8.300,8.300,8.300,8.300,20,3464
1513828200,8.300,8.300,8.300,8.300,20,3464
1513828260,8.300,8.300,8.300,8.300,20,3464
1513828320,8.300,8.300,8.300,8.300,20,3464
1513828380,8.300,8.300,8.300,8.300,20,3464
1513828440,8.300,8.300,8.300,8.300,20,3464
1513828500,8.300,8.300,8.300,8.300,20,3464
1513828560,8.300,8.300,8.300,8.300,20,3464
1513828620,8.300,8.300,8.300,8.300,20,3464
1513828680,8.300,8.300,8.300,8.300,20,3464
1513828740,8.300,8.300,8.300,8.300,20,3464
1513828800,8.300,8.300,8.300,8.300,20,3464
1513828860,8.300,8.300,8.300,8.300,20,3464
1513828920,8.300,8.300,8.300,8.300,20,3464
1513828980,8.300,8.300,8.300,8.300,20,3464
1513829040,8.300,8.300,8.300,8.300,20,3464
1513829100,8.300,8.300,8.300,8.300,20,3464
1513829160,8.300,8.300,8.300,8.300,20,3464
1513829220,8.300,8.300,8.300,8.300,20,3464
1513829280,8.300,8.300,8.300,8.300,20,3464
1513829340,8.300,8.300,8.300,8.300,20,3464
1513829400,8.300,8.300,8.300,8.300,20,3464
1513829460,8.300,8.300,8.300,8.300,20,3464
1513829520,8.300,8.300,8.300,8.300,20,3464
1513829580,8.300,8.300,8.300,8.300,20,3464
1513829640,8.300,8.300,8.300,8.300,20,3464
1513829700,8.300,8.300,8.300,8.300,20,3464
1513829760,8.300,8.300,8.300,8.300,20,3464
1513829820,8.300,8.300,8.300,8.300,20,3464
1513829880,8.300,8.300,8.300,8.300,20,3464
1513829940,8.300,8.300,8.300,8.300,20,3464
1513830000,8.300,8.300,8.300,8.300,20,3464
1513830060,8.300,8.300,8.300,8.300,20,3464
1513830120,8.300,8.300,8.300,8.300,20,3464
1513830180,8.300,8.300,8.300,8.300,20,3464
1513830240,8.300,8.300,8.300,8.300,20,3464
1513830300,8.300,8.300,8.300,8.300,20,3464
1513830360,8.300,8.300,8.300,8.300,20,3464
1513830420,8.300,8.300,8.300,8.300,20,3464
1513830480,8.300,8.300,8.300,8.300,20,3464
1513830540,8.300,8.300,8.300,8.300,20,3464
1513830600,8.300,8.300,8.300,8.300,20,3464
1513830660,8.300,8.300,8.300,8.300,20,3464
1513830720,8.300,8.300,8.300,8.300,20,3464
1513830780,8.300,8.300,8.300,8.300,20,3464
1513830840,8.300,8.300,8.300,8.300,20,3464
1513830900,8.300,8.300,8.300,8.300,20,3464
1513830960,8.300,8.300,8.300,8.300,20,3464
1513831020,8.300,8.300,8.300,8.300,20,3464
1513831080,8.300,8.300,8.300,8.300,20,3464
1513831140,8.300,8.300,8.300,8.300,20,3464
1513831200,8.300,8.300,8.300,8.300,20,3464
1513831260,8.300,8.300,8.300,8.300,20,3464
1513831320,8.300,8.300,8.300,8.300,20,3464
1513831380,8.300,8.300,8.300,8.300,20,3464
1513831440,8.300,8.300,8.300,8.300,20,3464
1513831500,8.300,8.300,8.300,8.300,20,3464
1513831560,8.300,8.300,8.300,8.300,20,3464
1513831620,8.300,8.300,8.300,8.300,20,3464
1513831680,8.300,8.300,8.300,8.300,20,3464
1513831740,8.300,8.300,8.300,8.300,20,3464
1513831800,8.300,8.300,8.300,8.300,20,3464
1513831860,8.300,8.300,8.300,8.300,20,3464
1513831920,8.300,8.300,8.300,8.300,20,3464
1513831980,8.300,8.300,8.300,8.300,20,3464
1513832040,8.300,8.300,8.300,8.300,20,3464
1513832100,8.300,8.300,8.300,8.300,20,3464
1513832160,8.300,8.300,8.300,8.300,20,3464
1513832220,8.300,8.300,8.300,8.300,20,3464
1513832280,8.300,8.300,8.300,8.300,20,3464
1513832340,8.300,8.300,8.300,8.300,20,3464
1513832400,8.300,8.300,8.300,8.300,20,3464
1513832460,8.300,8.300,8.300,8.300,20,3464
1513832520,8.300,8.300,8.300,8.300,20,3464
1513832580,8.300,8.300,8.300,8.300,20,3464
1513832640,8.300,8.300,8.300,8.300,20,3464
1513832700,8.300,8.300,8.300,8.300,20,3464
1513832760,8.300,8.300,8.300,8.300,20,3464
1513832820,8.300,8.300,8.300,8.300,20,3464
1513832880,8.300,8.300,8.300,8.300,20,3464
1513832940,8.300,8.300,8.300,8.300,20,3464
1513833000,8.300,8.300,8.300,8.300,20,3464
1513833060,8.300,8.300,8.300,8.300,20,3464
1513833120,8.300,8.300,8.300,8.300,20,3464
1513833180,8.300,8.300,8.300,8.300,20,3464
1513833240,8.300,8.300,8.300,8.300,20,3464
1513833300,8.300,8.300,8.300,8.300,20,3464
1513833360,8.300,8.300,8.300,8.300,20,3464
1513833420,8.300,8.300,8.300,8.300,20,3464
1513833480,8.300,8.300,8.300,8.300,20,3464
1513833540,8.300,8.300,8.300,8.300,20,3464
1513833600,8.300,8.300,8.300,8.300,20,3464
1513833660,8.300,8.300,8.300,8.300,20,3464
1513833720,8.300,8.300,8.300,8.300,20,3464
1513833780,8.300,8.300,8.300,8.300,20,3464
1513833840,8.300,8.300,8.300,8.300,20,3464
1513833900,8.300,8.300,8.300,8.300,20,3464
1513833960,8.300,8.300,8.300,8.300,20,3464
1513834020,8.300,8.300,8.300,8.300,20,3464
1513834080,8.300,8.300,8.300,8.300,20,3464
1513834140,8.300,8.300,8.300,8.300,20,3464
1513834200,8.300,8.300,8.300,8.300,20,3464
1513834260,8.300,8.300,8.300,8.300,20,3464
1513834320,8.300,8.300,8.300,8.300,20,3464
1513834380,8.300,8.300,8.300,8.300,20,3464
1513834440,8.300,8.300,8.300,8.300,20,3464
1513834500,8.300,8.300,8.300,8.300,20,3464
1513834560,8.300,8.300,8.300,8.300,20,3464
1513834620,8.300,8.300,8.300,8.300,20,3464
1513834680,8.300,8.300,8.300,8.300,20,3464
1513834740,8.300,8.300,8.300,8.300,20,3464
1513834800,8.300,8.300,8.300,8.300,20,3464
1513834860,8.300,8.300,8.300,8.300,20,3464
1513834920,8.300,8.300,8.300,8.300,20,3464
1513834980,8.300,8.300,8.300,8.300,20,3464
1513835040,8.300,8.300,8.300,8.300,20,3464
1513835100,8.300,8.300,8.300,8.300,20,3464
1513835160,8.300,8.300,8.300,8.300,20,3464
1513835220,8.300,8.300,8.300,8.300,20,3464
1513835280,8.300,8.300,8.300,8.300,20,3464
1513835340,8.300,8.300,8.300,8.300,20,3464
1513835400,8.300,8.300,8.300,8.300,20,3464
1513835460,8.300,8.300,8.300,8.300,20,3464
1513835520,8.300,8.300,8.300,8.300,20,3464
1513835580,8.300,8.300,8.300,8.300,20,3464
1513835640,8.300,8.300,8.300,8.300,20,3464
1513835700,8.300,8.300,8.300,8.300,20,3464
1513835760,8.300,8.300,8.300,8.300,20,3464
1513835820,8.300,8.300,8.300,8.300,20,3464
1513835880,8.300,8.300,8.300,8.300,20,3464
1513835940,8.300,8.300,8.300,8.300,20,3464
1513836000,8.300,8.300,8.300,8.300,20,3464
1513836060,8.300,8.300,8.300,8.300,20,3464
1513836120,8.300,8.300,8.300,8.300,20,3464
1513836180,8.300,8.300,8.300,8.300,20,3464
1513836240,8.300,8.300,8.300,8.300,20,3464
1513836300,8.300,8.300,8.300,8.300,20,3464
1513836360,8.300,8.300,8.300,8.300,20,3464
1513836420,8.300,8.300,8.300,8.300,20,3464
1513836480,8.300,8.300,8.300,8.300,20,3464
1513836540,8.300,8.300,8.300,8.300,20,3464
1513836600,8.300,8.300,8.300,8.300,20,3464
1513836660,8.300,8.300,8.300,8.300,20,3464
1513836720,8.300,8.300,8.300,8.300,20,3464
1513836780,8.300,8.300,8.300,8.300,20,3464
1513836840,8.300,8.300,8.300,8.300,20,3464
1513836900,8.300,8.300,8.300,8.300,20,3464
1513836960,8.300,8.300,8.300,8.300,20,3464
1513837020,8.300,8.300,8.300,8.300,20,3464
1513837080,8.300,8.300,8.300,8.300,20,3464
1513837140,8.300,8.300,8.300,8.300,20,3464
1513837200,8.300,8.300,8.300,8.300,20,3464
1513837260,8.300,8.300,8.300,8.300,20,3464
1513837320,8.300,8.300,8.300,8.300,20,3464
1513837380,8.300,8.300,8.300,8.300,20,3464
1513837440,8.300,8.300,8.300,8.300,20,3464
1513837500,8.300,8.300,8.300,8.300,20,3464
1513837560,8.300,8.300,8.300,8.300,20,3464
1513837620,8.300,8.300,8.300,8.300,20,3464
1513837680,8.300,8.300,8.300,8.300,20,3464
1513837740,8.300,8.300,8.300,8.300,20,3464
1513837800,8.300,8.300,8.300,8.300,20,3464
1513837860,8.300,8.300,8.300,8.300,20,3464
1513837920,8.300,8.300,8.300,8.300,20,3464
1513837980,8.300,8.300,8.300,8.300,20,3464
1513838040,8.300,8.300,8.300,8.300,20,3464
1513838100,8.300,8.300,8.300,8.300,20,3464
1513838160,8.300,8.300,8.300,8.300,20,3464
1513838220,8.300,8.300,8.300,8.300,20,3464
1513838280,8.300,8.300,8.300,8.300,20,3464
1513838340,8.300,8.300,8.300,8.300,20,3464
1513838400,8.300,8.300,8.300,8.300,20,3464
1513838460,8.300,8.300,8.300,8.300,20,3464
1513838520,8.300,8.300,8.300,8.300,20,3464
1513838580,8.300,8.300,8.300,8.300,20,3464
1513838640,8.300,8.300,8.300,8.300,20,3464
1513838700,8.300,8.300,8.300,8.300,20,3464
1513838760,8.300,8.300,8.300,8.300,20,3464
1513838820,8.300,8.300,8.300,8.300,20,3464
1513838880,8.300,8.300,8.300,8.300,20,3464
1513838940,8.300,8.300,8.300,8.300,20,3464
1513839000,8.300,8.300,8.300,8.300,20,3464
1513839060,8.300,8.300,8.300,8.300,20,3464
1513839120,8.300,8.300,8.300,8.300,20,3464
1513839180,8.300,8.300,8.300,8.300,20,3464
1513839240,8.300,8.300,8.300,8.300,20,3464
1513839300,8.300,8.300,8.300,8.300,20,3464
1513839360,8.300,8.300,8.300,8.300,20,3464
1513839420,8.300,8.300,8.300,8.300,20,3464
1513839480,8.300,8.300,8.300,8.300,20,3464
1513839540,8.300,8.300,8.300,8.300,20,3464
1513839600,8.300,8.300,8.300,8.300,20,3464
1513839660,8.300,8.300,8.300,8.300,20,3464
1513839720,8.300,8.300,8.300,8.300,20,3464
1513839780,8.300,8.300,8.300,8.300,20,3464
1513839840,8.300,8.300,8.300,8.300,20,3464
1513839900,8.300,8.300,8.300,8.300,20,3464
1513839960,8.300,8.300,8.300,8.300,20,3464
1513840020,8.300,8.300,8.300,8.300,20,3464
1513840080,8.300,8.300,8.300,8.300,20,3464
1513840140,8.300,8.300,8.300,8.300,20,3464
1513840200,8.300,8.300,8.300,8.300,20,3464
1513840260,8.300,8.300,8.300,8.300,20,3464
1513840320,8.300,8.300,8.300,8.300,20,3464
1513840380,8.300,8.300,8.300,8.300,20,3464
1513840440,8.300,8.300,8.300,8.300,20,3464
1513840500,8.300,8.300,8.300,8.300,20,3464
1513840560,8.300,8.300,8.300,8.300,20,3464
1513840620,8.300,8.300,8.300,8.300,20,3464
1513840680,8.300,8.300,8.300,8.300,20,3464
1513840740,8.300,8.300,8.300,8.300,20,3464
1513840800,8.300,8.300,8.300,8.300,20,3464
1513840860,8.300,8.300,8.300,8.300,20,3464
1513840920,8.300,8.300,8.300,8.300,20,3464
1513840980,8.300,8.300,8.300,8.300,20,3464
1513841040,8.300,8.300,8.300,8.300,20,3464
1513841100,8.300,8.300,8.300,8.300,20,3464
1513841160,8.300,8.300,8.300,8.300,20,3464
1513841220,8.300,8.300,8.300,8.300,20,3464
1513841280,8.300,8.300,8.300,8.300,20,3464
1513841340,8.300,8.300,8.300,8.300,20,3464
1513841400,8.300,8.300,8.300,8.300,20,3464
1513841460,8.300,8.300,8.300,8.300,20,3464
1513841520,8.300,8.300,8.300,8.300,20,3464
1513841580,8.300,8.300,8.300,8.300,20,3464
1513841640,8.300,8.300,8.300,8.300,20,3464
1513841700,8.300,8.300,8.300,8.300,20,3464
1513841760,8.300,8.300,8.300,8.300,20,3464
1513841820,8.300,8.300,8.300,8.300,20,3464
1513841880,8.300,8.300,8.300,8.300,20,3464
1513841940,8.300,8.300,8.300,8.300,20,3464
1513842000,8.300,8.300,8.300,8.300,20,3464
1513842060,8.300,8.300,8.300,8.300,20,3464
1513842120,8.300,8.300,8.300,8.300,20,3464
1513842180,8.300,8.300,8.300,8.300,20,3464
1513842240,8.300,8.300,8.300,8.300,20,3464
1513842300,8.300,8.300,8.300,8.300,20,3464
1513842360,8.300,8.300,8.300,8.300,20,3464
1513842420,8.300,8.300,8.300,8.300,20,3464
1513842480,8.300,8.300,8.300,8.300,20,3464
1513842540,8.300,8.300,8.300,8.300,20,3464
1513842600,8.300,8.300,8.300,8.300,20,3464
1513842660,8.300,8.300,8.300,8.300,20,3464
1513842720,8.300,8.300,8.300,8.300,20,3464
1513842780,8.300,8.300,8.300,8.300,20,3464
1513842840,8.300,8.300,8.300,8.300,20,3464
1513842900,8.300,8.300,8.300,8.300,20,3464
1513842960,8.300,8.300,8.300,8.300,20,3464
1513843020,8.300,8.300,8.300,8.300,20,3464
1513843080,8.300,8.300,8.300,8.300,20,3464
1513843140,8.300,8.300,8.300,8.300,20,3464
1513843200,8.300,8.300,8.300,8.300,20,3464
1513843260,8.300,8.300,8.300,8.300,20,3464
1513843320,8.300,8.300,8.300,8.300,20,3464
1513843380,8.300,8.300,8.300,8.300,20,3464
1513843440,8.300,8.300,8.300,8.300,20,3464
1513843500,8.300,8.300,8.300,8.300,20,3464
1513843560,8.300,8.300,8.300,8.300,20,3464
1513843620,8.300,8.300,8.300,8.300,20,3464
1513843680,8.300,8.300,8.300,8.300,20,3464
1513843740,8.300,8.300,8.300,8.300,20,3464
1513843800,8.300,8.300,8.300,8.300,20,3464
1513843860,8.300,8.300,8.300,8.300,20,3464
1513843920,8.300,8.300,8.300,8.300,20,3464
1513843980,8.300,8.300,8.300,8.300,20,3464
1513844040,8.300,8.300,8.300,8.300,20,3464
1513844100,8.300,8.300,8.300,8.300,20,3464
1513844160,8.300,8.300,8.300,8.300,20,3464
1513844220,8.300,8.300,8.300,8.300,20,3464
1513844280,8.300,8.300,8.300,8.300,20,3464
1513844340,8.300,8.300,8.300,8.300,20,3464
1513844400,8.300,8.300,8.300,8.300,20,3464
1513844460,8.300,8.300,8.300,8.300,20,3464
1513844520,8.300,8.300,8.300,8.300,20,3464
1513844580,8.300,8.300,8.300,8.300,20,3464
1513844640,8.300,8.300,8.300,8.300,20,3464
1513844700,8.300,8.300,8.300,8.300,20,3464
1513844760,8.300,8.300,8.300,8.300,20,3464
1513844820,8.300,8.300,8.300,8.300,20,3464
1513844880,8.300,8.300,8.300,8.300,20,3464
1513844940,8.300,8.300,8.300,8.300,20,3464
1513845000,8.300,8.300,8.300,8.300,20,3464
1513845060,8.300,8.300,8.300,8.300,20,3464
1513845120,8.300,8.300,8.300,8.300,20,3464
1513845180,8.300,8.300,8.300,8.300,20,3464
1513845240,8.300,8.300,8.300,8.300,20,3464
1513845300,8.300,8.300,8.300,8.300,20,3464
1513845360,8.300,8.300,8.300,8.300,20,3464
1513845420,8.300,8.300,8.300,8.300,20,3464
1513845480,8.300,8.300,8.300,8.300,20,3464
1513845540,8.300,8.300,8.300,8.300,20,3464
1513845600,8.300,8.300,8.300,8.300,20,3464
1513845660,8.300,8.300,8.300,8.300,20,3464
1513845720,8.300,8.300,8.300,8.300,20,3464
1513845780,8.300,8.300,8.300,8.300,20,3464
1513845840,8.300,8.300,8.300,8.300,20,3464
1513845900,8.300,8.300,8.300,8.300,20,3464
1513845960,8.300,8.300,8.300,8.300,20,3464
1513846020,8.300,8.300,8.300,8.300,20,3464
1513846080,8.300,8.300,8.300,8.300,20,3464
1513846140,8.300,8.300,8.300,8.300,20,3464
1513846200,8.300,8.300,8.300,8.300,20,3464
1513846260,8.300,8.300,8.300,8.300,20,3464
1513846320,8.300,8.300,8.300,8.300,20,3464
1513846380,8.300,8.300,8.300,8.300,20,3464
1513846440,8.300,8.300,8.300,8.300,20,3464
1513846500,8.300,8.300,8.300,8.300,20,3464
1513846560,8.300,8.300,8.300,8.300,20,3464
1513846620,8.300,8.300,8.300,8.300,20,3464
1513846680,8.300,8.300,8.300,8.300,20,3464
1513846740,8.300,8.300,8.300,8.300,20,3464
1513846800,8.300,8.300,8.300,8.300,20,3464
1513846860,8.300,8.300,8.300,8.300,20,3464
1513846920,8.300,8.300,8.300,8.300,20,3464
1513846980,8.300,8.300,8.300,8.300,20,3464
1513847040,8.300,8.300,8.300,8.300,20,3464
1513847100,8.300,8.300,8.300,8.300,20,3464
1513847160,8.300,8.300,8.300,8.300,20,3464
1513847220,8.300,8.300,8.300,8.300,20,3464
1513847280,8.300,8.300,8.300,8.300,20,3464
1513847340,8.300,8.300,8.300,8.300,20,3464
1513847400,8.300,8.300,8.300,8.300,20,3464
1513847460,8.300,8.300,8.300,8.300,20,3464
1513847520,8.300,8.300,8.300,8.300,20,3464
1513847580,8.300,8.300,8.300,8.300,20,3464
1513847640,8.300,8.300,8.300,8.300,20,3464
1513847700,8.300,8.300,8.300,8.300,20,3464
1513847760,8.300,8.300,8.300,8.300,20,3464
1513847820,8.300,8.300,8.300,8.300,20,3464
1513847880,8.300,8.300,8.300,8.300,20,3464
1513847940,8.300,8.300,8.300,8.300,20,3464
1513848000,8.300,8.300,8.300,8.300,20,3464
1513848060,8.300,8.300,8.300,8.300,20,3464
1513848120,8.300,8.300,8.300,8.300,20,3464
1513848180,8.300,8.300,8.300,8.300,20,3464
1513848240,8.300,8.300,8.300,8.300,20,3464
1513848300,8.300,8.300,8.300,8.300,20,3464
1513848360,8.300,8.300,8.300,8.300,20,3464
1513848420,8.300,8.300,8.300,8.300,20,3464
1513848480,8.300,8.300,8.300,8.300,20,3464
1513848540,8.300,8.300,8.300,8.300,20,3464
1513848600,8.300,8.300,8.300,8.300,20,3464
1513848660,8.300,8.300,8.300,8.300,20,3464
1513848720,8.300,8.300,8.300,8.300,20,3464
1513848780,8.300,8.300,8.300,8.300,20,3464
1513848840,8.300,8.300,8.300,8.300,20,3464
1513848900,8.300,8.300,8.300,8.300,20,3464
1513848960,8.300,8.300,8.300,8.300,20,3464
1513849020,8.300,8.300,8.300,8.300,20,3464
1513849080,8.300,8.300,8.300,8.300,20,3464
1513849140,8.300,8.300,8.300,8.300,20,3464
1513849200,8.300,8.300,8.300,8.300,20,3464
1513849260,8.300,8.300,8.300,8.300,20,3464
1513849320,8.300,8.300,8.300,8.300,20,3464
1513849380,8.300,8.300,8.300,8.300,20,3464
1513849440,8.300,8.300,8.300,8.300,20,3464
1513849500,8.300,8.300,8.300,8.300,20,3464
1513849560,8.300,8.300,8.300,8.300,20,3464
1513849620,8.300,8.300,8.300,8.300,20,3464
1513849680,8.300,8.300,8.300,8.300,20,3464
1513849740,8.300,8.300,8.300,8.300,20,3464
1513849800,8.300,8.300,8.300,8.300,20,3464
1513849860,8.300,8.300,8.300,8.300,20,3464
1513849920,8.300,8.300,8.300,8.300,20,3464
1513849980,8.300,8.300,8.300,8.300,20,3464
1513850040,8.300,8.300,8.300,8.300,20,3464
1513850100,8.300,8.300,8.300,8.300,20,3464
1513850160,8.300,8.300,8.300,8.300,20,3464
1513850220,8.300,8.300,8.300,8.300,20,3464
1513850280,8.300,8.300,8.300,8.300,20,3464
1513850340,8.300,8.300,8.300,8.300,20,3464
1513850400,8.300,8.300,8.300,8.300,20,3464
1513850460,8.300,8.300,8.300,8.300,20,3464
1513850520,8.300,8.300,8.300,8.300,20,3464
1513850580,8.300,8.300,8.300,8.300,20,3464
1513850640,8.300,8.300,8.300,8.300,20,3464
1513850700,8.300,8.300,8.300,8.300,20,3464
1513850760,8.300,8.300,8.300,8.300,20,3464
1513850820,8.300,8.300,8.300,8.300,20,3464
1513850880,8.300,8.300,8.300,8.300,20,3464
1513850940,8.300,8.300,8.300,8.300,20,3464
1513851000,8.300,8.300,8.300,8.300,20,3464
1513851060,8.300,8.300,8.300,8.300,20,3464
1513851120,8.300,8.300,8.300,8.300,20,3464
1513851180,8.300,8.300,8.300,8.300,20,3464
1513851240,8.300,8.300,8.300,8.300,20,3464
1513851300,8.300,8.300,8.300,8.300,20,3464
1513851360,8.300,8.300,8.300,8.300,20,3464
1513851420,8.300,8.300,8.300,8.300,20,3464
1513851480,8.300,8.300,8.300,8.300,20,3464
1513851540,8.300,8.300,8.300,8.300,20,3464
1513851600,8.300,8.300,8.300,8.300,20,3464
1513851660,8.300,8.300,8.300,8.300,20,3464
1513851720,8.300,8.300,8.300,8.300,20,3464
1513851780,8.300,8.300,8.300,8.300,20,3464
1513851840,8.300,8.300,8.300,8.300,20,3464
1513851900,8.300,8.300,8.300,8.300,20,3464
1513851960,8.300,8.300,8.300,8.300,20,3464
1513852020,8.300,8.300,8.300,8.300,20,3464
1513852080,8.300,8.300,8.300,8.300,20,3464
1513852140,8.300,8.300,8.300,8.300,20,3464
1513852200,8.300,8.300,8.300,8.300,20,3464
1513852260,8.300,8.300,8.300,8.300,20,3464
1513852320,8.300,8.300,8.300,8.300,20,3464
1513852380,8.300,8.300,8.300,8.300,20,3464
1513852440,8.300,8.300,8.300,8.300,20,3464
1513852500,8.300,8.300,8.300,8.300,20,3464
1513852560,8.300,8.300,8.300,8.300,20,3464
1513852620,8.300,8.300,8.300,8.300,20,3464
1513852680,8.300,8.300,8.300,8.300,20,3464
1513852740,8.300,8.300,8.300,8.300,20,3464
1513852800,8.300,8.300,8.300,8.300,20,3464
1513852860,8.300,8.300,8.300,8.300,20,3464
1513852920,8.300,8.300,8.300,8.300,20,3464
1513852980,8.300,8.300,8.300,8.300,20,3464
1513853040,8.300,8.300,8.300,8.300,20,3464
1513853100,8.300,8.300,8.300,8.300,20,3464
1513853160,8.300,8.300,8.300,8.300,20,3464
1513853220,8.300,8.300,8.300,8.300,20,3464
1513853280,8.300,8.300,8.300,8.300,20,3464
1513853340,8.300,8.300,8.300,8.300,20,3464
1513853400,8.300,8.300,8.300,8.300,20,3464
1513853460,8.300,8.300,8.300,8.300,20,3464
1513853520,8.300,8.300,8.300,8.300,20,3464
1513853580,8.300,8.300,8.300,8.300,20,3464
1513853640,8.300,8.300,8.300,8.300,20,3464
1513853700,8.300,8.300,8.300,8.300,20,3464
1513853760,8.300,8.300,8.300,8.300,20,3464
1513853820,8.300,8.300,8.300,8.300,20,3464
1513853880,8.300,8.300,8.300,8.300,20,3464
1513853940,8.300,8.300,8.300,8.300,20,3464
1513854000,8.300,8.300,8.300,8.300,20,3464
1513854060,8.300,8.300,8.300,8.300,20,3464
1513854120,8.300,8.300,8.300,8.300,20,3464
1513854180,8.300,8.300,8.300,8.300,20,3464
1513854240,8.300,8.300,8.300,8.300,20,3464
1513854300,8.300,8.300,8.300,8.300,20,3464
1513854360,8.300,8.300,8.300,8.300,20,3464
1513854420,8.300,8.300,8.300,8.300,20,3464
1513854480,8.300,8.300,8.300,8.300,20,3464
1513854540,8.300,8.300,8.300,8.300,20,3464
1513854600,8.300,8.300,8.300,8.300,20,3464
1513854660,8.300,8.300,8.300,8.300,20,3464
1513854720,8.300,8.300,8.300,8.300,20,3464
1513854780,8.300,8.300,8.300,8.300,20,3464
1513854840,8.300,8.300,8.300,8.300,20,3464
1513854900,8.300,8.300,8.300,8.300,20,3464
1513854960,8.300,8.300,8.300,8.300,20,3464
1513855020,8.300,8.300,8.300,8.300,20,3464
1513855080,8.300,8.300,8.300,8.300,20,3464
1513855140,8.300,8.300,8.300,8.300,20,3464
1513855200,8.300,8.300,8.300,8.300,20,3464
1513855260,8.300,8.300,8.300,8.300,20,3464
1513855320,8.300,8.300,8.300,8.300,20,3464
1513855380,8.300,8.300,8.300,8.300,20,3464
1513855440,8.300,8.300,8.300,8.300,20,3464
1513855500,8.300,8.300,8.300,8.300,20,3464
1513855560,8.300,8.300,8.300,8.300,20,3464
1513855620,8.300,8.300,8.300,8.300,20,3464
1513855680,8.300,8.300,8.300,8.300,20,3464
1513855740,8.300,8.300,8.300,8.300,20,3464
1513855800,8.300,8.300,8.300,8.300,20,3464
1513855860,8.300,8.300,8.300,8.300,20,3464
1513855920,8.300,8.300,8.300,8.300,20,3464
1513855980,8.300,8.300,8.300,8.300,20,3464
1513856040,8.300,8.300,8.300,8.300,20,3464
1513856100,8.300,8.300,8.300,8.300,20,3464
1513856160,8.300,8.300,8.300,8.300,20,3464
1513856220,8.300,8.300,8.300,8.300,20,3464
1513856280,8.300,8.300,8.300,8.300,20,3464
1513856340,8.300,8.300,8.300,8.300,20,3464
1513856400,8.300,8.300,8.300,8.300,20,3464
1513856460,8.300,8.300,8.300,8.300,20,3464
1513856520,8.300,8.300,8.300,8.300,20,3464
1513856580,8.300,8.300,8.300,8.300,20,3464
1513856640,8.300,8.300,8.300,8.300,20,3464
1513856700,8.300,8.300,8.300,8.300,20,3464
1513856760,8.300,8.300,8.300,8.300,20,3464
1513856820,8.300,8.300,8.300,8.300,20,3464
1513856880,8.300,8.300,8.300,8.300,20,3464
1513856940,8.300,8.300,8.300,8.300,20,3464
1513857000,8.300,8.300,8.300,8.300,20,3464
1513857060,8.300,8.300,8.300,8.300,20,3464
1513857120,8.300,8.300,8.300,8.300,20,3464
1513857180,8.300,8.300,8.300,8.300,20,3464
1513857240,8.300,8.300,8.300,8.300,20,3464
1513857300,8.300,8.300,8.300,8.300,20,3464
1513857360,8.300,8.300,8.300,8.300,20,3464
1513857420,8.300,8.300,8.300,8.300,20,3464
1513857480,8.300,8.300,8.300,8.300,20,3464
1513857540,8.300,8.300,8.300,8.300,20,3464
1513857600,8.300,8.300,8.300,8.300,20,3464
1513857660,8.300,8.300,8.300,8.300,20,3464
1513857720,8.300,8.300,8.300,8.300,20,3464
1513857780,8.300,8.300,8.300,8.300,20,3464
1513857840,8.300,8.300,8.300,8.300,20,3464
1513857900,8.300,8.300,8.300,8.300,20,3464
1513857960,8.300,8.300,8.300,8.300,20,3464
1513858020,8.300,8.300,8.300,8.300,20,3464
1513858080,8.300,8.300,8.300,8.300,20,3464
1513858140,8.300,8.300,8.300,8.300,20,3464
1513858200,8.300,8.300,8.300,8.300,20,3464
1513858260,8.300,8.300,8.300,8.300,20,3464
1513858320,8.300,8.300,8.300,8.300,20,3464
1513858380,8.300,8.300,8.300,8.300,20,3464
1513858440,8.300,8.300,8.300,8.300,20,3464
1513858500,8.300,8.300,8.300,8.300,20,3464
1513858560,8.300,8.300,8.300,8.300,20,3464
1513858620,8.300,8.300,8.300,8.300,20,3464
1513858680,8.300,8.300,8.300,8.300,20,3464
1513858740,8.300,8.300,8.300,8.300,20,3464
1513858800,8.300,8.300,8.300,8.300,20,3464
1513858860,8.300,8.300,8.300,8.300,20,3464
1513858920,8.300,8.300,8.300,8.300,20,3464
1513858980,8.300,8.300,8.300,8.300,20,3464
1513859040,8.300,8.300,8.300,8.300,20,3464
1513859100,8.300,8.300,8.300,8.300,20,3464
1513859160,8.300,8.300,8.300,8.300,20,3464
1513859220,8.300,8.300,8.300,8.300,20,3464
1513859280,8.300,8.300,8.300,8.300,20,3464
1513859340,8.300,8.300,8.300,8.300,20,3464
1513859400,8.300,8.300,8.300,8.300,20,3464
1513859460,8.300,8.300,8.300,8.300,20,3464
1513859520,8.300,8.300,8.300,8.300,20,3464
1513859580,8.300,8.300,8.300,8.300,20,3464
1513859640,8.300,8.300,8.300,8.300,20,3464
1513859700,8.300,8.300,8.300,8.300,20,3464
1513859760,8.300,8.300,8.300,8.300,20,3464
1513859820,8.300,8.300,8.300,8.300,20,3464
1513859880,8.300,8.300,8.300,8.300,20,3464
1513859940,8.300,8.300,8.300,8.300,20,3464
1513860000,8.300,8.300,8.300,8.300,20,3464
1513860060,8.300,8.300,8.300,8.300,20,3464
1513860120,8.300,8.300,8.300,8.300,20,3464
1513860180,8.300,8.300,8.300,8.300,20,3464
1513860240,8.300,8.300,8.300,8.300,20,3464
1513860300,8.300,8.300,8.300,8.300,20,3464
1513860360,8.300,8.300,8.300,8.300,20,3464
1513860420,8.300,8.300,8.300,8.300,20,3464
1513860480,8.300,8.300,8.300,8.300,20,3464
1513860540,8.300,8.300,8.300,8.300,20,3464
1513860600,8.300,8.300,8.300,8.300,20,3464
1513860660,8.300,8.300,8.300,8.300,20,3464
1513860720,8.300,8.300,8.300,8.300,20,3464
1513860780,8.300,8.300,8.300,8.300,20,3464
1513860840,8.300,8.300,8.300,8.300,20,3464
1513860900,8.300,8.300,8.300,8.300,20,3464
1513860960,8.300,8.300,8.300,8.300,20,3464
1513861020,8.300,8.300,8.300,8.300,20,3464
1513861080,8.300,8.300,8.300,8.300,20,3464
1513861140,8.300,8.300,8.300,8.300,20,3464
1513861200,8.300,8.300,8.300,8.300,20,3464
1513861260,8.300,8.300,8.300,8.300,20,3464
1513861320,8.300,8.300,8.300,8.300,20,3464
1513861380,8.300,8.300,8.300,8.300,20,3464
1513861440,8.300,8.300,8.300,8.300,20,3464
1513861500,8.300,8.300,8.300,8.300,20,3464
1513861560,8.300,8.300,8.300,8.300,20,3464
1513861620,8.300,8.300,8.300,8.300,20,3464
1513861680,8.300,8.300,8.300,8.300,20,3464
1513861740,8.300,8.300,8.300,8.300,20,3464
1513861800,8.300,8.300,8.300,8.300,20,3464
1513861860,8.300,8.300,8.300,8.300,20,3464
1513861920,8.300,8.300,8.300,8.300,20,3464
1513861980,8.300,8.300,8.300,8.300,20,3464
1513862040,8.300,8.300,8.300,8.300,20,3464
1513862100,8.300,8.300,8.300,8.300,20,3464
1513862160,8.300,8.300,8.300,8.300,20,3464
1513862220,8.300,8.300,8.300,8.300,20,3464
1513862280,8.300,8.300,8.300,8.300,20,3464
1513862340,8.300,8.300,8.300,8.300,20,3464
1513862400,8.300,8.300,8.300,8.300,20,3464
1513862460,8.300,8.300,8.300,8.300,20,3464
1513862520,8.300,8.300,8.300,8.300,20,3464
1513862580,8.300,8.300,8.300,8.300,20,3464
1513862640,8.300,8.300,8.300,8.300,20,3464
1513862700,8.300,8.300,8.300,8.300,20,3464
1513862760,8.300,8.300,8.300,8.300,20,3464
1513862820,8.300,8.300,8.300,8.300,20,3464
1513862880,8.300,8.300,8.300,8.300,20,3464
1513862940,8.300,8.300,8.300,8.300,20,3464
1513863000,8.300,8.300,8.300,8.300,20,3464
1513863060,8.300,8.300,8.300,8.300,20,3464
1513863120,8.300,8.300,8.300,8.300,20,3464
1513863180,8.300,8.300,8.300,8.300,20,3464
1513863240,8.300,8.300,8.300,8.300,20,3464
1513863300,8.300,8.300,8.300,8.300,20,3464
1513863360,8.300,8.300,8.300,8.300,20,3464
1513863420,8.300,8.300,8.300,8.300,20,3464
1513863480,8.300,8.300,8.300,8.300,20,3464
1513863540,8.300,8.300,8.300,8.300,20,3464
1513863600,8.300,8.300,8.300,8.300,20,3464
1513863660,8.300,8.300,8.300,8.300,20,3464
1513863720,8.300,8.300,8.300,8.300,20,3464
1513863780,8.300,8.300,8.300,8.300,20,3464
1513863840,8.300,8.300,8.300,8.300,20,3464
1513863900,8.300,8.300,8.300,8.300,20,3464
1513863960,8.300,8.300,8.300,8.300,20,3464
1513864020,8.300,8.300,8.300,8.300,20,3464
1513864080,8.300,8.300,8.300,8.300,20,3464
1513864140,8.300,8.300,8.300,8.300,20,3464
1513864200,8.300,8.300,8.300,8.300,20,3464
1513864260,8.300,8.300,8.300,8.300,20,3464
1513864320,8.300,8.300,8.300,8.300,20,3464
1513864380,8.300,8.300,8.300,8.300,20,3464
1513864440,8.300,8.300,8.300,8.300,20,3464
1513864500,8.300,8.300,8.300,8.300,20,3464
1513864560,8.300,8.300,8.300,8.300,20,3464
1513864620,8.300,8.300,8.300,8.300,20,3464
1513864680,8.300,8.300,8.300,8.300,20,3464
1513864740,8.300,8.300,8.300,8.300,20,3464
1513864800,8.300,8.300,8.300,8.300,20,3464
1513864860,8.300,8.300,8.300,8.300,20,3464
1513864920,8.300,8.300,8.300,8.300,20,3464
1513864980,8.300,8.300,8.300,8.300,20,3464
1513865040,8.300,8.300,8.300,8.300,20,3464
1513865100,8.300,8.300,8.300,8.300,20,3464
1513865160,8.300,8.300,8.300,8.300,20,3464
1513865220,8.300,8.300,8.300,8.300,20,3464
1513865280,8.300,8.300,8.300,8.300,20,3464
1513865340,8.300,8.300,8.300,8.300,20,3464
1513865400,8.300,8.300,8.300,8.300,20,3464
1513865460,8.300,8.300,8.300,8.300,20,3464
1513865520,8.300,8.300,8.300,8.300,20,3464
1513865580,8.300,8.300,8.300,8.300,20,3464
1513865640,8.300,8.300,8.300,8.300,20,3464
1513865700,8.300,8.300,8.300,8.300,20,3464
1513865760,8.300,8.300,8.300,8.300,20,3464
1513865820,8.300,8.300,8.300,8.300,20,3464
1513865880,8.300,8.300,8.300,8.300,20,3464
1513865940,8.300,8.300,8.300,8.300,20,3464
1513866000,8.300,8.300,8.300,8.300,20,3464
1513866060,8.300,8.300,8.300,8.300,20,3464
1513866120,8.300,8.300,8.300,8.300,20,3464
1513866180,8.300,8.300,8.300,8.300,20,3464
1513866240,8.300,8.300,8.300,8.300,20,3464
1513866300,8.300,8.300,8.300,8.300,20,3464
1513866360,8.300,8.300,8.300,8.300,20,3464
1513866420,8.300,8.300,8.300,8.300,20,3464
1513866480,8.300,8.300,8.300,8.300,20,3464
1513866540,8.300,8.300,8.300,8.300,20,3464
1513866600,8.350,8.350,8.350,8.350,0,0
1513866660,8.350,8.350,8.350,8.350,0,0
1513866720,8.350,8.350,8.350,8.350,0,0
1513866780,8.350,8.350,8.350,8.350,0,0
1513866840,8.350,8.350,8.350,8.350,0,0
1513866900,8.350,8.350,8.350,8.350,142,0
1513866960,8.350,8.350,8.350,8.350,142,0
1513867020,8.350,8.350,8.350,8.350,142,0
1513867080,8.350,8.350,8.350,8.350,142,0
1513867140,8.350,8.350,8.350,8.350,142,0
1513867200,8.350,8.350,8.350,8.350,142,0
1513867260,8.350,8.350,8.350,8.350,142,0
1513867320,8.350,8.350,8.350,8.350,142,0
1513867380,8.350,8.350,8.350,8.350,142,0
1513867440,8.350,8.350,8.350,8.350,142,0
1513867500,8.350,8.350,8.350,8.350,142,0
1513867560,8.350,8.350,8.350,8.350,142,0
1513867620,8.350,8.350,8.350,8.350,142,0
1513867680,8.350,8.350,8.350,8.350,142,0
1513867740,8.350,8.350,8.350,8.350,142,0
1513867800,8.350,8.350,8.350,8.350,42,710
1513867860,8.350,8.350,8.350,8.350,40,710
1513867920,8.350,8.350,8.350,8.350,40,710
1513867980,8.350,8.350,8.350,8.350,40,710
1513868040,8.400,8.400,8.400,8.400,40,710
1513868100,8.400,8.400,8.400,8.400,40,710
1513868160,8.400,8.400,8.400,8.400,40,710
1513868220,8.400,8.400,8.400,8.400,40,710
1513868280,8.400,8.400,8.400,8.400,40,710
1513868340,8.400,8.400,8.400,8.400,40,710
1513868400,8.400,8.400,8.400,8.400,40,710
1513868460,8.400,8.400,8.400,8.400,40,710
1513868520,8.400,8.400,8.400,8.400,40,710
1513868580,8.400,8.400,8.400,8.400,40,710
1513868640,8.400,8.400,8.400,8.400,40,710
1513868700,8.400,8.400,8.400,8.400,284,912
1513868760,8.350,8.350,8.350,8.350,280,912
1513868820,8.350,8.350,8.350,8.350,280,912
1513868880,8.350,8.350,8.350,8.350,280,912
1513868940,8.350,8.350,8.350,8.350,280,912
1513869000,8.350,8.350,8.350,8.350,280,912
1513869060,8.350,8.350,8.350,8.350,280,912
1513869120,8.350,8.350,8.350,8.350,280,912
1513869180,8.350,8.350,8.350,8.350,280,912
1513869240,8.350,8.350,8.350,8.350,280,912
1513869300,8.350,8.350,8.350,8.350,140,2316
1513869360,8.350,8.350,8.350,8.350,140,2316
1513869420,8.350,8.350,8.350,8.350,140,2316
1513869480,8.350,8.350,8.350,8.350,140,2316
1513869540,8.350,8.350,8.350,8.350,140,2316
1513869600,8.350,8.350,8.350,8.350,140,2316
1513869660,8.350,8.350,8.350,8.350,140,2316
1513869720,8.350,8.350,8.350,8.350,140,2316
1513869780,8.350,8.350,8.350,8.350,140,2316
1513869840,8.350,8.350,8.350,8.350,140,2316
1513869900,8.350,8.350,8.350,8.350,140,2316
1513869960,8.350,8.350,8.350,8.350,140,2316
1513870020,8.350,8.350,8.350,8.350,140,2316
1513870080,8.350,8.350,8.350,8.350,140,2316
1513870140,8.350,8.350,8.350,8.350,140,2316
1513870200,8.350,8.350,8.350,8.350,140,2316
1513870260,8.350,8.350,8.350,8.350,140,2316
1513870320,8.350,8.350,8.350,8.350,140,2316
1513870380,8.350,8.350,8.350,8.350,140,2316
1513870440,8.350,8.350,8.350,8.350,140,2316
1513870500,8.350,8.350,8.350,8.350,140,2316
1513870560,8.350,8.350,8.350,8.350,140,2316
1513870620,8.350,8.350,8.350,8.350,140,2316
1513870680,8.350,8.350,8.350,8.350,140,2316
1513870740,8.350,8.350,8.350,8.350,140,2316
1513870800,8.350,8.350,8.350,8.350,140,2316
1513870860,8.350,8.350,8.350,8.350,140,2316
1513870920,8.350,8.350,8.350,8.350,140,2316
1513870980,8.350,8.350,8.350,8.350,140,2316
1513871040,8.350,8.350,8.350,8.350,140,2316
1513871100,8.350,8.350,8.350,8.350,140,2316
1513871160,8.350,8.350,8.350,8.350,140,2316
1513871220,8.350,8.350,8.350,8.350,140,2316
1513871280,8.350,8.350,8.350,8.350,140,2316
1513871340,8.350,8.350,8.350,8.350,140,2316
1513871400,8.350,8.350,8.350,8.350,543,3016
1513871460,8.350,8.350,8.350,8.350,542,3016
1513871520,8.300,8.300,8.300,8.300,542,3016
1513871580,8.300,8.300,8.300,8.300,542,3016
1513871640,8.350,8.350,8.350,8.350,542,3016
1513871700,8.350,8.350,8.350,8.350,542,3016
1513871760,8.350,8.350,8.350,8.350,542,3016
1513871820,8.350,8.350,8.350,8.350,542,3016
1513871880,8.350,8.350,8.350,8.350,542,3016
1513871940,8.350,8.350,8.350,8.350,542,3016
1513872000,8.350,8.350,8.350,8.350,542,3016
1513872060,8.350,8.350,8.350,8.350,542,3016
1513872120,8.350,8.350,8.350,8.350,542,3016
1513872180,8.350,8.350,8.350,8.350,542,3016
1513872240,8.350,8.350,8.350,8.350,542,3016
1513872300,8.350,8.350,8.350,8.350,542,3016
1513872360,8.350,8.350,8.350,8.350,542,3016
1513872420,8.350,8.350,8.350,8.350,542,3016
1513872480,8.350,8.350,8.350,8.350,542,3016
1513872540,8.350,8.350,8.350,8.350,542,3016
1513872600,8.350,8.350,8.350,8.350,542,3016
1513872660,8.350,8.350,8.350,8.350,542,3016
1513872720,8.350,8.350,8.350,8.350,542,3016
1513872780,8.350,8.350,8.350,8.350,542,3016
1513872840,8.350,8.350,8.350,8.350,542,3016
1513872900,8.350,8.350,8.350,8.350,542,3016
1513872960,8.350,8.350,8.350,8.350,542,3016
1513873020,8.350,8.350,8.350,8.350,542,3016
1513873080,8.350,8.350,8.350,8.350,542,3016
1513873140,8.350,8.350,8.350,8.350,542,3016
1513873200,8.350,8.350,8.350,8.350,542,3016
1513873260,8.350,8.350,8.350,8.350,542,3016
1513873320,8.350,8.350,8.350,8.350,542,3016
1513873380,8.350,8.350,8.350,8.350,542,3016
1513873440,8.350,8.350,8.350,8.350,542,3016
1513873500,8.350,8.350,8.350,8.350,542,3016
1513873560,8.350,8.350,8.350,8.350,542,3016
1513873620,8.350,8.350,8.350,8.350,542,3016
1513873680,8.350,8.350,8.350,8.350,542,3016
1513873740,8.350,8.350,8.350,8.350,542,3016
1513873800,8.350,8.350,8.350,8.350,542,3016
1513873860,8.350,8.350,8.350,8.350,542,3016
1513873920,8.350,8.350,8.350,8.350,542,3016
1513873980,8.350,8.350,8.350,8.350,542,3016
1513874040,8.350,8.350,8.350,8.350,542,3016
1513874100,8.350,8.350,8.350,8.350,542,3016
1513874160,8.350,8.350,8.350,8.350,542,3016
1513874220,8.350,8.350,8.350,8.350,542,3016
1513874280,8.350,8.350,8.350,8.350,542,3016
1513874340,8.350,8.350,8.350,8.350,542,3016
1513874400,8.350,8.350,8.350,8.350,542,3016
1513874460,8.350,8.350,8.350,8.350,542,3016
1513874520,8.350,8.350,8.350,8.350,542,3016
1513874580,8.350,8.350,8.350,8.350,542,3016
1513874640,8.350,8.350,8.350,8.350,542,3016
1513874700,8.350,8.350,8.350,8.350,542,3016
1513874760,8.350,8.350,8.350,8.350,542,3016
1513874820,8.350,8.350,8.350,8.350,542,3016
1513874880,8.350,8.350,8.350,8.350,542,3016
1513874940,8.350,8.350,8.350,8.350,542,3016
1513875000,8.350,8.350,8.350,8.350,136,5727
1513875060,8.350,8.350,8.350,8.350,133,5727
1513875120,8.350,8.350,8.350,8.350,133,5727
1513875180,8.350,8.350,8.350,8.350,133,5727
1513875240,8.350,8.350,8.350,8.350,133,5727
1513875300,8.350,8.350,8.350,8.350,133,5727
1513875360,8.350,8.350,8.350,8.350,133,5727
1513875420,8.350,8.350,8.350,8.350,133,5727
1513875480,8.350,8.350,8.350,8.350,133,5727
1513875540,8.350,8.350,8.350,8.350,133,5727
1513875600,8.350,8.350,8.350,8.350,133,5727
1513875660,8.350,8.350,8.350,8.350,133,5727
1513875720,8.350,8.350,8.350,8.350,133,5727
1513875780,8.350,8.350,8.350,8.350,133,5727
1513875840,8.350,8.350,8.350,8.350,133,5727
1513875900,8.350,8.350,8.350,8.350,23,6395
1513875960,8.350,8.350,8.350,8.350,23,6395
1513876020,8.350,8.350,8.350,8.350,23,6395
1513876080,8.350,8.350,8.350,8.350,23,6395
1513876140,8.330,8.330,8.330,8.330,23,6395
1513876200,8.330,8.330,8.330,8.330,23,6395
1513876260,8.330,8.330,8.330,8.330,23,6395
1513876320,8.330,8.330,8.330,8.330,23,6395
1513876380,8.330,8.330,8.330,8.330,23,6395
1513876440,8.330,8.330,8.330,8.330,23,6395
1513876500,8.330,8.330,8.330,8.330,121,6510
1513876560,8.330,8.330,8.330,8.330,120,6510
1513876620,8.330,8.330,8.330,8.330,120,6510
1513876680,8.350,8.350,8.350,8.350,120,6510
1513876740,8.350,8.350,8.350,8.350,120,6510
1513876800,8.350,8.350,8.350,8.350,120,6510
1513876860,8.350,8.350,8.350,8.350,120,6510
1513876920,8.350,8.350,8.350,8.350,120,6510
1513876980,8.350,8.350,8.350,8.350,120,6510
1513877040,8.350,8.350,8.350,8.350,120,6510
1513877100,8.350,8.350,8.350,8.350,120,6510
1513877160,8.350,8.350,8.350,8.350,120,6510
1513877220,8.350,8.350,8.350,8.350,120,6510
1513877280,8.350,8.350,8.350,8.350,120,6510
1513877340,8.350,8.350,8.350,8.350,120,6510
1513877400,8.350,8.350,8.350,8.350,120,6510
1513877460,8.350,8.350,8.350,8.350,120,6510
1513877520,8.350,8.350,8.350,8.350,120,6510
1513877580,8.350,8.350,8.350,8.350,120,6510
1513877640,8.350,8.350,8.350,8.350,120,6510
1513877700,8.350,8.350,8.350,8.350,120,6510
1513877760,8.350,8.350,8.350,8.350,120,6510
1513877820,8.350,8.350,8.350,8.350,120,6510
1513877880,8.350,8.350,8.350,8.350,120,6510
1513877940,8.350,8.350,8.350,8.350,120,6510
1513878000,8.350,8.350,8.350,8.350,120,6510
1513878060,8.350,8.350,8.350,8.350,120,6510
1513878120,8.350,8.350,8.350,8.350,120,6510
1513878180,8.350,8.350,8.350,8.350,120,6510
1513878240,8.350,8.350,8.350,8.350,120,6510
1513878300,8.350,8.350,8.350,8.350,2532,7111
1513878360,8.350,8.350,8.350,8.350,2531,7111
1513878420,8.360,8.300,8.300,8.360,2531,7111
1513878480,8.380,8.380,8.380,8.380,2531,7111
1513878540,8.350,8.400,8.350,8.400,2531,7111
1513878600,8.350,8.400,8.350,8.400,2531,7111
1513878660,8.350,8.400,8.350,8.400,2531,7111
1513878720,8.350,8.400,8.350,8.400,2531,7111
1513878780,8.350,8.400,8.350,8.400,2531,7111
1513878840,8.350,8.400,8.350,8.400,2531,7111
1513878900,8.350,8.400,8.350,8.400,2531,7111
1513878960,8.350,8.400,8.350,8.400,2531,7111
1513879020,8.350,8.400,8.350,8.400,2531,7111
1513879080,8.350,8.400,8.350,8.400,2531,7111
1513879140,8.350,8.400,8.350,8.400,2531,7111
1513879200,8.350,8.400,8.350,8.400,2531,7111
1513879260,8.350,8.400,8.350,8.400,2531,7111
1513879320,8.350,8.400,8.350,8.400,2531,7111
1513879380,8.350,8.400,8.350,8.400,2531,7111
1513879440,8.350,8.400,8.350,8.400,2531,7111
1513879500,8.350,8.400,8.350,8.400,2531,7111
1513879560,8.350,8.400,8.350,8.400,2531,7111
1513879620,8.350,8.400,8.350,8.400,2531,7111
1513879680,8.350,8.400,8.350,8.400,2531,7111
1513879740,8.350,8.400,8.350,8.400,2531,7111
1513879800,8.350,8.400,8.350,8.400,2531,7111
1513879860,8.350,8.400,8.350,8.400,2531,7111
1513879920,8.350,8.400,8.350,8.400,2531,7111
1513879980,8.350,8.400,8.350,8.400,2531,7111
1513880040,8.350,8.400,8.350,8.400,2531,7111
1513880100,8.350,8.400,8.350,8.400,2531,7111
1513880160,8.350,8.400,8.350,8.400,2531,7111
1513880220,8.350,8.400,8.350,8.400,2531,7111
1513880280,8.350,8.400,8.350,8.400,2531,7111
1513880340,8.350,8.400,8.350,8.400,2531,7111
1513880400,8.350,8.400,8.350,8.400,2531,7111
1513880460,8.350,8.400,8.350,8.400,2531,7111
1513880520,8.350,8.400,8.350,8.400,2531,7111
1513880580,8.350,8.400,8.350,8.400,2531,7111
1513880640,8.350,8.400,8.350,8.400,2531,7111
1513880700,8.350,8.400,8.350,8.400,2531,7111
1513880760,8.350,8.400,8.350,8.400,2531,7111
1513880820,8.350,8.400,8.350,8.400,2531,7111
1513880880,8.350,8.400,8.350,8.400,2531,7111
1513880940,8.350,8.400,8.350,8.400,2531,7111
1513881000,8.350,8.400,8.350,8.400,2531,7111
1513881060,8.350,8.400,8.350,8.400,2531,7111
1513881120,8.350,8.400,8.350,8.400,2531,7111
1513881180,8.350,8.400,8.350,8.400,2531,7111
1513881240,8.350,8.400,8.350,8.400,2531,7111
1513881300,8.350,8.400,8.350,8.400,2531,7111
1513881360,8.350,8.400,8.350,8.400,2531,7111
1513881420,8.350,8.400,8.350,8.400,2531,7111
1513881480,8.350,8.400,8.350,8.400,2531,7111
1513881540,8.350,8.400,8.350,8.400,2531,7111
1513881600,8.350,8.400,8.350,8.400,2531,7111
1513881660,8.350,8.400,8.350,8.400,2531,7111
1513881720,8.350,8.400,8.350,8.400,2531,7111
1513881780,8.350,8.400,8.350,8.400,2531,7111
1513881840,8.350,8.400,8.350,8.400,2531,7111
1513881900,8.350,8.400,8.350,8.400,2531,7111
1513881960,8.350,8.400,8.350,8.400,2531,7111
1513882020,8.350,8.400,8.350,8.400,2531,7111
1513882080,8.350,8.400,8.350,8.400,2531,7111
1513882140,8.350,8.400,8.350,8.400,2531,7111
1513882200,8.350,8.400,8.350,8.400,2531,7111
1513882260,8.350,8.400,8.350,8.400,2531,7111
1513882320,8.350,8.400,8.350,8.400,2531,7111
1513882380,8.350,8.400,8.350,8.400,2531,7111
1513882440,8.350,8.400,8.350,8.400,2531,7111
1513882500,8.350,8.400,8.350,8.400,2531,7111
1513882560,8.350,8.400,8.350,8.400,2531,7111
1513882620,8.350,8.400,8.350,8.400,2531,7111
1513882680,8.350,8.400,8.350,8.400,2531,7111
1513882740,8.350,8.400,8.350,8.400,2531,7111
1513882800,8.350,8.400,8.350,8.400,2531,7111
1513882860,8.350,8.400,8.350,8.400,2531,7111
1513882920,8.350,8.400,8.350,8.400,2531,7111
1513882980,8.350,8.400,8.350,8.400,2531,7111
1513883040,8.350,8.400,8.350,8.400,2531,7111
1513883100,8.350,8.400,8.350,8.400,2531,7111
1513883160,8.350,8.400,8.350,8.400,2531,7111
1513883220,8.350,8.400,8.350,8.400,2531,7111
1513883280,8.350,8.400,8.350,8.400,2531,7111
1513883340,8.350,8.400,8.350,8.400,2531,7111
1513883400,8.350,8.400,8.350,8.400,2531,7111
1513883460,8.350,8.400,8.350,8.400,2531,7111
1513883520,8.350,8.400,8.350,8.400,2531,7111
1513883580,8.350,8.400,8.350,8.400,2531,7111
1513883640,8.350,8.400,8.350,8.400,2531,7111
1513883700,8.350,8.400,8.350,8.400,2531,7111
1513883760,8.350,8.400,8.350,8.400,2531,7111
1513883820,8.350,8.400,8.350,8.400,2531,7111
1513883880,8.350,8.400,8.350,8.400,2531,7111
1513883940,8.350,8.400,8.350,8.400,2531,7111
1513884000,8.350,8.400,8.350,8.400,2531,7111
1513884060,8.350,8.400,8.350,8.400,2531,7111
1513884120,8.350,8.400,8.350,8.400,2531,7111
1513884180,8.350,8.400,8.350,8.400,2531,7111
1513884240,8.350,8.400,8.350,8.400,2531,7111
1513884300,8.350,8.400,8.350,8.400,2531,7111
1513884360,8.350,8.400,8.350,8.400,2531,7111
1513884420,8.350,8.400,8.350,8.400,2531,7111
1513884480,8.350,8.400,8.350,8.400,2531,7111
1513884540,8.350,8.400,8.350,8.400,2531,7111
1513884600,8.350,8.400,8.350,8.400,2531,7111
1513884660,8.350,8.400,8.350,8.400,2531,7111
1513884720,8.350,8.400,8.350,8.400,2531,7111
1513884780,8.350,8.400,8.350,8.400,2531,7111
1513884840,8.350,8.400,8.350,8.400,2531,7111
1513884900,8.350,8.400,8.350,8.400,2531,7111
1513884960,8.350,8.400,8.350,8.400,2531,7111
1513885020,8.350,8.400,8.350,8.400,2531,7111
1513885080,8.350,8.400,8.350,8.400,2531,7111
1513885140,8.350,8.400,8.350,8.400,2531,7111
1513885200,8.350,8.400,8.350,8.400,2531,7111
1513885260,8.350,8.400,8.350,8.400,2531,7111
1513885320,8.350,8.400,8.350,8.400,2531,7111
1513885380,8.350,8.400,8.350,8.400,2531,7111
1513885440,8.350,8.400,8.350,8.400,2531,7111
1513885500,8.350,8.400,8.350,8.400,2531,7111
1513885560,8.350,8.400,8.350,8.400,2531,7111
1513885620,8.350,8.400,8.350,8.400,2531,7111
1513885680,8.350,8.400,8.350,8.400,2531,7111
1513885740,8.350,8.400,8.350,8.400,2531,7111
1513885800,8.350,8.400,8.350,8.400,2531,7111
1513885860,8.350,8.400,8.350,8.400,2531,7111
1513885920,8.350,8.400,8.350,8.400,2531,7111
1513885980,8.350,8.400,8.350,8.400,2531,7111
1513886040,8.350,8.400,8.350,8.400,2531,7111
1513886100,8.350,8.400,8.350,8.400,2531,7111
1513886160,8.350,8.400,8.350,8.400,2531,7111
1513886220,8.350,8.400,8.350,8.400,2531,7111
1513886280,8.350,8.400,8.350,8.400,2531,7111
1513886340,8.350,8.400,8.350,8.400,2531,7111
1513886400,8.350,8.400,8.350,8.400,2531,7111
1513886460,8.350,8.400,8.350,8.400,2531,7111
1513886520,8.350,8.400,8.350,8.400,2531,7111
1513886580,8.350,8.400,8.350,8.400,2531,7111
1513886640,8.350,8.400,8.350,8.400,2531,7111
1513886700,8.350,8.400,8.350,8.400,2531,7111
1513886760,8.350,8.400,8.350,8.400,2531,7111
1513886820,8.350,8.400,8.350,8.400,2531,7111
1513886880,8.350,8.400,8.350,8.400,2531,7111
1513886940,8.350,8.400,8.350,8.400,2531,7111
1513887000,8.350,8.400,8.350,8.400,2531,7111
1513887060,8.350,8.400,8.350,8.400,2531,7111
1513887120,8.350,8.400,8.350,8.400,2531,7111
1513887180,8.350,8.400,8.350,8.400,2531,7111
1513887240,8.350,8.400,8.350,8.400,2531,7111
1513887300,8.350,8.400,8.350,8.400,169,19767
1513887360,8.350,8.400,8.350,8.400,169,19767
1513887420,8.350,8.400,8.350,8.400,169,19767
1513887480,8.350,8.400,8.350,8.400,169,19767
1513887540,8.300,8.300,8.300,8.300,169,19767
1513887600,8.400,8.400,8.400,8.400,193,20612
1513887660,8.400,8.400,8.400,8.400,193,20612
1513887720,8.400,8.400,8.400,8.400,193,20612
1513887780,8.400,8.400,8.400,8.400,193,20612
1513887840,8.400,8.400,8.400,8.400,193,20612
1513887900,8.300,8.300,8.300,8.300,193,21577
1513887960,8.300,8.300,8.300,8.300,193,21577
1513888020,8.300,8.300,8.300,8.300,193,21577
1513888080,8.300,8.300,8.300,8.300,193,21577
1513888140,8.300,8.300,8.300,8.300,193,21577
1513888200,8.300,8.300,8.300,8.300,120,22542
1513888260,8.400,8.400,8.400,8.400,120,22542
1513888320,8.400,8.400,8.400,8.400,120,22542
1513888380,8.400,8.400,8.400,8.400,120,22542
1513888440,8.400,8.400,8.400,8.400,120,22542
1513888500,8.400,8.400,8.400,8.400,120,22542
1513888560,8.400,8.400,8.400,8.400,120,22542
1513888620,8.400,8.400,8.400,8.400,120,22542
1513888680,8.400,8.400,8.400,8.400,120,22542
1513888740,8.400,8.400,8.400,8.400,120,22542
1513888800,8.400,8.400,8.400,8.400,120,22542
1513888860,8.400,8.400,8.400,8.400,120,22542
1513888920,8.400,8.400,8.400,8.400,120,22542
1513888980,8.400,8.400,8.400,8.400,120,22542
1513889040,8.400,8.400,8.400,8.400,120,22542
1513889100,8.400,8.400,8.400,8.400,120,22542
1513889160,8.400,8.400,8.400,8.400,120,22542
1513889220,8.400,8.400,8.400,8.400,120,22542
1513889280,8.400,8.400,8.400,8.400,120,22542
1513889340,8.400,8.400,8.400,8.400,120,22542
1513889400,8.300,8.300,8.300,8.300,27,23142
1513889460,8.300,8.300,8.300,8.300,25,23142
1513889520,8.300,8.300,8.300,8.300,25,23142
1513889580,8.300,8.300,8.300,8.300,25,23142
1513889640,8.300,8.300,8.300,8.300,25,23142
1513889700,8.400,8.400,8.400,8.400,120,23269
1513889760,8.400,8.400,8.400,8.400,120,23269
1513953000,8.400,8.400,8.400,8.400,0,0
1513953060,8.400,8.400,8.400,8.400,0,0
1513953120,8.400,8.400,8.400,8.400,0,0
1513953180,8.400,8.400,8.400,8.400,0,0
1513953240,8.400,8.400,8.400,8.400,0,0
1513953300,8.400,8.400,8.400,8.400,0,0
1513953360,8.400,8.400,8.400,8.400,0,0
1513953420,8.400,8.400,8.400,8.400,0,0
1513953480,8.400,8.400,8.400,8.400,0,0
1513953540,8.400,8.400,8.400,8.400,0,0
1513953600,8.400,8.400,8.400,8.400,0,0
1513953660,8.400,8.400,8.400,8.400,0,0
1513953720,8.400,8.400,8.400,8.400,0,0
1513953780,8.400,8.400,8.400,8.400,0,0
1513953840,8.400,8.400,8.400,8.400,0,0
1513953900,8.400,8.400,8.400,8.400,0,0
1513953960,8.400,8.400,8.400,8.400,0,0
1513954020,8.400,8.400,8.400,8.400,0,0
1513954080,8.400,8.400,8.400,8.400,0,0
1513954140,8.400,8.400,8.400,8.400,0,0
1513954200,8.400,8.400,8.400,8.400,0,0
1513954260,8.400,8.400,8.400,8.400,0,0
1513954320,8.400,8.400,8.400,8.400,0,0
1513954380,8.400,8.400,8.400,8.400,0,0
1513954440,8.400,8.400,8.400,8.400,0,0
1513954500,8.400,8.400,8.400,8.400,0,0
1513954560,8.400,8.400,8.400,8.400,0,0
1513954620,8.400,8.400,8.400,8.400,0,0
1513954680,8.400,8.400,8.400,8.400,0,0
1513954740,8.400,8.400,8.400,8.400,0,0
1513954800,8.400,8.400,8.400,8.400,184,0
1513954860,8.400,8.400,8.400,8.400,180,0
1513954920,8.400,8.400,8.400,8.400,180,0
1513954980,8.400,8.400,8.400,8.400,180,0
1513955040,8.260,8.260,8.260,8.260,180,0
1513955100,8.260,8.260,8.260,8.260,180,0
1513955160,8.260,8.260,8.260,8.260,180,0
1513955220,8.260,8.260,8.260,8.260,180,0
1513955280,8.260,8.260,8.260,8.260,180,0
1513955340,8.260,8.260,8.260,8.260,180,0
1513955400,8.260,8.260,8.260,8.260,180,0
1513955460,8.260,8.260,8.260,8.260,180,0
1513955520,8.260,8.260,8.260,8.260,180,0
1513955580,8.260,8.260,8.260,8.260,180,0
1513955640,8.260,8.260,8.260,8.260,180,0
1513955700,8.260,8.260,8.260,8.260,180,0
1513955760,8.260,8.260,8.260,8.260,180,0
1513955820,8.260,8.260,8.260,8.260,180,0
1513955880,8.260,8.260,8.260,8.260,180,0
1513955940,8.260,8.260,8.260,8.260,180,0
1513956000,8.260,8.260,8.260,8.260,20,904
1513956060,8.260,8.260,8.260,8.260,20,904
1513956120,8.300,8.300,8.300,8.300,20,904
1513956180,8.300,8.300,8.300,8.300,20,904
1513956240,8.300,8.300,8.300,8.300,20,904
1513956300,8.300,8.300,8.300,8.300,20,904
1513956360,8.300,8.300,8.300,8.300,20,904
1513956420,8.300,8.300,8.300,8.300,20,904
1513956480,8.300,8.300,8.300,8.300,20,904
1513956540,8.300,8.300,8.300,8.300,20,904
1513956600,8.300,8.300,8.300,8.300,20,904
1513956660,8.300,8.300,8.300,8.300,20,904
1513956720,8.300,8.300,8.300,8.300,20,904
1513956780,8.300,8.300,8.300,8.300,20,904
1513956840,8.300,8.300,8.300,8.300,20,904
1513956900,8.300,8.300,8.300,8.300,60,1004
1513956960,8.300,8.300,8.300,8.300,60,1004
1513957020,8.300,8.300,8.300,8.300,60,1004
1513957080,8.300,8.300,8.300,8.300,60,1004
1513957140,8.300,8.300,8.300,8.300,60,1004
1513957200,8.300,8.300,8.300,8.300,60,1004
1513957260,8.300,8.300,8.300,8.300,60,1004
1513957320,8.300,8.300,8.300,8.300,60,1004
1513957380,8.300,8.300,8.300,8.300,60,1004
1513957440,8.300,8.300,8.300,8.300,60,1004
1513957500,8.300,8.300,8.300,8.300,60,1004
1513957560,8.300,8.300,8.300,8.300,60,1004
1513957620,8.300,8.300,8.300,8.300,60,1004
1513957680,8.300,8.300,8.300,8.300,60,1004
1513957740,8.300,8.300,8.300,8.300,60,1004
1513957800,8.300,8.300,8.300,8.300,60,1004
1513957860,8.300,8.300,8.300,8.300,60,1004
1513957920,8.300,8.300,8.300,8.300,60,1004
1513957980,8.300,8.300,8.300,8.300,60,1004
1513958040,8.300,8.300,8.300,8.300,60,1004
1513958100,8.300,8.300,8.300,8.300,60,1004
1513958160,8.300,8.300,8.300,8.300,60,1004
1513958220,8.300,8.300,8.300,8.300,60,1004
1513958280,8.300,8.300,8.300,8.300,60,1004
1513958340,8.300,8.300,8.300,8.300,60,1004
1513958400,8.300,8.300,8.300,8.300,60,1004
1513958460,8.300,8.300,8.300,8.300,60,1004
1513958520,8.300,8.300,8.300,8.300,60,1004
1513958580,8.300,8.300,8.300,8.300,60,1004
1513958640,8.300,8.300,8.300,8.300,60,1004
1513958700,8.300,8.300,8.300,8.300,60,1004
1513958760,8.300,8.300,8.300,8.300,60,1004
1513958820,8.300,8.300,8.300,8.300,60,1004
1513958880,8.300,8.300,8.300,8.300,60,1004
1513958940,8.300,8.300,8.300,8.300,60,1004
1513959000,8.300,8.300,8.300,8.300,60,1004
1513959060,8.300,8.300,8.300,8.300,60,1004
1513959120,8.300,8.300,8.300,8.300,60,1004
1513959180,8.300,8.300,8.300,8.300,60,1004
1513959240,8.300,8.300,8.300,8.300,60,1004
1513959300,8.300,8.300,8.300,8.300,60,1004
1513959360,8.300,8.300,8.300,8.300,60,1004
1513959420,8.300,8.300,8.300,8.300,60,1004
1513959480,8.300,8.300,8.300,8.300,60,1004
1513959540,8.300,8.300,8.300,8.300,60,1004
1513959600,8.300,8.300,8.300,8.300,60,1004
1513959660,8.300,8.300,8.300,8.300,60,1004
1513959720,8.300,8.300,8.300,8.300,60,1004
1513959780,8.300,8.300,8.300,8.300,60,1004
1513959840,8.300,8.300,8.300,8.300,60,1004
1513959900,8.300,8.300,8.300,8.300,60,1004
1513959960,8.300,8.300,8.300,8.300,60,1004
1513960020,8.300,8.300,8.300,8.300,60,1004
1513960080,8.300,8.300,8.300,8.300,60,1004
1513960140,8.300,8.300,8.300,8.300,60,1004
1513960200,8.300,8.300,8.300,8.300,60,1004
1513960260,8.300,8.300,8.300,8.300,60,1004
1513960320,8.300,8.300,8.300,8.300,60,1004
1513960380,8.300,8.300,8.300,8.300,60,1004
1513960440,8.300,8.300,8.300,8.300,60,1004
1513960500,8.300,8.300,8.300,8.300,60,1004
1513960560,8.300,8.300,8.300,8.300,60,1004
1513960620,8.300,8.300,8.300,8.300,60,1004
1513960680,8.300,8.300,8.300,8.300,60,1004
1513960740,8.300,8.300,8.300,8.300,60,1004
1513960800,8.300,8.300,8.300,8.300,60,1004
1513960860,8.300,8.300,8.300,8.300,60,1004
1513960920,8.300,8.300,8.300,8.300,60,1004
1513960980,8.300,8.300,8.300,8.300,60,1004
1513961040,8.300,8.300,8.300,8.300,60,1004
1513961100,8.300,8.300,8.300,8.300,60,1004
1513961160,8.300,8.300,8.300,8.300,60,1004
1513961220,8.300,8.300,8.300,8.300,60,1004
1513961280,8.300,8.300,8.300,8.300,60,1004
1513961340,8.300,8.300,8.300,8.300,60,1004
1513961400,8.300,8.300,8.300,8.300,60,1004
1513961460,8.300,8.300,8.300,8.300,60,1004
1513961520,8.300,8.300,8.300,8.300,60,1004
1513961580,8.300,8.300,8.300,8.300,60,1004
1513961640,8.300,8.300,8.300,8.300,60,1004
1513961700,8.300,8.300,8.300,8.300,60,1004
1513961760,8.300,8.300,8.300,8.300,60,1004
1513961820,8.300,8.300,8.300,8.300,60,1004
1513961880,8.300,8.300,8.300,8.300,60,1004
1513961940,8.300,8.300,8.300,8.300,60,1004
1513962000,8.300,8.300,8.300,8.300,60,1004
1513962060,8.300,8.300,8.300,8.300,60,1004
1513962120,8.300,8.300,8.300,8.300,60,1004
1513962180,8.300,8.300,8.300,8.300,60,1004
1513962240,8.300,8.300,8.300,8.300,60,1004
1513962300,8.300,8.300,8.300,8.300,60,1004
1513962360,8.300,8.300,8.300,8.300,60,1004
1513962420,8.300,8.300,8.300,8.300,60,1004
1513962480,8.300,8.300,8.300,8.300,60,1004
1513962540,8.300,8.300,8.300,8.300,60,1004
1513962600,8.300,8.300,8.300,8.300,60,1004
1513962660,8.300,8.300,8.300,8.300,60,1004
1513962720,8.300,8.300,8.300,8.300,60,1004
1513962780,8.300,8.300,8.300,8.300,60,1004
1513962840,8.300,8.300,8.300,8.300,60,1004
1513962900,8.300,8.300,8.300,8.300,60,1004
1513962960,8.300,8.300,8.300,8.300,60,1004
1513963020,8.300,8.300,8.300,8.300,60,1004
1513963080,8.300,8.300,8.300,8.300,60,1004
1513963140,8.300,8.300,8.300,8.300,60,1004
1513963200,8.300,8.300,8.300,8.300,60,1004
1513963260,8.300,8.300,8.300,8.300,60,1004
1513963320,8.300,8.300,8.300,8.300,60,1004
1513963380,8.300,8.300,8.300,8.300,60,1004
1513963440,8.300,8.300,8.300,8.300,60,1004
1513963500,8.300,8.300,8.300,8.300,60,1004
1513963560,8.300,8.300,8.300,8.300,60,1004
1513963620,8.300,8.300,8.300,8.300,60,1004
1513963680,8.300,8.300,8.300,8.300,60,1004
1513963740,8.300,8.300,8.300,8.300,60,1004
1513963800,8.300,8.300,8.300,8.300,60,1004
1513963860,8.300,8.300,8.300,8.300,60,1004
1513963920,8.300,8.300,8.300,8.300,60,1004
1513963980,8.300,8.300,8.300,8.300,60,1004
1513964040,8.300,8.300,8.300,8.300,60,1004
1513964100,8.300,8.300,8.300,8.300,60,1004
1513964160,8.300,8.300,8.300,8.300,60,1004
1513964220,8.300,8.300,8.300,8.300,60,1004
1513964280,8.300,8.300,8.300,8.300,60,1004
1513964340,8.300,8.300,8.300,8.300,60,1004
1513964400,8.300,8.300,8.300,8.300,60,1004
1513964460,8.300,8.300,8.300,8.300,60,1004
1513964520,8.300,8.300,8.300,8.300,60,1004
1513964580,8.300,8.300,8.300,8.300,60,1004
1513964640,8.300,8.300,8.300,8.300,60,1004
1513964700,8.300,8.300,8.300,8.300,157,1304
1513964760,8.300,8.300,8.300,8.300,153,1304
1513964820,8.200,8.200,8.200,8.200,153,1304
1513964880,8.200,8.200,8.200,8.200,153,1304
1513964940,8.200,8.200,8.200,8.200,153,1304
1513965000,8.200,8.200,8.200,8.200,153,1304
1513965060,8.200,8.200,8.200,8.200,153,1304
1513965120,8.200,8.200,8.200,8.200,153,1304
1513965180,8.200,8.200,8.200,8.200,153,1304
1513965240,8.200,8.200,8.200,8.200,153,1304
1513965300,8.200,8.200,8.200,8.200,153,1304
1513965360,8.200,8.200,8.200,8.200,153,1304
1513965420,8.200,8.200,8.200,8.200,153,1304
1513965480,8.200,8.200,8.200,8.200,153,1304
1513965540,8.200,8.200,8.200,8.200,153,1304
1513965600,8.200,8.200,8.200,8.200,153,1304
1513965660,8.200,8.200,8.200,8.200,153,1304
1513965720,8.200,8.200,8.200,8.200,153,1304
1513965780,8.200,8.200,8.200,8.200,153,1304
1513965840,8.200,8.200,8.200,8.200,153,1304
1513965900,8.200,8.200,8.200,8.200,153,1304
1513965960,8.200,8.200,8.200,8.200,153,1304
1513966020,8.200,8.200,8.200,8.200,153,1304
1513966080,8.200,8.200,8.200,8.200,153,1304
1513966140,8.200,8.200,8.200,8.200,153,1304
1513966200,8.200,8.200,8.200,8.200,153,1304
1513966260,8.200,8.200,8.200,8.200,153,1304
1513966320,8.200,8.200,8.200,8.200,153,1304
1513966380,8.200,8.200,8.200,8.200,153,1304
1513966440,8.200,8.200,8.200,8.200,153,1304
1513966500,8.200,8.200,8.200,8.200,153,1304
1513966560,8.200,8.200,8.200,8.200,153,1304
1513966620,8.200,8.200,8.200,8.200,153,1304
1513966680,8.200,8.200,8.200,8.200,153,1304
1513966740,8.200,8.200,8.200,8.200,153,1304
1513966800,8.200,8.200,8.200,8.200,153,1304
1513966860,8.200,8.200,8.200,8.200,153,1304
1513966920,8.200,8.200,8.200,8.200,153,1304
1513966980,8.200,8.200,8.200,8.200,153,1304
1513967040,8.200,8.200,8.200,8.200,153,1304
1513967100,8.200,8.200,8.200,8.200,153,1304
1513967160,8.200,8.200,8.200,8.200,153,1304
1513967220,8.200,8.200,8.200,8.200,153,1304
1513967280,8.200,8.200,8.200,8.200,153,1304
1513967340,8.200,8.200,8.200,8.200,153,1304
1513967400,8.200,8.200,8.200,8.200,153,1304
1513967460,8.200,8.200,8.200,8.200,153,1304
1513967520,8.200,8.200,8.200,8.200,153,1304
1513967580,8.200,8.200,8.200,8.200,153,1304
1513967640,8.200,8.200,8.200,8.200,153,1304
1513967700,8.200,8.200,8.200,8.200,153,1304
1513967760,8.200,8.200,8.200,8.200,153,1304
1513967820,8.200,8.200,8.200,8.200,153,1304
1513967880,8.200,8.200,8.200,8.200,153,1304
1513967940,8.200,8.200,8.200,8.200,153,1304
1513968000,8.200,8.200,8.200,8.200,229,2073
1513968060,8.200,8.200,8.200,8.200,227,2073
1513968120,8.200,8.200,8.200,8.200,227,2073
1513968180,8.200,8.200,8.200,8.200,227,2073
1513968240,8.200,8.200,8.200,8.200,227,2073
1513968300,8.200,8.200,8.200,8.200,227,2073
1513968360,8.200,8.200,8.200,8.200,227,2073
1513968420,8.200,8.200,8.200,8.200,227,2073
1513968480,8.200,8.200,8.200,8.200,227,2073
1513968540,8.200,8.200,8.200,8.200,227,2073
1513968600,8.200,8.200,8.200,8.200,227,2073
1513968660,8.200,8.200,8.200,8.200,227,2073
1513968720,8.200,8.200,8.200,8.200,227,2073
1513968780,8.200,8.200,8.200,8.200,227,2073
1513968840,8.200,8.200,8.200,8.200,227,2073
1513968900,8.200,8.200,8.200,8.200,227,2073
1513968960,8.200,8.200,8.200,8.200,227,2073
1513969020,8.200,8.200,8.200,8.200,227,2073
1513969080,8.200,8.200,8.200,8.200,227,2073
1513969140,8.200,8.200,8.200,8.200,227,2073
1513969200,8.200,8.200,8.200,8.200,227,2073
1513969260,8.200,8.200,8.200,8.200,227,2073
1513969320,8.200,8.200,8.200,8.200,227,2073
1513969380,8.200,8.200,8.200,8.200,227,2073
1513969440,8.200,8.200,8.200,8.200,227,2073
1513969500,8.200,8.200,8.200,8.200,227,2073
1513969560,8.200,8.200,8.200,8.200,227,2073
1513969620,8.200,8.200,8.200,8.200,227,2073
1513969680,8.200,8.200,8.200,8.200,227,2073
1513969740,8.200,8.200,8.200,8.200,227,2073
1513969800,8.200,8.200,8.200,8.200,51,3210
1513969860,8.200,8.200,8.200,8.200,50,3210
1513969920,8.200,8.200,8.200,8.200,50,3210
1513969980,8.250,8.250,8.250,8.250,50,3210
1513970040,8.250,8.250,8.250,8.250,50,3210
1513970100,8.250,8.250,8.250,8.250,50,3210
1513970160,8.250,8.250,8.250,8.250,50,3210
1513970220,8.250,8.250,8.250,8.250,50,3210
1513970280,8.250,8.250,8.250,8.250,50,3210
1513970340,8.250,8.250,8.250,8.250,50,3210
1513970400,8.250,8.250,8.250,8.250,50,3210
1513970460,8.250,8.250,8.250,8.250,50,3210
1513970520,8.250,8.250,8.250,8.250,50,3210
1513970580,8.250,8.250,8.250,8.250,50,3210
1513970640,8.250,8.250,8.250,8.250,50,3210
1513970700,8.250,8.250,8.250,8.250,50,3210
1513970760,8.250,8.250,8.250,8.250,50,3210
1513970820,8.250,8.250,8.250,8.250,50,3210
1513970880,8.250,8.250,8.250,8.250,50,3210
1513970940,8.250,8.250,8.250,8.250,50,3210
1513971000,8.250,8.250,8.250,8.250,50,3210
1513971060,8.250,8.250,8.250,8.250,50,3210
1513971120,8.250,8.250,8.250,8.250,50,3210
1513971180,8.250,8.250,8.250,8.250,50,3210
1513971240,8.250,8.250,8.250,8.250,50,3210
1513971300,8.250,8.250,8.250,8.250,50,3210
1513971360,8.250,8.250,8.250,8.250,50,3210
1513971420,8.250,8.250,8.250,8.250,50,3210
1513971480,8.250,8.250,8.250,8.250,50,3210
1513971540,8.250,8.250,8.250,8.250,50,3210
1513971600,8.250,8.250,8.250,8.250,50,3210
1513971660,8.250,8.250,8.250,8.250,50,3210
1513971720,8.250,8.250,8.250,8.250,50,3210
1513971780,8.250,8.250,8.250,8.250,50,3210
1513971840,8.250,8.250,8.250,8.250,50,3210
1513971900,8.250,8.250,8.250,8.250,50,3210
1513971960,8.250,8.250,8.250,8.250,50,3210
1513972020,8.250,8.250,8.250,8.250,50,3210
1513972080,8.250,8.250,8.250,8.250,50,3210
1513972140,8.250,8.250,8.250,8.250,50,3210
1513972200,8.250,8.250,8.250,8.250,50,3210
1513972260,8.250,8.250,8.250,8.250,50,3210
1513972320,8.250,8.250,8.250,8.250,50,3210
1513972380,8.250,8.250,8.250,8.250,50,3210
1513972440,8.250,8.250,8.250,8.250,50,3210
1513972500,8.250,8.250,8.250,8.250,50,3210
1513972560,8.250,8.250,8.250,8.250,50,3210
1513972620,8.250,8.250,8.250,8.250,50,3210
1513972680,8.250,8.250,8.250,8.250,50,3210
1513972740,8.250,8.250,8.250,8.250,50,3210
1513972800,8.250,8.250,8.250,8.250,50,3210
1513972860,8.250,8.250,8.250,8.250,50,3210
1513972920,8.250,8.250,8.250,8.250,50,3210
1513972980,8.250,8.250,8.250,8.250,50,3210
1513973040,8.250,8.250,8.250,8.250,50,3210
1513973100,8.250,8.250,8.250,8.250,50,3210
1513973160,8.250,8.250,8.250,8.250,50,3210
1513973220,8.250,8.250,8.250,8.250,50,3210
1513973280,8.250,8.250,8.250,8.250,50,3210
1513973340,8.250,8.250,8.250,8.250,50,3210
1513973400,8.250,8.250,8.250,8.250,50,3210
1513973460,8.250,8.250,8.250,8.250,50,3210
1513973520,8.250,8.250,8.250,8.250,50,3210
1513973580,8.250,8.250,8.250,8.250,50,3210
1513973640,8.250,8.250,8.250,8.250,50,3210
1513973700,8.250,8.250,8.250,8.250,70,3461
1513973760,8.250,8.250,8.250,8.250,70,3461
1513973820,8.250,8.250,8.250,8.250,70,3461
1513973880,8.250,8.250,8.250,8.250,70,3461
1513973940,8.300,8.300,8.300,8.300,70,3461
1513974000,8.300,8.300,8.300,8.300,70,3461
1513974060,8.300,8.300,8.300,8.300,70,3461
1513974120,8.300,8.300,8.300,8.300,70,3461
1513974180,8.300,8.300,8.300,8.300,70,3461
1513974240,8.300,8.300,8.300,8.300,70,3461
1513974300,8.300,8.300,8.300,8.300,42,3811
1513974360,8.300,8.300,8.300,8.300,42,3811
1513974420,8.300,8.300,8.300,8.300,42,3811
1513974480,8.300,8.300,8.300,8.300,42,3811
1513974540,8.300,8.300,8.300,8.300,42,3811
1513974600,8.350,8.350,8.350,8.350,171,4021
1513974660,8.350,8.350,8.350,8.350,171,4021
1513974720,8.350,8.350,8.350,8.350,171,4021
1513974780,8.350,8.350,8.350,8.350,171,4021
1513974840,8.350,8.350,8.350,8.350,171,4021
1513974900,8.350,8.350,8.350,8.350,171,4021
1513974960,8.350,8.350,8.350,8.350,171,4021
1513975020,8.350,8.350,8.350,8.350,171,4021
1513975080,8.350,8.350,8.350,8.350,171,4021
1513975140,8.350,8.350,8.350,8.350,171,4021
1513975200,8.350,8.350,8.350,8.350,171,4021
1513975260,8.350,8.350,8.350,8.350,171,4021
1513975320,8.350,8.350,8.350,8.350,171,4021
1513975380,8.350,8.350,8.350,8.350,171,4021
1513975440,8.350,8.350,8.350,8.350,171,4021
1513975500,8.350,8.350,8.350,8.350,171,4021
1513975560,8.350,8.350,8.350,8.350,171,4021
1513975620,8.350,8.350,8.350,8.350,171,4021
1513975680,8.350,8.350,8.350,8.350,171,4021
1513975740,8.350,8.350,8.350,8.350,171,4021
1513975800,8.350,8.350,8.350,8.350,29,4876
1513975860,8.350,8.350,8.350,8.350,29,4876
1513975920,8.350,8.350,8.350,8.350,29,4876
1513975980,8.350,8.350,8.350,8.350,29,4876
1513976040,8.350,8.350,8.350,8.350,29,4876
1513976100,8.350,8.350,8.350,8.350,44,5021
1513976160,8.350,8.350,8.350,8.350,41,5021
1513976220,8.350,8.350,8.350,8.350,41,5021
1513976280,8.350,8.350,8.350,8.350,41,5021
1513976340,8.350,8.350,8.350,8.350,41,5021
1514298600,8.400,8.400,8.400,8.400,0,0
1514298660,8.400,8.400,8.400,8.400,0,0
1514298720,8.400,8.400,8.400,8.400,0,0
1514298780,8.400,8.400,8.400,8.400,0,0
1514298840,8.400,8.400,8.400,8.400,0,0
1514298900,8.400,8.400,8.400,8.400,0,0
1514298960,8.400,8.400,8.400,8.400,0,0
1514299020,8.400,8.400,8.400,8.400,0,0
1514299080,8.400,8.400,8.400,8.400,0,0
1514299140,8.400,8.400,8.400,8.400,0,0
1514299200,8.400,8.400,8.400,8.400,58,0
1514299260,8.400,8.400,8.400,8.400,54,0
1514299320,8.400,8.400,8.400,8.400,54,0
1514299380,8.400,8.400,8.400,8.400,54,0
1514299440,8.380,8.380,8.380,8.380,54,0
1514299500,8.380,8.380,8.380,8.380,54,0
1514299560,8.380,8.380,8.380,8.380,54,0
1514299620,8.380,8.380,8.380,8.380,54,0
1514299680,8.380,8.380,8.380,8.380,54,0
1514299740,8.380,8.380,8.380,8.380,54,0
1514299800,8.380,8.380,8.380,8.380,54,0
1514299860,8.380,8.380,8.380,8.380,54,0
1514299920,8.380,8.380,8.380,8.380,54,0
1514299980,8.380,8.380,8.380,8.380,54,0
1514300040,8.380,8.380,8.380,8.380,54,0
1514300100,8.380,8.380,8.380,8.380,54,0
1514300160,8.380,8.380,8.380,8.380,54,0
1514300220,8.380,8.380,8.380,8.380,54,0
1514300280,8.380,8.380,8.380,8.380,54,0
1514300340,8.380,8.380,8.380,8.380,54,0
1514300400,8.380,8.380,8.380,8.380,54,0
1514300460,8.380,8.380,8.380,8.380,54,0
1514300520,8.380,8.380,8.380,8.380,54,0
1514300580,8.380,8.380,8.380,8.380,54,0
1514300640,8.380,8.380,8.380,8.380,54,0
1514300700,8.380,8.380,8.380,8.380,54,0
1514300760,8.380,8.380,8.380,8.380,54,0
1514300820,8.380,8.380,8.380,8.380,54,0
1514300880,8.380,8.380,8.380,8.380,54,0
1514300940,8.380,8.380,8.380,8.380,54,0
1514301000,8.380,8.380,8.380,8.380,54,0
1514301060,8.380,8.380,8.380,8.380,54,0
1514301120,8.380,8.380,8.380,8.380,54,0
1514301180,8.380,8.380,8.380,8.380,54,0
1514301240,8.380,8.380,8.380,8.380,54,0
1514301300,8.380,8.380,8.380,8.380,54,0
1514301360,8.380,8.380,8.380,8.380,54,0
1514301420,8.380,8.380,8.380,8.380,54,0
1514301480,8.380,8.380,8.380,8.380,54,0
1514301540,8.380,8.380,8.380,8.380,54,0
1514301600,8.380,8.380,8.380,8.380,54,0
1514301660,8.380,8.380,8.380,8.380,54,0
1514301720,8.380,8.380,8.380,8.380,54,0
1514301780,8.380,8.380,8.380,8.380,54,0
1514301840,8.380,8.380,8.380,8.380,54,0
1514301900,8.380,8.380,8.380,8.380,54,0
1514301960,8.380,8.380,8.380,8.380,54,0
1514302020,8.380,8.380,8.380,8.380,54,0
1514302080,8.380,8.380,8.380,8.380,54,0
1514302140,8.380,8.380,8.380,8.380,54,0
1514302200,8.380,8.380,8.380,8.380,54,0
1514302260,8.380,8.380,8.380,8.380,54,0
1514302320,8.380,8.380,8.380,8.380,54,0
1514302380,8.380,8.380,8.380,8.380,54,0
1514302440,8.380,8.380,8.380,8.380,54,0
1514302500,8.380,8.380,8.380,8.380,54,0
1514302560,8.380,8.380,8.380,8.380,54,0
1514302620,8.380,8.380,8.380,8.380,54,0
1514302680,8.380,8.380,8.380,8.380,54,0
1514302740,8.380,8.380,8.380,8.380,54,0
1514302800,8.380,8.380,8.380,8.380,54,0
1514302860,8.380,8.380,8.380,8.380,54,0
1514302920,8.380,8.380,8.380,8.380,54,0
1514302980,8.380,8.380,8.380,8.380,54,0
1514303040,8.380,8.380,8.380,8.380,54,0
1514303100,8.380,8.380,8.380,8.380,54,0
1514303160,8.380,8.380,8.380,8.380,54,0
1514303220,8.380,8.380,8.380,8.380,54,0
1514303280,8.380,8.380,8.380,8.380,54,0
1514303340,8.380,8.380,8.380,8.380,54,0
1514303400,8.380,8.380,8.380,8.380,54,0
1514303460,8.380,8.380,8.380,8.380,54,0
1514303520,8.380,8.380,8.380,8.380,54,0
1514303580,8.380,8.380,8.380,8.380,54,0
1514303640,8.380,8.380,8.380,8.380,54,0
1514303700,8.380,8.380,8.380,8.380,54,0
1514303760,8.380,8.380,8.380,8.380,54,0
1514303820,8.380,8.380,8.380,8.380,54,0
1514303880,8.380,8.380,8.380,8.380,54,0
1514303940,8.380,8.380,8.380,8.380,54,0
1514304000,8.380,8.380,8.380,8.380,54,0
1514304060,8.380,8.380,8.380,8.380,54,0
1514304120,8.380,8.380,8.380,8.380,54,0
1514304180,8.380,8.380,8.380,8.380,54,0
1514304240,8.380,8.380,8.380,8.380,54,0
1514304300,8.380,8.380,8.380,8.380,54,0
1514304360,8.380,8.380,8.380,8.380,54,0
1514304420,8.380,8.380,8.380,8.380,54,0
1514304480,8.380,8.380,8.380,8.380,54,0
1514304540,8.380,8.380,8.380,8.380,54,0
1514304600,8.380,8.380,8.380,8.380,54,0
1514304660,8.380,8.380,8.380,8.380,54,0
1514304720,8.380,8.380,8.380,8.380,54,0
1514304780,8.380,8.380,8.380,8.380,54,0
1514304840,8.380,8.380,8.380,8.380,54,0
1514304900,8.380,8.380,8.380,8.380,91,274
1514304960,8.380,8.380,8.380,8.380,88,274
1514305020,8.380,8.380,8.380,8.380,88,274
1514305080,8.350,8.350,8.350,8.350,88,274
1514305140,8.350,8.350,8.350,8.350,88,274
1514305200,8.350,8.350,8.350,8.350,43,717
1514305260,8.350,8.350,8.350,8.350,39,717
1514305320,8.350,8.350,8.350,8.350,39,717
1514305380,8.350,8.350,8.350,8.350,39,717
1514305440,8.350,8.350,8.350,8.350,39,717
1514305500,8.350,8.350,8.350,8.350,39,717
1514305560,8.350,8.350,8.350,8.350,39,717
1514305620,8.350,8.350,8.350,8.350,39,717
1514305680,8.350,8.350,8.350,8.350,39,717
1514305740,8.350,8.350,8.350,8.350,39,717
1514305800,8.350,8.350,8.350,8.350,39,717
1514305860,8.350,8.350,8.350,8.350,39,717
1514305920,8.350,8.350,8.350,8.350,39,717
1514305980,8.350,8.350,8.350,8.350,39,717
1514306040,8.350,8.350,8.350,8.350,39,717
1514306100,8.350,8.350,8.350,8.350,39,717
1514306160,8.350,8.350,8.350,8.350,39,717
1514306220,8.350,8.350,8.350,8.350,39,717
1514306280,8.350,8.350,8.350,8.350,39,717
1514306340,8.350,8.350,8.350,8.350,39,717
1514306400,8.350,8.350,8.350,8.350,39,717
1514306460,8.350,8.350,8.350,8.350,39,717
1514306520,8.350,8.350,8.350,8.350,39,717
1514306580,8.350,8.350,8.350,8.350,39,717
1514306640,8.350,8.350,8.350,8.350,39,717
1514306700,8.350,8.350,8.350,8.350,39,717
1514306760,8.350,8.350,8.350,8.350,39,717
1514306820,8.350,8.350,8.350,8.350,39,717
1514306880,8.350,8.350,8.350,8.350,39,717
1514306940,8.350,8.350,8.350,8.350,39,717
1514307000,8.350,8.350,8.350,8.350,39,717
1514307060,8.350,8.350,8.350,8.350,39,717
1514307120,8.350,8.350,8.350,8.350,39,717
1514307180,8.350,8.350,8.350,8.350,39,717
1514307240,8.350,8.350,8.350,8.350,39,717
1514307300,8.350,8.350,8.350,8.350,39,717
1514307360,8.350,8.350,8.350,8.350,39,717
1514307420,8.350,8.350,8.350,8.350,39,717
1514307480,8.350,8.350,8.350,8.350,39,717
1514307540,8.350,8.350,8.350,8.350,39,717
1514307600,8.350,8.350,8.350,8.350,39,717
1514307660,8.350,8.350,8.350,8.350,39,717
1514307720,8.350,8.350,8.350,8.350,39,717
1514307780,8.350,8.350,8.350,8.350,39,717
1514307840,8.350,8.350,8.350,8.350,39,717
1514307900,8.350,8.350,8.350,8.350,39,717
1514307960,8.350,8.350,8.350,8.350,39,717
1514308020,8.350,8.350,8.350,8.350,39,717
1514308080,8.350,8.350,8.350,8.350,39,717
1514308140,8.350,8.350,8.350,8.350,39,717
1514308200,8.350,8.350,8.350,8.350,139,916
1514308260,8.350,8.350,8.350,8.350,135,916
1514308320,8.350,8.350,8.350,8.350,135,916
1514308380,8.350,8.350,8.350,8.350,135,916
1514308440,8.350,8.350,8.350,8.350,135,916
1514308500,8.350,8.350,8.350,8.350,135,916
1514308560,8.350,8.350,8.350,8.350,135,916
1514308620,8.350,8.350,8.350,8.350,135,916
1514308680,8.350,8.350,8.350,8.350,135,916
1514308740,8.350,8.350,8.350,8.350,135,916
1514308800,8.350,8.350,8.350,8.350,135,916
1514308860,8.350,8.350,8.350,8.350,135,916
1514308920,8.350,8.350,8.350,8.350,135,916
1514308980,8.350,8.350,8.350,8.350,135,916
1514309040,8.350,8.350,8.350,8.350,135,916
1514309100,8.350,8.350,8.350,8.350,135,916
1514309160,8.350,8.350,8.350,8.350,135,916
1514309220,8.350,8.350,8.350,8.350,135,916
1514309280,8.350,8.350,8.350,8.350,135,916
1514309340,8.350,8.350,8.350,8.350,135,916
1514309400,8.350,8.350,8.350,8.350,135,916
1514309460,8.350,8.350,8.350,8.350,135,916
1514309520,8.350,8.350,8.350,8.350,135,916
1514309580,8.350,8.350,8.350,8.350,135,916
1514309640,8.350,8.350,8.350,8.350,135,916
1514309700,8.350,8.350,8.350,8.350,1084,1595
1514309760,8.400,8.400,8.400,8.400,1084,1595
1514309820,8.400,8.400,8.400,8.400,1084,1595
1514309880,8.400,8.400,8.400,8.400,1084,1595
1514309940,8.400,8.400,8.400,8.400,1084,1595
1514310000,8.400,8.400,8.400,8.400,1084,1595
1514310060,8.400,8.400,8.400,8.400,1084,1595
1514310120,8.400,8.400,8.400,8.400,1084,1595
1514310180,8.400,8.400,8.400,8.400,1084,1595
1514310240,8.400,8.400,8.400,8.400,1084,1595
1514310300,8.400,8.400,8.400,8.400,128,7015
1514310360,8.400,8.400,8.400,8.400,125,7015
1514310420,8.400,8.400,8.400,8.400,125,7015
1514310480,8.400,8.400,8.400,8.400,125,7015
1514310540,8.400,8.400,8.400,8.400,125,7015
1514310600,8.400,8.400,8.400,8.400,125,7015
1514310660,8.400,8.400,8.400,8.400,125,7015
1514310720,8.400,8.400,8.400,8.400,125,7015
1514310780,8.400,8.400,8.400,8.400,125,7015
1514310840,8.400,8.400,8.400,8.400,125,7015
1514310900,8.400,8.400,8.400,8.400,125,7015
1514310960,8.400,8.400,8.400,8.400,125,7015
1514311020,8.400,8.400,8.400,8.400,125,7015
1514311080,8.400,8.400,8.400,8.400,125,7015
1514311140,8.400,8.400,8.400,8.400,125,7015
1514311200,8.400,8.400,8.400,8.400,125,7015
1514311260,8.400,8.400,8.400,8.400,125,7015
1514311320,8.400,8.400,8.400,8.400,125,7015
1514311380,8.400,8.400,8.400,8.400,125,7015
1514311440,8.400,8.400,8.400,8.400,125,7015
1514311500,8.400,8.400,8.400,8.400,125,7015
1514311560,8.400,8.400,8.400,8.400,125,7015
1514311620,8.400,8.400,8.400,8.400,125,7015
1514311680,8.400,8.400,8.400,8.400,125,7015
1514311740,8.400,8.400,8.400,8.400,125,7015
1514311800,8.400,8.400,8.400,8.400,125,7015
1514311860,8.400,8.400,8.400,8.400,125,7015
1514311920,8.400,8.400,8.400,8.400,125,7015
1514311980,8.400,8.400,8.400,8.400,125,7015
1514312040,8.400,8.400,8.400,8.400,125,7015
1514312100,8.400,8.400,8.400,8.400,125,7015
1514312160,8.400,8.400,8.400,8.400,125,7015
1514312220,8.400,8.400,8.400,8.400,125,7015
1514312280,8.400,8.400,8.400,8.400,125,7015
1514312340,8.400,8.400,8.400,8.400,125,7015
1514312400,8.400,8.400,8.400,8.400,125,7015
1514312460,8.400,8.400,8.400,8.400,125,7015
1514312520,8.400,8.400,8.400,8.400,125,7015
1514312580,8.400,8.400,8.400,8.400,125,7015
1514312640,8.400,8.400,8.400,8.400,125,7015
1514312700,8.400,8.400,8.400,8.400,125,7015
1514312760,8.400,8.400,8.400,8.400,125,7015
1514312820,8.400,8.400,8.400,8.400,125,7015
1514312880,8.400,8.400,8.400,8.400,125,7015
1514312940,8.400,8.400,8.400,8.400,125,7015
1514313000,8.400,8.400,8.400,8.400,125,7015
1514313060,8.400,8.400,8.400,8.400,125,7015
1514313120,8.400,8.400,8.400,8.400,125,7015
1514313180,8.400,8.400,8.400,8.400,125,7015
1514313240,8.400,8.400,8.400,8.400,125,7015
1514313300,8.400,8.400,8.400,8.400,125,7015
1514313360,8.400,8.400,8.400,8.400,125,7015
1514313420,8.400,8.400,8.400,8.400,125,7015
1514313480,8.400,8.400,8.400,8.400,125,7015
1514313540,8.400,8.400,8.400,8.400,125,7015
1514313600,8.400,8.400,8.400,8.400,125,7015
1514313660,8.400,8.400,8.400,8.400,125,7015
1514313720,8.400,8.400,8.400,8.400,125,7015
1514313780,8.400,8.400,8.400,8.400,125,7015
1514313840,8.400,8.400,8.400,8.400,125,7015
1514313900,8.400,8.400,8.400,8.400,125,7015
1514313960,8.400,8.400,8.400,8.400,125,7015
1514314020,8.400,8.400,8.400,8.400,125,7015
1514314080,8.400,8.400,8.400,8.400,125,7015
1514314140,8.400,8.400,8.400,8.400,125,7015
1514314200,8.400,8.400,8.400,8.400,125,7015
1514314260,8.400,8.400,8.400,8.400,125,7015
1514314320,8.400,8.400,8.400,8.400,125,7015
1514314380,8.400,8.400,8.400,8.400,125,7015
1514314440,8.400,8.400,8.400,8.400,125,7015
1514314500,8.400,8.400,8.400,8.400,125,7015
1514314560,8.400,8.400,8.400,8.400,125,7015
1514314620,8.400,8.400,8.400,8.400,125,7015
1514314680,8.400,8.400,8.400,8.400,125,7015
1514314740,8.400,8.400,8.400,8.400,125,7015
1514314800,8.400,8.400,8.400,8.400,125,7015
1514314860,8.400,8.400,8.400,8.400,125,7015
1514314920,8.400,8.400,8.400,8.400,125,7015
1514314980,8.400,8.400,8.400,8.400,125,7015
1514315040,8.400,8.400,8.400,8.400,125,7015
1514315100,8.400,8.400,8.400,8.400,125,7015
1514315160,8.400,8.400,8.400,8.400,125,7015
1514315220,8.400,8.400,8.400,8.400,125,7015
1514315280,8.400,8.400,8.400,8.400,125,7015
1514315340,8.400,8.400,8.400,8.400,125,7015
1514315400,8.400,8.400,8.400,8.400,1229,7643
1514315460,8.450,8.450,8.450,8.450,1226,7643
1514315520,8.500,8.500,8.500,8.500,1226,7643
1514315580,8.500,8.500,8.500,8.500,1226,7643
1514315640,8.500,8.500,8.500,8.500,1226,7643
1514315700,8.500,8.500,8.500,8.500,556,13776
1514315760,8.500,8.500,8.500,8.500,554,13776
1514315820,8.500,8.500,8.500,8.500,554,13776
1514315880,8.500,8.500,8.500,8.500,554,13776
1514315940,8.500,8.500,8.500,8.500,554,13776
1514316000,8.500,8.500,8.500,8.500,554,13776
1514316060,8.500,8.500,8.500,8.500,554,13776
1514316120,8.500,8.500,8.500,8.500,554,13776
1514316180,8.500,8.500,8.500,8.500,554,13776
1514316240,8.500,8.500,8.500,8.500,554,13776
1514316300,8.500,8.500,8.500,8.500,554,13776
1514316360,8.500,8.500,8.500,8.500,554,13776
1514316420,8.500,8.500,8.500,8.500,554,13776
1514316480,8.500,8.500,8.500,8.500,554,13776
1514316540,8.500,8.500,8.500,8.500,554,13776
1514316600,8.500,8.500,8.500,8.500,554,13776
1514316660,8.500,8.500,8.500,8.500,554,13776
1514316720,8.500,8.500,8.500,8.500,554,13776
1514316780,8.500,8.500,8.500,8.500,554,13776
1514316840,8.500,8.500,8.500,8.500,554,13776
1514316900,8.500,8.500,8.500,8.500,554,13776
1514316960,8.500,8.500,8.500,8.500,554,13776
1514317020,8.500,8.500,8.500,8.500,554,13776
1514317080,8.500,8.500,8.500,8.500,554,13776
1514317140,8.500,8.500,8.500,8.500,554,13776
1514317200,8.500,8.500,8.500,8.500,554,13776
1514317260,8.500,8.500,8.500,8.500,554,13776
1514317320,8.500,8.500,8.500,8.500,554,13776
1514317380,8.500,8.500,8.500,8.500,554,13776
1514317440,8.500,8.500,8.500,8.500,554,13776
1514317500,8.500,8.500,8.500,8.500,554,13776
1514317560,8.500,8.500,8.500,8.500,554,13776
1514317620,8.500,8.500,8.500,8.500,554,13776
1514317680,8.500,8.500,8.500,8.500,554,13776
1514317740,8.500,8.500,8.500,8.500,554,13776
1514317800,8.500,8.500,8.500,8.500,554,13776
1514317860,8.500,8.500,8.500,8.500,554,13776
1514317920,8.500,8.500,8.500,8.500,554,13776
1514317980,8.500,8.500,8.500,8.500,554,13776
1514318040,8.500,8.500,8.500,8.500,554,13776
1514318100,8.500,8.500,8.500,8.500,554,13776
1514318160,8.500,8.500,8.500,8.500,554,13776
1514318220,8.500,8.500,8.500,8.500,554,13776
1514318280,8.500,8.500,8.500,8.500,554,13776
1514318340,8.500,8.500,8.500,8.500,554,13776
1514318400,8.500,8.500,8.500,8.500,554,13776
1514318460,8.500,8.500,8.500,8.500,554,13776
1514318520,8.500,8.500,8.500,8.500,554,13776
1514318580,8.500,8.500,8.500,8.500,554,13776
1514318640,8.500,8.500,8.500,8.500,554,13776
1514318700,8.530,8.530,8.530,8.530,487,16548
1514318760,8.530,8.530,8.530,8.530,484,16548
1514318820,8.530,8.530,8.530,8.530,484,16548
1514318880,8.530,8.530,8.530,8.530,484,16548
1514318940,8.530,8.530,8.530,8.530,484,16548
1514319000,8.530,8.530,8.530,8.530,484,16548
1514319060,8.530,8.530,8.530,8.530,484,16548
1514319120,8.530,8.530,8.530,8.530,484,16548
1514319180,8.530,8.530,8.530,8.530,484,16548
1514319240,8.530,8.530,8.530,8.530,484,16548
1514319300,8.530,8.530,8.530,8.530,484,16548
1514319360,8.530,8.530,8.530,8.530,484,16548
1514319420,8.530,8.530,8.530,8.530,484,16548
1514319480,8.530,8.530,8.530,8.530,484,16548
1514319540,8.530,8.530,8.530,8.530,484,16548
1514319600,8.530,8.530,8.530,8.530,484,16548
1514319660,8.530,8.530,8.530,8.530,484,16548
1514319720,8.530,8.530,8.530,8.530,484,16548
1514319780,8.530,8.530,8.530,8.530,484,16548
1514319840,8.530,8.530,8.530,8.530,484,16548
1514319900,8.530,8.530,8.530,8.530,484,16548
1514319960,8.530,8.530,8.530,8.530,484,16548
1514320020,8.530,8.530,8.530,8.530,484,16548
1514320080,8.530,8.530,8.530,8.530,484,16548
1514320140,8.530,8.530,8.530,8.530,484,16548
1514320200,8.530,8.530,8.530,8.530,44,18971
1514320260,8.550,8.550,8.550,8.550,44,18971
1514320320,8.550,8.550,8.550,8.550,44,18971
1514320380,8.550,8.550,8.550,8.550,44,18971
1514320440,8.550,8.550,8.550,8.550,44,18971
1514320500,8.550,8.550,8.550,8.550,78,19191
1514320560,8.550,8.550,8.550,8.550,75,19191
1514320620,8.550,8.550,8.550,8.550,75,19191
1514320680,8.500,8.500,8.500,8.500,75,19191
1514320740,8.500,8.500,8.500,8.500,75,19191
1514320800,8.500,8.500,8.500,8.500,153,19569
1514320860,8.500,8.500,8.500,8.500,153,19569
1514320920,8.500,8.500,8.500,8.500,153,19569
1514320980,8.550,8.550,8.550,8.550,153,19569
1514321040,8.550,8.550,8.550,8.550,153,19569
1514321100,8.550,8.550,8.550,8.550,153,19569
1514321160,8.550,8.550,8.550,8.550,153,19569
1514321220,8.550,8.550,8.550,8.550,153,19569
1514321280,8.550,8.550,8.550,8.550,153,19569
1514321340,8.550,8.550,8.550,8.550,153,19569
1514321400,8.550,8.550,8.550,8.550,153,19569
1514321460,8.550,8.550,8.550,8.550,153,19569
1514321520,8.550,8.550,8.550,8.550,153,19569
1514321580,8.550,8.550,8.550,8.550,153,19569
1514321640,8.550,8.550,8.550,8.550,153,19569
1514321700,8.500,8.500,8.500,8.500,357,20334
1514321760,8.500,8.500,8.500,8.500,357,20334
1514321820,8.500,8.500,8.500,8.500,357,20334
1514321880,8.500,8.500,8.500,8.500,357,20334
1514321940,8.500,8.500,8.500,8.500,357,20334
1514385000,8.500,8.500,8.500,8.500,0,0
1514385060,8.500,8.500,8.500,8.500,0,0
1514385120,8.500,8.500,8.500,8.500,0,0
1514385180,8.500,8.500,8.500,8.500,0,0
1514385240,8.500,8.500,8.500,8.500,0,0
1514385300,8.500,8.500,8.500,8.500,0,0
1514385360,8.500,8.500,8.500,8.500,0,0
1514385420,8.500,8.500,8.500,8.500,0,0
1514385480,8.500,8.500,8.500,8.500,0,0
1514385540,8.500,8.500,8.500,8.500,0,0
1514385600,8.500,8.500,8.500,8.500,0,0
1514385660,8.500,8.500,8.500,8.500,0,0
1514385720,8.500,8.500,8.500,8.500,0,0
1514385780,8.500,8.500,8.500,8.500,0,0
1514385840,8.500,8.500,8.500,8.500,0,0
1514385900,8.500,8.500,8.500,8.500,0,0
1514385960,8.500,8.500,8.500,8.500,0,0
1514386020,8.500,8.500,8.500,8.500,0,0
1514386080,8.500,8.500,8.500,8.500,0,0
1514386140,8.500,8.500,8.500,8.500,0,0
1514386200,8.500,8.500,8.500,8.500,0,0
1514386260,8.500,8.500,8.500,8.500,0,0
1514386320,8.500,8.500,8.500,8.500,0,0
1514386380,8.500,8.500,8.500,8.500,0,0
1514386440,8.500,8.500,8.500,8.500,0,0
1514386500,8.500,8.500,8.500,8.500,0,0
1514386560,8.500,8.500,8.500,8.500,0,0
1514386620,8.500,8.500,8.500,8.500,0,0
1514386680,8.500,8.500,8.500,8.500,0,0
1514386740,8.500,8.500,8.500,8.500,0,0
1514386800,8.500,8.500,8.500,8.500,0,0
1514386860,8.500,8.500,8.500,8.500,0,0
1514386920,8.500,8.500,8.500,8.500,0,0
1514386980,8.500,8.500,8.500,8.500,0,0
1514387040,8.500,8.500,8.500,8.500,0,0
1514387100,8.500,8.500,8.500,8.500,0,0
1514387160,8.500,8.500,8.500,8.500,0,0
1514387220,8.500,8.500,8.500,8.500,0,0
1514387280,8.500,8.500,8.500,8.500,0,0
1514387340,8.500,8.500,8.500,8.500,0,0
1514387400,8.500,8.500,8.500,8.500,0,0
1514387460,8.500,8.500,8.500,8.500,0,0
1514387520,8.500,8.500,8.500,8.500,0,0
1514387580,8.500,8.500,8.500,8.500,0,0
1514387640,8.500,8.500,8.500,8.500,0,0
1514387700,8.500,8.500,8.500,8.500,0,0
1514387760,8.500,8.500,8.500,8.500,0,0
1514387820,8.500,8.500,8.500,8.500,0,0
1514387880,8.500,8.500,8.500,8.500,0,0
1514387940,8.500,8.500,8.500,8.500,0,0
1514388000,8.500,8.500,8.500,8.500,0,0
1514388060,8.500,8.500,8.500,8.500,0,0
1514388120,8.500,8.500,8.500,8.500,0,0
1514388180,8.500,8.500,8.500,8.500,0,0
1514388240,8.500,8.500,8.500,8.500,0,0
1514388300,8.500,8.500,8.500,8.500,95,0
1514388360,8.500,8.500,8.500,8.500,91,0
1514388420,8.500,8.500,8.500,8.500,91,0
1514388480,8.500,8.500,8.500,8.500,91,0
1514388540,8.500,8.500,8.500,8.500,91,0
1514388600,8.500,8.500,8.500,8.500,91,0
1514388660,8.500,8.500,8.500,8.500,91,0
1514388720,8.500,8.500,8.500,8.500,91,0
1514388780,8.500,8.500,8.500,8.500,91,0
1514388840,8.500,8.500,8.500,8.500,91,0
1514388900,8.500,8.500,8.500,8.500,91,0
1514388960,8.500,8.500,8.500,8.500,91,0
1514389020,8.500,8.500,8.500,8.500,91,0
1514389080,8.500,8.500,8.500,8.500,91,0
1514389140,8.500,8.500,8.500,8.500,91,0
1514389200,8.500,8.500,8.500,8.500,91,0
1514389260,8.500,8.500,8.500,8.500,91,0
1514389320,8.500,8.500,8.500,8.500,91,0
1514389380,8.500,8.500,8.500,8.500,91,0
1514389440,8.500,8.500,8.500,8.500,91,0
1514389500,8.500,8.500,8.500,8.500,91,0
1514389560,8.500,8.500,8.500,8.500,91,0
1514389620,8.500,8.500,8.500,8.500,91,0
1514389680,8.500,8.500,8.500,8.500,91,0
1514389740,8.500,8.500,8.500,8.500,91,0
1514389800,8.500,8.500,8.500,8.500,91,0
1514389860,8.500,8.500,8.500,8.500,91,0
1514389920,8.500,8.500,8.500,8.500,91,0
1514389980,8.500,8.500,8.500,8.500,91,0
1514390040,8.500,8.500,8.500,8.500,91,0
1514390100,8.500,8.500,8.500,8.500,91,0
1514390160,8.500,8.500,8.500,8.500,91,0
1514390220,8.500,8.500,8.500,8.500,91,0
1514390280,8.500,8.500,8.500,8.500,91,0
1514390340,8.500,8.500,8.500,8.500,91,0
1514390400,8.500,8.500,8.500,8.500,91,0
1514390460,8.500,8.500,8.500,8.500,91,0
1514390520,8.500,8.500,8.500,8.500,91,0
1514390580,8.500,8.500,8.500,8.500,91,0
1514390640,8.500,8.500,8.500,8.500,91,0
1514390700,8.500,8.500,8.500,8.500,91,0
1514390760,8.500,8.500,8.500,8.500,91,0
1514390820,8.500,8.500,8.500,8.500,91,0
1514390880,8.500,8.500,8.500,8.500,91,0
1514390940,8.500,8.500,8.500,8.500,91,0
1514391000,8.500,8.500,8.500,8.500,91,0
1514391060,8.500,8.500,8.500,8.500,91,0
1514391120,8.500,8.500,8.500,8.500,91,0
1514391180,8.500,8.500,8.500,8.500,91,0
1514391240,8.500,8.500,8.500,8.500,91,0
1514391300,8.500,8.500,8.500,8.500,91,0
1514391360,8.500,8.500,8.500,8.500,91,0
1514391420,8.500,8.500,8.500,8.500,91,0
1514391480,8.500,8.500,8.500,8.500,91,0
1514391540,8.500,8.500,8.500,8.500,91,0
1514391600,8.500,8.500,8.500,8.500,91,0
1514391660,8.500,8.500,8.500,8.500,91,0
1514391720,8.500,8.500,8.500,8.500,91,0
1514391780,8.500,8.500,8.500,8.500,91,0
1514391840,8.500,8.500,8.500,8.500,91,0
1514391900,8.500,8.500,8.500,8.500,91,0
1514391960,8.500,8.500,8.500,8.500,91,0
1514392020,8.500,8.500,8.500,8.500,91,0
1514392080,8.500,8.500,8.500,8.500,91,0
1514392140,8.500,8.500,8.500,8.500,91,0
1514392200,8.500,8.500,8.500,8.500,91,0
1514392260,8.500,8.500,8.500,8.500,91,0
1514392320,8.500,8.500,8.500,8.500,91,0
1514392380,8.500,8.500,8.500,8.500,91,0
1514392440,8.500,8.500,8.500,8.500,91,0
1514392500,8.500,8.500,8.500,8.500,28,459
1514392560,8.500,8.500,8.500,8.500,27,459
1514392620,8.500,8.500,8.500,8.500,27,459
1514392680,8.500,8.500,8.500,8.500,27,459
1514392740,8.530,8.530,8.530,8.530,27,459
1514392800,8.530,8.530,8.530,8.530,27,459
1514392860,8.530,8.530,8.530,8.530,27,459
1514392920,8.530,8.530,8.530,8.530,27,459
1514392980,8.530,8.530,8.530,8.530,27,459
1514393040,8.530,8.530,8.530,8.530,27,459
1514393100,8.530,8.530,8.530,8.530,27,459
1514393160,8.530,8.530,8.530,8.530,27,459
1514393220,8.530,8.530,8.530,8.530,27,459
1514393280,8.530,8.530,8.530,8.530,27,459
1514393340,8.530,8.530,8.530,8.530,27,459
1514393400,8.530,8.530,8.530,8.530,27,459
1514393460,8.530,8.530,8.530,8.530,27,459
1514393520,8.530,8.530,8.530,8.530,27,459
1514393580,8.530,8.530,8.530,8.530,27,459
1514393640,8.530,8.530,8.530,8.530,27,459
1514393700,8.530,8.530,8.530,8.530,27,459
1514393760,8.530,8.530,8.530,8.530,27,459
1514393820,8.530,8.530,8.530,8.530,27,459
1514393880,8.530,8.530,8.530,8.530,27,459
1514393940,8.530,8.530,8.530,8.530,27,459
1514394000,8.530,8.530,8.530,8.530,27,459
1514394060,8.530,8.530,8.530,8.530,27,459
1514394120,8.530,8.530,8.530,8.530,27,459
1514394180,8.530,8.530,8.530,8.530,27,459
1514394240,8.530,8.530,8.530,8.530,27,459
1514394300,8.530,8.530,8.530,8.530,20,595
1514394360,8.530,8.530,8.530,8.530,20,595
1514394420,8.530,8.530,8.530,8.530,20,595
1514394480,8.530,8.530,8.530,8.530,20,595
1514394540,8.520,8.520,8.520,8.520,20,595
1514394600,8.520,8.520,8.520,8.520,20,695
1514394660,8.520,8.520,8.520,8.520,20,695
1514394720,8.530,8.530,8.530,8.530,20,695
1514394780,8.530,8.530,8.530,8.530,20,695
1514394840,8.530,8.530,8.530,8.530,20,695
1514394900,8.530,8.530,8.530,8.530,62,795
1514394960,8.530,8.530,8.530,8.530,60,795
1514395020,8.530,8.530,8.530,8.530,60,795
1514395080,8.530,8.530,8.530,8.530,60,795
1514395140,8.530,8.530,8.530,8.530,60,795
1514395200,8.530,8.530,8.530,8.530,60,795
1514395260,8.530,8.530,8.530,8.530,60,795
1514395320,8.530,8.530,8.530,8.530,60,795
1514395380,8.530,8.530,8.530,8.530,60,795
1514395440,8.530,8.530,8.530,8.530,60,795
1514395500,8.530,8.530,8.530,8.530,60,795
1514395560,8.530,8.530,8.530,8.530,60,795
1514395620,8.530,8.530,8.530,8.530,60,795
1514395680,8.530,8.530,8.530,8.530,60,795
1514395740,8.530,8.530,8.530,8.530,60,795
1514395800,8.530,8.530,8.530,8.530,60,795
1514395860,8.530,8.530,8.530,8.530,60,795
1514395920,8.530,8.530,8.530,8.530,60,795
1514395980,8.530,8.530,8.530,8.530,60,795
1514396040,8.530,8.530,8.530,8.530,60,795
1514396100,8.530,8.530,8.530,8.530,60,795
1514396160,8.530,8.530,8.530,8.530,60,795
1514396220,8.530,8.530,8.530,8.530,60,795
1514396280,8.530,8.530,8.530,8.530,60,795
1514396340,8.530,8.530,8.530,8.530,60,795
1514396400,8.530,8.530,8.530,8.530,60,795
1514396460,8.530,8.530,8.530,8.530,60,795
1514396520,8.530,8.530,8.530,8.530,60,795
1514396580,8.530,8.530,8.530,8.530,60,795
1514396640,8.530,8.530,8.530,8.530,60,795
1514396700,8.530,8.530,8.530,8.530,60,795
1514396760,8.530,8.530,8.530,8.530,60,795
1514396820,8.530,8.530,8.530,8.530,60,795
1514396880,8.530,8.530,8.530,8.530,60,795
1514396940,8.530,8.530,8.530,8.530,60,795
1514397000,8.530,8.530,8.530,8.530,60,795
1514397060,8.530,8.530,8.530,8.530,60,795
1514397120,8.530,8.530,8.530,8.530,60,795
1514397180,8.530,8.530,8.530,8.530,60,795
1514397240,8.530,8.530,8.530,8.530,60,795
1514397300,8.530,8.530,8.530,8.530,60,795
1514397360,8.530,8.530,8.530,8.530,60,795
1514397420,8.530,8.530,8.530,8.530,60,795
1514397480,8.530,8.530,8.530,8.530,60,795
1514397540,8.530,8.530,8.530,8.530,60,795
1514397600,8.530,8.530,8.530,8.530,62,1097
1514397660,8.490,8.490,8.490,8.490,60,1097
1514397720,8.490,8.490,8.490,8.490,60,1097
1514397780,8.490,8.490,8.490,8.490,60,1097
1514397840,8.490,8.490,8.490,8.490,60,1097
1514397900,8.490,8.490,8.490,8.490,60,1097
1514397960,8.490,8.490,8.490,8.490,60,1097
1514398020,8.490,8.490,8.490,8.490,60,1097
1514398080,8.490,8.490,8.490,8.490,60,1097
1514398140,8.490,8.490,8.490,8.490,60,1097
1514398200,8.490,8.490,8.490,8.490,60,1097
1514398260,8.490,8.490,8.490,8.490,60,1097
1514398320,8.490,8.490,8.490,8.490,60,1097
1514398380,8.490,8.490,8.490,8.490,60,1097
1514398440,8.490,8.490,8.490,8.490,60,1097
1514398500,8.490,8.490,8.490,8.490,60,1097
1514398560,8.490,8.490,8.490,8.490,60,1097
1514398620,8.490,8.490,8.490,8.490,60,1097
1514398680,8.490,8.490,8.490,8.490,60,1097
1514398740,8.490,8.490,8.490,8.490,60,1097
1514398800,8.490,8.490,8.490,8.490,42,1399
1514398860,8.490,8.490,8.490,8.490,40,1399
1514398920,8.490,8.490,8.490,8.490,40,1399
1514398980,8.490,8.490,8.490,8.490,40,1399
1514399040,8.450,8.450,8.450,8.450,40,1399
1514399100,8.450,8.450,8.450,8.450,40,1399
1514399160,8.450,8.450,8.450,8.450,40,1399
1514399220,8.450,8.450,8.450,8.450,40,1399
1514399280,8.450,8.450,8.450,8.450,40,1399
1514399340,8.450,8.450,8.450,8.450,40,1399
1514399400,8.450,8.450,8.450,8.450,40,1601
1514399460,8.450,8.450,8.450,8.450,40,1601
1514399520,8.460,8.460,8.460,8.460,40,1601
1514399580,8.460,8.460,8.460,8.460,40,1601
1514399640,8.460,8.460,8.460,8.460,40,1601
1514399700,8.460,8.460,8.460,8.460,40,1601
1514399760,8.460,8.460,8.460,8.460,40,1601
1514399820,8.460,8.460,8.460,8.460,40,1601
1514399880,8.460,8.460,8.460,8.460,40,1601
1514399940,8.460,8.460,8.460,8.460,40,1601
1514400000,8.460,8.460,8.460,8.460,40,1601
1514400060,8.460,8.460,8.460,8.460,40,1601
1514400120,8.460,8.460,8.460,8.460,40,1601
1514400180,8.460,8.460,8.460,8.460,40,1601
1514400240,8.460,8.460,8.460,8.460,40,1601
1514400300,8.460,8.460,8.460,8.460,40,1601
1514400360,8.460,8.460,8.460,8.460,40,1601
1514400420,8.460,8.460,8.460,8.460,40,1601
1514400480,8.460,8.460,8.460,8.460,40,1601
1514400540,8.460,8.460,8.460,8.460,40,1601
1514400600,8.460,8.460,8.460,8.460,40,1601
1514400660,8.460,8.460,8.460,8.460,40,1601
1514400720,8.460,8.460,8.460,8.460,40,1601
1514400780,8.460,8.460,8.460,8.460,40,1601
1514400840,8.460,8.460,8.460,8.460,40,1601
1514400900,8.460,8.460,8.460,8.460,67,1801
1514400960,8.460,8.460,8.460,8.460,63,1801
1514401020,8.460,8.460,8.460,8.460,63,1801
1514401080,8.460,8.460,8.460,8.460,63,1801
1514401140,8.460,8.460,8.460,8.460,63,1801
1514401200,8.460,8.460,8.460,8.460,63,1801
1514401260,8.460,8.460,8.460,8.460,63,1801
1514401320,8.460,8.460,8.460,8.460,63,1801
1514401380,8.460,8.460,8.460,8.460,63,1801
1514401440,8.460,8.460,8.460,8.460,63,1801
1514401500,8.400,8.400,8.400,8.400,141,2120
1514401560,8.400,8.400,8.400,8.400,140,2120
1514401620,8.400,8.400,8.400,8.400,140,2120
1514401680,8.400,8.400,8.400,8.400,140,2120
1514401740,8.400,8.400,8.400,8.400,140,2120
1514401800,8.400,8.400,8.400,8.400,140,2120
1514401860,8.400,8.400,8.400,8.400,140,2120
1514401920,8.400,8.400,8.400,8.400,140,2120
1514401980,8.400,8.400,8.400,8.400,140,2120
1514402040,8.400,8.400,8.400,8.400,140,2120
1514402100,8.400,8.400,8.400,8.400,140,2120
1514402160,8.400,8.400,8.400,8.400,140,2120
1514402220,8.400,8.400,8.400,8.400,140,2120
1514402280,8.400,8.400,8.400,8.400,140,2120
1514402340,8.400,8.400,8.400,8.400,140,2120
1514402400,8.400,8.400,8.400,8.400,140,2120
1514402460,8.400,8.400,8.400,8.400,140,2120
1514402520,8.400,8.400,8.400,8.400,140,2120
1514402580,8.400,8.400,8.400,8.400,140,2120
1514402640,8.400,8.400,8.400,8.400,140,2120
1514402700,8.400,8.400,8.400,8.400,140,2120
1514402760,8.400,8.400,8.400,8.400,140,2120
1514402820,8.400,8.400,8.400,8.400,140,2120
1514402880,8.400,8.400,8.400,8.400,140,2120
1514402940,8.400,8.400,8.400,8.400,140,2120
1514403000,8.400,8.400,8.400,8.400,140,2120
1514403060,8.400,8.400,8.400,8.400,140,2120
1514403120,8.400,8.400,8.400,8.400,140,2120
1514403180,8.400,8.400,8.400,8.400,140,2120
1514403240,8.400,8.400,8.400,8.400,140,2120
1514403300,8.400,8.400,8.400,8.400,140,2120
1514403360,8.400,8.400,8.400,8.400,140,2120
1514403420,8.400,8.400,8.400,8.400,140,2120
1514403480,8.400,8.400,8.400,8.400,140,2120
1514403540,8.400,8.400,8.400,8.400,140,2120
1514403600,8.400,8.400,8.400,8.400,140,2120
1514403660,8.400,8.400,8.400,8.400,140,2120
1514403720,8.400,8.400,8.400,8.400,140,2120
1514403780,8.400,8.400,8.400,8.400,140,2120
1514403840,8.400,8.400,8.400,8.400,140,2120
1514403900,8.400,8.400,8.400,8.400,140,2120
1514403960,8.400,8.400,8.400,8.400,140,2120
1514404020,8.400,8.400,8.400,8.400,140,2120
1514404080,8.400,8.400,8.400,8.400,140,2120
1514404140,8.400,8.400,8.400,8.400,140,2120
1514404200,8.400,8.400,8.400,8.400,140,2120
1514404260,8.400,8.400,8.400,8.400,140,2120
1514404320,8.400,8.400,8.400,8.400,140,2120
1514404380,8.400,8.400,8.400,8.400,140,2120
1514404440,8.400,8.400,8.400,8.400,140,2120
1514404500,8.400,8.400,8.400,8.400,140,2120
1514404560,8.400,8.400,8.400,8.400,140,2120
1514404620,8.400,8.400,8.400,8.400,140,2120
1514404680,8.400,8.400,8.400,8.400,140,2120
1514404740,8.400,8.400,8.400,8.400,140,2120
1514404800,8.400,8.400,8.400,8.400,140,2120
1514404860,8.400,8.400,8.400,8.400,140,2120
1514404920,8.400,8.400,8.400,8.400,140,2120
1514404980,8.400,8.400,8.400,8.400,140,2120
1514405040,8.400,8.400,8.400,8.400,140,2120
1514405100,8.400,8.400,8.400,8.400,140,2120
1514405160,8.400,8.400,8.400,8.400,140,2120
1514405220,8.400,8.400,8.400,8.400,140,2120
1514405280,8.400,8.400,8.400,8.400,140,2120
1514405340,8.400,8.400,8.400,8.400,140,2120
1514405400,8.400,8.400,8.400,8.400,140,2120
1514405460,8.400,8.400,8.400,8.400,140,2120
1514405520,8.400,8.400,8.400,8.400,140,2120
1514405580,8.400,8.400,8.400,8.400,140,2120
1514405640,8.400,8.400,8.400,8.400,140,2120
1514405700,8.400,8.400,8.400,8.400,164,2821
1514405760,8.400,8.400,8.400,8.400,161,2821
1514405820,8.400,8.400,8.400,8.400,161,2821
1514405880,8.400,8.400,8.400,8.400,161,2821
1514405940,8.350,8.350,8.350,8.350,161,2821
1514406000,8.350,8.350,8.350,8.350,161,2821
1514406060,8.350,8.350,8.350,8.350,161,2821
1514406120,8.350,8.350,8.350,8.350,161,2821
1514406180,8.350,8.350,8.350,8.350,161,2821
1514406240,8.350,8.350,8.350,8.350,161,2821
1514406300,8.350,8.350,8.350,8.350,161,2821
1514406360,8.350,8.350,8.350,8.350,161,2821
1514406420,8.350,8.350,8.350,8.350,161,2821
1514406480,8.350,8.350,8.350,8.350,161,2821
1514406540,8.350,8.350,8.350,8.350,161,2821
1514406600,8.350,8.350,8.350,8.350,161,2821
1514406660,8.350,8.350,8.350,8.350,161,2821
1514406720,8.350,8.350,8.350,8.350,161,2821
1514406780,8.350,8.350,8.350,8.350,161,2821
1514406840,8.350,8.350,8.350,8.350,161,2821
1514406900,8.350,8.350,8.350,8.350,161,2821
1514406960,8.350,8.350,8.350,8.350,161,2821
1514407020,8.350,8.350,8.350,8.350,161,2821
1514407080,8.350,8.350,8.350,8.350,161,2821
1514407140,8.350,8.350,8.350,8.350,161,2821
1514407200,8.350,8.350,8.350,8.350,161,2821
1514407260,8.350,8.350,8.350,8.350,161,2821
1514407320,8.350,8.350,8.350,8.350,161,2821
1514407380,8.350,8.350,8.350,8.350,161,2821
1514407440,8.350,8.350,8.350,8.350,161,2821
1514407500,8.350,8.350,8.350,8.350,161,2821
1514407560,8.350,8.350,8.350,8.350,161,2821
1514407620,8.350,8.350,8.350,8.350,161,2821
1514407680,8.350,8.350,8.350,8.350,161,2821
1514407740,8.350,8.350,8.350,8.350,161,2821
1514407800,8.350,8.350,8.350,8.350,161,2821
1514407860,8.350,8.350,8.350,8.350,161,2821
1514407920,8.350,8.350,8.350,8.350,161,2821
1514407980,8.350,8.350,8.350,8.350,161,2821
1514408040,8.350,8.350,8.350,8.350,161,2821
1514408100,8.350,8.350,8.350,8.350,43,3629
1514471400,8.400,8.400,8.400,8.400,0,0
1514471460,8.400,8.400,8.400,8.400,0,0
1514471520,8.400,8.400,8.400,8.400,0,0
1514471580,8.400,8.400,8.400,8.400,0,0
1514471640,8.400,8.400,8.400,8.400,0,0
1514471700,8.400,8.400,8.400,8.400,0,0
1514471760,8.400,8.400,8.400,8.400,0,0
1514471820,8.400,8.400,8.400,8.400,0,0
1514471880,8.400,8.400,8.400,8.400,0,0
1514471940,8.400,8.400,8.400,8.400,0,0
1514472000,8.400,8.400,8.400,8.400,0,0
1514472060,8.400,8.400,8.400,8.400,0,0
1514472120,8.400,8.400,8.400,8.400,0,0
1514472180,8.400,8.400,8.400,8.400,0,0
1514472240,8.400,8.400,8.400,8.400,0,0
1514472300,8.400,8.400,8.400,8.400,0,0
1514472360,8.400,8.400,8.400,8.400,0,0
1514472420,8.400,8.400,8.400,8.400,0,0
1514472480,8.400,8.400,8.400,8.400,0,0
1514472540,8.400,8.400,8.400,8.400,0,0
1514472600,8.400,8.400,8.400,8.400,0,0
1514472660,8.400,8.400,8.400,8.400,0,0
1514472720,8.400,8.400,8.400,8.400,0,0
1514472780,8.400,8.400,8.400,8.400,0,0
1514472840,8.400,8.400,8.400,8.400,0,0
1514472900,8.400,8.400,8.400,8.400,0,0
1514472960,8.400,8.400,8.400,8.400,0,0
1514473020,8.400,8.400,8.400,8.400,0,0
1514473080,8.400,8.400,8.400,8.400,0,0
1514473140,8.400,8.400,8.400,8.400,0,0
1514473200,8.400,8.400,8.400,8.400,108,0
1514473260,8.420,8.420,8.420,8.420,104,0
1514473320,8.420,8.420,8.420,8.420,104,0
1514473380,8.420,8.420,8.420,8.420,104,0
1514473440,8.420,8.420,8.420,8.420,104,0
1514473500,8.420,8.420,8.420,8.420,104,0
1514473560,8.420,8.420,8.420,8.420,104,0
1514473620,8.420,8.420,8.420,8.420,104,0
1514473680,8.420,8.420,8.420,8.420,104,0
1514473740,8.420,8.420,8.420,8.420,104,0
1514473800,8.420,8.420,8.420,8.420,104,0
1514473860,8.420,8.420,8.420,8.420,104,0
1514473920,8.420,8.420,8.420,8.420,104,0
1514473980,8.420,8.420,8.420,8.420,104,0
1514474040,8.420,8.420,8.420,8.420,104,0
1514474100,8.420,8.420,8.420,8.420,76,524
1514474160,8.420,8.420,8.420,8.420,76,524
1514474220,8.420,8.420,8.420,8.420,76,524
1514474280,8.400,8.400,8.400,8.400,76,524
1514474340,8.400,8.400,8.400,8.400,76,524
1514474400,8.400,8.400,8.400,8.400,170,904
1514474460,8.400,8.400,8.400,8.400,169,904
1514474520,8.400,8.400,8.400,8.400,169,904
1514474580,8.400,8.400,8.400,8.400,169,904
1514474640,8.450,8.450,8.450,8.450,169,904
1514474700,8.450,8.450,8.450,8.450,169,904
1514474760,8.450,8.450,8.450,8.450,169,904
1514474820,8.450,8.450,8.450,8.450,169,904
1514474880,8.450,8.450,8.450,8.450,169,904
1514474940,8.450,8.450,8.450,8.450,169,904
1514475000,8.450,8.450,8.450,8.450,169,904
1514475060,8.450,8.450,8.450,8.450,169,904
1514475120,8.450,8.450,8.450,8.450,169,904
1514475180,8.450,8.450,8.450,8.450,169,904
1514475240,8.450,8.450,8.450,8.450,169,904
1514475300,8.450,8.450,8.450,8.450,169,904
1514475360,8.450,8.450,8.450,8.450,169,904
1514475420,8.450,8.450,8.450,8.450,169,904
1514475480,8.450,8.450,8.450,8.450,169,904
1514475540,8.450,8.450,8.450,8.450,169,904
1514475600,8.450,8.450,8.450,8.450,169,904
1514475660,8.450,8.450,8.450,8.450,169,904
1514475720,8.450,8.450,8.450,8.450,169,904
1514475780,8.450,8.450,8.450,8.450,169,904
1514475840,8.450,8.450,8.450,8.450,169,904
1514475900,8.450,8.450,8.450,8.450,169,904
1514475960,8.450,8.450,8.450,8.450,169,904
1514476020,8.450,8.450,8.450,8.450,169,904
1514476080,8.450,8.450,8.450,8.450,169,904
1514476140,8.450,8.450,8.450,8.450,169,904
1514476200,8.450,8.450,8.450,8.450,169,904
1514476260,8.450,8.450,8.450,8.450,169,904
1514476320,8.450,8.450,8.450,8.450,169,904
1514476380,8.450,8.450,8.450,8.450,169,904
1514476440,8.450,8.450,8.450,8.450,169,904
1514476500,8.450,8.450,8.450,8.450,169,904
1514476560,8.450,8.450,8.450,8.450,169,904
1514476620,8.450,8.450,8.450,8.450,169,904
1514476680,8.450,8.450,8.450,8.450,169,904
1514476740,8.450,8.450,8.450,8.450,169,904
1514476800,8.450,8.450,8.450,8.450,169,904
1514476860,8.450,8.450,8.450,8.450,169,904
1514476920,8.450,8.450,8.450,8.450,169,904
1514476980,8.450,8.450,8.450,8.450,169,904
1514477040,8.450,8.450,8.450,8.450,169,904
1514477100,8.450,8.450,8.450,8.450,169,904
1514477160,8.450,8.450,8.450,8.450,169,904
1514477220,8.450,8.450,8.450,8.450,169,904
1514477280,8.450,8.450,8.450,8.450,169,904
1514477340,8.450,8.450,8.450,8.450,169,904
1514477400,8.450,8.450,8.450,8.450,672,1750
1514477460,8.450,8.450,8.450,8.450,669,1750
1514477520,8.450,8.450,8.450,8.450,669,1750
1514477580,8.390,8.390,8.390,8.390,669,1750
1514477640,8.390,8.390,8.390,8.390,669,1750
1514477700,8.390,8.390,8.390,8.390,669,1750
1514477760,8.390,8.390,8.390,8.390,669,1750
1514477820,8.390,8.390,8.390,8.390,669,1750
1514477880,8.390,8.390,8.390,8.390,669,1750
1514477940,8.390,8.390,8.390,8.390,669,1750
1514478000,8.390,8.390,8.390,8.390,669,1750
1514478060,8.390,8.390,8.390,8.390,669,1750
1514478120,8.390,8.390,8.390,8.390,669,1750
1514478180,8.390,8.390,8.390,8.390,669,1750
1514478240,8.390,8.390,8.390,8.390,669,1750
1514478300,8.390,8.390,8.390,8.390,669,1750
1514478360,8.390,8.390,8.390,8.390,669,1750
1514478420,8.390,8.390,8.390,8.390,669,1750
1514478480,8.390,8.390,8.390,8.390,669,1750
1514478540,8.390,8.390,8.390,8.390,669,1750
1514478600,8.390,8.390,8.390,8.390,46,5098
1514478660,8.430,8.430,8.430,8.430,45,5098
1514478720,8.430,8.430,8.430,8.430,45,5098
1514478780,8.430,8.430,8.430,8.430,45,5098
1514478840,8.430,8.430,8.430,8.430,45,5098
1514478900,8.430,8.430,8.430,8.430,45,5098
1514478960,8.430,8.430,8.430,8.430,45,5098
1514479020,8.430,8.430,8.430,8.430,45,5098
1514479080,8.430,8.430,8.430,8.430,45,5098
1514479140,8.430,8.430,8.430,8.430,45,5098
1514479200,8.500,8.500,8.500,8.500,687,5324
1514479260,8.500,8.500,8.500,8.500,683,5324
1514479320,8.500,8.500,8.500,8.500,683,5324
1514479380,8.500,8.500,8.500,8.500,683,5324
1514479440,8.500,8.500,8.500,8.500,683,5324
1514479500,8.500,8.500,8.500,8.500,683,5324
1514479560,8.500,8.500,8.500,8.500,683,5324
1514479620,8.500,8.500,8.500,8.500,683,5324
1514479680,8.500,8.500,8.500,8.500,683,5324
1514479740,8.500,8.500,8.500,8.500,683,5324
1514479800,8.500,8.500,8.500,8.500,24,8743
1514479860,8.500,8.500,8.500,8.500,20,8743
1514479920,8.500,8.500,8.500,8.500,20,8743
1514479980,8.500,8.500,8.500,8.500,20,8743
1514480040,8.500,8.500,8.500,8.500,20,8743
1514480100,8.500,8.500,8.500,8.500,20,8743
1514480160,8.500,8.500,8.500,8.500,20,8743
1514480220,8.500,8.500,8.500,8.500,20,8743
1514480280,8.500,8.500,8.500,8.500,20,8743
1514480340,8.500,8.500,8.500,8.500,20,8743
1514480400,8.500,8.500,8.500,8.500,20,8743
1514480460,8.500,8.500,8.500,8.500,20,8743
1514480520,8.500,8.500,8.500,8.500,20,8743
1514480580,8.500,8.500,8.500,8.500,20,8743
1514480640,8.500,8.500,8.500,8.500,20,8743
1514480700,8.500,8.500,8.500,8.500,20,8743
1514480760,8.500,8.500,8.500,8.500,20,8743
1514480820,8.500,8.500,8.500,8.500,20,8743
1514480880,8.500,8.500,8.500,8.500,20,8743
1514480940,8.500,8.500,8.500,8.500,20,8743
1514481000,8.500,8.500,8.500,8.500,20,8743
1514481060,8.500,8.500,8.500,8.500,20,8743
1514481120,8.500,8.500,8.500,8.500,20,8743
1514481180,8.500,8.500,8.500,8.500,20,8743
1514481240,8.500,8.500,8.500,8.500,20,8743
1514481300,8.500,8.500,8.500,8.500,20,8743
1514481360,8.500,8.500,8.500,8.500,20,8743
1514481420,8.500,8.500,8.500,8.500,20,8743
1514481480,8.500,8.500,8.500,8.500,20,8743
1514481540,8.500,8.500,8.500,8.500,20,8743
1514481600,8.500,8.500,8.500,8.500,20,8743
1514481660,8.500,8.500,8.500,8.500,20,8743
1514481720,8.500,8.500,8.500,8.500,20,8743
1514481780,8.500,8.500,8.500,8.500,20,8743
1514481840,8.500,8.500,8.500,8.500,20,8743
1514481900,8.500,8.500,8.500,8.500,20,8743
1514481960,8.500,8.500,8.500,8.500,20,8743
1514482020,8.500,8.500,8.500,8.500,20,8743
1514482080,8.500,8.500,8.500,8.500,20,8743
1514482140,8.500,8.500,8.500,8.500,20,8743
1514482200,8.500,8.500,8.500,8.500,20,8743
1514482260,8.500,8.500,8.500,8.500,20,8743
1514482320,8.500,8.500,8.500,8.500,20,8743
1514482380,8.500,8.500,8.500,8.500,20,8743
1514482440,8.500,8.500,8.500,8.500,20,8743
1514482500,8.500,8.500,8.500,8.500,65,8847
1514482560,8.500,8.500,8.500,8.500,62,8847
1514482620,8.500,8.500,8.500,8.500,62,8847
1514482680,8.500,8.500,8.500,8.500,62,8847
1514482740,8.490,8.490,8.490,8.490,62,8847
1514482800,8.490,8.490,8.490,8.490,62,8847
1514482860,8.490,8.490,8.490,8.490,62,8847
1514482920,8.490,8.490,8.490,8.490,62,8847
1514482980,8.490,8.490,8.490,8.490,62,8847
1514483040,8.490,8.490,8.490,8.490,62,8847
1514483100,8.490,8.490,8.490,8.490,62,8847
1514483160,8.490,8.490,8.490,8.490,62,8847
1514483220,8.490,8.490,8.490,8.490,62,8847
1514483280,8.490,8.490,8.490,8.490,62,8847
1514483340,8.490,8.490,8.490,8.490,62,8847
1514483400,8.490,8.490,8.490,8.490,62,8847
1514483460,8.490,8.490,8.490,8.490,62,8847
1514483520,8.490,8.490,8.490,8.490,62,8847
1514483580,8.490,8.490,8.490,8.490,62,8847
1514483640,8.490,8.490,8.490,8.490,62,8847
1514483700,8.490,8.490,8.490,8.490,62,8847
1514483760,8.490,8.490,8.490,8.490,62,8847
1514483820,8.490,8.490,8.490,8.490,62,8847
1514483880,8.490,8.490,8.490,8.490,62,8847
1514483940,8.490,8.490,8.490,8.490,62,8847
1514484000,8.490,8.490,8.490,8.490,62,8847
1514484060,8.490,8.490,8.490,8.490,62,8847
1514484120,8.490,8.490,8.490,8.490,62,8847
1514484180,8.490,8.490,8.490,8.490,62,8847
1514484240,8.490,8.490,8.490,8.490,62,8847
1514484300,8.490,8.490,8.490,8.490,62,8847
1514484360,8.490,8.490,8.490,8.490,62,8847
1514484420,8.490,8.490,8.490,8.490,62,8847
1514484480,8.490,8.490,8.490,8.490,62,8847
1514484540,8.490,8.490,8.490,8.490,62,8847
1514484600,8.490,8.490,8.490,8.490,62,8847
1514484660,8.490,8.490,8.490,8.490,62,8847
1514484720,8.490,8.490,8.490,8.490,62,8847
1514484780,8.490,8.490,8.490,8.490,62,8847
1514484840,8.490,8.490,8.490,8.490,62,8847
1514484900,8.490,8.490,8.490,8.490,62,8847
1514484960,8.490,8.490,8.490,8.490,62,8847
1514485020,8.490,8.490,8.490,8.490,62,8847
1514485080,8.490,8.490,8.490,8.490,62,8847
1514485140,8.490,8.490,8.490,8.490,62,8847
1514485200,8.400,8.400,8.400,8.400,324,9160
1514485260,8.400,8.400,8.400,8.400,324,9160
1514485320,8.400,8.400,8.400,8.400,324,9160
1514485380,8.370,8.370,8.370,8.370,324,9160
1514485440,8.370,8.370,8.370,8.370,324,9160
1514485500,8.370,8.370,8.370,8.370,324,9160
1514485560,8.370,8.370,8.370,8.370,324,9160
1514485620,8.370,8.370,8.370,8.370,324,9160
1514485680,8.370,8.370,8.370,8.370,324,9160
1514485740,8.370,8.370,8.370,8.370,324,9160
1514485800,8.370,8.370,8.370,8.370,324,9160
1514485860,8.370,8.370,8.370,8.370,324,9160
1514485920,8.370,8.370,8.370,8.370,324,9160
1514485980,8.370,8.370,8.370,8.370,324,9160
1514486040,8.370,8.370,8.370,8.370,324,9160
1514486100,8.370,8.370,8.370,8.370,324,9160
1514486160,8.370,8.370,8.370,8.370,324,9160
1514486220,8.370,8.370,8.370,8.370,324,9160
1514486280,8.370,8.370,8.370,8.370,324,9160
1514486340,8.370,8.370,8.370,8.370,324,9160
1514486400,8.370,8.370,8.370,8.370,324,9160
1514486460,8.370,8.370,8.370,8.370,324,9160
1514486520,8.370,8.370,8.370,8.370,324,9160
1514486580,8.370,8.370,8.370,8.370,324,9160
1514486640,8.370,8.370,8.370,8.370,324,9160
1514486700,8.370,8.370,8.370,8.370,324,9160
1514486760,8.370,8.370,8.370,8.370,324,9160
1514486820,8.370,8.370,8.370,8.370,324,9160
1514486880,8.370,8.370,8.370,8.370,324,9160
1514486940,8.370,8.370,8.370,8.370,324,9160
1514487000,8.370,8.370,8.370,8.370,324,9160
1514487060,8.370,8.370,8.370,8.370,324,9160
1514487120,8.370,8.370,8.370,8.370,324,9160
1514487180,8.370,8.370,8.370,8.370,324,9160
1514487240,8.370,8.370,8.370,8.370,324,9160
1514487300,8.370,8.370,8.370,8.370,608,10780
1514487360,8.370,8.370,8.370,8.370,605,10780
1514487420,8.370,8.370,8.370,8.370,605,10780
1514487480,8.350,8.350,8.350,8.350,605,10780
1514487540,8.350,8.350,8.350,8.350,605,10780
1514487600,8.350,8.350,8.350,8.350,605,10780
1514487660,8.350,8.350,8.350,8.350,605,10780
1514487720,8.350,8.350,8.350,8.350,605,10780
1514487780,8.350,8.350,8.350,8.350,605,10780
1514487840,8.350,8.350,8.350,8.350,605,10780
1514487900,8.350,8.350,8.350,8.350,605,10780
1514487960,8.350,8.350,8.350,8.350,605,10780
1514488020,8.350,8.350,8.350,8.350,605,10780
1514488080,8.350,8.350,8.350,8.350,605,10780
1514488140,8.350,8.350,8.350,8.350,605,10780
1514488200,8.350,8.350,8.350,8.350,605,10780
1514488260,8.350,8.350,8.350,8.350,605,10780
1514488320,8.350,8.350,8.350,8.350,605,10780
1514488380,8.350,8.350,8.350,8.350,605,10780
1514488440,8.350,8.350,8.350,8.350,605,10780
1514488500,8.350,8.350,8.350,8.350,605,10780
1514488560,8.350,8.350,8.350,8.350,605,10780
1514488620,8.350,8.350,8.350,8.350,605,10780
1514488680,8.350,8.350,8.350,8.350,605,10780
1514488740,8.350,8.350,8.350,8.350,605,10780
1514488800,8.350,8.350,8.350,8.350,605,10780
1514488860,8.350,8.350,8.350,8.350,605,10780
1514488920,8.350,8.350,8.350,8.350,605,10780
1514488980,8.350,8.350,8.350,8.350,605,10780
1514489040,8.350,8.350,8.350,8.350,605,10780
1514489100,8.350,8.350,8.350,8.350,605,10780
1514489160,8.350,8.350,8.350,8.350,605,10780
1514489220,8.350,8.350,8.350,8.350,605,10780
1514489280,8.350,8.350,8.350,8.350,605,10780
1514489340,8.350,8.350,8.350,8.350,605,10780
1514489400,8.350,8.350,8.350,8.350,605,10780
1514489460,8.350,8.350,8.350,8.350,605,10780
1514489520,8.350,8.350,8.350,8.350,605,10780
1514489580,8.350,8.350,8.350,8.350,605,10780
1514489640,8.350,8.350,8.350,8.350,605,10780
1514489700,8.350,8.350,8.350,8.350,605,10780
1514489760,8.350,8.350,8.350,8.350,605,10780
1514489820,8.350,8.350,8.350,8.350,605,10780
1514489880,8.350,8.350,8.350,8.350,605,10780
1514489940,8.350,8.350,8.350,8.350,605,10780
1514490000,8.350,8.350,8.350,8.350,605,10780
1514490060,8.350,8.350,8.350,8.350,605,10780
1514490120,8.350,8.350,8.350,8.350,605,10780
1514490180,8.350,8.350,8.350,8.350,605,10780
1514490240,8.350,8.350,8.350,8.350,605,10780
1514490300,8.350,8.350,8.350,8.350,605,10780
1514490360,8.350,8.350,8.350,8.350,605,10780
1514490420,8.350,8.350,8.350,8.350,605,10780
1514490480,8.350,8.350,8.350,8.350,605,10780
1514490540,8.350,8.350,8.350,8.350,605,10780
1514490600,8.350,8.350,8.350,8.350,605,10780
1514490660,8.350,8.350,8.350,8.350,605,10780
1514490720,8.350,8.350,8.350,8.350,605,10780
1514490780,8.350,8.350,8.350,8.350,605,10780
1514490840,8.350,8.350,8.350,8.350,605,10780
1514490900,8.350,8.350,8.350,8.350,605,10780
1514490960,8.350,8.350,8.350,8.350,605,10780
1514491020,8.350,8.350,8.350,8.350,605,10780
1514491080,8.350,8.350,8.350,8.350,605,10780
1514491140,8.350,8.350,8.350,8.350,605,10780
1514491200,8.350,8.350,8.350,8.350,605,10780
1514491260,8.350,8.350,8.350,8.350,605,10780
1514491320,8.350,8.350,8.350,8.350,605,10780
1514491380,8.350,8.350,8.350,8.350,605,10780
1514491440,8.350,8.350,8.350,8.350,605,10780
1514491500,8.350,8.350,8.350,8.350,605,10780
1514491560,8.350,8.350,8.350,8.350,605,10780
1514491620,8.350,8.350,8.350,8.350,605,10780
1514491680,8.350,8.350,8.350,8.350,605,10780
1514491740,8.350,8.350,8.350,8.350,605,10780
1514491800,8.350,8.350,8.350,8.350,605,10780
1514491860,8.350,8.350,8.350,8.350,605,10780
1514491920,8.350,8.350,8.350,8.350,605,10780
1514491980,8.350,8.350,8.350,8.350,605,10780
1514492040,8.350,8.350,8.350,8.350,605,10780
1514492100,8.350,8.350,8.350,8.350,605,10780
1514492160,8.350,8.350,8.350,8.350,605,10780
1514492220,8.350,8.350,8.350,8.350,605,10780
1514492280,8.350,8.350,8.350,8.350,605,10780
1514492340,8.350,8.350,8.350,8.350,605,10780
1514492400,8.350,8.350,8.350,8.350,605,10780
1514492460,8.350,8.350,8.350,8.350,605,10780
1514492520,8.350,8.350,8.350,8.350,605,10780
1514492580,8.350,8.350,8.350,8.350,605,10780
1514492640,8.350,8.350,8.350,8.350,605,10780
1514492700,8.350,8.350,8.350,8.350,605,10780
1514492760,8.350,8.350,8.350,8.350,605,10780
1514492820,8.350,8.350,8.350,8.350,605,10780
1514492880,8.350,8.350,8.350,8.350,605,10780
1514492940,8.350,8.350,8.350,8.350,605,10780
1514493000,8.400,8.400,8.400,8.400,340,13808
1514493060,8.450,8.450,8.450,8.450,337,13808
1514493120,8.450,8.450,8.450,8.450,337,13808
1514493180,8.450,8.450,8.450,8.450,337,13808
1514493240,8.400,8.400,8.400,8.400,337,13808
1514493300,8.430,8.430,8.430,8.430,20,15496
1514493360,8.430,8.430,8.430,8.430,20,15496
1514493420,8.430,8.430,8.430,8.430,20,15496
1514493480,8.430,8.430,8.430,8.430,20,15496
1514493540,8.430,8.430,8.430,8.430,20,15496
1514493600,8.430,8.430,8.430,8.430,20,15496
1514493660,8.430,8.430,8.430,8.430,20,15496
1514493720,8.430,8.430,8.430,8.430,20,15496
1514493780,8.430,8.430,8.430,8.430,20,15496
1514493840,8.430,8.430,8.430,8.430,20,15496
1514493900,8.430,8.430,8.430,8.430,20,15496
1514493960,8.430,8.430,8.430,8.430,20,15496
1514494020,8.430,8.430,8.430,8.430,20,15496
1514494080,8.430,8.430,8.430,8.430,20,15496
1514494140,8.430,8.430,8.430,8.430,20,15496
1514494200,8.430,8.430,8.430,8.430,20,15496
1514494260,8.430,8.430,8.430,8.430,20,15496
1514494320,8.430,8.430,8.430,8.430,20,15496
1514494380,8.430,8.430,8.430,8.430,20,15496
1514494440,8.430,8.430,8.430,8.430,20,15496
1514494500,8.430,8.430,8.430,8.430,285,15596
1514494560,8.430,8.430,8.430,8.430,283,15596
1514494620,8.430,8.430,8.430,8.430,283,15596
1514494680,8.430,8.430,8.430,8.430,283,15596
1514494740,8.450,8.450,8.450,8.450,283,15596
1514557800,8.500,8.500,8.500,8.500,0,0
1514557860,8.500,8.500,8.500,8.500,0,0
1514557920,8.500,8.500,8.500,8.500,0,0
1514557980,8.500,8.500,8.500,8.500,0,0
1514558040,8.500,8.500,8.500,8.500,0,0
1514558100,8.500,8.500,8.500,8.500,0,0
1514558160,8.500,8.500,8.500,8.500,0,0
1514558220,8.500,8.500,8.500,8.500,0,0
1514558280,8.500,8.500,8.500,8.500,0,0
1514558340,8.500,8.500,8.500,8.500,0,0
1514558400,8.500,8.500,8.500,8.500,0,0
1514558460,8.500,8.500,8.500,8.500,0,0
1514558520,8.500,8.500,8.500,8.500,0,0
1514558580,8.500,8.500,8.500,8.500,0,0
1514558640,8.500,8.500,8.500,8.500,0,0
1514558700,8.500,8.500,8.500,8.500,0,0
1514558760,8.500,8.500,8.500,8.500,0,0
1514558820,8.500,8.500,8.500,8.500,0,0
1514558880,8.500,8.500,8.500,8.500,0,0
1514558940,8.500,8.500,8.500,8.500,0,0
1514559000,8.500,8.500,8.500,8.500,66,0
1514559060,8.500,8.500,8.500,8.500,65,0
1514559120,8.500,8.500,8.500,8.500,65,0
1514559180,8.500,8.500,8.500,8.500,65,0
1514559240,8.500,8.500,8.500,8.500,65,0
1514559300,8.480,8.480,8.480,8.480,462,326
1514559360,8.480,8.480,8.480,8.480,462,326
1514559420,8.440,8.440,8.440,8.440,462,326
1514559480,8.440,8.440,8.440,8.440,462,326
1514559540,8.440,8.440,8.440,8.440,462,326
1514559600,8.440,8.440,8.440,8.440,462,326
1514559660,8.440,8.440,8.440,8.440,462,326
1514559720,8.440,8.440,8.440,8.440,462,326
1514559780,8.440,8.440,8.440,8.440,462,326
1514559840,8.440,8.440,8.440,8.440,462,326
1514559900,8.440,8.440,8.440,8.440,462,326
1514559960,8.440,8.440,8.440,8.440,462,326
1514560020,8.440,8.440,8.440,8.440,462,326
1514560080,8.440,8.440,8.440,8.440,462,326
1514560140,8.440,8.440,8.440,8.440,462,326
1514560200,8.440,8.440,8.440,8.440,462,326
1514560260,8.440,8.440,8.440,8.440,462,326
1514560320,8.440,8.440,8.440,8.440,462,326
1514560380,8.440,8.440,8.440,8.440,462,326
1514560440,8.440,8.440,8.440,8.440,462,326
1514560500,8.440,8.440,8.440,8.440,462,326
1514560560,8.440,8.440,8.440,8.440,462,326
1514560620,8.440,8.440,8.440,8.440,462,326
1514560680,8.440,8.440,8.440,8.440,462,326
1514560740,8.440,8.440,8.440,8.440,462,326
1514560800,8.440,8.440,8.440,8.440,462,326
1514560860,8.440,8.440,8.440,8.440,462,326
1514560920,8.440,8.440,8.440,8.440,462,326
1514560980,8.440,8.440,8.440,8.440,462,326
1514561040,8.440,8.440,8.440,8.440,462,326
1514561100,8.440,8.440,8.440,8.440,462,326
1514561160,8.440,8.440,8.440,8.440,462,326
1514561220,8.440,8.440,8.440,8.440,462,326
1514561280,8.440,8.440,8.440,8.440,462,326
1514561340,8.440,8.440,8.440,8.440,462,326
1514561400,8.440,8.440,8.440,8.440,462,326
1514561460,8.440,8.440,8.440,8.440,462,326
1514561520,8.440,8.440,8.440,8.440,462,326
1514561580,8.440,8.440,8.440,8.440,462,326
1514561640,8.440,8.440,8.440,8.440,462,326
1514561700,8.440,8.440,8.440,8.440,462,326
1514561760,8.440,8.440,8.440,8.440,462,326
1514561820,8.440,8.440,8.440,8.440,462,326
1514561880,8.440,8.440,8.440,8.440,462,326
1514561940,8.440,8.440,8.440,8.440,462,326
1514562000,8.440,8.440,8.440,8.440,111,2636
1514562060,8.440,8.440,8.440,8.440,110,2636
1514562120,8.420,8.420,8.420,8.420,110,2636
1514562180,8.420,8.420,8.420,8.420,110,2636
1514562240,8.420,8.420,8.420,8.420,110,2636
1514562300,8.420,8.420,8.420,8.420,110,2636
1514562360,8.420,8.420,8.420,8.420,110,2636
1514562420,8.420,8.420,8.420,8.420,110,2636
1514562480,8.420,8.420,8.420,8.420,110,2636
1514562540,8.420,8.420,8.420,8.420,110,2636
1514562600,8.420,8.420,8.420,8.420,110,2636
1514562660,8.420,8.420,8.420,8.420,110,2636
1514562720,8.420,8.420,8.420,8.420,110,2636
1514562780,8.420,8.420,8.420,8.420,110,2636
1514562840,8.420,8.420,8.420,8.420,110,2636
1514562900,8.420,8.420,8.420,8.420,110,2636
1514562960,8.420,8.420,8.420,8.420,110,2636
1514563020,8.420,8.420,8.420,8.420,110,2636
1514563080,8.420,8.420,8.420,8.420,110,2636
1514563140,8.420,8.420,8.420,8.420,110,2636
1514563200,8.420,8.420,8.420,8.420,110,2636
1514563260,8.420,8.420,8.420,8.420,110,2636
1514563320,8.420,8.420,8.420,8.420,110,2636
1514563380,8.420,8.420,8.420,8.420,110,2636
1514563440,8.420,8.420,8.420,8.420,110,2636
1514563500,8.420,8.420,8.420,8.420,110,2636
1514563560,8.420,8.420,8.420,8.420,110,2636
1514563620,8.420,8.420,8.420,8.420,110,2636
1514563680,8.420,8.420,8.420,8.420,110,2636
1514563740,8.420,8.420,8.420,8.420,110,2636
1514563800,8.420,8.420,8.420,8.420,110,2636
1514563860,8.420,8.420,8.420,8.420,110,2636
1514563920,8.420,8.420,8.420,8.420,110,2636
1514563980,8.420,8.420,8.420,8.420,110,2636
1514564040,8.420,8.420,8.420,8.420,110,2636
1514564100,8.420,8.420,8.420,8.420,110,2636
1514564160,8.420,8.420,8.420,8.420,110,2636
1514564220,8.420,8.420,8.420,8.420,110,2636
1514564280,8.420,8.420,8.420,8.420,110,2636
1514564340,8.420,8.420,8.420,8.420,110,2636
1514564400,8.420,8.420,8.420,8.420,110,2636
1514564460,8.420,8.420,8.420,8.420,110,2636
1514564520,8.420,8.420,8.420,8.420,110,2636
1514564580,8.420,8.420,8.420,8.420,110,2636
1514564640,8.420,8.420,8.420,8.420,110,2636
1514564700,8.400,8.400,8.400,8.400,34,3187
1514564760,8.400,8.400,8.400,8.400,33,3187
1514564820,8.400,8.400,8.400,8.400,33,3187
1514564880,8.400,8.400,8.400,8.400,33,3187
1514564940,8.400,8.400,8.400,8.400,33,3187
1514565000,8.400,8.400,8.400,8.400,33,3187
1514565060,8.400,8.400,8.400,8.400,33,3187
1514565120,8.400,8.400,8.400,8.400,33,3187
1514565180,8.400,8.400,8.400,8.400,33,3187
1514565240,8.400,8.400,8.400,8.400,33,3187
1514565300,8.400,8.400,8.400,8.400,33,3187
1514565360,8.400,8.400,8.400,8.400,33,3187
1514565420,8.400,8.400,8.400,8.400,33,3187
1514565480,8.400,8.400,8.400,8.400,33,3187
1514565540,8.400,8.400,8.400,8.400,33,3187
1514565600,8.400,8.400,8.400,8.400,33,3187
1514565660,8.400,8.400,8.400,8.400,33,3187
1514565720,8.400,8.400,8.400,8.400,33,3187
1514565780,8.400,8.400,8.400,8.400,33,3187
1514565840,8.400,8.400,8.400,8.400,33,3187
1514565900,8.400,8.400,8.400,8.400,33,3187
1514565960,8.400,8.400,8.400,8.400,33,3187
1514566020,8.400,8.400,8.400,8.400,33,3187
1514566080,8.400,8.400,8.400,8.400,33,3187
1514566140,8.400,8.400,8.400,8.400,33,3187
1514566200,8.400,8.400,8.400,8.400,33,3187
1514566260,8.400,8.400,8.400,8.400,33,3187
1514566320,8.400,8.400,8.400,8.400,33,3187
1514566380,8.400,8.400,8.400,8.400,33,3187
1514566440,8.400,8.400,8.400,8.400,33,3187
1514566500,8.400,8.400,8.400,8.400,33,3187
1514566560,8.400,8.400,8.400,8.400,33,3187
1514566620,8.400,8.400,8.400,8.400,33,3187
1514566680,8.400,8.400,8.400,8.400,33,3187
1514566740,8.400,8.400,8.400,8.400,33,3187
1514566800,8.400,8.400,8.400,8.400,33,3187
1514566860,8.400,8.400,8.400,8.400,33,3187
1514566920,8.400,8.400,8.400,8.400,33,3187
1514566980,8.400,8.400,8.400,8.400,33,3187
1514567040,8.400,8.400,8.400,8.400,33,3187
1514567100,8.400,8.400,8.400,8.400,277,3353
1514567160,8.400,8.400,8.400,8.400,275,3353
1514567220,8.400,8.400,8.400,8.400,275,3353
1514567280,8.400,8.400,8.400,8.400,275,3353
1514567340,8.450,8.450,8.450,8.450,275,3353
1514567400,8.450,8.450,8.450,8.450,275,3353
1514567460,8.450,8.450,8.450,8.450,275,3353
1514567520,8.450,8.450,8.450,8.450,275,3353
1514567580,8.450,8.450,8.450,8.450,275,3353
1514567640,8.450,8.450,8.450,8.450,275,3353
1514567700,8.450,8.450,8.450,8.450,275,3353
1514567760,8.450,8.450,8.450,8.450,275,3353
1514567820,8.450,8.450,8.450,8.450,275,3353
1514567880,8.450,8.450,8.450,8.450,275,3353
1514567940,8.450,8.450,8.450,8.450,275,3353
1514568000,8.450,8.450,8.450,8.450,275,3353
1514568060,8.450,8.450,8.450,8.450,275,3353
1514568120,8.450,8.450,8.450,8.450,275,3353
1514568180,8.450,8.450,8.450,8.450,275,3353
1514568240,8.450,8.450,8.450,8.450,275,3353
1514568300,8.450,8.450,8.450,8.450,275,3353
1514568360,8.450,8.450,8.450,8.450,275,3353
1514568420,8.450,8.450,8.450,8.450,275,3353
1514568480,8.450,8.450,8.450,8.450,275,3353
1514568540,8.450,8.450,8.450,8.450,275,3353
1514568600,8.450,8.450,8.450,8.450,275,3353
1514568660,8.450,8.450,8.450,8.450,275,3353
1514568720,8.450,8.450,8.450,8.450,275,3353
1514568780,8.450,8.450,8.450,8.450,275,3353
1514568840,8.450,8.450,8.450,8.450,275,3353
1514568900,8.450,8.450,8.450,8.450,275,3353
1514568960,8.450,8.450,8.450,8.450,275,3353
1514569020,8.450,8.450,8.450,8.450,275,3353
1514569080,8.450,8.450,8.450,8.450,275,3353
1514569140,8.450,8.450,8.450,8.450,275,3353
1514569200,8.450,8.450,8.450,8.450,275,3353
1514569260,8.450,8.450,8.450,8.450,275,3353
1514569320,8.450,8.450,8.450,8.450,275,3353
1514569380,8.450,8.450,8.450,8.450,275,3353
1514569440,8.450,8.450,8.450,8.450,275,3353
1514569500,8.450,8.450,8.450,8.450,275,3353
1514569560,8.450,8.450,8.450,8.450,275,3353
1514569620,8.450,8.450,8.450,8.450,275,3353
1514569680,8.450,8.450,8.450,8.450,275,3353
1514569740,8.450,8.450,8.450,8.450,275,3353
1514569800,8.450,8.450,8.450,8.450,275,3353
1514569860,8.450,8.450,8.450,8.450,275,3353
1514569920,8.450,8.450,8.450,8.450,275,3353
1514569980,8.450,8.450,8.450,8.450,275,3353
1514570040,8.450,8.450,8.450,8.450,275,3353
1514570100,8.450,8.450,8.450,8.450,275,3353
1514570160,8.450,8.450,8.450,8.450,275,3353
1514570220,8.450,8.450,8.450,8.450,275,3353
1514570280,8.450,8.450,8.450,8.450,275,3353
1514570340,8.450,8.450,8.450,8.450,275,3353
1514570400,8.450,8.450,8.450,8.450,275,3353
1514570460,8.450,8.450,8.450,8.450,275,3353
1514570520,8.450,8.450,8.450,8.450,275,3353
1514570580,8.450,8.450,8.450,8.450,275,3353
1514570640,8.450,8.450,8.450,8.450,275,3353
1514570700,8.450,8.450,8.450,8.450,275,3353
1514570760,8.450,8.450,8.450,8.450,275,3353
1514570820,8.450,8.450,8.450,8.450,275,3353
1514570880,8.450,8.450,8.450,8.450,275,3353
1514570940,8.450,8.450,8.450,8.450,275,3353
1514571000,8.450,8.450,8.450,8.450,275,3353
1514571060,8.450,8.450,8.450,8.450,275,3353
1514571120,8.450,8.450,8.450,8.450,275,3353
1514571180,8.450,8.450,8.450,8.450,275,3353
1514571240,8.450,8.450,8.450,8.450,275,3353
1514571300,8.450,8.450,8.450,8.450,275,3353
1514571360,8.450,8.450,8.450,8.450,275,3353
1514571420,8.450,8.450,8.450,8.450,275,3353
1514571480,8.450,8.450,8.450,8.450,275,3353
1514571540,8.450,8.450,8.450,8.450,275,3353
1514571600,8.450,8.450,8.450,8.450,275,3353
1514571660,8.450,8.450,8.450,8.450,275,3353
1514571720,8.450,8.450,8.450,8.450,275,3353
1514571780,8.450,8.450,8.450,8.450,275,3353
1514571840,8.450,8.450,8.450,8.450,275,3353
1514571900,8.450,8.450,8.450,8.450,275,3353
1514571960,8.450,8.450,8.450,8.450,275,3353
1514572020,8.450,8.450,8.450,8.450,275,3353
1514572080,8.450,8.450,8.450,8.450,275,3353
1514572140,8.450,8.450,8.450,8.450,275,3353
1514572200,8.450,8.450,8.450,8.450,275,3353
1514572260,8.450,8.450,8.450,8.450,275,3353
1514572320,8.450,8.450,8.450,8.450,275,3353
1514572380,8.450,8.450,8.450,8.450,275,3353
1514572440,8.450,8.450,8.450,8.450,275,3353
1514572500,8.450,8.450,8.450,8.450,275,3353
1514572560,8.450,8.450,8.450,8.450,275,3353
1514572620,8.450,8.450,8.450,8.450,275,3353
1514572680,8.450,8.450,8.450,8.450,275,3353
1514572740,8.450,8.450,8.450,8.450,275,3353
1514572800,8.450,8.450,8.450,8.450,275,3353
1514572860,8.450,8.450,8.450,8.450,275,3353
1514572920,8.450,8.450,8.450,8.450,275,3353
1514572980,8.450,8.450,8.450,8.450,275,3353
1514573040,8.450,8.450,8.450,8.450,275,3353
1514573100,8.450,8.450,8.450,8.450,96,4730
1514573160,8.450,8.450,8.450,8.450,96,4730
1514573220,8.390,8.390,8.390,8.390,96,4730
1514573280,8.390,8.390,8.390,8.390,96,4730
1514573340,8.390,8.390,8.390,8.390,96,4730
1514573400,8.390,8.390,8.390,8.390,96,4730
1514573460,8.390,8.390,8.390,8.390,96,4730
1514573520,8.390,8.390,8.390,8.390,96,4730
1514573580,8.390,8.390,8.390,8.390,96,4730
1514573640,8.390,8.390,8.390,8.390,96,4730
1514573700,8.390,8.390,8.390,8.390,96,4730
1514573760,8.390,8.390,8.390,8.390,96,4730
1514573820,8.390,8.390,8.390,8.390,96,4730
1514573880,8.390,8.390,8.390,8.390,96,4730
1514573940,8.390,8.390,8.390,8.390,96,4730
1514574000,8.390,8.390,8.390,8.390,96,4730
1514574060,8.390,8.390,8.390,8.390,96,4730
1514574120,8.390,8.390,8.390,8.390,96,4730
1514574180,8.390,8.390,8.390,8.390,96,4730
1514574240,8.390,8.390,8.390,8.390,96,4730
1514574300,8.390,8.390,8.390,8.390,96,4730
1514574360,8.390,8.390,8.390,8.390,96,4730
1514574420,8.390,8.390,8.390,8.390,96,4730
1514574480,8.390,8.390,8.390,8.390,96,4730
1514574540,8.390,8.390,8.390,8.390,96,4730
1514574600,8.390,8.390,8.390,8.390,96,4730
1514574660,8.390,8.390,8.390,8.390,96,4730
1514574720,8.390,8.390,8.390,8.390,96,4730
1514574780,8.390,8.390,8.390,8.390,96,4730
1514574840,8.390,8.390,8.390,8.390,96,4730
1514574900,8.390,8.390,8.390,8.390,96,4730
1514574960,8.390,8.390,8.390,8.390,96,4730
1514575020,8.390,8.390,8.390,8.390,96,4730
1514575080,8.390,8.390,8.390,8.390,96,4730
1514575140,8.390,8.390,8.390,8.390,96,4730
1514575200,8.390,8.390,8.390,8.390,96,4730
1514575260,8.390,8.390,8.390,8.390,96,4730
1514575320,8.390,8.390,8.390,8.390,96,4730
1514575380,8.390,8.390,8.390,8.390,96,4730
1514575440,8.390,8.390,8.390,8.390,96,4730
1514575500,8.390,8.390,8.390,8.390,96,4730
1514575560,8.390,8.390,8.390,8.390,96,4730
1514575620,8.390,8.390,8.390,8.390,96,4730
1514575680,8.390,8.390,8.390,8.390,96,4730
1514575740,8.390,8.390,8.390,8.390,96,4730
1514575800,8.390,8.390,8.390,8.390,96,4730
1514575860,8.390,8.390,8.390,8.390,96,4730
1514575920,8.390,8.390,8.390,8.390,96,4730
1514575980,8.390,8.390,8.390,8.390,96,4730
1514576040,8.390,8.390,8.390,8.390,96,4730
1514576100,8.390,8.390,8.390,8.390,96,4730
1514576160,8.390,8.390,8.390,8.390,96,4730
1514576220,8.390,8.390,8.390,8.390,96,4730
1514576280,8.390,8.390,8.390,8.390,96,4730
1514576340,8.390,8.390,8.390,8.390,96,4730
1514576400,8.390,8.390,8.390,8.390,96,4730
1514576460,8.390,8.390,8.390,8.390,96,4730
1514576520,8.390,8.390,8.390,8.390,96,4730
1514576580,8.390,8.390,8.390,8.390,96,4730
1514576640,8.390,8.390,8.390,8.390,96,4730
1514576700,8.390,8.390,8.390,8.390,96,4730
1514576760,8.390,8.390,8.390,8.390,96,4730
1514576820,8.390,8.390,8.390,8.390,96,4730
1514576880,8.390,8.390,8.390,8.390,96,4730
1514576940,8.390,8.390,8.390,8.390,96,4730
1514577000,8.390,8.390,8.390,8.390,574,5210
1514577060,8.390,8.390,8.390,8.390,571,5210
1514577120,8.380,8.380,8.380,8.380,571,5210
