1522675800,80.450,80.580,80.420,80.580,34338,0
1522675860,80.420,80.740,80.420,80.740,0,0
1522675920,80.860,81.050,80.860,81.050,0,0
1522675980,81.410,81.250,81.250,81.410,0,0
1522676040,81.250,81.170,81.110,81.250,0,0
1522676100,81.160,81.030,81.030,81.250,12869,34338
1522676160,80.870,80.870,80.870,80.870,0,0
1522676220,81.120,81.120,81.120,81.120,0,0
1522676280,81.400,81.460,81.400,81.460,0,0
1522676340,81.450,81.250,81.250,81.450,0,0
1522676400,81.390,81.420,81.390,81.450,7665,47207
1522676460,81.390,81.420,81.390,81.450,0,0
1522676520,81.420,81.200,81.200,81.420,0,0
1522676580,81.250,81.200,81.200,81.250,0,0
1522676640,81.270,81.270,81.270,81.270,0,0
1522676700,81.230,81.130,81.130,81.230,17961,54872
1522676760,81.140,81.150,81.140,81.150,0,0
1522676820,81.240,81.220,81.220,81.240,0,0
1522676880,81.440,81.180,81.160,81.440,0,0
1522676940,81.100,81.100,81.100,81.100,0,0
1522677000,81.000,80.990,80.950,81.180,9777,72833
1522677120,81.040,81.030,81.030,81.040,0,0
1522677180,81.080,81.050,81.050,81.080,0,0
1522677240,81.050,81.050,81.050,81.050,0,0
1522677300,80.980,80.900,80.900,80.980,23721,82610
1522677360,81.000,81.030,81.000,81.030,0,0
1522677420,80.900,80.900,80.900,80.900,0,0
1522677480,80.920,80.870,80.870,80.950,0,0
1522677600,80.780,80.560,80.560,80.780,10698,106331
1522677660,80.560,80.540,80.540,80.560,0,0
1522677780,80.390,80.520,80.390,80.520,0,0
1522677840,80.490,80.490,80.490,80.490,0,0
1522677900,80.390,80.390,80.390,80.390,17974,117029
1522677960,80.480,80.480,80.480,80.480,0,0
1522678020,80.460,80.380,80.380,80.460,0,0
1522678080,80.370,80.370,80.370,80.370,0,0
1522678140,80.340,80.230,80.160,80.340,0,0
1522678200,80.190,80.250,80.190,80.250,16884,135003
1522678320,80.070,80.040,80.040,80.070,0,0
1522678380,80.130,80.210,80.130,80.210,0,0
1522678440,80.100,80.100,80.100,80.100,0,0
1522678500,80.080,80.170,80.080,80.170,5339,151887
1522678560,80.080,80.170,80.080,80.170,0,0
1522678620,80.100,80.100,80.100,80.100,0,0
1522678740,80.110,80.110,80.110,80.110,0,0
1522678800,80.170,80.200,80.170,80.210,12408,157226
1522678860,80.140,80.140,80.140,80.140,0,0
1522678980,80.230,80.200,80.200,80.250,0,0
1522679040,80.240,80.300,80.240,80.300,0,0
1522679100,80.270,80.200,80.200,80.330,9710,169634
1522679160,80.310,80.310,80.310,80.310,0,0
1522679220,80.320,80.400,80.320,80.400,0,0
1522679280,80.370,80.360,80.360,80.370,0,0
1522679340,80.320,80.270,80.270,80.320,0,0
1522679400,80.380,80.260,80.260,80.380,9992,179344
1522679460,80.320,80.290,80.290,80.320,0,0
1522679520,80.310,80.310,80.310,80.310,0,0
1522679580,80.210,80.230,80.210,80.260,0,0
1522679640,80.180,80.180,80.180,80.180,0,0
1522679700,80.170,80.160,80.160,80.200,15514,189336
1522679760,80.160,80.160,80.160,80.160,0,0
1522679820,80.160,80.120,80.100,80.160,0,0
1522679880,80.170,80.140,80.140,80.170,0,0
1522679940,80.140,80.170,80.100,80.170,0,0
1522680000,80.200,80.200,80.200,80.200,9105,204850
1522680060,80.190,80.180,80.180,80.190,0,0
1522680120,80.190,80.270,80.190,80.270,0,0
1522680180,80.230,80.220,80.220,80.230,0,0
1522680240,80.190,80.070,80.070,80.190,0,0
1522680300,80.080,80.000,80.000,80.080,20322,213955
1522680360,80.060,80.060,80.060,80.060,0,0
1522680420,80.000,79.950,79.950,80.000,0,0
1522680480,79.990,79.990,79.990,79.990,0,0
1522680540,79.870,79.810,79.810,79.870,0,0
1522680600,79.800,79.780,79.780,79.800,15929,234277
1522680660,79.780,79.780,79.780,79.780,0,0
1522680720,79.790,79.720,79.720,79.790,0,0
1522680780,79.680,79.620,79.620,79.680,0,0
1522680840,79.400,79.380,79.360,79.400,0,0
1522680900,79.450,79.460,79.450,79.470,8689,250206
1522680960,79.520,79.520,79.520,79.520,0,0
1522681020,79.470,79.470,79.470,79.470,0,0
1522681080,79.430,79.380,79.380,79.430,0,0
1522681140,79.350,79.340,79.340,79.350,0,0
1522681200,79.330,79.300,79.300,79.330,31276,258895
1522681260,79.410,79.350,79.350,79.410,0,0
1522681320,79.360,79.260,79.260,79.360,0,0
1522681380,79.300,79.340,79.300,79.340,0,0
1522681440,79.300,79.240,79.240,79.300,0,0
1522681500,79.280,79.410,79.280,79.410,15176,290171
1522681560,79.330,79.310,79.190,79.330,0,0
1522681620,79.180,79.160,79.160,79.190,0,0
1522681680,79.250,79.250,79.250,79.250,0,0
1522681740,79.230,79.220,79.220,79.230,0,0
1522681800,79.260,79.250,79.250,79.280,22058,305347
1522681860,79.260,79.270,79.260,79.270,0,0
1522681920,79.300,79.230,79.230,79.300,0,0
1522681980,79.220,79.230,79.210,79.230,0,0
1522682040,79.270,79.340,79.270,79.390,0,0
1522682100,79.340,79.320,79.310,79.390,12573,327405
1522682160,79.300,79.340,79.300,79.340,0,0
1522682280,79.300,79.390,79.300,79.390,0,0
1522682340,79.360,79.360,79.360,79.360,0,0
1522682400,79.470,79.500,79.470,79.500,8969,339978
1522682460,79.490,79.350,79.350,79.490,0,0
1522682520,79.420,79.460,79.420,79.460,0,0
1522682640,79.410,79.410,79.410,79.410,0,0
1522682700,79.400,79.420,79.370,79.420,9137,348947
1522682760,79.470,79.460,79.430,79.470,0,0
1522682820,79.470,79.420,79.420,79.490,0,0
1522682880,79.480,79.480,79.480,79.480,0,0
1522682940,79.540,79.540,79.540,79.540,0,0
1522683000,79.600,79.640,79.600,79.640,16852,358084
1522683060,79.680,79.660,79.660,79.680,0,0
1522683120,79.650,79.650,79.650,79.650,0,0
1522683180,79.620,79.670,79.620,79.670,0,0
1522683240,79.630,79.660,79.630,79.720,0,0
1522683300,79.600,79.540,79.530,79.600,27897,374936
1522683360,79.530,79.470,79.430,79.530,0,0
1522683420,79.340,79.350,79.240,79.350,0,0
1522683480,79.360,79.360,79.360,79.360,0,0
1522683540,79.320,79.260,79.260,79.320,0,0
1522683600,79.330,79.240,79.240,79.330,30042,402833
1522683660,79.180,79.220,79.180,79.260,0,0
1522683720,79.240,79.240,79.240,79.240,0,0
1522683780,79.280,79.300,79.280,79.310,0,0
1522683840,79.310,79.300,79.260,79.340,0,0
1522683900,79.300,79.330,79.290,79.330,40982,432875
1522683960,79.290,79.410,79.290,79.410,0,0
1522684020,79.350,79.350,79.350,79.350,0,0
1522684080,79.400,79.530,79.400,79.530,0,0
1522684140,79.480,79.470,79.450,79.540,0,0
1522684200,79.460,79.420,79.420,79.460,18620,473857
1522684260,79.460,79.420,79.420,79.480,0,0
1522684320,79.410,79.320,79.320,79.440,0,0
1522684380,79.310,79.310,79.310,79.310,0,0
1522684440,79.300,79.410,79.300,79.410,0,0
1522684500,79.300,79.300,79.300,79.300,28402,492477
1522684560,79.310,79.280,79.280,79.310,0,0
1522684620,79.280,79.340,79.280,79.340,0,0
1522684680,79.360,79.300,79.300,79.360,0,0
1522684740,79.270,79.260,79.250,79.270,0,0
1522684800,79.250,79.350,79.250,79.350,13511,520879
1522684860,79.290,79.280,79.280,79.290,0,0
1522684920,79.300,79.210,79.210,79.300,0,0
1522684980,79.160,79.220,79.160,79.220,0,0
1522685040,79.230,79.230,79.230,79.230,0,0
1522685100,79.250,79.190,79.190,79.250,19769,534390
1522685160,79.190,79.210,79.190,79.210,0,0
1522685220,79.210,79.140,79.140,79.210,0,0
1522685280,79.190,79.190,79.190,79.190,0,0
1522685340,79.200,79.070,79.070,79.200,0,0
1522685400,79.050,79.050,79.050,79.050,6286,554159
1522685460,79.010,79.080,79.010,79.080,0,0
1522685520,79.030,78.990,78.990,79.030,0,0
1522685580,79.050,79.000,79.000,79.050,0,0
1522685640,78.970,78.970,78.970,78.970,0,0
1522685700,78.960,78.950,78.950,78.960,4824,560445
1522685760,78.950,78.940,78.880,78.950,0,0
1522685820,78.940,78.940,78.940,78.940,0,0
1522685880,78.980,78.980,78.980,78.980,0,0
1522686000,79.040,79.100,79.040,79.100,6142,565269
1522686120,79.040,79.100,79.040,79.100,0,0
1522686180,79.090,79.090,79.090,79.090,0,0
1522686240,79.070,79.040,79.040,79.070,0,0
1522686300,79.000,79.030,79.000,79.030,7779,571411
1522686360,79.000,79.000,79.000,79.000,0,0
1522686420,78.990,78.990,78.990,78.990,0,0
1522686480,79.020,79.020,79.020,79.020,0,0
1522686540,79.010,79.010,79.010,79.010,0,0
1522686600,79.010,79.160,79.010,79.160,7668,579190
1522686660,79.170,79.170,79.170,79.170,0,0
1522686720,79.200,79.200,79.200,79.200,0,0
1522686780,79.260,79.230,79.230,79.290,0,0
1522686840,79.210,79.210,79.210,79.210,0,0
1522686900,79.220,79.220,79.220,79.220,5520,586858
1522686960,79.320,79.310,79.310,79.320,0,0
1522687020,79.410,79.410,79.410,79.410,0,0
1522687080,79.410,79.290,79.290,79.410,0,0
1522687140,79.280,79.240,79.240,79.280,0,0
1522687200,79.240,79.240,79.240,79.240,19586,592378
1522687260,79.200,79.200,79.200,79.200,0,0
1522687320,79.240,79.170,79.150,79.270,0,0
1522687380,79.150,79.170,79.150,79.190,0,0
1522687440,79.210,79.190,79.190,79.210,0,0
1522687500,79.200,79.120,79.120,79.200,7235,611964
1522687560,79.120,79.130,79.120,79.130,0,0
1522687620,79.110,79.100,79.100,79.110,0,0
1522687680,79.100,79.120,79.100,79.120,0,0
1522687740,79.160,79.160,79.160,79.160,0,0
1522687800,79.190,79.190,79.190,79.190,4966,619199
1522687860,79.210,79.180,79.180,79.210,0,0
1522687980,79.180,79.180,79.180,79.180,0,0
1522688040,79.170,79.170,79.170,79.170,0,0
1522688100,79.140,79.110,79.110,79.140,5517,624165
1522688160,79.190,79.190,79.190,79.190,0,0
1522688220,79.180,79.130,79.090,79.180,0,0
1522688280,79.130,79.210,79.130,79.210,0,0
1522688340,79.130,79.130,79.130,79.130,0,0
1522688400,79.120,79.260,79.120,79.260,2742,629682
1522688460,79.170,79.170,79.170,79.170,0,0
1522688520,79.180,79.160,79.160,79.180,0,0
1522688700,79.100,79.150,79.100,79.150,6309,632424
1522688760,79.170,79.160,79.140,79.170,0,0
1522688820,79.110,79.110,79.110,79.110,0,0
1522688880,79.070,79.070,79.070,79.070,0,0
1522688940,79.090,79.090,79.090,79.090,0,0
1522689000,79.120,79.070,79.070,79.120,3910,638733
1522689060,79.100,79.100,79.100,79.100,0,0
1522689180,79.060,79.060,79.060,79.060,0,0
1522689240,79.070,79.070,79.070,79.070,0,0
1522689300,79.070,79.070,79.070,79.070,8024,642643
1522689360,79.090,79.020,78.990,79.090,0,0
1522689420,78.980,78.950,78.950,78.980,0,0
1522689480,78.950,78.950,78.950,78.950,0,0
1522689540,78.990,78.950,78.950,78.990,0,0
1522689600,78.920,78.960,78.920,78.960,5982,650667
1522689660,78.920,78.920,78.920,78.920,0,0
1522689720,78.870,78.870,78.870,78.870,0,0
1522689780,78.830,78.890,78.830,78.890,0,0
1522689840,78.860,78.860,78.860,78.860,0,0
1522689900,78.820,78.810,78.810,78.820,7842,656649
1522689960,78.790,78.790,78.790,78.790,0,0
1522690020,78.760,78.650,78.650,78.760,0,0
1522690080,78.650,78.580,78.580,78.650,0,0
1522690140,78.590,78.590,78.590,78.590,0,0
1522690200,78.490,78.500,78.490,78.520,17943,664491
1522690260,78.480,78.460,78.460,78.490,0,0
1522690320,78.430,78.450,78.430,78.500,0,0
1522690380,78.500,78.500,78.500,78.500,0,0
1522690440,78.490,78.500,78.490,78.500,0,0
1522690500,78.500,78.590,78.500,78.590,5967,682434
1522690620,78.620,78.620,78.620,78.620,0,0
1522690680,78.610,78.640,78.610,78.640,0,0
1522690740,78.640,78.590,78.590,78.640,0,0
1522690800,78.530,78.440,78.440,78.530,12665,688401
1522690860,78.460,78.400,78.400,78.460,0,0
1522690920,78.390,78.230,78.230,78.390,0,0
1522690980,78.300,78.260,78.260,78.320,0,0
1522691040,78.200,78.170,78.170,78.230,0,0
1522691100,78.230,78.230,78.230,78.230,5407,701066
1522691160,78.280,78.280,78.280,78.280,0,0
1522691220,78.280,78.290,78.280,78.350,0,0
1522691280,78.280,78.270,78.270,78.280,0,0
1522691340,78.240,78.240,78.240,78.240,0,0
1522691400,78.250,78.270,78.250,78.270,6170,706473
1522691460,78.300,78.320,78.300,78.320,0,0
1522691520,78.300,78.300,78.300,78.300,0,0
1522691580,78.270,78.310,78.270,78.310,0,0
1522691640,78.350,78.350,78.350,78.350,0,0
1522691700,78.300,78.250,78.250,78.300,6067,712643
1522691760,78.310,78.300,78.300,78.330,0,0
1522691820,78.260,78.260,78.260,78.260,0,0
1522691940,78.230,78.220,78.220,78.230,0,0
1522692000,78.170,78.200,78.170,78.200,9079,718710
1522692060,78.160,78.150,78.150,78.170,0,0
1522692120,78.130,78.040,78.020,78.130,0,0
1522692180,78.090,78.120,78.050,78.120,0,0
1522692300,78.010,78.010,78.010,78.010,5356,727789
1522692360,78.020,78.060,78.020,78.060,0,0
1522692420,78.050,78.030,78.030,78.050,0,0
1522692480,78.140,78.140,78.140,78.140,0,0
1522692540,78.140,78.140,78.140,78.140,0,0
1522692600,78.190,78.200,78.190,78.200,13025,733145
1522692660,78.200,78.090,78.090,78.200,0,0
1522692720,78.070,78.060,78.060,78.130,0,0
1522692780,78.060,78.060,78.060,78.060,0,0
1522692840,78.050,78.100,78.040,78.150,0,0
1522692900,78.140,78.090,78.090,78.150,14719,746170
1522692960,78.150,78.060,78.060,78.150,0,0
1522693020,78.010,78.020,77.970,78.020,0,0
1522693140,78.060,78.130,78.060,78.130,0,0
1522693200,78.090,78.200,78.090,78.200,9423,760889
1522693260,78.210,78.250,78.210,78.250,0,0
1522693320,78.220,78.230,78.220,78.230,0,0
1522693380,78.210,78.180,78.180,78.210,0,0
1522693440,78.170,78.190,78.140,78.190,0,0
1522693500,78.160,78.150,78.150,78.160,7458,770312
1522693620,78.080,78.090,78.080,78.090,0,0
1522693680,78.060,78.060,78.060,78.060,0,0
1522693740,78.070,78.080,78.070,78.080,0,0
1522693800,78.060,78.030,78.030,78.060,10023,777770
1522693860,78.090,78.110,78.050,78.110,0,0
1522693920,78.050,78.090,78.050,78.130,0,0
1522693980,78.180,78.210,78.180,78.210,0,0
1522694040,78.220,78.220,78.220,78.220,0,0
1522694100,78.200,78.130,78.130,78.220,8542,787793
1522694160,78.200,78.130,78.130,78.220,0,0
1522694220,78.050,78.050,78.050,78.050,0,0
1522694280,78.020,77.990,77.990,78.020,0,0
1522694340,78.010,78.010,78.010,78.010,0,0
1522694400,78.020,77.960,77.940,78.020,8100,796335
1522694460,77.910,77.850,77.850,77.910,0,0
1522694520,77.840,77.890,77.840,77.890,0,0
1522694640,77.960,77.960,77.960,77.960,0,0
1522694700,77.950,77.970,77.910,77.970,9024,804435
1522694760,77.950,77.970,77.910,77.970,0,0
1522694820,77.930,77.940,77.930,77.960,0,0
1522694880,77.910,77.980,77.910,78.000,0,0
1522694940,78.020,78.020,78.020,78.020,0,0
1522695000,78.050,78.050,78.050,78.050,26520,813459
1522695060,78.120,78.120,78.120,78.120,0,0
1522695120,78.180,78.160,78.160,78.180,0,0
1522695180,78.190,78.300,78.190,78.300,0,0
1522695240,78.330,78.350,78.330,78.440,0,0
1522695300,78.330,78.330,78.330,78.330,11745,839979
1522695360,78.310,78.270,78.270,78.310,0,0
1522695420,78.280,78.270,78.270,78.280,0,0
1522695480,78.220,78.220,78.220,78.220,0,0
1522695540,78.220,78.230,78.220,78.230,0,0
1522695600,78.280,78.280,78.280,78.280,8129,851724
1522695660,78.220,78.220,78.220,78.220,0,0
1522695720,78.250,78.260,78.200,78.260,0,0
1522695780,78.270,78.310,78.270,78.310,0,0
1522695840,78.370,78.290,78.290,78.370,0,0
1522695900,78.260,78.250,78.230,78.270,7747,859853
1522695960,78.260,78.250,78.230,78.270,0,0
1522696020,78.250,78.280,78.250,78.280,0,0
1522696080,78.280,78.280,78.280,78.280,0,0
1522696140,78.270,78.250,78.250,78.270,0,0
1522696200,78.240,78.240,78.240,78.240,16166,867600
1522696260,78.270,78.260,78.260,78.270,0,0
1522696320,78.250,78.290,78.250,78.290,0,0
1522696380,78.280,78.270,78.270,78.280,0,0
1522696440,78.360,78.410,78.360,78.410,0,0
1522696500,78.400,78.390,78.390,78.400,11047,883766
1522696560,78.410,78.420,78.410,78.450,0,0
1522696620,78.400,78.420,78.400,78.420,0,0
1522696680,78.420,78.460,78.420,78.460,0,0
1522696740,78.420,78.460,78.420,78.460,0,0
1522696800,78.500,78.490,78.480,78.500,15952,894813
1522696860,78.430,78.420,78.420,78.430,0,0
1522696920,78.410,78.370,78.370,78.410,0,0
1522696980,78.330,78.320,78.320,78.330,0,0
1522697040,78.320,78.240,78.240,78.320,0,0
1522697100,78.270,78.190,78.190,78.270,19719,910765
1522697160,78.190,78.190,78.190,78.190,0,0
1522697220,78.220,78.260,78.220,78.260,0,0
1522697280,78.220,78.160,78.160,78.220,0,0
1522697340,78.200,78.170,78.150,78.210,0,0
1522697400,78.190,78.200,78.190,78.200,25389,930484
1522697460,78.170,78.140,78.140,78.170,0,0
1522697520,78.170,78.110,78.110,78.170,0,0
1522697580,78.060,78.000,78.000,78.060,0,0
1522697640,78.000,77.970,77.940,78.000,0,0
1522697700,77.990,78.000,77.980,78.060,33331,955873
1522697760,77.980,78.000,77.950,78.000,0,0
1522697820,78.010,77.970,77.970,78.020,0,0
1522697880,78.000,77.980,77.980,78.020,0,0
1522697940,78.000,77.960,77.960,78.000,0,0
1522698000,77.950,77.970,77.950,77.980,31019,989204
1522698060,77.980,78.010,77.980,78.010,0,0
1522698120,78.000,78.020,77.990,78.020,0,0
1522698180,78.020,78.150,78.020,78.150,0,0
1522698240,78.160,78.180,78.160,78.200,0,0
1522698300,78.200,78.340,78.200,78.340,40868,1020223
1522698360,78.370,78.530,78.370,78.530,0,0
1522698420,78.570,78.460,78.460,78.570,0,0
1522698480,78.430,78.490,78.430,78.500,0,0
1522698540,78.470,78.520,78.470,78.520,0,0
1522698600,78.650,78.710,78.650,78.710,42385,1061091
1522698660,78.700,78.660,78.640,78.720,0,0
1522698720,78.700,78.660,78.630,78.700,0,0
1522698780,78.690,78.720,78.660,78.720,0,0
1522698840,78.700,78.760,78.700,78.760,0,0
1522698900,78.740,78.680,78.680,78.740,327072,1103476
1522698960,78.710,78.700,78.700,78.740,0,0
1522699020,78.670,78.680,78.670,78.690,0,0
1522699080,78.660,78.720,78.650,78.720,0,0
1522699140,78.700,78.700,78.700,78.750,0,0
1522762200,79.160,79.090,79.090,79.160,23459,0
1522762320,79.170,79.140,79.040,79.170,0,0
1522762380,78.940,78.940,78.940,78.940,0,0
1522762440,78.890,78.760,78.760,78.890,0,0
1522762500,78.760,78.710,78.540,78.760,14038,23459
1522762560,78.680,79.020,78.680,79.020,0,0
1522762620,78.950,79.180,78.950,79.250,0,0
1522762800,79.180,79.180,79.180,79.180,3352,37497
1522762860,79.340,79.340,79.340,79.340,0,0
1522763040,79.180,79.270,79.180,79.270,0,0
1522763100,79.280,79.300,79.280,79.300,16238,40849
1522763160,79.500,79.430,79.430,79.500,0,0
1522763220,79.500,79.550,79.500,79.550,0,0
1522763280,79.480,79.530,79.480,79.530,0,0
1522763340,79.530,79.600,79.530,79.600,0,0
1522763400,79.510,79.350,79.350,79.510,29938,57087
1522763460,79.340,79.390,79.340,79.390,0,0
1522763520,79.440,79.600,79.410,79.600,0,0
1522763580,79.530,79.590,79.530,79.590,0,0
1522763640,79.490,79.490,79.490,79.490,0,0
1522763700,79.440,79.520,79.440,79.520,29037,87025
1522763760,79.420,79.490,79.420,79.490,0,0
1522763820,79.470,79.550,79.470,79.550,0,0
1522763880,79.550,79.550,79.550,79.550,0,0
1522763940,79.550,79.560,79.550,79.560,0,0
1522764000,79.580,79.470,79.470,79.580,9795,116062
1522764060,79.560,79.560,79.560,79.560,0,0
1522764120,79.640,79.640,79.640,79.640,0,0
1522764180,79.670,79.670,79.670,79.670,0,0
1522764240,79.700,79.790,79.700,79.790,0,0
1522764300,79.760,79.630,79.630,79.760,12577,125857
1522764360,79.640,79.640,79.640,79.640,0,0
1522764420,79.650,79.620,79.620,79.650,0,0
1522764480,79.410,79.580,79.410,79.580,0,0
1522764600,79.620,79.520,79.520,79.620,7604,138434
1522764660,79.570,79.630,79.570,79.630,0,0
1522764720,79.650,79.660,79.650,79.660,0,0
1522764780,79.620,79.540,79.540,79.620,0,0
1522764900,79.510,79.470,79.470,79.510,10356,146038
1522764960,79.440,79.440,79.440,79.440,0,0
1522765020,79.510,79.530,79.510,79.530,0,0
1522765080,79.560,79.500,79.500,79.560,0,0
1522765140,79.570,79.410,79.380,79.570,0,0
1522765200,79.390,79.420,79.390,79.420,14482,156394
1522765260,79.440,79.500,79.440,79.500,0,0
1522765320,79.450,79.380,79.380,79.450,0,0
1522765380,79.420,79.390,79.390,79.420,0,0
1522765440,79.430,79.280,79.280,79.430,0,0
1522765500,79.390,79.380,79.370,79.390,18599,170876
1522765560,79.370,79.390,79.370,79.400,0,0
1522765620,79.420,79.260,79.260,79.420,0,0
1522765680,79.290,79.310,79.280,79.310,0,0
1522765740,79.300,79.320,79.300,79.320,0,0
1522765800,79.320,79.270,79.270,79.320,16146,189475
1522765860,79.300,79.500,79.300,79.500,0,0
1522765920,79.540,79.550,79.540,79.550,0,0
1522765980,79.530,79.560,79.530,79.560,0,0
1522766040,79.600,79.770,79.600,79.770,0,0
1522766100,79.780,79.750,79.750,79.780,9574,205621
1522766160,79.750,79.740,79.730,79.770,0,0
1522766220,79.720,79.690,79.690,79.720,0,0
1522766280,79.670,79.700,79.670,79.700,0,0
1522766400,79.690,79.690,79.690,79.690,8523,215195
1522766460,79.650,79.690,79.650,79.690,0,0
1522766520,79.630,79.670,79.630,79.670,0,0
1522766580,79.670,79.750,79.670,79.750,0,0
1522766640,79.750,79.800,79.750,79.800,0,0
1522766700,79.750,79.860,79.720,79.860,21653,223718
1522766760,79.890,79.980,79.890,79.980,0,0
1522766820,79.990,80.020,79.980,80.020,0,0
1522766880,80.030,80.030,80.030,80.030,0,0
1522766940,80.020,80.030,79.990,80.060,0,0
1522767000,79.990,80.050,79.990,80.050,16434,245371
1522767060,80.070,80.160,80.070,80.160,0,0
1522767120,80.130,80.060,80.060,80.130,0,0
1522767180,80.100,80.170,80.100,80.170,0,0
1522767240,80.090,80.080,80.040,80.110,0,0
1522767300,80.080,80.160,80.080,80.160,16403,261805
1522767360,80.140,80.160,80.140,80.180,0,0
1522767420,80.250,80.200,80.200,80.270,0,0
1522767480,80.290,80.340,80.290,80.340,0,0
1522767540,80.360,80.400,80.360,80.400,0,0
1522767600,80.370,80.360,80.360,80.390,17282,278208
1522767660,80.390,80.440,80.390,80.440,0,0
1522767720,80.500,80.520,80.500,80.540,0,0
1522767780,80.440,80.460,80.420,80.460,0,0
1522767840,80.370,80.370,80.370,80.370,0,0
1522767900,80.270,80.250,80.170,80.270,12848,295490
1522767960,80.310,80.180,80.180,80.310,0,0
1522768020,80.140,80.240,80.140,80.240,0,0
1522768080,80.280,80.330,80.280,80.330,0,0
1522768140,80.410,80.340,80.340,80.420,0,0
1522768200,80.330,80.300,80.300,80.350,6496,308338
1522768260,80.270,80.270,80.270,80.270,0,0
1522768320,80.270,80.270,80.270,80.270,0,0
1522768380,80.270,80.240,80.240,80.270,0,0
1522768440,80.300,80.340,80.300,80.350,0,0
1522768500,80.320,80.320,80.320,80.320,7263,314834
1522768620,80.250,80.250,80.250,80.250,0,0
1522768680,80.220,80.220,80.220,80.220,0,0
1522768740,80.240,80.250,80.240,80.250,0,0
1522768800,80.220,80.220,80.220,80.220,7310,322097
1522768860,80.220,80.210,80.210,80.220,0,0
1522768920,80.150,80.150,80.150,80.150,0,0
1522768980,80.170,80.170,80.170,80.170,0,0
1522769100,80.150,80.180,80.150,80.180,8516,329407
1522769160,80.220,80.270,80.220,80.270,0,0
1522769220,80.310,80.330,80.310,80.330,0,0
1522769280,80.370,80.300,80.300,80.370,0,0
1522769340,80.300,80.230,80.230,80.300,0,0
1522769400,80.190,80.220,80.190,80.220,5435,337923
1522769460,80.230,80.220,80.220,80.230,0,0
1522769520,80.200,80.150,80.150,80.200,0,0
1522769580,80.170,80.140,80.140,80.170,0,0
1522769640,80.140,80.140,80.140,80.140,0,0
1522769700,80.140,79.990,79.990,80.140,11862,343358
1522769760,79.990,79.990,79.990,79.990,0,0
1522769880,79.920,79.840,79.840,79.920,0,0
1522769940,79.810,79.830,79.810,79.830,0,0
1522770000,79.860,79.820,79.820,79.970,12735,355220
1522770180,79.840,79.840,79.840,79.840,0,0
1522770240,79.790,79.950,79.790,79.950,0,0
1522770300,79.940,80.030,79.920,80.030,16328,367955
1522770360,80.030,80.020,80.020,80.030,0,0
1522770420,80.010,80.040,80.000,80.040,0,0
1522770480,80.030,80.030,80.030,80.030,0,0
1522770540,80.010,79.880,79.880,80.010,0,0
1522770600,79.880,79.830,79.800,79.880,8472,384283
1522770660,79.880,79.890,79.880,79.890,0,0
1522770720,79.860,79.840,79.840,79.860,0,0
1522770780,79.830,79.830,79.830,79.830,0,0
1522770840,79.830,79.830,79.830,79.830,0,0
1522770900,79.840,79.850,79.830,79.850,9523,392755
1522771020,79.820,79.810,79.770,79.820,0,0
1522771080,79.840,79.850,79.810,79.850,0,0
1522771140,79.880,79.870,79.870,79.900,0,0
1522771200,79.930,79.930,79.930,79.930,5710,402278
1522771260,80.030,80.030,80.030,80.030,0,0
1522771320,80.060,80.030,80.030,80.060,0,0
1522771380,80.000,80.000,80.000,80.000,0,0
1522771440,80.070,80.070,80.070,80.070,0,0
1522771500,80.170,80.170,80.170,80.170,9282,407988
1522771560,80.180,80.160,80.160,80.210,0,0
1522771620,80.200,80.200,80.200,80.200,0,0
1522771680,80.110,80.110,80.110,80.110,0,0
1522771740,80.110,80.070,80.070,80.120,0,0
1522771800,80.090,80.090,80.090,80.090,5913,417270
1522771860,80.150,80.130,80.130,80.150,0,0
1522771920,80.150,80.130,80.130,80.150,0,0
1522771980,80.100,80.110,80.100,80.110,0,0
1522772040,80.130,80.070,80.070,80.130,0,0
1522772100,80.090,80.130,80.090,80.130,11027,423183
1522772160,80.120,80.120,80.120,80.120,0,0
1522772220,80.070,80.030,80.030,80.070,0,0
1522772280,80.090,80.090,80.090,80.090,0,0
1522772340,80.080,80.060,80.060,80.080,0,0
1522772400,80.090,80.120,80.090,80.120,15610,434210
1522772460,80.130,80.130,80.130,80.130,0,0
1522772520,80.140,80.110,80.110,80.140,0,0
1522772580,80.120,80.090,80.090,80.120,0,0
1522772640,80.060,80.090,80.050,80.090,0,0
1522772700,80.070,80.110,80.070,80.110,7639,449820
1522772760,80.110,80.110,80.110,80.110,0,0
1522772820,80.110,80.120,80.110,80.120,0,0
1522773000,80.100,80.100,80.100,80.100,8909,457459
1522773060,80.150,80.180,80.150,80.180,0,0
1522773120,80.190,80.190,80.190,80.190,0,0
1522773180,80.220,80.220,80.220,80.220,0,0
1522773240,80.210,80.220,80.210,80.220,0,0
1522773300,80.240,80.240,80.240,80.240,11685,466368
1522773360,80.230,80.220,80.220,80.230,0,0
1522773420,80.200,80.190,80.190,80.210,0,0
1522773480,80.130,80.160,80.130,80.160,0,0
1522773540,80.160,80.190,80.160,80.190,0,0
1522773600,80.200,80.220,80.200,80.220,4243,478053
1522773660,80.270,80.270,80.270,80.270,0,0
1522773720,80.270,80.270,80.270,80.270,0,0
1522773780,80.290,80.290,80.290,80.290,0,0
1522773840,80.300,80.270,80.270,80.300,0,0
1522773900,80.310,80.290,80.290,80.310,7324,482296
1522773960,80.270,80.260,80.260,80.270,0,0
1522774020,80.270,80.240,80.240,80.270,0,0
1522774080,80.230,80.230,80.230,80.230,0,0
1522774140,80.100,80.100,80.100,80.100,0,0
1522774200,80.110,80.090,80.090,80.110,5407,489620
1522774260,80.090,80.110,80.090,80.110,0,0
1522774320,80.120,80.120,80.120,80.120,0,0
1522774380,80.110,80.110,80.110,80.110,0,0
1522774440,80.090,80.090,80.090,80.090,0,0
1522774500,80.090,80.090,80.090,80.090,5301,495027
1522774560,80.080,80.090,80.080,80.090,0,0
1522774620,80.100,80.100,80.100,80.100,0,0
1522774680,80.150,80.190,80.150,80.190,0,0
1522774740,80.190,80.190,80.190,80.190,0,0
1522774800,80.190,80.240,80.170,80.240,9107,500328
1522774860,80.200,80.200,80.200,80.200,0,0
1522774980,80.170,80.190,80.170,80.190,0,0
1522775040,80.170,80.260,80.170,80.260,0,0
1522775100,80.270,80.270,80.270,80.270,2615,509435
1522775160,80.270,80.270,80.270,80.270,0,0
1522775220,80.270,80.230,80.230,80.270,0,0
1522775280,80.280,80.280,80.280,80.280,0,0
1522775400,80.270,80.270,80.270,80.270,8011,512050
1522775460,80.270,80.270,80.270,80.270,0,0
1522775520,80.290,80.320,80.290,80.330,0,0
1522775580,80.230,80.230,80.230,80.230,0,0
1522775640,80.170,80.170,80.170,80.170,0,0
1522775700,80.180,80.180,80.180,80.180,9842,520061
1522775760,80.240,80.200,80.200,80.240,0,0
1522775820,80.220,80.180,80.180,80.220,0,0
1522775880,80.220,80.340,80.220,80.340,0,0
1522775940,80.340,80.340,80.340,80.340,0,0
1522776000,80.320,80.320,80.320,80.320,5426,529903
1522776060,80.380,80.380,80.380,80.380,0,0
1522776120,80.430,80.440,80.430,80.440,0,0
1522776180,80.450,80.550,80.450,80.550,0,0
1522776300,80.500,80.620,80.500,80.620,12332,535329
1522776420,80.650,80.600,80.600,80.670,0,0
1522776480,80.590,80.560,80.560,80.590,0,0
1522776540,80.620,80.560,80.560,80.620,0,0
1522776600,80.620,80.580,80.580,80.620,3731,547661
1522776720,80.480,80.470,80.470,80.480,0,0
1522776780,80.420,80.420,80.420,80.420,0,0
1522776900,80.390,80.380,80.380,80.390,10971,551392
1522776960,80.370,80.370,80.370,80.370,0,0
1522777020,80.340,80.340,80.340,80.340,0,0
1522777080,80.360,80.320,80.320,80.360,0,0
1522777140,80.310,80.280,80.280,80.310,0,0
1522777200,80.290,80.320,80.290,80.320,8143,562363
1522777260,80.360,80.360,80.360,80.360,0,0
1522777320,80.360,80.410,80.360,80.410,0,0
1522777380,80.410,80.410,80.410,80.410,0,0
1522777440,80.430,80.500,80.430,80.500,0,0
1522777500,80.480,80.500,80.450,80.500,11252,570506
1522777560,80.470,80.430,80.430,80.470,0,0
1522777620,80.340,80.340,80.340,80.340,0,0
1522777740,80.280,80.210,80.210,80.280,0,0
1522777800,80.260,80.260,80.260,80.260,7465,581758
1522777860,80.300,80.360,80.300,80.360,0,0
1522777920,80.420,80.420,80.420,80.420,0,0
1522777980,80.370,80.370,80.370,80.370,0,0
1522778040,80.460,80.560,80.460,80.560,0,0
1522778100,80.570,80.580,80.560,80.580,6685,589223
1522778160,80.620,80.620,80.620,80.620,0,0
1522778220,80.610,80.610,80.610,80.610,0,0
1522778340,80.620,80.620,80.620,80.620,0,0
1522778400,80.640,80.610,80.610,80.670,12898,595908
1522778460,80.660,80.580,80.550,80.660,0,0
1522778520,80.600,80.650,80.600,80.650,0,0
1522778580,80.610,80.710,80.610,80.710,0,0
1522778640,80.740,80.740,80.740,80.740,0,0
1522778700,80.720,80.680,80.680,80.740,9172,608806
1522778760,80.580,80.480,80.480,80.580,0,0
1522778820,80.450,80.450,80.450,80.450,0,0
1522778880,80.460,80.490,80.460,80.490,0,0
1522778940,80.510,80.520,80.510,80.520,0,0
1522779000,80.500,80.540,80.500,80.540,8436,617978
1522779060,80.500,80.500,80.500,80.500,0,0
1522779120,80.510,80.510,80.510,80.510,0,0
1522779180,80.520,80.520,80.520,80.520,0,0
1522779240,80.520,80.540,80.520,80.550,0,0
1522779300,80.510,80.480,80.480,80.510,17250,626414
1522779360,80.470,80.370,80.370,80.470,0,0
1522779420,80.400,80.410,80.400,80.410,0,0
1522779480,80.460,80.540,80.450,80.540,0,0
1522779540,80.540,80.500,80.500,80.540,0,0
1522779600,80.510,80.520,80.510,80.530,9715,643664
1522779720,80.590,80.610,80.590,80.610,0,0
1522779780,80.570,80.570,80.570,80.570,0,0
1522779840,80.560,80.600,80.560,80.600,0,0
1522779900,80.620,80.630,80.620,80.630,17655,653379
1522779960,80.580,80.570,80.570,80.580,0,0
1522780020,80.640,80.610,80.610,80.640,0,0
1522780080,80.570,80.580,80.570,80.580,0,0
1522780140,80.580,80.590,80.570,80.590,0,0
1522780200,80.570,80.530,80.530,80.570,9103,671034
1522780260,80.500,80.560,80.500,80.560,0,0
1522780320,80.530,80.430,80.430,80.530,0,0
1522780380,80.440,80.400,80.400,80.440,0,0
1522780440,80.380,80.380,80.380,80.380,0,0
1522780500,80.370,80.360,80.350,80.370,9315,680137
1522780560,80.340,80.370,80.340,80.370,0,0
1522780620,80.360,80.360,80.360,80.360,0,0
1522780680,80.340,80.280,80.280,80.340,0,0
1522780740,80.280,80.320,80.280,80.320,0,0
1522780800,80.320,80.290,80.290,80.320,8638,689452
1522780860,80.290,80.320,80.290,80.320,0,0
1522780920,80.330,80.270,80.270,80.330,0,0
1522780980,80.250,80.230,80.230,80.250,0,0
1522781040,80.200,80.200,80.200,80.200,0,0
1522781100,80.220,80.210,80.210,80.220,17954,698090
1522781160,80.250,80.360,80.250,80.360,0,0
1522781220,80.350,80.490,80.350,80.490,0,0
1522781280,80.510,80.640,80.510,80.720,0,0
1522781340,80.700,80.760,80.700,80.790,0,0
1522781400,80.730,80.740,80.730,80.770,9277,716044
1522781460,80.760,80.720,80.720,80.760,0,0
1522781520,80.720,80.690,80.690,80.720,0,0
1522781580,80.710,80.760,80.710,80.760,0,0
1522781640,80.720,80.720,80.720,80.720,0,0
1522781700,80.740,80.860,80.740,80.860,15629,725321
1522781760,80.870,80.940,80.850,80.940,0,0
1522781820,80.940,80.960,80.940,80.960,0,0
1522781880,80.950,80.900,80.900,80.950,0,0
1522781940,80.910,80.930,80.910,80.930,0,0
1522782000,80.900,80.880,80.880,80.900,36325,740950
1522782060,80.890,81.000,80.890,81.060,0,0
1522782120,81.050,80.890,80.870,81.100,0,0
1522782180,80.910,81.000,80.910,81.000,0,0
1522782240,81.030,81.100,81.030,81.100,0,0
1522782300,81.080,81.140,81.080,81.160,38003,777275
1522782360,81.150,81.260,81.150,81.260,0,0
1522782420,81.200,81.210,81.200,81.250,0,0
1522782480,81.190,81.180,81.180,81.190,0,0
1522782540,81.220,81.140,81.120,81.220,0,0
1522782600,81.100,81.110,81.100,81.110,21581,815278
1522782660,81.100,81.110,81.100,81.130,0,0
1522782720,81.120,80.930,80.930,81.120,0,0
1522782780,80.940,80.800,80.800,80.940,0,0
1522782840,80.810,80.800,80.800,80.810,0,0
1522782900,80.820,80.780,80.780,80.820,20576,836859
1522782960,80.820,80.850,80.820,80.860,0,0
1522783020,80.850,80.810,80.810,80.860,0,0
1522783080,80.850,80.840,80.840,80.870,0,0
1522783140,80.850,80.910,80.850,80.920,0,0
1522783200,80.910,80.880,80.880,80.950,16342,857435
1522783260,80.850,80.960,80.850,80.960,0,0
1522783320,80.970,80.960,80.940,80.970,0,0
1522783380,80.920,80.940,80.920,80.960,0,0
1522783440,80.940,80.900,80.890,80.940,0,0
1522783500,80.960,80.910,80.900,80.960,23557,873777
1522783560,80.920,80.930,80.920,80.960,0,0
1522783620,80.930,80.900,80.900,80.930,0,0
1522783680,80.900,81.090,80.900,81.100,0,0
1522783740,81.040,81.030,81.020,81.040,0,0
1522783800,81.080,81.050,81.020,81.080,21173,897334
1522783860,81.080,81.040,81.040,81.090,0,0
1522783920,81.040,81.040,81.040,81.040,0,0
1522783980,80.900,80.820,80.820,80.900,0,0
1522784040,80.750,80.760,80.730,80.770,0,0
1522784100,80.760,80.670,80.670,80.760,21919,918507
1522784160,80.650,80.720,80.650,80.720,0,0
1522784220,80.690,80.750,80.690,80.750,0,0
1522784280,80.690,80.700,80.690,80.780,0,0
1522784340,80.740,80.810,80.710,80.810,0,0
1522784400,80.800,80.790,80.790,80.800,24673,940426
1522784460,80.800,80.770,80.760,80.800,0,0
1522784520,80.750,80.790,80.750,80.790,0,0
1522784580,80.740,80.720,80.720,80.740,0,0
1522784640,80.710,80.710,80.710,80.710,0,0
1522784700,80.630,80.770,80.630,80.770,48236,965099
1522784760,80.760,80.650,80.650,80.760,0,0
1522784820,80.650,80.550,80.550,80.660,0,0
1522784880,80.540,80.520,80.520,80.550,0,0
1522784940,80.520,80.510,80.490,80.540,0,0
1522785000,80.500,80.550,80.500,80.570,55139,1013335
1522785060,80.560,80.510,80.510,80.590,0,0
1522785120,80.530,80.510,80.510,80.530,0,0
1522785180,80.510,80.460,80.460,80.510,0,0
1522785240,80.460,80.420,80.420,80.460,0,0
1522785300,80.450,80.470,80.440,80.470,74774,1068474
1522785360,80.500,80.470,80.470,80.510,0,0
1522785420,80.500,80.560,80.500,80.560,0,0
1522785480,80.550,80.660,80.550,80.670,0,0
1522785540,80.670,80.640,80.640,80.670,0,0
1522848600,78.290,78.290,78.290,78.290,23656,0
1522848720,78.680,78.680,78.680,78.680,0,0
1522848780,78.700,78.700,78.700,78.700,0,0
1522848840,78.240,78.240,78.240,78.240,0,0
1522848900,78.670,78.420,78.420,78.670,24762,23656
1522848960,78.410,78.410,78.410,78.410,0,0
1522849020,78.410,78.410,78.410,78.410,0,0
1522849080,78.630,78.480,78.480,78.640,0,0
1522849140,78.510,78.580,78.440,78.580,0,0
1522849200,78.470,78.740,78.470,78.740,28956,48418
1522849260,78.610,78.720,78.610,78.720,0,0
1522849320,78.750,78.770,78.750,78.770,0,0
1522849380,78.890,78.830,78.830,78.900,0,0
1522849440,78.890,79.020,78.890,79.020,0,0
1522849500,78.900,78.930,78.900,78.930,26867,77374
1522849560,78.890,78.720,78.720,78.890,0,0
1522849620,78.730,78.870,78.520,78.870,0,0
1522849680,78.980,79.120,78.980,79.120,0,0
1522849740,79.110,79.000,78.940,79.190,0,0
1522849800,79.080,78.980,78.970,79.080,16811,104241
1522849860,78.980,78.920,78.920,78.980,0,0
1522849920,78.820,78.820,78.820,78.820,0,0
1522849980,78.920,79.000,78.920,79.000,0,0
1522850040,78.910,79.080,78.910,79.080,0,0
1522850100,79.120,79.040,79.040,79.170,18680,121052
1522850160,79.160,79.060,79.060,79.160,0,0
1522850220,79.160,79.150,79.050,79.160,0,0
1522850280,79.070,79.150,79.070,79.150,0,0
1522850340,79.060,79.050,79.050,79.070,0,0
1522850400,79.030,78.990,78.960,79.030,40341,139732
1522850460,78.940,78.990,78.940,78.990,0,0
1522850520,79.000,78.880,78.880,79.000,0,0
1522850580,78.740,78.600,78.600,78.740,0,0
1522850640,78.690,78.860,78.690,78.860,0,0
1522850700,78.860,78.770,78.770,78.900,19017,180073
1522850760,78.810,79.000,78.810,79.000,0,0
1522850820,78.960,78.990,78.960,79.010,0,0
1522850880,79.000,78.970,78.970,79.010,0,0
1522850940,78.900,78.900,78.900,78.900,0,0
1522851000,78.970,79.080,78.970,79.080,13392,199090
1522851060,79.160,79.090,79.090,79.170,0,0
1522851120,79.160,79.140,79.140,79.160,0,0
1522851180,79.140,79.140,79.140,79.140,0,0
1522851240,79.070,79.000,79.000,79.070,0,0
1522851300,79.070,79.070,79.070,79.070,12098,212482
1522851360,79.090,79.040,79.040,79.100,0,0
1522851480,78.980,78.910,78.910,78.980,0,0
1522851540,79.010,79.120,79.010,79.120,0,0
1522851600,79.060,79.000,79.000,79.060,4202,224580
1522851660,79.010,79.010,79.010,79.010,0,0
1522851720,79.040,79.040,79.040,79.040,0,0
1522851780,79.040,79.040,79.040,79.040,0,0
1522851840,78.960,79.000,78.960,79.000,0,0
1522851900,79.060,79.030,79.030,79.070,11198,228782
1522851960,79.070,79.060,79.060,79.070,0,0
1522852020,78.990,79.090,78.990,79.090,0,0
1522852140,79.080,79.080,79.080,79.080,0,0
1522852200,79.010,79.010,79.010,79.010,5834,239980
1522852260,78.980,79.050,78.980,79.050,0,0
1522852320,79.030,78.890,78.890,79.030,0,0
1522852380,78.880,78.850,78.850,78.880,0,0
1522852500,78.890,78.890,78.890,78.890,7743,245814
1522852560,78.810,78.810,78.810,78.810,0,0
1522852620,78.870,78.920,78.850,78.920,0,0
1522852680,78.940,78.940,78.940,78.940,0,0
1522852740,79.170,79.170,79.170,79.170,0,0
1522852800,79.180,79.190,79.180,79.190,11405,253557
1522852860,79.270,79.190,79.160,79.270,0,0
1522852920,79.270,79.270,79.270,79.270,0,0
1522853040,79.220,79.250,79.220,79.250,0,0
1522853100,79.200,79.240,79.200,79.240,10760,264962
1522853160,79.200,79.200,79.200,79.200,0,0
1522853220,79.250,79.290,79.250,79.300,0,0
1522853280,79.310,79.360,79.310,79.360,0,0
1522853340,79.460,79.460,79.460,79.460,0,0
1522853400,79.510,79.500,79.500,79.510,18038,275722
1522853460,79.520,79.480,79.480,79.520,0,0
1522853580,79.460,79.480,79.450,79.510,0,0
1522853640,79.520,79.530,79.500,79.530,0,0
1522853700,79.510,79.470,79.470,79.550,5448,293760
1522853760,79.510,79.470,79.470,79.550,0,0
1522853820,79.390,79.320,79.300,79.390,0,0
1522853880,79.370,79.370,79.370,79.370,0,0
1522854000,79.370,79.370,79.370,79.370,10544,299208
1522854060,79.330,79.290,79.290,79.330,0,0
1522854120,79.310,79.280,79.210,79.310,0,0
1522854180,79.310,79.340,79.270,79.340,0,0
1522854240,79.310,79.240,79.240,79.310,0,0
1522854300,79.310,79.340,79.310,79.340,4907,309752
1522854360,79.240,79.230,79.230,79.240,0,0
1522854420,79.280,79.310,79.280,79.310,0,0
1522854480,79.300,79.320,79.280,79.320,0,0
1522854540,79.220,79.220,79.220,79.220,0,0
1522854600,79.320,79.340,79.320,79.340,9064,314659
1522854660,79.360,79.400,79.360,79.400,0,0
1522854720,79.450,79.390,79.360,79.450,0,0
1522854780,79.420,79.400,79.330,79.420,0,0
1522854840,79.350,79.310,79.310,79.350,0,0
1522854900,79.330,79.390,79.330,79.390,18624,323723
1522854960,79.390,79.420,79.390,79.430,0,0
1522855020,79.450,79.460,79.450,79.500,0,0
1522855080,79.480,79.480,79.480,79.480,0,0
1522855140,79.490,79.490,79.490,79.490,0,0
1522855200,79.510,79.550,79.510,79.560,10538,342347
1522855260,79.580,79.580,79.580,79.580,0,0
1522855320,79.580,79.610,79.560,79.620,0,0
1522855440,79.690,79.690,79.690,79.690,0,0
1522855500,79.630,79.630,79.630,79.630,6004,352885
1522855560,79.680,79.680,79.680,79.680,0,0
1522855620,79.660,79.620,79.620,79.660,0,0
1522855680,79.630,79.630,79.630,79.630,0,0
1522855740,79.640,79.640,79.640,79.640,0,0
1522855800,79.570,79.610,79.560,79.610,12189,358889
1522855860,79.600,79.720,79.600,79.720,0,0
1522855920,79.730,79.750,79.730,79.750,0,0
1522855980,79.730,79.770,79.730,79.770,0,0
1522856040,79.760,79.760,79.760,79.760,0,0
1522856100,79.850,79.850,79.850,79.850,15711,371078
1522856160,79.770,79.760,79.760,79.800,0,0
1522856220,79.810,79.810,79.810,79.810,0,0
1522856280,79.800,79.800,79.800,79.800,0,0
1522856340,79.800,79.770,79.760,79.800,0,0
1522856400,79.730,79.730,79.730,79.730,8162,386789
1522856460,79.720,79.720,79.720,79.720,0,0
1522856520,79.700,79.710,79.700,79.720,0,0
1522856580,79.680,79.720,79.680,79.720,0,0
1522856700,79.720,79.800,79.720,79.800,13443,394951
1522856760,79.790,79.780,79.780,79.790,0,0
1522856820,79.790,79.820,79.780,79.820,0,0
1522856880,79.800,79.750,79.750,79.800,0,0
1522857000,79.680,79.590,79.590,79.680,5056,408394
1522857060,79.620,79.570,79.570,79.620,0,0
1522857180,79.540,79.540,79.540,79.540,0,0
1522857300,79.520,79.580,79.520,79.580,7893,413450
1522857360,79.580,79.580,79.580,79.580,0,0
1522857480,79.690,79.740,79.690,79.740,0,0
1522857540,79.710,79.710,79.710,79.710,0,0
1522857600,79.690,79.690,79.690,79.690,4071,421343
1522857660,79.680,79.680,79.680,79.680,0,0
1522857720,79.620,79.580,79.580,79.660,0,0
1522857780,79.500,79.500,79.500,79.500,0,0
1522857840,79.560,79.550,79.550,79.560,0,0
1522857900,79.490,79.490,79.490,79.490,5097,425414
1522858020,79.570,79.570,79.570,79.570,0,0
1522858080,79.600,79.670,79.600,79.670,0,0
1522858140,79.710,79.740,79.710,79.740,0,0
1522858200,79.750,79.730,79.730,79.750,5621,430511
1522858260,79.730,79.790,79.730,79.790,0,0
1522858320,79.770,79.850,79.770,79.850,0,0
1522858500,79.790,79.760,79.750,79.790,5379,436132
1522858680,79.760,79.760,79.760,79.760,0,0
1522858740,79.750,79.750,79.750,79.750,0,0
1522858800,79.690,79.690,79.690,79.690,7364,441511
1522858920,79.740,79.740,79.740,79.740,0,0
1522858980,79.670,79.830,79.670,79.830,0,0
1522859040,79.780,79.780,79.780,79.780,0,0
1522859100,79.810,79.840,79.810,79.850,11420,448875
1522859160,79.840,79.860,79.800,79.860,0,0
1522859220,79.860,79.850,79.850,79.870,0,0
1522859340,79.860,79.850,79.850,79.860,0,0
1522859400,79.860,79.860,79.860,79.860,4215,460295
1522859460,79.860,79.880,79.850,79.880,0,0
1522859520,79.810,79.810,79.810,79.810,0,0
1522859640,79.700,79.750,79.700,79.750,0,0
1522859700,79.790,79.860,79.790,79.860,5208,464510
1522859760,79.880,79.910,79.880,79.910,0,0
1522859820,79.910,79.890,79.890,79.930,0,0
1522859880,79.840,79.840,79.840,79.840,0,0
1522859940,79.860,79.910,79.860,79.910,0,0
1522860000,79.940,79.990,79.940,80.000,11114,469718
1522860120,79.940,79.990,79.940,80.000,0,0
1522860180,80.000,80.010,80.000,80.010,0,0
1522860240,80.000,80.000,80.000,80.000,0,0
1522860300,80.030,80.000,80.000,80.030,8508,480832
1522860360,80.030,79.880,79.870,80.030,0,0
1522860420,79.890,79.890,79.890,79.890,0,0
1522860480,79.900,79.930,79.900,79.930,0,0
1522860540,79.920,79.920,79.920,79.920,0,0
1522860600,79.840,79.830,79.830,79.870,8167,489340
1522860660,79.860,79.770,79.770,79.860,0,0
1522860720,79.710,79.710,79.710,79.710,0,0
1522860780,79.730,79.720,79.720,79.730,0,0
1522860840,79.700,79.760,79.690,79.760,0,0
1522860900,79.740,79.750,79.740,79.750,4736,497507
1522860960,79.750,79.750,79.750,79.750,0,0
1522861020,79.800,79.740,79.740,79.800,0,0
1522861080,79.780,79.800,79.780,79.800,0,0
1522861140,79.730,79.730,79.730,79.730,0,0
1522861200,79.770,79.720,79.720,79.770,2923,502243
1522861320,79.770,79.720,79.720,79.770,0,0
1522861380,79.690,79.670,79.670,79.690,0,0
1522861440,79.720,79.670,79.670,79.720,0,0
1522861500,79.660,79.660,79.660,79.660,7607,505166
1522861560,79.670,79.670,79.670,79.670,0,0
1522861620,79.640,79.640,79.640,79.640,0,0
1522861680,79.640,79.640,79.640,79.640,0,0
1522861740,79.610,79.620,79.610,79.620,0,0
1522861800,79.620,79.670,79.620,79.670,5472,512773
1522861860,79.620,79.670,79.620,79.670,0,0
1522861920,79.670,79.670,79.670,79.670,0,0
1522862040,79.630,79.700,79.630,79.700,0,0
1522862100,79.710,79.720,79.710,79.720,4809,518245
1522862160,79.710,79.720,79.710,79.720,0,0
1522862220,79.670,79.620,79.620,79.670,0,0
1522862280,79.640,79.670,79.640,79.700,0,0
1522862340,79.600,79.600,79.600,79.600,0,0
1522862400,79.590,79.550,79.550,79.590,5289,523054
1522862520,79.540,79.540,79.540,79.540,0,0
1522862580,79.550,79.620,79.550,79.650,0,0
1522862640,79.600,79.610,79.600,79.620,0,0
1522862700,79.550,79.550,79.550,79.550,3622,528343
1522862820,79.570,79.570,79.570,79.570,0,0
1522862880,79.550,79.550,79.550,79.550,0,0
1522862940,79.560,79.610,79.560,79.610,0,0
1522863000,79.530,79.580,79.530,79.580,3316,531965
1522863060,79.530,79.580,79.530,79.580,0,0
1522863120,79.600,79.600,79.600,79.600,0,0
1522863180,79.560,79.550,79.550,79.560,0,0
1522863240,79.550,79.550,79.550,79.550,0,0
1522863300,79.520,79.520,79.520,79.520,4686,535281
1522863360,79.570,79.590,79.570,79.590,0,0
1522863480,79.660,79.660,79.660,79.660,0,0
1522863540,79.600,79.610,79.600,79.610,0,0
1522863600,79.630,79.630,79.630,79.630,3463,539967
1522863660,79.690,79.690,79.690,79.690,0,0
1522863720,79.700,79.700,79.700,79.700,0,0
1522863780,79.670,79.670,79.670,79.670,0,0
1522863840,79.680,79.680,79.680,79.680,0,0
1522863900,79.710,79.670,79.670,79.710,2750,543430
1522863960,79.610,79.610,79.610,79.610,0,0
1522864020,79.570,79.570,79.570,79.570,0,0
1522864140,79.550,79.560,79.550,79.560,0,0
1522864200,79.570,79.570,79.570,79.570,5286,546180
1522864260,79.550,79.550,79.550,79.550,0,0
1522864380,79.560,79.580,79.560,79.600,0,0
1522864440,79.510,79.510,79.510,79.510,0,0
1522864500,79.520,79.530,79.520,79.530,5129,551466
1522864560,79.530,79.560,79.530,79.560,0,0
1522864620,79.570,79.570,79.570,79.570,0,0
1522864680,79.550,79.550,79.550,79.550,0,0
1522864740,79.580,79.580,79.580,79.580,0,0
1522864800,79.620,79.650,79.620,79.650,5642,556595
1522864860,79.600,79.600,79.600,79.600,0,0
1522864920,79.640,79.630,79.630,79.650,0,0
1522864980,79.620,79.620,79.620,79.620,0,0
1522865040,79.640,79.640,79.640,79.640,0,0
1522865100,79.620,79.670,79.620,79.670,5026,562237
1522865160,79.680,79.730,79.680,79.730,0,0
1522865220,79.700,79.700,79.700,79.700,0,0
1522865400,79.710,79.720,79.710,79.720,6585,567263
1522865520,79.710,79.710,79.710,79.710,0,0
1522865580,79.800,79.800,79.800,79.800,0,0
1522865640,79.830,79.830,79.830,79.830,0,0
1522865700,79.850,79.900,79.850,79.910,17632,573848
1522865760,79.890,79.880,79.880,79.890,0,0
1522865820,79.910,79.940,79.890,79.940,0,0
1522865880,79.990,80.050,79.980,80.050,0,0
1522865940,80.070,80.060,80.060,80.070,0,0
1522866000,80.120,80.120,80.120,80.120,10634,591480
1522866060,80.170,80.210,80.160,80.210,0,0
1522866120,80.190,80.180,80.160,80.200,0,0
1522866180,80.170,80.170,80.170,80.170,0,0
1522866240,80.190,80.170,80.150,80.190,0,0
1522866300,80.100,80.100,80.100,80.100,6137,602114
1522866360,80.080,80.080,80.080,80.080,0,0
1522866420,80.040,80.060,80.040,80.060,0,0
1522866480,80.090,80.130,80.090,80.130,0,0
1522866540,80.170,80.180,80.170,80.180,0,0
1522866600,80.170,80.130,80.130,80.170,5375,608251
1522866660,80.150,80.140,80.140,80.150,0,0
1522866720,80.150,80.120,80.120,80.150,0,0
1522866780,80.120,80.090,80.070,80.120,0,0
1522866840,80.070,80.070,80.070,80.070,0,0
1522866900,79.940,79.980,79.940,79.980,9612,613626
1522866960,79.940,79.980,79.940,79.980,0,0
1522867020,79.980,79.950,79.950,79.980,0,0
1522867080,79.930,79.930,79.930,79.930,0,0
1522867140,79.920,79.890,79.890,79.930,0,0
1522867200,79.960,79.940,79.920,79.960,11976,623238
1522867260,79.950,79.960,79.940,79.970,0,0
1522867320,80.020,80.160,80.020,80.160,0,0
1522867380,80.180,80.240,80.180,80.240,0,0
1522867440,80.240,80.280,80.240,80.290,0,0
1522867500,80.270,80.230,80.220,80.300,6635,635214
1522867560,80.290,80.280,80.250,80.290,0,0
1522867620,80.270,80.290,80.270,80.290,0,0
1522867680,80.290,80.220,80.220,80.290,0,0
1522867740,80.180,80.180,80.180,80.180,0,0
1522867800,80.260,80.210,80.210,80.260,7590,641849
1522867860,80.280,80.340,80.280,80.340,0,0
1522867920,80.390,80.360,80.360,80.390,0,0
1522868040,80.410,80.380,80.360,80.410,0,0
1522868100,80.350,80.370,80.350,80.370,9565,649439
1522868160,80.360,80.400,80.360,80.400,0,0
1522868220,80.470,80.370,80.370,80.470,0,0
1522868280,80.370,80.370,80.370,80.370,0,0
1522868340,80.400,80.480,80.400,80.480,0,0
1522868400,80.440,80.470,80.420,80.470,17808,659004
1522868460,80.500,80.490,80.490,80.500,0,0
1522868520,80.500,80.470,80.470,80.500,0,0
1522868580,80.480,80.520,80.480,80.530,0,0
1522868640,80.540,80.510,80.510,80.580,0,0
1522868700,80.530,80.530,80.530,80.530,15293,676812
1522868760,80.540,80.550,80.540,80.550,0,0
1522868820,80.560,80.660,80.560,80.680,0,0
1522868880,80.660,80.640,80.640,80.660,0,0
1522868940,80.690,80.780,80.680,80.780,0,0
1522869000,80.750,80.720,80.680,80.750,15324,692105
1522869060,80.730,80.710,80.690,80.730,0,0
1522869120,80.740,80.720,80.720,80.740,0,0
1522869180,80.740,80.750,80.740,80.750,0,0
1522869240,80.740,80.720,80.710,80.740,0,0
1522869300,80.680,80.680,80.680,80.680,12316,707429
1522869360,80.560,80.620,80.560,80.620,0,0
1522869420,80.610,80.620,80.600,80.620,0,0
1522869480,80.620,80.610,80.610,80.620,0,0
1522869540,80.610,80.590,80.580,80.610,0,0
1522869600,80.640,80.700,80.630,80.700,13844,719745
1522869660,80.710,80.800,80.710,80.800,0,0
1522869720,80.790,80.830,80.790,80.830,0,0
1522869780,80.830,80.910,80.830,80.910,0,0
1522869840,80.870,80.880,80.850,80.880,0,0
1522869900,80.890,80.870,80.870,80.890,13768,733589
1522869960,80.870,80.980,80.870,80.980,0,0
1522870020,80.950,80.940,80.900,80.950,0,0
1522870080,80.940,80.900,80.890,80.940,0,0
1522870140,80.910,80.900,80.900,80.920,0,0
1522870200,80.930,80.960,80.930,80.990,30088,747357
1522870260,80.980,81.050,80.970,81.050,0,0
1522870320,81.030,80.980,80.930,81.030,0,0
1522870380,80.980,80.990,80.980,81.010,0,0
1522870440,80.980,80.950,80.950,80.990,0,0
1522870500,80.970,81.010,80.970,81.020,22804,777445
1522870560,81.010,81.070,81.010,81.070,0,0
1522870620,81.050,81.060,81.050,81.060,0,0
1522870680,81.070,81.080,81.070,81.120,0,0
1522870740,81.120,81.100,81.100,81.150,0,0
1522870800,81.100,81.090,81.090,81.110,30328,800249
1522870860,81.120,81.140,81.120,81.140,0,0
1522870920,81.130,81.120,81.100,81.130,0,0
1522870980,81.150,81.060,81.060,81.150,0,0
1522871040,81.050,81.060,81.040,81.070,0,0
1522871100,81.090,81.130,81.090,81.140,36152,830577
1522871160,81.120,81.170,81.110,81.170,0,0
1522871220,81.200,81.210,81.180,81.210,0,0
1522871280,81.180,81.210,81.180,81.220,0,0
1522871340,81.190,81.160,81.160,81.210,0,0
1522871400,81.200,81.250,81.200,81.280,39001,866729
1522871460,81.220,81.230,81.220,81.240,0,0
1522871520,81.220,81.190,81.190,81.220,0,0
1522871580,81.190,81.200,81.190,81.200,0,0
1522871640,81.190,81.170,81.170,81.200,0,0
1522871700,81.170,81.140,81.140,81.170,49170,905730
1522871760,81.140,81.120,81.120,81.150,0,0
1522871820,81.120,81.130,81.100,81.150,0,0
1522871880,81.210,81.200,81.190,81.210,0,0
1522871940,81.200,81.130,81.130,81.200,0,0
1522935000,81.500,81.500,81.500,81.500,22981,0
1522935060,81.660,81.660,81.660,81.660,0,0
1522935120,81.720,81.500,81.500,81.720,0,0
1522935180,81.800,81.800,81.800,81.800,0,0
1522935240,81.810,82.090,81.810,82.180,0,0
1522935300,82.350,82.300,82.300,82.350,11863,22981
1522935360,82.340,82.180,82.180,82.350,0,0
1522935420,82.320,82.320,82.320,82.320,0,0
1522935480,82.480,82.480,82.480,82.480,0,0
1522935540,82.400,82.400,82.400,82.400,0,0
1522935600,82.310,82.410,82.280,82.420,47216,34844
1522935660,82.420,82.360,82.360,82.430,0,0
1522935720,82.510,82.520,82.510,82.660,0,0
1522935780,82.470,82.320,82.320,82.470,0,0
1522935840,82.320,82.310,82.310,82.320,0,0
1522935900,82.310,82.150,82.150,82.310,6646,82060
1522936020,82.260,82.340,82.260,82.340,0,0
1522936080,82.280,82.280,82.280,82.280,0,0
1522936200,82.280,82.270,82.270,82.350,11750,88706
1522936320,82.350,82.350,82.350,82.350,0,0
1522936380,82.470,82.390,82.380,82.470,0,0
1522936440,82.480,82.470,82.460,82.480,0,0
1522936500,82.490,82.490,82.490,82.490,3662,100456
1522936560,82.490,82.490,82.490,82.490,0,0
1522936620,82.580,82.680,82.580,82.680,0,0
1522936680,82.660,82.660,82.660,82.660,0,0
1522936740,82.660,82.670,82.660,82.670,0,0
1522936800,82.720,82.670,82.670,82.720,13667,104118
1522936860,82.650,82.590,82.590,82.650,0,0
1522936920,82.440,82.480,82.410,82.480,0,0
1522936980,82.280,82.310,82.280,82.310,0,0
1522937040,82.290,82.290,82.290,82.290,0,0
1522937100,82.290,82.290,82.290,82.290,14067,117785
1522937160,82.260,82.160,82.160,82.260,0,0
1522937220,82.190,82.220,82.190,82.220,0,0
1522937280,82.240,82.170,82.170,82.240,0,0
1522937340,82.040,82.120,82.040,82.120,0,0
1522937400,82.200,82.280,82.200,82.280,13801,131852
1522937460,82.260,82.340,82.260,82.340,0,0
1522937520,82.260,82.160,82.160,82.260,0,0
1522937580,82.250,82.250,82.250,82.250,0,0
1522937640,82.330,82.330,82.330,82.330,0,0
1522937700,82.270,82.340,82.270,82.340,7074,145653
1522937760,82.270,82.340,82.270,82.340,0,0
1522937820,82.300,82.310,82.300,82.310,0,0
1522937880,82.210,82.220,82.210,82.270,0,0
1522938000,82.040,82.040,82.040,82.040,6809,152727
1522938120,81.990,81.990,81.990,81.990,0,0
1522938180,82.050,82.140,82.050,82.140,0,0
1522938240,82.110,82.110,82.110,82.110,0,0
1522938300,82.070,82.110,82.070,82.130,7330,159536
1522938360,82.070,82.110,82.070,82.130,0,0
1522938420,82.110,82.000,82.000,82.110,0,0
1522938480,81.970,82.010,81.970,82.010,0,0
1522938540,82.060,82.060,82.060,82.060,0,0
1522938600,82.090,82.160,82.050,82.160,10193,166866
1522938660,82.200,82.200,82.200,82.200,0,0
1522938720,82.140,82.160,82.140,82.160,0,0
1522938780,82.170,82.140,82.140,82.170,0,0
1522938840,82.140,82.010,82.010,82.140,0,0
1522938900,82.030,82.030,82.030,82.030,4848,177059
1522938960,82.020,82.020,82.020,82.020,0,0
1522939020,82.030,82.040,82.030,82.040,0,0
1522939080,82.130,82.060,82.060,82.130,0,0
1522939140,82.080,82.080,82.080,82.080,0,0
1522939200,82.120,82.070,82.070,82.120,8744,181907
1522939260,82.020,82.080,82.020,82.090,0,0
1522939320,82.140,82.160,82.140,82.160,0,0
1522939440,82.170,82.170,82.170,82.170,0,0
1522939500,82.170,82.110,82.110,82.170,5876,190651
1522939560,82.170,82.110,82.110,82.170,0,0
1522939680,82.090,82.090,82.090,82.090,0,0
1522939740,82.150,82.150,82.150,82.150,0,0
1522939800,82.170,82.130,82.130,82.170,10883,196527
1522939860,82.110,82.110,82.110,82.110,0,0
1522939920,82.120,82.120,82.120,82.120,0,0
1522939980,82.210,82.170,82.170,82.210,0,0
1522940040,82.200,82.250,82.200,82.250,0,0
1522940100,82.290,82.320,82.290,82.320,5613,207410
1522940160,82.290,82.320,82.290,82.320,0,0
1522940220,82.270,82.270,82.270,82.270,0,0
1522940280,82.150,82.150,82.150,82.150,0,0
1522940340,82.160,82.100,82.100,82.160,0,0
1522940400,82.130,82.170,82.130,82.170,11387,213023
1522940460,82.180,82.340,82.180,82.340,0,0
1522940520,82.310,82.410,82.310,82.410,0,0
1522940640,82.400,82.460,82.390,82.460,0,0
1522940700,82.550,82.560,82.550,82.560,3616,224410
1522940760,82.550,82.560,82.550,82.560,0,0
1522940820,82.560,82.560,82.560,82.560,0,0
1522940880,82.600,82.630,82.600,82.630,0,0
1522940940,82.640,82.640,82.640,82.640,0,0
1522941000,82.530,82.480,82.480,82.530,7377,228026
1522941120,82.510,82.530,82.510,82.560,0,0
1522941180,82.510,82.510,82.510,82.510,0,0
1522941300,82.470,82.440,82.440,82.490,4973,235403
1522941360,82.470,82.440,82.440,82.490,0,0
1522941480,82.430,82.430,82.430,82.430,0,0
1522941540,82.380,82.440,82.380,82.440,0,0
1522941600,82.480,82.460,82.460,82.480,5023,240376
1522941660,82.430,82.430,82.430,82.430,0,0
1522941720,82.510,82.510,82.510,82.510,0,0
1522941780,82.510,82.410,82.410,82.510,0,0
1522941840,82.390,82.390,82.390,82.390,0,0
1522941900,82.420,82.460,82.420,82.460,6197,245399
1522942080,82.500,82.480,82.480,82.510,0,0
1522942140,82.460,82.460,82.460,82.460,0,0
1522942200,82.420,82.450,82.410,82.450,15600,251596
1522942260,82.440,82.470,82.440,82.470,0,0
1522942320,82.500,82.450,82.450,82.500,0,0
1522942380,82.450,82.480,82.430,82.480,0,0
1522942440,82.480,82.400,82.380,82.480,0,0
1522942500,82.430,82.430,82.430,82.430,15663,267196
1522942560,82.430,82.430,82.430,82.430,0,0
1522942620,82.430,82.440,82.430,82.460,0,0
1522942680,82.460,82.400,82.400,82.460,0,0
1522942740,82.430,82.430,82.430,82.430,0,0
1522942800,82.470,82.470,82.470,82.470,1514,282859
1522942920,82.500,82.510,82.500,82.510,0,0
1522942980,82.470,82.470,82.470,82.470,0,0
1522943100,82.470,82.310,82.310,82.470,4881,284373
1522943160,82.280,82.300,82.280,82.300,0,0
1522943400,82.230,82.250,82.230,82.250,6632,289254
1522943460,82.230,82.250,82.230,82.250,0,0
1522943520,82.290,82.300,82.290,82.300,0,0
1522943580,82.280,82.250,82.250,82.300,0,0
1522943640,82.230,82.250,82.210,82.250,0,0
1522943700,82.240,82.160,82.160,82.240,7714,295886
1522943760,82.240,82.160,82.160,82.240,0,0
1522943820,82.150,82.110,82.110,82.150,0,0
1522943880,82.090,82.120,82.060,82.140,0,0
1522943940,82.150,82.160,82.150,82.200,0,0
1522944000,82.140,82.080,82.080,82.140,3853,303600
1522944120,82.120,82.100,82.100,82.120,0,0
1522944180,82.050,82.100,82.050,82.100,0,0
1522944240,82.120,82.120,82.120,82.120,0,0
1522944300,82.140,82.130,82.130,82.170,4615,307453
1522944360,82.150,82.150,82.150,82.150,0,0
1522944420,82.140,82.090,82.090,82.140,0,0
1522944540,82.080,82.060,82.060,82.080,0,0
1522944600,82.050,82.020,82.020,82.050,2600,312068
1522944660,82.010,82.030,82.010,82.030,0,0
1522944720,82.040,82.040,82.040,82.040,0,0
1522944780,82.090,82.070,82.070,82.090,0,0
1522944840,82.070,82.070,82.070,82.070,0,0
1522944900,82.040,82.010,82.010,82.040,6269,314668
1522944960,81.900,81.900,81.900,81.900,0,0
1522945020,81.900,81.900,81.900,81.900,0,0
1522945080,81.920,81.940,81.920,81.940,0,0
1522945140,81.920,81.930,81.860,81.930,0,0
1522945200,81.900,81.950,81.900,81.950,4515,320937
1522945260,81.930,82.000,81.930,82.000,0,0
1522945380,81.920,81.910,81.910,81.920,0,0
1522945440,81.910,81.910,81.910,81.910,0,0
1522945500,81.910,81.930,81.910,81.930,3871,325452
1522945560,81.930,81.930,81.930,81.930,0,0
1522945680,81.920,81.920,81.920,81.920,0,0
1522945800,81.960,81.960,81.960,81.960,4809,329323
1522945860,81.960,81.960,81.960,81.960,0,0
1522945920,81.900,81.900,81.900,81.900,0,0
1522945980,81.880,81.920,81.880,81.920,0,0
1522946040,81.950,81.950,81.950,81.950,0,0
1522946100,81.950,81.950,81.950,81.950,3264,334132
1522946160,81.930,81.930,81.930,81.930,0,0
1522946220,81.940,81.940,81.940,81.940,0,0
1522946280,81.980,82.000,81.980,82.000,0,0
1522946340,82.000,82.020,82.000,82.020,0,0
1522946400,82.070,82.070,82.070,82.070,4216,337396
1522946460,82.040,82.030,82.030,82.040,0,0
1522946520,82.030,82.020,82.020,82.030,0,0
1522946640,82.020,82.010,82.010,82.020,0,0
1522946700,82.010,82.010,82.010,82.010,3109,341612
1522946880,82.060,82.060,82.060,82.060,0,0
1522947000,82.090,82.060,82.060,82.090,6216,344721
1522947060,82.100,82.100,82.100,82.100,0,0
1522947180,82.090,82.090,82.090,82.090,0,0
1522947240,82.060,82.030,82.030,82.060,0,0
1522947300,82.110,82.110,82.110,82.110,3480,350937
1522947360,82.040,82.040,82.040,82.040,0,0
1522947420,82.020,82.020,82.020,82.020,0,0
1522947480,82.010,82.010,82.010,82.010,0,0
1522947600,82.050,82.050,82.050,82.050,3444,354417
1522947720,82.040,82.110,82.040,82.110,0,0
1522947840,82.120,82.120,82.120,82.120,0,0
1522947900,82.020,82.060,82.020,82.060,3882,357861
1522947960,81.970,81.970,81.970,81.970,0,0
1522948020,81.920,81.920,81.920,81.920,0,0
1522948080,81.940,81.940,81.940,81.940,0,0
1522948200,81.890,81.890,81.890,81.890,3424,361743
1522948320,81.850,81.810,81.810,81.850,0,0
1522948440,81.810,81.810,81.810,81.810,0,0
1522948500,81.800,81.800,81.800,81.800,3984,365167
1522948560,81.770,81.670,81.670,81.770,0,0
1522948620,81.700,81.700,81.700,81.700,0,0
1522948680,81.670,81.670,81.670,81.670,0,0
1522948740,81.670,81.720,81.670,81.720,0,0
1522948800,81.690,81.660,81.660,81.690,3535,369151
1522948860,81.710,81.710,81.710,81.710,0,0
1522948920,81.560,81.520,81.520,81.560,0,0
1522948980,81.610,81.610,81.610,81.610,0,0
1522949100,81.550,81.550,81.550,81.550,3599,372686
1522949160,81.590,81.590,81.590,81.590,0,0
1522949340,81.610,81.630,81.570,81.630,0,0
1522949400,81.620,81.620,81.620,81.620,5175,376285
1522949460,81.700,81.700,81.700,81.700,0,0
1522949520,81.620,81.610,81.610,81.620,0,0
1522949580,81.650,81.620,81.620,81.650,0,0
1522949640,81.670,81.640,81.640,81.670,0,0
1522949700,81.690,81.730,81.690,81.730,5022,381460
1522949760,81.690,81.640,81.640,81.690,0,0
1522949820,81.740,81.740,81.740,81.740,0,0
1522949880,81.650,81.690,81.650,81.690,0,0
1522949940,81.650,81.600,81.600,81.650,0,0
1522950000,81.490,81.420,81.420,81.490,4624,386482
1522950060,81.490,81.420,81.420,81.490,0,0
1522950120,81.430,81.430,81.430,81.430,0,0
1522950180,81.490,81.480,81.480,81.490,0,0
1522950240,81.460,81.400,81.400,81.460,0,0
1522950300,81.440,81.440,81.440,81.440,2910,391106
1522950480,81.440,81.440,81.440,81.440,0,0
1522950540,81.470,81.470,81.470,81.470,0,0
1522950600,81.520,81.520,81.520,81.520,4302,394016
1522950780,81.550,81.560,81.550,81.560,0,0
1522950900,81.540,81.530,81.530,81.540,5446,398318
1522950960,81.540,81.500,81.500,81.540,0,0
1522951020,81.540,81.540,81.540,81.540,0,0
1522951080,81.470,81.470,81.470,81.470,0,0
1522951140,81.460,81.460,81.460,81.460,0,0
1522951200,81.480,81.370,81.370,81.510,7136,403764
1522951260,81.430,81.430,81.430,81.430,0,0
1522951320,81.370,81.400,81.370,81.400,0,0
1522951380,81.460,81.450,81.450,81.460,0,0
1522951440,81.450,81.420,81.420,81.470,0,0
1522951500,81.410,81.440,81.410,81.440,6790,410900
1522951560,81.440,81.440,81.440,81.440,0,0
1522951620,81.440,81.380,81.380,81.440,0,0
1522951680,81.360,81.320,81.320,81.360,0,0
1522951740,81.330,81.270,81.270,81.330,0,0
1522951800,81.250,81.300,81.250,81.300,12975,417690
1522951860,81.290,81.340,81.290,81.340,0,0
1522951920,81.390,81.290,81.290,81.390,0,0
1522951980,81.230,81.300,81.230,81.300,0,0
1522952040,81.280,81.310,81.280,81.310,0,0
1522952100,81.380,81.400,81.380,81.400,5733,430665
1522952160,81.380,81.400,81.380,81.400,0,0
1522952220,81.440,81.490,81.440,81.490,0,0
1522952340,81.430,81.430,81.430,81.430,0,0
1522952400,81.440,81.440,81.440,81.440,10066,436398
1522952460,81.490,81.480,81.460,81.490,0,0
1522952520,81.500,81.500,81.500,81.500,0,0
1522952580,81.500,81.440,81.440,81.500,0,0
1522952640,81.500,81.520,81.500,81.520,0,0
1522952700,81.430,81.430,81.430,81.430,5605,446464
1522952760,81.460,81.510,81.460,81.510,0,0
1522952820,81.500,81.500,81.500,81.500,0,0
1522952880,81.460,81.470,81.460,81.510,0,0
1522952940,81.480,81.500,81.480,81.500,0,0
1522953000,81.520,81.520,81.520,81.520,6171,452069
1522953060,81.510,81.510,81.510,81.510,0,0
1522953120,81.580,81.580,81.580,81.580,0,0
1522953180,81.610,81.630,81.610,81.630,0,0
1522953300,81.670,81.630,81.630,81.670,7386,458240
1522953360,81.700,81.710,81.700,81.710,0,0
1522953480,81.710,81.700,81.700,81.710,0,0
1522953540,81.680,81.670,81.670,81.680,0,0
1522953600,81.670,81.670,81.670,81.670,4332,465626
1522953720,81.720,81.660,81.660,81.720,0,0
1522953780,81.650,81.650,81.650,81.650,0,0
1522953840,81.700,81.760,81.700,81.760,0,0
1522953900,81.760,81.760,81.760,81.760,10275,469958
1522954020,81.790,81.780,81.780,81.880,0,0
1522954080,81.760,81.760,81.760,81.760,0,0
1522954140,81.730,81.730,81.730,81.730,0,0
1522954200,81.700,81.690,81.690,81.700,4353,480233
1522954260,81.700,81.690,81.690,81.700,0,0
1522954320,81.690,81.710,81.690,81.710,0,0
1522954440,81.740,81.710,81.690,81.740,0,0
1522954500,81.670,81.680,81.670,81.680,5603,484586
1522954560,81.690,81.720,81.690,81.720,0,0
1522954620,81.740,81.740,81.740,81.740,0,0
1522954680,81.750,81.730,81.730,81.760,0,0
1522954740,81.750,81.750,81.750,81.750,0,0
1522954800,81.770,81.740,81.740,81.770,5037,490189
1522954860,81.670,81.670,81.670,81.670,0,0
1522954920,81.660,81.660,81.660,81.660,0,0
1522954980,81.660,81.650,81.650,81.660,0,0
1522955100,81.610,81.620,81.610,81.620,7291,495226
1522955160,81.620,81.620,81.620,81.620,0,0
1522955220,81.640,81.650,81.640,81.650,0,0
1522955280,81.660,81.690,81.660,81.700,0,0
1522955340,81.730,81.740,81.730,81.740,0,0
1522955400,81.750,81.780,81.750,81.780,8569,502517
1522955460,81.800,81.790,81.790,81.820,0,0
1522955520,81.830,81.870,81.830,81.870,0,0
1522955580,81.810,81.780,81.780,81.810,0,0
1522955640,81.830,81.800,81.800,81.830,0,0
1522955700,81.830,81.870,81.830,81.870,4987,511086
1522955760,81.840,81.860,81.840,81.860,0,0
1522955820,81.860,81.860,81.860,81.860,0,0
1522955940,81.880,81.850,81.850,81.880,0,0
1522956000,81.840,81.840,81.840,81.840,12286,516073
1522956060,81.870,81.870,81.870,81.870,0,0
1522956120,81.860,81.810,81.790,81.860,0,0
1522956180,81.810,81.820,81.810,81.820,0,0
1522956240,81.830,81.800,81.800,81.830,0,0
1522956300,81.750,81.750,81.750,81.750,5779,528359
1522956360,81.700,81.720,81.700,81.720,0,0
1522956480,81.740,81.740,81.740,81.740,0,0
1522956540,81.700,81.700,81.700,81.700,0,0
1522956600,81.670,81.600,81.600,81.670,11519,534138
1522956660,81.590,81.580,81.580,81.590,0,0
1522956720,81.560,81.580,81.560,81.580,0,0
1522956780,81.560,81.550,81.550,81.560,0,0
1522956840,81.500,81.490,81.490,81.500,0,0
1522956900,81.500,81.510,81.500,81.510,18649,545657
1522956960,81.490,81.470,81.430,81.490,0,0
1522957020,81.500,81.490,81.490,81.500,0,0
1522957080,81.470,81.440,81.440,81.500,0,0
1522957140,81.440,81.430,81.420,81.440,0,0
1522957200,81.420,81.480,81.420,81.500,14745,564306
1522957260,81.480,81.500,81.480,81.500,0,0
1522957320,81.500,81.590,81.500,81.590,0,0
1522957380,81.640,81.640,81.640,81.640,0,0
1522957440,81.640,81.690,81.640,81.690,0,0
1522957500,81.710,81.740,81.710,81.740,28022,579051
1522957560,81.760,81.690,81.690,81.760,0,0
1522957620,81.680,81.660,81.590,81.680,0,0
1522957680,81.680,81.670,81.670,81.680,0,0
1522957740,81.700,81.680,81.680,81.700,0,0
1522957800,81.710,81.670,81.670,81.710,27724,607073
1522957860,81.660,81.700,81.660,81.700,0,0
1522957920,81.700,81.690,81.670,81.720,0,0
1522957980,81.720,81.740,81.690,81.740,0,0
1522958040,81.740,81.720,81.700,81.750,0,0
1522958100,81.700,81.660,81.660,81.720,55141,634797
1522958160,81.650,81.590,81.580,81.650,0,0
1522958220,81.590,81.580,81.560,81.590,0,0
1522958280,81.590,81.570,81.570,81.590,0,0
1522958340,81.580,81.560,81.520,81.580,0,0
1523021400,81.340,81.350,81.340,81.350,15535,0
1523021460,81.350,81.350,81.350,81.350,0,0
1523021520,81.250,81.150,81.060,81.250,0,0
1523021640,81.380,81.380,81.380,81.380,0,0
1523021700,81.360,81.480,81.360,81.480,5744,15535
1523021760,81.630,81.830,81.630,81.830,0,0
1523021820,81.840,81.850,81.840,81.850,0,0
1523021880,82.060,81.930,81.890,82.060,0,0
1523022000,82.000,81.920,81.890,82.000,8220,21279
1523022060,81.840,81.810,81.800,81.860,0,0
1523022300,81.660,81.660,81.660,81.660,14989,29499
1523022360,81.460,81.460,81.460,81.460,0,0
1523022420,81.530,81.460,81.460,81.530,0,0
1523022480,81.490,81.410,81.410,81.490,0,0
1523022540,81.560,81.590,81.560,81.630,0,0
1523022600,81.690,81.670,81.610,81.690,16647,44488
1523022660,81.670,81.650,81.570,81.670,0,0
1523022720,81.620,81.550,81.530,81.620,0,0
1523022780,81.520,81.560,81.520,81.560,0,0
1523022840,81.510,81.530,81.510,81.530,0,0
1523022900,81.450,81.390,81.390,81.530,17011,61135
1523022960,81.420,81.440,81.420,81.450,0,0
1523023020,81.420,81.610,81.420,81.610,0,0
1523023080,81.480,81.690,81.480,81.710,0,0
1523023140,81.580,81.590,81.570,81.630,0,0
1523023200,81.690,81.710,81.690,81.710,16460,78146
1523023260,81.710,81.600,81.600,81.710,0,0
1523023320,81.630,81.470,81.470,81.640,0,0
1523023380,81.410,81.450,81.410,81.500,0,0
1523023440,81.430,81.510,81.430,81.510,0,0
1523023500,81.520,81.440,81.440,81.520,16429,94606
1523023560,81.370,81.320,81.320,81.370,0,0
1523023620,81.350,81.320,81.320,81.350,0,0
1523023680,81.340,81.340,81.340,81.340,0,0
1523023740,81.320,81.340,81.320,81.340,0,0
1523023800,81.340,81.360,81.340,81.360,10043,111035
1523023860,81.340,81.350,81.340,81.350,0,0
1523023920,81.350,81.370,81.350,81.440,0,0
1523023980,81.360,81.360,81.360,81.360,0,0
1523024040,81.360,81.330,81.330,81.360,0,0
1523024100,81.330,81.390,81.330,81.470,15835,121078
1523024160,81.330,81.390,81.330,81.470,0,0
1523024220,81.440,81.540,81.440,81.540,0,0
1523024280,81.480,81.480,81.480,81.480,0,0
1523024340,81.500,81.570,81.500,81.570,0,0
1523024400,81.640,81.640,81.640,81.640,6878,136913
1523024460,81.630,81.600,81.600,81.630,0,0
1523024520,81.600,81.530,81.530,81.600,0,0
1523024580,81.600,81.580,81.580,81.600,0,0
1523024700,81.550,81.520,81.520,81.580,11810,143791
1523024820,81.590,81.570,81.570,81.610,0,0
1523024880,81.570,81.550,81.550,81.570,0,0
1523024940,81.560,81.550,81.550,81.570,0,0
1523025000,81.570,81.560,81.550,81.580,13418,155601
1523025060,81.550,81.560,81.550,81.610,0,0
1523025120,81.570,81.470,81.470,81.580,0,0
1523025180,81.480,81.480,81.480,81.480,0,0
1523025240,81.420,81.420,81.420,81.420,0,0
1523025300,81.280,81.280,81.280,81.280,11625,169019
1523025360,81.190,81.150,81.120,81.190,0,0
1523025420,81.140,81.170,81.140,81.170,0,0
1523025480,81.190,81.180,81.180,81.220,0,0
1523025540,81.240,81.200,81.200,81.240,0,0
1523025600,81.140,81.210,81.140,81.210,8831,180644
1523025660,81.190,81.170,81.170,81.190,0,0
1523025720,81.190,81.190,81.190,81.190,0,0
1523025780,81.170,81.170,81.170,81.170,0,0
1523025840,81.200,81.230,81.200,81.230,0,0
1523025900,81.200,81.180,81.180,81.200,16003,189475
1523025960,81.230,81.180,81.180,81.230,0,0
1523026020,81.160,81.160,81.160,81.160,0,0
1523026080,81.170,81.190,81.160,81.190,0,0
1523026140,81.190,81.140,81.140,81.190,0,0
1523026200,81.050,80.890,80.860,81.050,6248,205478
1523026260,81.010,81.010,81.010,81.010,0,0
1523026320,80.990,80.950,80.950,80.990,0,0
1523026440,80.960,80.960,80.960,80.960,0,0
1523026500,80.950,81.040,80.950,81.040,10152,211726
1523026560,81.180,81.180,81.180,81.180,0,0
1523026620,81.180,81.170,81.140,81.180,0,0
1523026680,81.080,81.080,81.080,81.080,0,0
1523026740,81.130,81.160,81.130,81.160,0,0
1523026800,81.160,81.090,81.090,81.160,9274,221878
1523026860,81.090,81.100,81.080,81.100,0,0
1523026980,81.040,81.000,81.000,81.040,0,0
1523027040,80.990,80.990,80.990,80.990,0,0
1523027100,80.890,80.860,80.860,80.890,8232,231152
1523027160,80.840,80.830,80.830,80.840,0,0
1523027220,80.870,80.870,80.870,80.870,0,0
1523027280,80.870,80.880,80.860,80.880,0,0
1523027340,80.920,80.920,80.920,80.920,0,0
1523027400,80.920,80.940,80.920,80.940,7106,239384
1523027460,80.950,81.060,80.950,81.060,0,0
1523027520,81.040,81.060,81.040,81.060,0,0
1523027580,81.070,81.070,81.070,81.070,0,0
1523027640,81.110,81.110,81.110,81.110,0,0
1523027700,81.120,81.060,81.060,81.120,10259,246490
1523027760,81.090,81.030,81.030,81.100,0,0
1523027820,81.140,81.180,81.140,81.180,0,0
1523027880,81.130,81.120,81.120,81.130,0,0
1523027940,81.130,81.110,81.040,81.130,0,0
1523028000,81.150,81.170,81.150,81.230,8106,256749
1523028060,81.150,81.170,81.150,81.230,0,0
1523028120,81.160,81.160,81.160,81.160,0,0
1523028180,81.080,81.080,81.080,81.080,0,0
1523028240,81.080,80.950,80.950,81.080,0,0
1523028300,80.980,80.950,80.950,80.980,5689,264855
1523028360,80.900,80.970,80.900,80.970,0,0
1523028420,81.050,81.060,81.050,81.060,0,0
1523028480,81.030,81.030,81.030,81.030,0,0
1523028600,81.000,81.020,81.000,81.020,7025,270544
1523028660,81.000,81.020,81.000,81.020,0,0
1523028720,81.090,81.090,81.090,81.090,0,0
1523028780,81.120,81.240,81.120,81.240,0,0
1523028840,81.290,81.290,81.290,81.290,0,0
1523028900,81.240,81.160,81.160,81.240,13375,277569
1523029020,81.290,81.290,81.290,81.290,0,0
1523029080,81.280,81.300,81.280,81.360,0,0
1523029140,81.280,81.410,81.280,81.410,0,0
1523029200,81.420,81.420,81.420,81.420,4223,290944
1523029320,81.420,81.420,81.420,81.420,0,0
1523029440,81.340,81.210,81.210,81.340,0,0
1523029500,81.210,81.210,81.210,81.210,5767,295167
1523029560,81.210,81.210,81.210,81.210,0,0
1523029620,81.190,81.190,81.190,81.190,0,0
1523029680,81.170,81.060,81.060,81.170,0,0
1523029740,81.090,81.090,81.090,81.090,0,0
1523029800,81.070,81.070,81.070,81.070,11301,300934
1523029860,81.110,81.140,81.110,81.140,0,0
1523029920,81.140,81.160,81.140,81.170,0,0
1523029980,81.300,81.310,81.300,81.310,0,0
1523030040,81.330,81.270,81.270,81.330,0,0
1523030100,81.450,81.450,81.450,81.450,8675,312235
1523030160,81.450,81.450,81.450,81.450,0,0
1523030220,81.490,81.490,81.490,81.490,0,0
1523030280,81.410,81.410,81.410,81.410,0,0
1523030340,81.550,81.490,81.490,81.550,0,0
1523030400,81.500,81.280,81.280,81.500,2328,320910
1523030460,81.500,81.280,81.280,81.500,0,0
1523030700,81.190,81.190,81.190,81.190,6844,323238
1523030760,81.190,81.190,81.190,81.190,0,0
1523030820,81.230,81.230,81.230,81.230,0,0
1523030880,81.250,81.250,81.250,81.250,0,0
1523030940,81.230,81.140,81.140,81.230,0,0
1523031000,81.090,81.090,81.090,81.090,5611,330082
1523031060,81.050,81.050,81.050,81.050,0,0
1523031120,81.060,81.060,81.060,81.060,0,0
1523031180,81.020,81.030,81.020,81.030,0,0
1523031300,81.040,81.020,81.020,81.040,6699,335693
1523031360,81.040,81.020,81.020,81.040,0,0
1523031420,81.040,81.040,81.040,81.040,0,0
1523031480,81.130,81.130,81.130,81.130,0,0
1523031540,81.030,81.030,81.030,81.030,0,0
1523031600,81.100,81.090,81.060,81.100,9049,342392
1523031780,81.100,81.030,81.030,81.100,0,0
1523031900,81.010,80.950,80.950,81.010,8308,351441
1523031960,81.010,80.950,80.950,81.010,0,0
1523032020,80.950,80.950,80.950,80.950,0,0
1523032080,80.930,80.930,80.930,80.930,0,0
1523032140,80.920,80.860,80.860,80.940,0,0
1523032200,80.840,80.840,80.840,80.840,4170,359749
1523032260,80.870,80.870,80.870,80.870,0,0
1523032380,80.850,80.850,80.850,80.850,0,0
1523032440,80.850,80.860,80.810,80.860,0,0
1523032500,80.890,80.890,80.890,80.890,5544,363919
1523032560,80.860,80.890,80.860,80.890,0,0
1523032620,80.950,80.980,80.950,80.980,0,0
1523032740,81.020,81.020,81.020,81.020,0,0
1523032800,81.160,81.240,81.160,81.240,10144,369463
1523032860,81.160,81.240,81.160,81.240,0,0
1523032920,81.240,81.200,81.170,81.240,0,0
1523032980,81.240,81.240,81.240,81.240,0,0
1523033040,81.230,81.170,81.170,81.230,0,0
1523033100,81.190,81.220,81.190,81.220,23283,379607
1523033160,81.260,81.330,81.260,81.330,0,0
1523033220,81.330,81.340,81.280,81.340,0,0
1523033280,81.350,81.430,81.350,81.430,0,0
1523033340,81.470,81.510,81.440,81.560,0,0
1523033400,81.520,81.490,81.470,81.520,16060,402890
1523033460,81.480,81.470,81.430,81.550,0,0
1523033520,81.440,81.470,81.440,81.470,0,0
1523033580,81.470,81.480,81.470,81.540,0,0
1523033640,81.510,81.610,81.510,81.610,0,0
1523033700,81.560,81.570,81.510,81.580,6481,418950
1523033820,81.450,81.440,81.440,81.450,0,0
1523033880,81.440,81.440,81.440,81.440,0,0
1523033940,81.510,81.510,81.510,81.510,0,0
1523034000,81.510,81.450,81.450,81.510,4671,425431
1523034060,81.490,81.460,81.460,81.490,0,0
1523034120,81.470,81.470,81.470,81.470,0,0
1523034180,81.400,81.410,81.400,81.410,0,0
1523034240,81.390,81.390,81.390,81.390,0,0
1523034300,81.390,81.420,81.390,81.420,6426,430102
1523034360,81.330,81.330,81.330,81.330,0,0
1523034420,81.390,81.390,81.390,81.390,0,0
1523034480,81.380,81.380,81.380,81.380,0,0
1523034540,81.320,81.320,81.320,81.320,0,0
1523034600,81.310,81.300,81.300,81.330,6402,436528
1523034660,81.320,81.320,81.320,81.320,0,0
1523034840,81.240,81.240,81.240,81.240,0,0
1523034900,81.240,81.240,81.240,81.240,5297,442930
1523034960,81.230,81.230,81.230,81.230,0,0
1523035020,81.200,81.200,81.200,81.200,0,0
1523035140,81.200,81.200,81.200,81.200,0,0
1523035200,81.290,81.290,81.290,81.290,4152,448227
1523035320,81.290,81.290,81.290,81.290,0,0
1523035380,81.300,81.320,81.300,81.320,0,0
1523035440,81.310,81.280,81.280,81.310,0,0
1523035500,81.260,81.350,81.260,81.350,6464,452379
1523035560,81.330,81.330,81.330,81.330,0,0
1523035620,81.470,81.500,81.470,81.520,0,0
1523035800,81.540,81.550,81.540,81.550,8152,458843
1523035860,81.540,81.540,81.540,81.540,0,0
1523035920,81.610,81.610,81.610,81.610,0,0
1523035980,81.560,81.410,81.410,81.560,0,0
1523036100,81.330,81.330,81.330,81.330,4687,466995
1523036160,81.330,81.330,81.330,81.330,0,0
1523036220,81.320,81.320,81.320,81.320,0,0
1523036280,81.290,81.160,81.160,81.290,0,0
1523036340,81.170,81.120,81.120,81.170,0,0
1523036400,81.090,81.090,81.090,81.090,8452,471682
1523036460,81.080,81.080,81.080,81.080,0,0
1523036520,81.090,81.090,81.090,81.090,0,0
1523036580,81.080,81.090,81.050,81.090,0,0
1523036640,81.180,81.160,81.160,81.180,0,0
1523036700,81.150,81.150,81.150,81.150,7306,480134
1523036760,81.150,81.150,81.150,81.150,0,0
1523036820,81.150,81.150,81.150,81.150,0,0
1523036880,81.180,81.170,81.160,81.180,0,0
1523036940,81.140,81.050,81.050,81.140,0,0
1523037000,80.970,80.970,80.970,80.970,6249,487440
1523037120,80.970,80.970,80.970,80.970,0,0
1523037240,80.830,80.830,80.830,80.830,0,0
1523037300,80.840,80.860,80.840,80.860,5110,493689
1523037480,80.720,80.720,80.720,80.720,0,0
1523037540,80.640,80.600,80.590,80.640,0,0
1523037600,80.640,80.640,80.640,80.640,9930,498799
1523037660,80.670,80.690,80.670,80.690,0,0
1523037780,80.730,80.780,80.730,80.780,0,0
1523037840,80.770,80.730,80.730,80.770,0,0
1523037900,80.720,80.750,80.720,80.750,11685,508729
1523037960,80.720,80.660,80.660,80.720,0,0
1523038020,80.730,80.730,80.730,80.730,0,0
1523038080,80.640,80.650,80.640,80.650,0,0
1523038140,80.670,80.670,80.670,80.670,0,0
1523038200,80.680,80.660,80.660,80.680,4172,520414
1523038260,80.670,80.670,80.670,80.670,0,0
1523038320,80.680,80.640,80.640,80.680,0,0
1523038380,80.660,80.660,80.660,80.660,0,0
1523038440,80.660,80.660,80.660,80.660,0,0
1523038500,80.660,80.520,80.520,80.660,8790,524586
1523038560,80.510,80.500,80.500,80.510,0,0
1523038620,80.540,80.550,80.540,80.550,0,0
1523038680,80.560,80.560,80.560,80.560,0,0
1523038740,80.440,80.440,80.440,80.440,0,0
1523038800,80.520,80.520,80.520,80.520,11413,533376
1523038860,80.530,80.600,80.530,80.600,0,0
1523038920,80.640,80.680,80.610,80.690,0,0
1523038980,80.650,80.650,80.650,80.650,0,0
1523039040,80.660,80.640,80.640,80.660,0,0
1523039100,80.600,80.600,80.600,80.600,7496,544789
1523039220,80.630,80.630,80.630,80.630,0,0
1523039280,80.570,80.560,80.560,80.570,0,0
1523039340,80.540,80.520,80.520,80.540,0,0
1523039400,80.550,80.540,80.540,80.550,4714,552285
1523039460,80.510,80.470,80.470,80.510,0,0
1523039520,80.480,80.480,80.480,80.480,0,0
1523039640,80.400,80.340,80.340,80.400,0,0
1523039700,80.360,80.350,80.350,80.360,6213,556999
1523039760,80.330,80.320,80.320,80.350,0,0
1523039880,80.340,80.340,80.340,80.340,0,0
1523039940,80.340,80.340,80.340,80.340,0,0
1523040000,80.220,80.220,80.220,80.220,15126,563212
1523040060,80.170,80.280,80.170,80.280,0,0
1523040120,80.280,80.240,80.240,80.280,0,0
1523040180,80.300,80.300,80.300,80.300,0,0
1523040240,80.390,80.320,80.290,80.390,0,0
1523040300,80.320,80.330,80.320,80.330,9374,578338
1523040360,80.330,80.330,80.330,80.330,0,0
1523040420,80.330,80.280,80.280,80.330,0,0
1523040480,80.300,80.240,80.240,80.300,0,0
1523040540,80.200,80.210,80.200,80.210,0,0
1523040600,80.010,80.020,80.010,80.070,11811,587712
1523040660,80.010,80.020,80.010,80.070,0,0
1523040720,79.980,80.020,79.980,80.020,0,0
1523040780,80.030,80.050,80.030,80.050,0,0
1523040840,80.090,80.120,80.090,80.130,0,0
1523040900,80.060,80.000,79.990,80.060,15675,599523
1523040960,80.010,80.000,79.990,80.010,0,0
1523041020,80.000,80.030,80.000,80.030,0,0
1523041080,80.000,80.160,80.000,80.160,0,0
1523041140,80.170,80.140,80.140,80.170,0,0
1523041200,80.280,80.310,80.280,80.310,11821,615198
1523041260,80.300,80.300,80.300,80.300,0,0
1523041320,80.310,80.320,80.300,80.320,0,0
1523041380,80.310,80.220,80.220,80.310,0,0
1523041440,80.150,80.150,80.150,80.150,0,0
1523041500,80.040,80.050,80.040,80.050,18656,627019
1523041560,80.070,80.100,80.070,80.100,0,0
1523041680,80.100,80.130,80.100,80.130,0,0
1523041740,80.140,80.170,80.140,80.170,0,0
1523041800,80.130,80.180,80.130,80.180,12734,645675
1523041860,80.210,80.290,80.210,80.340,0,0
1523041920,80.280,80.340,80.270,80.340,0,0
1523041980,80.330,80.360,80.330,80.360,0,0
1523042040,80.380,80.410,80.380,80.410,0,0
1523042100,80.480,80.490,80.480,80.490,16684,658409
1523042160,80.470,80.520,80.470,80.520,0,0
1523042220,80.490,80.490,80.490,80.490,0,0
1523042280,80.540,80.480,80.480,80.540,0,0
1523042340,80.510,80.460,80.460,80.520,0,0
1523042400,80.460,80.470,80.460,80.470,19893,675093
1523042460,80.470,80.440,80.440,80.480,0,0
1523042520,80.440,80.470,80.440,80.470,0,0
1523042580,80.530,80.480,80.480,80.530,0,0
1523042640,80.400,80.420,80.400,80.420,0,0
1523042700,80.420,80.420,80.420,80.420,14495,694986
1523042760,80.410,80.360,80.360,80.420,0,0
1523042820,80.360,80.370,80.360,80.370,0,0
1523042880,80.300,80.230,80.230,80.300,0,0
1523042940,80.300,80.340,80.300,80.350,0,0
1523043000,80.280,80.330,80.280,80.330,21026,709481
1523043060,80.330,80.320,80.300,80.330,0,0
1523043120,80.350,80.460,80.350,80.460,0,0
1523043180,80.490,80.460,80.460,80.490,0,0
1523043240,80.470,80.470,80.470,80.470,0,0
1523043300,80.430,80.440,80.380,80.440,19225,730507
1523043360,80.490,80.550,80.490,80.610,0,0
1523043420,80.500,80.480,80.480,80.540,0,0
1523043480,80.500,80.490,80.490,80.510,0,0
1523043540,80.520,80.590,80.520,80.590,0,0
1523043600,80.600,80.670,80.600,80.710,16774,749732
1523043660,80.660,80.660,80.660,80.660,0,0
1523043720,80.700,80.800,80.670,80.800,0,0
1523043780,80.770,80.750,80.750,80.770,0,0
1523043840,80.790,80.750,80.750,80.790,0,0
1523043900,80.770,80.800,80.750,80.800,27132,766506
1523043960,80.720,80.760,80.710,80.760,0,0
1523044020,80.760,80.770,80.760,80.780,0,0
1523044080,80.750,80.760,80.730,80.760,0,0
1523044140,80.730,80.710,80.710,80.750,0,0
1523044200,80.770,80.950,80.770,80.950,23018,793638
1523044260,80.940,81.030,80.940,81.040,0,0
1523044320,81.020,81.060,81.020,81.060,0,0
1523044380,81.050,81.040,81.040,81.070,0,0
1523044440,81.060,80.940,80.940,81.060,0,0
1523044500,80.840,80.860,80.820,80.860,334249,816656
1523044560,80.880,80.870,80.830,80.880,0,0
1523044620,80.840,80.900,80.840,80.900,0,0
1523044680,80.880,80.830,80.830,80.880,0,0
1523044740,80.810,80.890,80.800,80.890,0,0
1523280600,81.080,81.080,81.080,81.080,16377,0
1523280780,80.990,80.930,80.930,80.990,0,0
1523280840,80.880,80.880,80.880,80.880,0,0
1523280900,80.890,80.730,80.730,80.890,16819,16377
1523280960,80.620,80.500,80.500,80.620,0,0
1523281020,80.480,80.030,80.030,80.480,0,0
1523281080,80.080,80.150,80.080,80.280,0,0
1523281140,80.130,80.110,80.110,80.130,0,0
1523281200,80.180,80.200,80.180,80.200,31258,33196
1523281260,80.110,80.110,80.110,80.110,0,0
1523281320,80.190,80.190,80.190,80.190,0,0
1523281380,80.210,80.090,80.030,80.210,0,0
1523281440,80.180,80.130,80.130,80.180,0,0
1523281500,80.170,80.170,80.170,80.170,100,64454
1523282460,79.980,79.990,79.980,80.000,0,0
1523282520,80.010,80.150,80.010,80.150,0,0
1523282640,80.270,80.300,80.270,80.300,0,0
1523282700,80.280,80.240,80.240,80.290,7295,0
1523282760,80.190,80.200,80.190,80.230,0,0
1523282820,80.230,80.230,80.230,80.230,0,0
1523282880,80.110,80.110,80.110,80.110,0,0
1523282940,80.130,80.130,80.130,80.130,0,0
1523283000,80.130,80.090,80.090,80.140,7219,148772
1523283060,80.060,80.060,80.060,80.060,0,0
1523283120,80.040,80.020,80.020,80.040,0,0
1523283180,80.130,80.130,80.130,80.130,0,0
1523283240,80.060,80.070,80.060,80.100,0,0
1523283300,80.040,80.020,80.020,80.040,10638,155991
1523283360,80.110,80.160,80.110,80.170,0,0
1523283420,80.210,80.210,80.210,80.210,0,0
1523283480,80.170,80.170,80.170,80.170,0,0
1523283540,80.170,80.170,80.170,80.170,0,0
1523283600,80.170,80.180,80.170,80.180,6166,166629
1523283660,80.110,80.120,80.110,80.120,0,0
1523283780,80.010,80.010,80.010,80.010,0,0
1523283840,80.020,80.080,80.020,80.080,0,0
1523283900,80.010,80.010,80.010,80.010,6021,172795
1523283960,80.000,80.000,80.000,80.000,0,0
1523284020,80.080,80.130,80.080,80.130,0,0
1523284140,80.120,80.120,80.120,80.120,0,0
1523284200,80.280,80.280,80.280,80.280,5834,178816
1523284260,80.530,80.530,80.530,80.530,0,0
1523284320,80.520,80.540,80.520,80.540,0,0
1523284380,80.640,80.640,80.640,80.640,0,0
1523284440,80.640,80.600,80.560,80.640,0,0
1523284500,80.620,80.620,80.620,80.620,5616,184650
1523284560,80.620,80.620,80.620,80.620,0,0
1523284620,80.590,80.590,80.590,80.590,0,0
1523284680,80.610,80.610,80.610,80.610,0,0
1523284740,80.710,80.620,80.620,80.710,0,0
1523284800,80.530,80.530,80.530,80.530,4242,190266
1523284860,80.610,80.530,80.530,80.610,0,0
1523284980,80.590,80.590,80.590,80.590,0,0
1523285040,80.630,80.630,80.630,80.630,0,0
1523285100,80.540,80.540,80.540,80.540,7365,194508
1523285160,80.610,80.610,80.610,80.610,0,0
1523285220,80.520,80.520,80.520,80.520,0,0
1523285280,80.550,80.550,80.550,80.550,0,0
1523285340,80.550,80.570,80.550,80.570,0,0
1523285400,80.590,80.550,80.550,80.590,3925,201873
1523285520,80.590,80.550,80.550,80.590,0,0
1523285580,80.520,80.520,80.520,80.520,0,0
1523285640,80.450,80.450,80.450,80.450,0,0
1523285700,80.370,80.370,80.370,80.370,9014,205798
1523285760,80.330,80.280,80.280,80.330,0,0
1523285820,80.260,80.300,80.260,80.300,0,0
1523285880,80.310,80.320,80.280,80.320,0,0
1523285940,80.330,80.390,80.330,80.390,0,0
1523286000,80.460,80.370,80.370,80.470,5975,214812
1523286120,80.340,80.400,80.340,80.400,0,0
1523286180,80.360,80.360,80.360,80.360,0,0
1523286300,80.440,80.440,80.440,80.440,7118,220787
1523286420,80.470,80.480,80.470,80.480,0,0
1523286480,80.470,80.410,80.410,80.470,0,0
1523286540,80.470,80.470,80.470,80.470,0,0
1523286600,80.480,80.510,80.480,80.510,4792,227905
1523286660,80.550,80.550,80.550,80.550,0,0
1523286720,80.460,80.540,80.460,80.540,0,0
1523286780,80.560,80.560,80.560,80.560,0,0
1523286840,80.640,80.600,80.600,80.640,0,0
1523286900,80.610,80.740,80.610,80.740,3747,232697
1523286960,80.610,80.740,80.610,80.740,0,0
1523287020,80.770,80.770,80.770,80.770,0,0
1523287080,80.750,80.800,80.750,80.800,0,0
1523287140,80.770,80.830,80.770,80.830,0,0
1523287200,80.820,80.820,80.820,80.820,4738,236444
1523287260,80.820,80.820,80.820,80.820,0,0
1523287320,80.790,80.800,80.790,80.800,0,0
1523287380,80.790,80.820,80.790,80.820,0,0
1523287500,80.810,80.810,80.810,80.810,7527,241182
1523287620,80.750,80.750,80.750,80.750,0,0
1523287680,80.690,80.700,80.690,80.700,0,0
1523287740,80.700,80.720,80.680,80.720,0,0
1523287800,80.760,80.780,80.760,80.780,7730,248709
1523287860,80.720,80.720,80.720,80.720,0,0
1523287920,80.740,80.740,80.740,80.740,0,0
1523287980,80.680,80.710,80.680,80.710,0,0
1523288040,80.670,80.640,80.640,80.670,0,0
1523288100,80.670,80.670,80.670,80.670,5365,256439
1523288220,80.620,80.620,80.620,80.620,0,0
1523288280,80.590,80.590,80.590,80.590,0,0
1523288340,80.570,80.540,80.510,80.570,0,0
1523288400,80.500,80.500,80.500,80.500,6929,261804
1523288460,80.570,80.590,80.570,80.590,0,0
1523288520,80.600,80.580,80.580,80.600,0,0
1523288580,80.510,80.510,80.510,80.510,0,0
1523288640,80.540,80.550,80.540,80.550,0,0
1523288700,80.600,80.620,80.600,80.620,13622,268733
1523288760,80.620,80.510,80.510,80.620,0,0
1523288820,80.490,80.530,80.490,80.530,0,0
1523288880,80.530,80.490,80.490,80.530,0,0
1523288940,80.450,80.490,80.450,80.490,0,0
1523289000,80.490,80.520,80.490,80.520,6640,282355
1523289060,80.450,80.450,80.450,80.450,0,0
1523289120,80.490,80.520,80.490,80.520,0,0
1523289180,80.580,80.580,80.580,80.580,0,0
1523289240,80.590,80.590,80.590,80.590,0,0
1523289300,80.580,80.540,80.540,80.580,7854,288995
1523289420,80.490,80.490,80.490,80.490,0,0
1523289480,80.570,80.620,80.570,80.620,0,0
1523289600,80.640,80.640,80.640,80.640,3817,296849
1523289660,80.700,80.700,80.700,80.700,0,0
1523289720,80.700,80.700,80.700,80.700,0,0
1523289900,80.700,80.700,80.700,80.700,8483,300666
1523289960,80.710,80.710,80.710,80.710,0,0
1523290080,80.770,80.870,80.770,80.870,0,0
1523290140,80.800,80.800,80.800,80.800,0,0
1523290200,80.810,80.760,80.740,80.810,1659,309149
1523290500,80.670,80.640,80.600,80.670,9732,310808
1523290560,80.700,80.700,80.700,80.700,0,0
1523290680,80.760,80.710,80.710,80.760,0,0
1523290740,80.670,80.670,80.670,80.670,0,0
1523290800,80.700,80.700,80.700,80.700,2779,320540
1523290860,80.680,80.690,80.680,80.690,0,0
1523290920,80.610,80.610,80.610,80.610,0,0
1523291040,80.630,80.630,80.630,80.630,0,0
1523291100,80.600,80.630,80.600,80.630,3158,323319
1523291160,80.660,80.660,80.660,80.660,0,0
1523291220,80.660,80.660,80.660,80.660,0,0
1523291280,80.660,80.660,80.660,80.660,0,0
1523291400,80.660,80.610,80.610,80.660,3789,326477
1523291460,80.610,80.610,80.610,80.610,0,0
1523291640,80.580,80.600,80.560,80.600,0,0
1523291700,80.620,80.620,80.620,80.620,2917,330266
1523291820,80.620,80.620,80.620,80.620,0,0
1523291880,80.600,80.550,80.550,80.600,0,0
1523292000,80.500,80.500,80.500,80.500,2863,333183
1523292060,80.510,80.510,80.510,80.510,0,0
1523292120,80.510,80.550,80.510,80.550,0,0
1523292240,80.540,80.540,80.540,80.540,0,0
1523292300,80.530,80.530,80.530,80.530,3755,336046
1523292360,80.520,80.520,80.520,80.520,0,0
1523292420,80.530,80.550,80.530,80.550,0,0
1523292480,80.500,80.500,80.500,80.500,0,0
1523292600,80.560,80.560,80.560,80.560,3563,339801
1523292660,80.610,80.610,80.610,80.610,0,0
1523292720,80.580,80.590,80.580,80.590,0,0
1523292900,80.590,80.590,80.590,80.590,4577,343364
1523292960,80.590,80.590,80.590,80.590,0,0
1523293140,80.570,80.570,80.570,80.570,0,0
1523293200,80.620,80.620,80.620,80.620,3434,347941
1523293260,80.640,80.670,80.640,80.670,0,0
1523293320,80.700,80.700,80.700,80.700,0,0
1523293380,80.700,80.700,80.700,80.700,0,0
1523293440,80.710,80.710,80.710,80.710,0,0
1523293500,80.740,80.720,80.720,80.740,5400,351375
1523293560,80.690,80.690,80.690,80.690,0,0
1523293620,80.740,80.740,80.740,80.740,0,0
1523293680,80.710,80.750,80.710,80.750,0,0
1523293800,80.760,80.750,80.750,80.770,2323,356775
1523293860,80.750,80.750,80.750,80.750,0,0
1523293980,80.780,80.750,80.750,80.780,0,0
1523294040,80.770,80.770,80.770,80.770,0,0
1523294100,80.770,80.750,80.750,80.780,4610,359098
1523294220,80.760,80.800,80.760,80.800,0,0
1523294280,80.760,80.710,80.710,80.760,0,0
1523294400,80.730,80.700,80.700,80.730,2683,363708
1523294460,80.660,80.660,80.660,80.660,0,0
1523294520,80.640,80.640,80.640,80.640,0,0
1523294640,80.690,80.690,80.690,80.690,0,0
1523294700,80.700,80.700,80.700,80.700,3785,366391
1523294820,80.680,80.680,80.680,80.680,0,0
1523294940,80.710,80.710,80.710,80.710,0,0
1523295000,80.690,80.690,80.690,80.690,3816,370176
1523295120,80.730,80.700,80.700,80.730,0,0
1523295180,80.770,80.770,80.770,80.770,0,0
1523295240,80.730,80.780,80.730,80.780,0,0
1523295300,80.780,80.770,80.740,80.780,5183,373992
1523295360,80.770,80.770,80.770,80.770,0,0
1523295480,80.730,80.740,80.730,80.740,0,0
1523295540,80.760,80.780,80.760,80.780,0,0
1523295600,80.750,80.760,80.750,80.760,5635,379175
1523295780,80.710,80.710,80.710,80.710,0,0
1523295840,80.710,80.710,80.710,80.710,0,0
1523295900,80.780,80.780,80.780,80.780,4123,384810
1523296080,80.780,80.780,80.780,80.780,0,0
1523296140,80.770,80.770,80.770,80.770,0,0
1523296200,80.780,80.820,80.780,80.820,4603,388933
1523296320,80.890,80.890,80.890,80.890,0,0
1523296380,80.910,80.930,80.910,80.930,0,0
1523296440,80.950,80.910,80.910,80.950,0,0
1523296500,80.890,80.890,80.890,80.890,6861,393536
1523296560,80.860,80.860,80.860,80.860,0,0
1523296620,80.860,80.920,80.860,80.930,0,0
1523296680,80.890,80.890,80.890,80.890,0,0
1523296740,80.880,80.880,80.880,80.880,0,0
1523296800,80.820,80.820,80.820,80.820,4225,400397
1523296860,80.820,80.820,80.820,80.820,0,0
1523296920,80.800,80.800,80.800,80.800,0,0
1523296980,80.820,80.820,80.820,80.820,0,0
1523297040,80.780,80.730,80.730,80.780,0,0
1523297100,80.690,80.730,80.690,80.730,4755,404622
1523297160,80.690,80.640,80.640,80.690,0,0
1523297220,80.610,80.610,80.610,80.610,0,0
1523297280,80.660,80.670,80.660,80.670,0,0
1523297340,80.690,80.690,80.690,80.690,0,0
1523297400,80.710,80.660,80.660,80.710,6405,409377
1523297460,80.610,80.640,80.610,80.640,0,0
1523297520,80.650,80.650,80.650,80.650,0,0
1523297640,80.650,80.710,80.650,80.710,0,0
1523297700,80.680,80.690,80.680,80.690,5373,415782
1523297760,80.660,80.660,80.660,80.660,0,0
1523297820,80.690,80.690,80.690,80.690,0,0
1523297880,80.690,80.710,80.690,80.710,0,0
1523297940,80.730,80.730,80.730,80.730,0,0
1523298000,80.760,80.680,80.650,80.760,7445,421155
1523298120,80.590,80.590,80.590,80.590,0,0
1523298180,80.640,80.640,80.640,80.640,0,0
1523298240,80.640,80.620,80.620,80.640,0,0
1523298300,80.630,80.640,80.630,80.650,9623,428600
1523298360,80.570,80.540,80.540,80.600,0,0
1523298480,80.600,80.610,80.600,80.630,0,0
1523298540,80.580,80.580,80.580,80.580,0,0
1523298600,80.560,80.600,80.560,80.600,9915,438223
1523298660,80.620,80.650,80.620,80.650,0,0
1523298780,80.640,80.640,80.640,80.640,0,0
1523298840,80.700,80.670,80.670,80.700,0,0
1523298900,80.670,80.670,80.670,80.670,8666,448138
1523298960,80.630,80.660,80.630,80.660,0,0
1523299020,80.640,80.650,80.640,80.650,0,0
1523299080,80.680,80.690,80.680,80.690,0,0
1523299140,80.690,80.690,80.690,80.690,0,0
1523299200,80.710,80.710,80.710,80.710,7293,456804
1523299320,80.570,80.570,80.570,80.570,0,0
1523299380,80.590,80.590,80.590,80.590,0,0
1523299440,80.590,80.620,80.590,80.620,0,0
1523299500,80.650,80.660,80.650,80.660,7228,464097
1523299560,80.640,80.660,80.640,80.660,0,0
1523299620,80.700,80.690,80.690,80.700,0,0
1523299680,80.710,80.710,80.710,80.710,0,0
1523299800,80.700,80.710,80.700,80.710,12292,471325
1523299860,80.710,80.740,80.710,80.750,0,0
1523299920,80.760,80.720,80.720,80.760,0,0
1523299980,80.740,80.830,80.740,80.830,0,0
1523300040,80.820,80.820,80.820,80.820,0,0
1523300100,80.790,80.840,80.790,80.860,11743,483617
1523300160,80.870,80.930,80.870,80.950,0,0
1523300220,80.910,80.890,80.890,80.930,0,0
1523300280,80.860,80.850,80.830,80.860,0,0
1523300340,80.820,80.820,80.820,80.820,0,0
1523300400,80.820,80.760,80.760,80.820,14015,495360
1523300460,80.760,80.780,80.760,80.780,0,0
1523300520,80.690,80.690,80.690,80.690,0,0
1523300580,80.720,80.760,80.720,80.760,0,0
1523300640,80.750,80.770,80.730,80.770,0,0
1523300700,80.730,80.730,80.730,80.730,11632,509375
1523300760,80.730,80.730,80.730,80.730,0,0
1523300820,80.710,80.790,80.700,80.790,0,0
1523300880,80.780,80.790,80.780,80.790,0,0
1523300940,80.760,80.740,80.740,80.760,0,0
1523301000,80.760,80.780,80.760,80.780,14312,521007
1523301060,80.780,80.720,80.720,80.780,0,0
1523301120,80.660,80.660,80.660,80.660,0,0
1523301180,80.690,80.670,80.670,80.690,0,0
1523301240,80.580,80.540,80.540,80.580,0,0
1523301300,80.510,80.500,80.480,80.510,22054,535319
1523301360,80.490,80.400,80.390,80.490,0,0
1523301420,80.390,80.410,80.390,80.430,0,0
1523301480,80.400,80.420,80.400,80.420,0,0
1523301540,80.410,80.380,80.360,80.410,0,0
1523301600,80.380,80.360,80.360,80.380,13185,557373
1523301660,80.350,80.410,80.350,80.410,0,0
1523301720,80.410,80.350,80.350,80.410,0,0
1523301780,80.330,80.350,80.330,80.350,0,0
1523301840,80.330,80.380,80.330,80.380,0,0
1523301900,80.390,80.420,80.390,80.420,19313,570558
1523301960,80.420,80.450,80.420,80.470,0,0
1523302020,80.470,80.500,80.470,80.510,0,0
1523302080,80.430,80.420,80.420,80.450,0,0
1523302140,80.470,80.490,80.470,80.520,0,0
1523302200,80.460,80.500,80.460,80.510,14389,589871
1523302260,80.470,80.470,80.470,80.470,0,0
1523302320,80.440,80.480,80.440,80.500,0,0
1523302380,80.450,80.410,80.410,80.450,0,0
1523302440,80.370,80.350,80.350,80.370,0,0
1523302500,80.360,80.320,80.320,80.360,13942,604260
1523302560,80.340,80.380,80.340,80.380,0,0
1523302620,80.390,80.370,80.370,80.390,0,0
1523302680,80.390,80.400,80.390,80.400,0,0
1523302740,80.360,80.340,80.340,80.400,0,0
1523302800,80.310,80.290,80.290,80.310,18447,618202
1523302860,80.290,80.260,80.250,80.290,0,0
1523302920,80.240,80.270,80.240,80.270,0,0
1523302980,80.220,80.350,80.220,80.350,0,0
1523303040,80.320,80.330,80.310,80.330,0,0
1523303100,80.330,80.320,80.300,80.330,18232,636649
1523303160,80.280,80.300,80.270,80.300,0,0
1523303220,80.290,80.110,80.110,80.290,0,0
1523303280,80.120,80.140,80.120,80.150,0,0
1523303340,80.130,80.120,80.120,80.150,0,0
1523303400,80.100,80.030,80.020,80.100,25124,654881
1523303460,80.000,80.100,79.980,80.100,0,0
1523303520,80.080,80.020,79.980,80.080,0,0
1523303580,80.000,79.980,79.980,80.020,0,0
1523303640,80.010,80.050,80.000,80.050,0,0
1523303700,80.070,80.030,80.000,80.080,67292,680005
1523303760,80.020,79.910,79.900,80.020,0,0
1523303820,79.880,79.750,79.750,79.920,0,0
1523303880,79.740,79.690,79.680,79.750,0,0
1523303940,79.700,79.670,79.670,79.780,0,0
1523367000,80.880,80.880,80.880,80.880,15046,0
1523367060,81.150,81.150,81.150,81.150,0,0
1523367120,81.170,81.420,81.170,81.420,0,0
1523367180,81.250,81.100,81.100,81.250,0,0
1523367240,80.910,80.910,80.910,80.910,0,0
1523367300,80.910,80.840,80.840,80.910,11377,15046
1523367360,80.780,80.700,80.630,80.780,0,0
1523367420,80.700,80.690,80.690,80.910,0,0
1523367480,80.690,80.610,80.610,80.760,0,0
1523367540,80.530,80.590,80.530,80.610,0,0
1523367600,80.580,80.630,80.540,80.660,13542,26423
1523367660,80.540,80.610,80.540,80.620,0,0
1523367720,80.710,80.900,80.710,80.910,0,0
1523367780,80.850,80.570,80.570,80.850,0,0
1523367840,80.570,80.590,80.570,80.650,0,0
1523367900,80.650,80.740,80.650,80.740,11889,39965
1523367960,80.720,80.750,80.720,80.750,0,0
1523368020,80.750,80.710,80.680,80.750,0,0
1523368080,80.880,80.880,80.880,80.880,0,0
1523368140,80.750,80.730,80.730,80.760,0,0
1523368200,80.730,80.630,80.630,80.730,16130,51854
1523368260,80.600,80.600,80.600,80.600,0,0
1523368320,80.500,80.520,80.500,80.540,0,0
1523368380,80.470,80.470,80.470,80.470,0,0
1523368440,80.450,80.430,80.400,80.450,0,0
1523368500,80.530,80.610,80.530,80.610,14583,67984
1523368560,80.610,80.790,80.610,80.790,0,0
1523368620,80.790,80.660,80.600,80.790,0,0
1523368680,80.540,80.560,80.540,80.560,0,0
1523368740,80.510,80.560,80.510,80.560,0,0
1523368800,80.570,80.650,80.570,80.650,14889,82567
1523368860,80.650,80.600,80.600,80.650,0,0
1523368920,80.650,80.580,80.580,80.650,0,0
1523368980,80.630,80.740,80.630,80.740,0,0
1523369040,80.720,80.810,80.720,80.870,0,0
1523369100,80.860,80.780,80.780,80.860,11146,97456
1523369160,80.700,80.680,80.680,80.700,0,0
1523369340,80.680,80.730,80.680,80.730,0,0
1523369400,80.820,80.690,80.690,80.820,10883,108602
1523369460,80.740,80.740,80.740,80.740,0,0
1523369520,80.790,80.840,80.790,80.840,0,0
1523369580,80.900,80.860,80.860,80.900,0,0
1523369640,80.860,81.000,80.860,81.000,0,0
1523369700,81.080,81.150,81.040,81.150,21234,119485
1523369760,81.120,81.130,81.100,81.130,0,0
1523369820,81.270,81.220,81.220,81.270,0,0
1523369880,81.120,81.110,81.110,81.150,0,0
1523369940,81.110,81.180,81.110,81.180,0,0
1523370000,81.110,81.110,81.110,81.110,8248,140719
1523370060,81.090,81.090,81.090,81.090,0,0
1523370120,81.160,81.160,81.160,81.160,0,0
1523370180,81.220,81.220,81.220,81.220,0,0
1523370240,81.210,81.210,81.210,81.210,0,0
1523370300,81.190,81.190,81.190,81.190,18678,148967
1523370360,81.160,81.500,81.160,81.520,0,0
1523370420,81.450,81.440,81.440,81.450,0,0
1523370480,81.390,81.390,81.390,81.390,0,0
1523370540,81.420,81.560,81.420,81.560,0,0
1523370600,81.610,81.610,81.610,81.610,20089,167645
1523370660,81.510,81.570,81.510,81.570,0,0
1523370720,81.570,81.560,81.560,81.650,0,0
1523370780,81.530,81.520,81.520,81.530,0,0
1523370840,81.490,81.510,81.480,81.510,0,0
1523370900,81.530,81.600,81.510,81.600,18742,187734
1523370960,81.590,81.570,81.570,81.590,0,0
1523371020,81.630,81.630,81.630,81.630,0,0
1523371080,81.660,81.740,81.660,81.740,0,0
1523371140,81.690,81.660,81.650,81.690,0,0
1523371200,81.640,81.760,81.640,81.760,19129,206476
1523371260,81.770,81.810,81.770,81.810,0,0
1523371320,81.780,81.800,81.780,81.800,0,0
1523371380,81.870,81.700,81.670,81.870,0,0
1523371440,81.650,81.650,81.650,81.650,0,0
1523371500,81.540,81.540,81.540,81.540,12627,225605
1523371560,81.550,81.630,81.550,81.630,0,0
1523371680,81.660,81.660,81.660,81.660,0,0
1523371740,81.660,81.690,81.660,81.710,0,0
1523371800,81.750,81.910,81.750,81.910,16160,238232
1523371860,81.910,81.880,81.880,81.910,0,0
1523371920,81.910,81.950,81.910,81.950,0,0
1523371980,81.890,81.910,81.850,81.910,0,0
1523372040,81.920,81.830,81.830,81.920,0,0
1523372100,81.830,81.800,81.800,81.830,14287,254392
1523372160,81.780,81.730,81.730,81.780,0,0
1523372280,81.740,81.770,81.740,81.790,0,0
1523372340,81.700,81.750,81.670,81.750,0,0
1523372400,81.730,81.850,81.730,81.860,16578,268679
1523372460,81.860,81.910,81.860,81.910,0,0
1523372520,81.890,81.900,81.890,81.900,0,0
1523372580,81.970,81.970,81.970,81.970,0,0
1523372640,81.950,81.970,81.930,81.970,0,0
1523372700,81.970,81.970,81.970,81.970,11961,285257
1523372760,81.930,81.900,81.900,81.930,0,0
1523372820,81.870,81.920,81.870,81.920,0,0
1523372880,82.030,81.960,81.960,82.030,0,0
1523373000,81.910,81.850,81.850,81.910,13715,297218
1523373060,81.870,81.820,81.820,81.870,0,0
1523373120,81.800,81.800,81.800,81.800,0,0
1523373180,81.860,81.860,81.860,81.860,0,0
1523373240,81.860,81.950,81.860,81.950,0,0
1523373300,81.970,81.940,81.940,81.970,7348,310933
1523373360,81.880,81.900,81.840,81.900,0,0
1523373480,81.970,81.910,81.910,81.970,0,0
1523373540,81.890,81.860,81.860,81.890,0,0
1523373600,81.780,81.870,81.780,81.870,12018,318281
1523373720,81.860,81.900,81.860,81.900,0,0
1523373780,81.950,81.950,81.950,81.950,0,0
1523373840,81.930,81.940,81.930,81.940,0,0
1523373900,81.960,81.960,81.960,81.960,12412,330299
1523373960,81.990,81.990,81.990,81.990,0,0
1523374020,81.880,81.860,81.860,81.880,0,0
1523374080,81.830,81.830,81.830,81.830,0,0
1523374140,81.830,81.860,81.830,81.860,0,0
1523374200,81.840,81.910,81.840,81.910,12980,342711
1523374260,81.970,81.970,81.970,81.970,0,0
1523374380,81.890,81.890,81.890,81.890,0,0
1523374440,81.850,81.840,81.840,81.850,0,0
1523374500,81.830,81.840,81.830,81.850,12513,355691
1523374560,81.860,81.830,81.830,81.860,0,0
1523374620,81.830,81.830,81.830,81.830,0,0
1523374680,81.790,81.770,81.770,81.790,0,0
1523374740,81.830,81.860,81.830,81.860,0,0
1523374800,81.890,81.880,81.880,81.910,5446,368204
1523374860,81.890,81.890,81.890,81.890,0,0
1523374980,81.900,81.880,81.880,81.900,0,0
1523375100,81.660,81.530,81.530,81.660,15308,373650
1523375160,81.540,81.460,81.460,81.540,0,0
1523375220,81.580,81.490,81.490,81.580,0,0
1523375280,81.510,81.500,81.500,81.510,0,0
1523375340,81.510,81.510,81.510,81.510,0,0
1523375400,81.480,81.460,81.430,81.480,6967,388958
1523375460,81.450,81.450,81.450,81.450,0,0
1523375520,81.460,81.470,81.460,81.470,0,0
1523375640,81.560,81.600,81.560,81.600,0,0
1523375700,81.640,81.880,81.640,81.880,8756,395925
1523375820,81.870,81.870,81.870,81.870,0,0
1523375880,81.810,81.890,81.810,81.890,0,0
1523376000,81.670,81.690,81.670,81.690,14233,404681
1523376060,81.760,81.770,81.760,81.770,0,0
1523376120,81.770,81.690,81.690,81.770,0,0
1523376180,81.650,81.650,81.650,81.650,0,0
1523376240,81.650,81.640,81.640,81.650,0,0
1523376300,81.660,81.610,81.610,81.660,11428,418914
1523376420,81.570,81.570,81.570,81.570,0,0
1523376480,81.590,81.580,81.560,81.590,0,0
1523376540,81.580,81.660,81.580,81.680,0,0
1523376600,81.590,81.590,81.590,81.590,7664,430342
1523376720,81.540,81.490,81.490,81.540,0,0
1523376780,81.630,81.630,81.630,81.630,0,0
1523376840,81.380,81.380,81.380,81.380,0,0
1523376900,81.390,81.390,81.390,81.390,9473,438006
1523376960,81.360,81.300,81.300,81.360,0,0
1523377080,81.330,81.330,81.330,81.330,0,0
1523377140,81.310,81.300,81.300,81.310,0,0
1523377200,81.230,81.230,81.230,81.230,8422,447479
1523377260,81.290,81.290,81.290,81.290,0,0
1523377320,81.250,81.310,81.250,81.310,0,0
1523377380,81.250,81.250,81.250,81.250,0,0
1523377440,81.280,81.280,81.280,81.280,0,0
1523377500,81.170,81.070,81.070,81.170,14655,455901
1523377560,80.980,81.020,80.980,81.020,0,0
1523377620,80.980,81.030,80.980,81.070,0,0
1523377680,81.060,81.080,81.060,81.080,0,0
1523377740,81.040,81.040,81.040,81.040,0,0
1523377800,81.050,81.050,81.050,81.050,7927,470556
1523377860,81.040,81.020,80.960,81.040,0,0
1523377920,81.060,81.130,81.060,81.130,0,0
1523377980,81.210,81.250,81.210,81.250,0,0
1523378100,81.130,81.200,81.130,81.200,9500,478483
1523378160,81.110,81.160,81.110,81.160,0,0
1523378280,81.060,81.060,81.060,81.060,0,0
1523378340,81.160,81.160,81.160,81.160,0,0
1523378400,81.070,80.960,80.960,81.070,7422,487983
1523378460,81.020,81.020,81.020,81.020,0,0
1523378520,81.000,81.000,81.000,81.000,0,0
1523378580,81.010,81.020,81.010,81.030,0,0
1523378640,81.090,81.120,81.090,81.120,0,0
1523378700,81.150,81.190,81.150,81.190,11067,495405
1523378760,81.200,81.210,81.200,81.220,0,0
1523378820,81.230,81.200,81.200,81.230,0,0
1523378880,81.170,81.180,81.170,81.180,0,0
1523378940,81.220,81.320,81.220,81.320,0,0
1523379000,81.280,81.250,81.250,81.280,8188,506472
1523379060,81.280,81.250,81.250,81.280,0,0
1523379120,81.190,81.100,81.100,81.190,0,0
1523379180,81.060,81.030,81.030,81.060,0,0
1523379240,81.030,81.080,81.000,81.080,0,0
1523379300,81.070,81.200,81.070,81.200,7383,514660
1523379360,81.190,81.190,81.190,81.190,0,0
1523379420,81.180,81.250,81.180,81.250,0,0
1523379480,81.220,81.220,81.220,81.220,0,0
1523379540,81.220,81.240,81.220,81.240,0,0
1523379600,81.180,81.180,81.180,81.180,9897,522043
1523379660,81.130,81.220,81.130,81.220,0,0
1523379780,81.190,81.190,81.190,81.190,0,0
1523379840,81.240,81.270,81.240,81.270,0,0
1523379900,81.270,81.270,81.270,81.270,8403,531940
1523380020,81.350,81.350,81.350,81.350,0,0
1523380080,81.320,81.320,81.320,81.320,0,0
1523380140,81.390,81.340,81.340,81.390,0,0
1523380200,81.420,81.450,81.420,81.450,3445,540343
1523380260,81.420,81.450,81.420,81.450,0,0
1523380320,81.500,81.500,81.500,81.500,0,0
1523380380,81.550,81.550,81.550,81.550,0,0
1523380500,81.490,81.440,81.440,81.490,6365,543788
1523380560,81.430,81.440,81.430,81.440,0,0
1523380620,81.520,81.520,81.520,81.520,0,0
1523380800,81.530,81.400,81.400,81.530,9060,550153
1523380860,81.440,81.450,81.400,81.450,0,0
1523380920,81.510,81.540,81.510,81.540,0,0
1523380980,81.580,81.560,81.560,81.580,0,0
1523381100,81.520,81.520,81.520,81.520,8892,559213
1523381160,81.490,81.520,81.490,81.520,0,0
1523381220,81.510,81.570,81.490,81.570,0,0
1523381340,81.610,81.620,81.610,81.620,0,0
1523381400,81.620,81.620,81.620,81.620,10392,568105
1523381460,81.600,81.560,81.530,81.600,0,0
1523381520,81.560,81.610,81.560,81.610,0,0
1523381640,81.650,81.640,81.640,81.650,0,0
1523381700,81.520,81.520,81.520,81.520,9665,578497
1523381760,81.540,81.540,81.540,81.540,0,0
1523381880,81.550,81.550,81.550,81.550,0,0
1523381940,81.530,81.510,81.500,81.530,0,0
1523382000,81.490,81.420,81.390,81.490,6991,588162
1523382060,81.350,81.350,81.350,81.350,0,0
1523382120,81.400,81.400,81.400,81.400,0,0
1523382180,81.390,81.400,81.390,81.400,0,0
1523382240,81.460,81.460,81.460,81.460,0,0
1523382300,81.250,81.250,81.250,81.250,8911,595153
1523382360,81.140,81.140,81.140,81.140,0,0
1523382420,81.110,81.120,81.110,81.120,0,0
1523382480,81.140,81.130,81.130,81.140,0,0
1523382600,81.100,81.100,81.100,81.100,11138,604064
1523382660,81.120,81.180,81.120,81.180,0,0
1523382720,81.230,81.210,81.210,81.230,0,0
1523382780,81.220,81.270,81.220,81.270,0,0
1523382840,81.300,81.310,81.300,81.310,0,0
1523382900,81.310,81.350,81.300,81.350,15808,615202
1523382960,81.350,81.390,81.350,81.390,0,0
1523383020,81.460,81.490,81.460,81.500,0,0
1523383080,81.590,81.590,81.590,81.590,0,0
1523383200,81.610,81.570,81.570,81.630,9626,631010
1523383260,81.450,81.450,81.450,81.450,0,0
1523383320,81.300,81.320,81.300,81.320,0,0
1523383380,81.270,81.280,81.270,81.280,0,0
1523383440,81.310,81.310,81.310,81.310,0,0
1523383500,81.300,81.300,81.300,81.300,7133,640636
1523383560,81.240,81.290,81.240,81.290,0,0
1523383620,81.320,81.350,81.320,81.350,0,0
1523383680,81.350,81.350,81.350,81.350,0,0
1523383740,81.360,81.280,81.280,81.360,0,0
1523383800,81.360,81.360,81.360,81.360,7160,647769
1523383860,81.360,81.370,81.360,81.370,0,0
1523383920,81.400,81.400,81.400,81.400,0,0
1523383980,81.350,81.300,81.300,81.360,0,0
1523384040,81.280,81.280,81.280,81.280,0,0
1523384100,81.280,81.270,81.270,81.280,13008,654929
1523384160,81.290,81.330,81.270,81.330,0,0
1523384220,81.380,81.380,81.380,81.380,0,0
1523384280,81.350,81.350,81.350,81.350,0,0
1523384340,81.440,81.420,81.420,81.440,0,0
1523384400,81.450,81.460,81.450,81.460,8672,667937
1523384520,81.470,81.490,81.470,81.490,0,0
1523384580,81.490,81.490,81.490,81.490,0,0
1523384640,81.460,81.460,81.460,81.460,0,0
1523384700,81.470,81.450,81.440,81.470,6417,676609
1523384760,81.470,81.450,81.440,81.470,0,0
1523384820,81.460,81.420,81.420,81.460,0,0
1523384880,81.430,81.470,81.430,81.470,0,0
1523384940,81.440,81.440,81.440,81.440,0,0
1523385000,81.480,81.480,81.480,81.480,6914,683026
1523385060,81.500,81.560,81.500,81.560,0,0
1523385180,81.530,81.530,81.530,81.530,0,0
1523385240,81.480,81.480,81.480,81.480,0,0
1523385300,81.450,81.380,81.380,81.450,12824,689940
1523385360,81.330,81.370,81.310,81.370,0,0
1523385420,81.280,81.290,81.280,81.290,0,0
1523385480,81.260,81.260,81.260,81.260,0,0
1523385540,81.280,81.310,81.280,81.340,0,0
1523385600,81.310,81.320,81.310,81.340,24289,702764
1523385660,81.360,81.430,81.360,81.430,0,0
1523385720,81.390,81.370,81.370,81.390,0,0
1523385780,81.440,81.410,81.360,81.440,0,0
1523385900,81.420,81.600,81.420,81.610,15073,727053
1523385960,81.650,81.690,81.650,81.690,0,0
1523386020,81.660,81.670,81.660,81.670,0,0
1523386140,81.690,81.600,81.600,81.690,0,0
1523386200,81.600,81.600,81.600,81.600,12122,742126
1523386260,81.600,81.660,81.600,81.660,0,0
1523386320,81.650,81.680,81.630,81.700,0,0
1523386380,81.730,81.770,81.730,81.770,0,0
1523386440,81.710,81.740,81.710,81.770,0,0
1523386500,81.720,81.660,81.660,81.720,9312,754248
1523386560,81.620,81.610,81.580,81.620,0,0
1523386620,81.640,81.640,81.640,81.640,0,0
1523386680,81.630,81.640,81.630,81.640,0,0
1523386740,81.670,81.670,81.670,81.670,0,0
1523386800,81.700,81.700,81.700,81.700,11454,763560
1523386860,81.650,81.650,81.650,81.650,0,0
1523386920,81.660,81.660,81.660,81.660,0,0
1523386980,81.670,81.670,81.670,81.670,0,0
1523387040,81.650,81.580,81.580,81.670,0,0
1523387100,81.610,81.630,81.610,81.630,13758,775014
1523387160,81.630,81.680,81.630,81.680,0,0
1523387220,81.710,81.730,81.710,81.730,0,0
1523387280,81.710,81.770,81.710,81.770,0,0
1523387340,81.770,81.800,81.770,81.800,0,0
1523387400,81.820,81.830,81.820,81.850,10878,788772
1523387460,81.820,81.770,81.770,81.820,0,0
1523387520,81.790,81.790,81.790,81.790,0,0
1523387580,81.760,81.620,81.620,81.760,0,0
1523387640,81.660,81.680,81.660,81.710,0,0
1523387700,81.630,81.630,81.630,81.630,12152,799650
1523387760,81.640,81.640,81.640,81.640,0,0
1523387820,81.610,81.630,81.610,81.630,0,0
1523387880,81.630,81.700,81.630,81.700,0,0
1523387940,81.710,81.730,81.710,81.730,0,0
1523388000,81.730,81.750,81.730,81.750,17579,811802
1523388060,81.770,81.750,81.750,81.770,0,0
1523388120,81.760,81.740,81.740,81.760,0,0
1523388180,81.720,81.700,81.700,81.720,0,0
1523388240,81.600,81.580,81.580,81.600,0,0
1523388300,81.490,81.500,81.460,81.500,19933,829381
1523388360,81.380,81.390,81.380,81.390,0,0
1523388420,81.400,81.420,81.380,81.420,0,0
1523388480,81.420,81.490,81.420,81.490,0,0
1523388540,81.490,81.540,81.490,81.540,0,0
1523388600,81.570,81.500,81.500,81.570,23528,849314
1523388660,81.530,81.460,81.420,81.530,0,0
1523388720,81.480,81.460,81.460,81.490,0,0
1523388780,81.450,81.440,81.440,81.460,0,0
1523388840,81.450,81.430,81.430,81.450,0,0
1523388900,81.480,81.470,81.470,81.500,24385,872842
1523388960,81.490,81.480,81.460,81.490,0,0
1523389020,81.500,81.480,81.470,81.520,0,0
1523389080,81.470,81.450,81.450,81.470,0,0
1523389140,81.480,81.580,81.480,81.590,0,0
1523389200,81.640,81.630,81.610,81.640,19078,897227
1523389260,81.640,81.680,81.640,81.680,0,0
1523389320,81.680,81.650,81.650,81.680,0,0
1523389380,81.610,81.620,81.600,81.620,0,0
1523389440,81.590,81.590,81.590,81.590,0,0
1523389500,81.570,81.630,81.570,81.670,32768,916305
1523389560,81.640,81.610,81.580,81.640,0,0
1523389620,81.610,81.600,81.600,81.610,0,0
1523389680,81.590,81.530,81.530,81.600,0,0
1523389740,81.510,81.450,81.450,81.510,0,0
1523389800,81.490,81.510,81.490,81.520,30949,949073
1523389860,81.510,81.450,81.450,81.510,0,0
1523389920,81.440,81.410,81.410,81.440,0,0
1523389980,81.380,81.370,81.370,81.380,0,0
1523390040,81.320,81.290,81.290,81.320,0,0
1523390100,81.300,81.280,81.260,81.300,270280,980022
1523390160,81.300,81.230,81.220,81.300,0,0
1523390220,81.220,81.200,81.190,81.220,0,0
1523390280,81.200,81.130,81.130,81.200,0,0
1523390340,81.170,81.200,81.170,81.240,0,0
1523453400,80.650,80.650,80.650,80.650,9283,0
1523453580,80.650,80.780,80.650,80.780,0,0
1523453700,80.750,80.810,80.750,80.810,4028,9283
1523453760,80.750,80.810,80.750,80.810,0,0
1523453820,80.680,80.680,80.680,80.680,0,0
1523454000,80.810,80.810,80.810,80.810,1572,13311
1523454060,80.810,80.810,80.810,80.810,0,0
1523454120,81.010,81.010,81.010,81.010,0,0
1523454180,80.910,80.910,80.910,80.910,0,0
1523454300,80.860,80.890,80.860,80.890,2482,14883
1523454420,80.970,80.860,80.860,80.970,0,0
1523454480,80.990,80.920,80.920,80.990,0,0
1523454600,80.980,80.980,80.980,80.980,3596,17365
1523454660,80.880,80.880,80.880,80.880,0,0
1523454720,80.920,80.920,80.920,80.920,0,0
1523454780,81.010,80.960,80.960,81.010,0,0
1523454900,81.060,81.060,81.060,81.060,3105,20961
1523455080,80.970,81.000,80.970,81.000,0,0
1523455140,81.050,81.050,81.050,81.050,0,0
1523455200,81.060,81.020,81.020,81.080,2878,24066
1523455260,81.060,81.020,81.020,81.080,0,0
1523455380,81.030,81.030,81.030,81.030,0,0
1523455440,80.980,80.960,80.920,80.990,0,0
1523455500,80.950,80.950,80.950,80.950,4988,26944
1523455560,80.810,80.750,80.750,80.810,0,0
1523455620,80.680,80.680,80.680,80.680,0,0
1523455680,80.800,80.790,80.790,80.800,0,0
1523455740,80.740,80.700,80.700,80.740,0,0
1523455800,80.740,80.640,80.600,80.740,62258,31932
1523455860,80.650,80.590,80.590,80.650,0,0
1523455920,80.650,80.580,80.580,80.650,0,0
1523455980,80.490,80.490,80.490,80.490,0,0
1523456040,80.440,80.500,80.440,80.500,0,0
1523456100,80.500,80.500,80.500,80.500,4337,94190
1523456160,80.500,80.500,80.500,80.500,0,0
1523456220,80.500,80.450,80.450,80.500,0,0
1523456280,80.570,80.570,80.570,80.570,0,0
1523456400,80.770,80.770,80.770,80.770,2450,98527
1523456520,80.770,80.770,80.770,80.770,0,0
1523456580,80.760,80.810,80.760,80.810,0,0
1523456700,80.920,80.980,80.920,80.980,1317,100977
1523456940,80.950,80.930,80.930,80.950,0,0
1523457000,80.860,80.830,80.830,80.890,4305,102294
1523457060,80.860,80.860,80.860,80.860,0,0
1523457120,80.800,80.830,80.800,80.830,0,0
1523457180,80.830,80.920,80.830,80.920,0,0
1523457300,80.930,80.930,80.930,80.930,1628,106599
1523457360,80.930,80.930,80.930,80.930,0,0
1523457480,80.860,80.840,80.840,80.860,0,0
1523457600,80.830,80.830,80.830,80.830,3577,108227
1523457720,80.760,80.780,80.750,80.780,0,0
1523457840,80.730,80.760,80.730,80.760,0,0
1523457900,80.770,80.700,80.700,80.780,1925,111804
1523458140,80.460,80.460,80.460,80.460,0,0
1523458200,80.520,80.520,80.520,80.520,2990,113729
1523458260,80.520,80.520,80.520,80.520,0,0
1523458320,80.500,80.520,80.500,80.520,0,0
1523458440,80.480,80.480,80.480,80.480,0,0
1523458500,80.410,80.410,80.410,80.410,3612,116719
1523458620,80.410,80.410,80.410,80.410,0,0
1523458680,80.470,80.470,80.470,80.470,0,0
1523458740,80.280,80.320,80.280,80.320,0,0
1523458800,80.280,80.280,80.280,80.280,2274,120331
1523458920,80.280,80.280,80.280,80.280,0,0
1523459100,80.310,80.310,80.310,80.310,2856,122605
1523459160,80.310,80.310,80.310,80.310,0,0
1523459280,80.370,80.370,80.370,80.370,0,0
1523459400,80.420,80.420,80.420,80.420,1660,125461
1523459580,80.420,80.420,80.420,80.420,0,0
1523459700,80.450,80.450,80.450,80.450,458,127121
1523459760,80.450,80.450,80.450,80.450,0,0
1523459880,80.420,80.420,80.420,80.420,0,0
1523460000,80.380,80.380,80.380,80.380,2531,127579
1523460060,80.380,80.380,80.380,80.380,0,0
1523460120,80.430,80.430,80.430,80.430,0,0
1523460240,80.510,80.510,80.510,80.510,0,0
1523460300,80.550,80.520,80.510,80.550,853,130110
1523460360,80.520,80.520,80.520,80.520,0,0
1523460420,80.560,80.560,80.560,80.560,0,0
1523460600,80.580,80.590,80.540,80.590,2152,130963
1523460660,80.540,80.540,80.540,80.540,0,0
1523460720,80.530,80.560,80.530,80.560,0,0
1523460780,80.640,80.640,80.640,80.640,0,0
1523460840,80.600,80.600,80.600,80.600,0,0
1523460900,80.560,80.590,80.560,80.590,3389,133115
1523460960,80.580,80.610,80.580,80.610,0,0
1523461080,80.560,80.580,80.560,80.580,0,0
1523461140,80.620,80.610,80.610,80.640,0,0
1523461200,80.710,80.710,80.710,80.710,4093,136504
1523461260,80.770,80.770,80.770,80.770,0,0
1523461320,80.880,80.880,80.880,80.880,0,0
1523461440,80.930,80.920,80.920,80.930,0,0
1523461500,80.850,80.850,80.850,80.850,5946,140597
1523461560,80.850,80.850,80.850,80.850,0,0
1523461680,80.850,80.780,80.780,80.850,0,0
1523461800,80.720,80.740,80.720,80.740,2220,146543
1523461860,80.780,80.870,80.780,80.870,0,0
1523462040,80.920,80.920,80.920,80.920,0,0
1523462100,80.870,80.870,80.870,80.870,2409,148763
1523462160,80.800,80.800,80.800,80.800,0,0
1523462280,80.810,80.810,80.810,80.810,0,0
1523462340,80.750,80.750,80.750,80.750,0,0
1523462400,80.820,80.820,80.820,80.820,4682,151172
1523462460,80.810,80.820,80.810,80.860,0,0
1523462520,80.900,80.900,80.900,80.900,0,0
1523462580,80.900,80.930,80.900,80.930,0,0
1523462640,80.930,80.940,80.930,80.940,0,0
1523462700,80.920,80.920,80.920,80.920,536,155854
1523462760,80.920,80.920,80.920,80.920,0,0
1523462940,80.890,80.890,80.890,80.890,0,0
1523463000,80.890,80.860,80.860,80.890,1313,156390
1523463300,80.820,80.820,80.820,80.820,1093,157703
1523463360,80.790,80.790,80.790,80.790,0,0
1523463600,80.780,80.830,80.780,80.830,6667,158796
1523463660,80.810,80.780,80.780,80.810,0,0
1523463780,80.730,80.730,80.730,80.730,0,0
1523463840,80.800,80.800,80.800,80.800,0,0
1523464200,80.750,80.750,80.750,80.750,4247,165463
1523464260,80.750,80.750,80.750,80.750,0,0
1523464320,80.780,80.780,80.780,80.780,0,0
1523464380,80.740,80.660,80.660,80.740,0,0
1523464440,80.650,80.650,80.650,80.650,0,0
1523464500,80.610,80.610,80.610,80.610,1187,169710
1523464620,80.620,80.630,80.620,80.630,0,0
1523464740,80.620,80.620,80.620,80.620,0,0
1523464800,80.570,80.570,80.570,80.570,2263,170897
1523464920,80.610,80.610,80.610,80.610,0,0
1523464980,80.590,80.590,80.590,80.590,0,0
1523465040,80.630,80.630,80.630,80.630,0,0
1523465100,80.610,80.580,80.550,80.610,1625,173160
1523465160,80.610,80.580,80.550,80.610,0,0
1523465220,80.610,80.610,80.610,80.610,0,0
1523465400,80.620,80.620,80.620,80.620,8385,174785
1523465460,80.640,80.680,80.640,80.680,0,0
1523465520,80.680,80.660,80.660,80.680,0,0
1523465640,80.610,80.570,80.570,80.610,0,0
1523465700,80.620,80.620,80.620,80.620,1547,183170
1523465760,80.620,80.620,80.620,80.620,0,0
1523465820,80.660,80.660,80.660,80.660,0,0
1523465880,80.660,80.700,80.660,80.700,0,0
1523465940,80.640,80.640,80.640,80.640,0,0
1523466000,80.660,80.640,80.640,80.660,1915,184717
1523466060,80.620,80.600,80.600,80.620,0,0
1523466300,80.620,80.640,80.620,80.640,3028,186632
1523466480,80.570,80.560,80.560,80.570,0,0
1523466540,80.590,80.590,80.590,80.590,0,0
1523466600,80.550,80.550,80.550,80.550,1269,189660
1523466720,80.520,80.520,80.520,80.520,0,0
1523466900,80.540,80.540,80.540,80.540,1077,190929
1523466960,80.590,80.590,80.590,80.590,0,0
1523467020,80.590,80.590,80.590,80.590,0,0
1523467140,80.670,80.670,80.670,80.670,0,0
1523467200,80.720,80.690,80.690,80.720,2899,192006
1523467320,80.720,80.690,80.690,80.720,0,0
1523467380,80.680,80.680,80.680,80.680,0,0
1523467440,80.690,80.710,80.690,80.710,0,0
1523467500,80.690,80.690,80.690,80.690,1391,194905
1523467740,80.750,80.680,80.680,80.750,0,0
1523467800,80.670,80.670,80.670,80.670,1649,196296
1523467860,80.640,80.640,80.640,80.640,0,0
1523467980,80.570,80.570,80.570,80.570,0,0
1523468040,80.570,80.570,80.570,80.570,0,0
1523468100,80.550,80.550,80.550,80.550,1387,197945
1523468160,80.550,80.550,80.550,80.550,0,0
1523468340,80.550,80.570,80.540,80.570,0,0
1523468400,80.590,80.590,80.590,80.590,1641,199332
1523468460,80.590,80.590,80.590,80.590,0,0
1523468580,80.550,80.570,80.550,80.570,0,0
1523468700,80.550,80.550,80.550,80.550,2714,200973
1523468760,80.560,80.560,80.560,80.560,0,0
1523468820,80.600,80.600,80.600,80.600,0,0
1523468880,80.600,80.630,80.600,80.630,0,0
1523468940,80.650,80.650,80.650,80.650,0,0
1523469000,80.640,80.640,80.640,80.640,1045,203687
1523469060,80.640,80.640,80.640,80.640,0,0
1523469120,80.640,80.640,80.640,80.640,0,0
1523469240,80.610,80.610,80.610,80.610,0,0
1523469300,80.640,80.640,80.640,80.640,1372,204732
1523469360,80.670,80.670,80.670,80.670,0,0
1523469420,80.690,80.690,80.690,80.690,0,0
1523469600,80.660,80.660,80.660,80.660,2606,206104
1523469660,80.660,80.660,80.660,80.660,0,0
1523469720,80.660,80.660,80.660,80.660,0,0
1523469780,80.700,80.700,80.700,80.700,0,0
1523469900,80.720,80.720,80.720,80.720,1868,208710
1523469960,80.720,80.720,80.720,80.720,0,0
1523470020,80.690,80.690,80.690,80.690,0,0
1523470080,80.610,80.610,80.610,80.610,0,0
1523470200,80.510,80.490,80.490,80.520,3948,210578
1523470320,80.470,80.520,80.470,80.520,0,0
1523470380,80.510,80.510,80.510,80.510,0,0
1523470440,80.520,80.520,80.520,80.520,0,0
1523470500,80.560,80.560,80.560,80.560,4509,214526
1523470560,80.560,80.560,80.560,80.560,0,0
1523470620,80.530,80.560,80.530,80.560,0,0
1523470680,80.640,80.670,80.640,80.670,0,0
1523470740,80.690,80.690,80.690,80.690,0,0
1523470800,80.770,80.730,80.730,80.770,4056,219035
1523470860,80.720,80.720,80.720,80.720,0,0
1523470920,80.770,80.770,80.770,80.770,0,0
1523471040,80.760,80.760,80.760,80.760,0,0
1523471100,80.770,80.770,80.770,80.770,3608,223091
1523471220,80.690,80.690,80.690,80.690,0,0
1523471280,80.710,80.710,80.710,80.710,0,0
1523471340,80.660,80.660,80.660,80.660,0,0
1523471400,80.790,80.780,80.780,80.790,3676,226699
1523471520,80.790,80.780,80.780,80.790,0,0
1523471580,80.780,80.780,80.780,80.780,0,0
1523471640,80.810,80.810,80.810,80.810,0,0
1523471700,80.730,80.780,80.720,80.780,2531,230375
1523471820,80.790,80.810,80.790,80.810,0,0
1523471940,80.790,80.800,80.790,80.800,0,0
1523472000,80.830,80.840,80.830,80.840,2905,232906
1523472060,80.850,80.870,80.850,80.870,0,0
1523472120,80.890,80.890,80.890,80.890,0,0
1523472180,80.830,80.790,80.790,80.830,0,0
1523472300,80.730,80.700,80.700,80.730,2729,235811
1523472360,80.710,80.710,80.710,80.710,0,0
1523472420,80.750,80.750,80.750,80.750,0,0
1523472480,80.710,80.710,80.710,80.710,0,0
1523472540,80.740,80.740,80.740,80.740,0,0
1523472600,80.700,80.720,80.700,80.720,4015,238540
1523472720,80.620,80.610,80.610,80.620,0,0
1523472780,80.630,80.680,80.630,80.680,0,0
1523472840,80.690,80.750,80.690,80.750,0,0
1523472900,80.770,80.840,80.770,80.840,19653,242555
1523472960,80.860,80.880,80.840,80.880,0,0
1523473020,80.890,80.940,80.890,80.940,0,0
1523473080,80.940,81.030,80.940,81.040,0,0
1523473140,81.050,81.090,80.980,81.090,0,0
1523473200,81.070,81.080,81.060,81.090,17159,262208
1523473260,81.060,81.050,81.050,81.080,0,0
1523473320,81.040,81.060,81.040,81.090,0,0
1523473380,81.060,81.100,81.060,81.100,0,0
1523473440,81.110,81.130,81.110,81.130,0,0
1523473500,81.140,81.120,81.110,81.170,19948,279367
1523473560,81.130,81.100,81.080,81.130,0,0
1523473620,81.090,81.030,81.030,81.100,0,0
1523473680,81.000,81.010,81.000,81.010,0,0
1523473740,81.030,80.880,80.880,81.030,0,0
1523473800,80.870,80.950,80.870,80.950,19078,299315
1523473860,80.960,80.970,80.960,80.970,0,0
1523473920,80.930,80.990,80.920,80.990,0,0
1523473980,80.960,80.990,80.950,80.990,0,0
1523474040,81.000,81.020,81.000,81.030,0,0
1523474100,80.980,80.920,80.920,81.010,14698,318393
1523474160,80.930,80.950,80.920,80.950,0,0
1523474220,80.950,81.010,80.950,81.010,0,0
1523474280,81.010,81.040,81.010,81.040,0,0
1523474340,81.040,81.100,81.040,81.100,0,0
1523474400,81.110,81.020,81.020,81.110,18688,333091
1523474460,80.990,81.000,80.970,81.000,0,0
1523474520,81.020,81.050,81.000,81.050,0,0
1523474580,80.990,81.000,80.940,81.000,0,0
1523474640,80.980,80.960,80.960,80.980,0,0
1523474700,81.000,81.030,81.000,81.060,20653,351779
1523474760,81.050,81.130,81.050,81.130,0,0
1523474820,81.110,81.150,81.110,81.180,0,0
1523474880,81.180,81.090,81.090,81.180,0,0
1523474940,81.060,81.100,81.060,81.110,0,0
1523475000,81.080,81.110,81.080,81.150,25633,372432
1523475060,81.110,81.090,81.090,81.130,0,0
1523475120,81.090,81.130,81.070,81.130,0,0
1523475180,81.140,81.290,81.140,81.290,0,0
1523475240,81.280,81.300,81.250,81.340,0,0
1523475300,81.300,81.190,81.190,81.300,17334,398065
1523475360,81.160,81.140,81.140,81.160,0,0
1523475420,81.130,81.100,81.080,81.130,0,0
1523475480,81.110,81.100,81.100,81.120,0,0
1523475540,81.090,81.080,81.080,81.090,0,0
1523475600,81.090,81.080,81.080,81.110,22898,415399
1523475660,81.080,81.050,81.040,81.080,0,0
1523475720,81.090,81.100,81.070,81.100,0,0
1523475780,81.100,81.130,81.100,81.140,0,0
1523475840,81.160,81.220,81.160,81.230,0,0
1523475900,81.210,81.220,81.210,81.240,31753,438297
1523475960,81.230,81.240,81.230,81.240,0,0
1523476020,81.220,81.240,81.220,81.240,0,0
1523476080,81.240,81.270,81.210,81.270,0,0
1523476140,81.240,81.220,81.220,81.240,0,0
1523476200,81.220,81.240,81.220,81.250,63356,470050
1523476260,81.220,81.210,81.210,81.230,0,0
1523476320,81.220,81.210,81.210,81.230,0,0
1523476380,81.210,81.230,81.210,81.230,0,0
1523476440,81.210,81.210,81.210,81.210,0,0
1523476500,81.210,81.210,81.210,81.210,76679,533406
1523476560,81.210,81.220,81.210,81.220,0,0
1523476620,81.220,81.210,81.210,81.220,0,0
1523476680,81.220,81.210,81.210,81.230,0,0
1523476740,81.230,81.200,81.200,81.240,0,0
1523539800,81.490,81.440,81.440,81.490,13015,0
1523539860,80.920,81.020,80.920,81.020,0,0
1523539920,81.300,81.270,81.270,81.300,0,0
1523539980,81.310,81.580,81.310,81.620,0,0
1523540040,81.500,81.660,81.500,81.660,0,0
1523540100,81.650,81.450,81.450,81.650,5522,13015
1523540160,81.650,81.450,81.450,81.650,0,0
1523540220,81.450,81.450,81.450,81.450,0,0
1523540280,81.430,81.430,81.430,81.430,0,0
1523540340,81.450,81.450,81.450,81.450,0,0
1523540400,81.470,81.320,81.320,81.470,3140,18537
1523540580,81.410,81.550,81.410,81.550,0,0
1523540700,81.620,81.550,81.550,81.620,2915,21677
1523540760,81.670,81.660,81.660,81.670,0,0
1523540880,81.550,81.640,81.550,81.640,0,0
1523540940,81.640,81.640,81.640,81.640,0,0
1523541000,81.580,81.580,81.580,81.580,8597,24592
1523541060,81.560,81.400,81.400,81.560,0,0
1523541180,81.490,81.580,81.490,81.580,0,0
1523541240,81.480,81.460,81.460,81.480,0,0
1523541300,81.470,81.440,81.440,81.470,16913,33189
1523541360,81.460,81.490,81.450,81.490,0,0
1523541420,81.510,81.510,81.510,81.510,0,0
1523541480,81.460,81.560,81.460,81.560,0,0
1523541540,81.560,81.530,81.530,81.560,0,0
1523541600,81.560,81.560,81.560,81.560,14363,50102
1523541660,81.540,81.610,81.540,81.620,0,0
1523541720,81.670,81.670,81.670,81.670,0,0
1523541780,81.660,81.660,81.660,81.660,0,0
1523541840,81.710,81.640,81.640,81.750,0,0
1523541900,81.640,81.640,81.640,81.640,8748,64465
1523541960,81.600,81.600,81.600,81.600,0,0
1523542080,81.600,81.650,81.600,81.650,0,0
1523542140,81.670,81.610,81.610,81.670,0,0
1523542200,81.670,81.630,81.630,81.700,10345,73213
1523542260,81.600,81.560,81.560,81.600,0,0
1523542380,81.530,81.490,81.480,81.530,0,0
1523542500,81.470,81.500,81.440,81.500,8040,83558
1523542560,81.500,81.500,81.500,81.500,0,0
1523542620,81.470,81.470,81.470,81.470,0,0
1523542680,81.390,81.350,81.350,81.400,0,0
1523542740,81.380,81.290,81.290,81.380,0,0
1523542800,81.330,81.330,81.330,81.330,7426,91598
1523542860,81.320,81.260,81.260,81.320,0,0
1523542920,81.270,81.270,81.270,81.270,0,0
1523542980,81.190,81.220,81.190,81.220,0,0
1523543040,81.250,81.290,81.250,81.290,0,0
1523543100,81.230,81.230,81.230,81.230,6001,99024
1523543160,81.260,81.270,81.260,81.270,0,0
1523543220,81.250,81.200,81.200,81.250,0,0
1523543280,81.190,81.170,81.170,81.210,0,0
1523543340,81.190,81.190,81.190,81.190,0,0
1523543400,81.190,81.150,81.150,81.190,7604,105025
1523543460,81.120,81.100,81.100,81.120,0,0
1523543520,81.060,81.090,81.060,81.090,0,0
1523543580,81.050,81.090,81.050,81.100,0,0
1523543640,81.050,81.070,81.050,81.070,0,0
1523543700,81.060,81.060,81.060,81.060,3776,112629
1523543760,81.040,81.040,81.040,81.040,0,0
1523543820,80.990,80.990,80.990,80.990,0,0
1523543940,80.870,80.880,80.870,80.880,0,0
1523544000,80.910,80.810,80.810,80.910,11785,116405
1523544060,80.750,80.710,80.710,80.750,0,0
1523544120,80.750,80.760,80.740,80.780,0,0
1523544180,80.720,80.720,80.720,80.720,0,0
1523544240,80.730,80.780,80.730,80.780,0,0
1523544300,80.740,80.780,80.740,80.780,6294,128190
1523544360,80.700,80.680,80.680,80.700,0,0
1523544420,80.590,80.610,80.590,80.640,0,0
1523544480,80.640,80.640,80.640,80.640,0,0
1523544540,80.690,80.710,80.690,80.740,0,0
1523544600,80.790,80.790,80.790,80.790,54349,134484
1523544660,80.790,80.790,80.790,80.790,0,0
1523544720,80.770,80.740,80.740,80.770,0,0
1523544780,80.700,80.700,80.700,80.700,0,0
1523544840,80.630,80.630,80.630,80.630,0,0
1523544900,80.610,80.610,80.610,80.610,10706,188833
1523544960,80.610,80.580,80.580,80.610,0,0
1523545020,80.590,80.640,80.590,80.640,0,0
1523545080,80.630,80.570,80.570,80.630,0,0
1523545140,80.740,80.720,80.720,80.740,0,0
1523545200,80.700,80.660,80.660,80.700,9889,199539
1523545260,80.660,80.590,80.590,80.660,0,0
1523545320,80.610,80.610,80.610,80.610,0,0
1523545380,80.630,80.630,80.630,80.630,0,0
1523545440,80.680,80.680,80.680,80.680,0,0
1523545500,80.760,80.740,80.740,80.760,1805,209428
1523545560,80.760,80.740,80.740,80.760,0,0
1523545620,80.780,80.780,80.780,80.780,0,0
1523545680,80.880,80.880,80.880,80.880,0,0
1523545740,80.850,80.850,80.850,80.850,0,0
1523545800,80.890,80.890,80.890,80.890,7221,211233
1523545860,80.990,81.020,80.990,81.020,0,0
1523545920,80.970,80.970,80.970,80.970,0,0
1523546040,80.970,81.030,80.970,81.030,0,0
1523546100,81.060,81.060,81.060,81.060,2352,218454
1523546160,81.130,81.130,81.130,81.130,0,0
1523546220,81.140,81.230,81.140,81.230,0,0
1523546280,81.290,81.280,81.230,81.290,0,0
1523546400,81.280,81.280,81.280,81.280,3118,220806
1523546460,81.250,81.280,81.250,81.280,0,0
1523546520,81.280,81.280,81.280,81.280,0,0
1523546580,81.310,81.330,81.310,81.330,0,0
1523546640,81.330,81.290,81.290,81.330,0,0
1523546700,81.280,81.240,81.230,81.280,7863,223924
1523546760,81.190,81.180,81.180,81.200,0,0
1523546820,81.170,81.120,81.120,81.170,0,0
1523546940,81.190,81.190,81.190,81.190,0,0
1523547000,81.250,81.240,81.240,81.270,8323,231787
1523547120,81.350,81.350,81.350,81.350,0,0
1523547180,81.400,81.260,81.260,81.400,0,0
1523547240,81.300,81.220,81.220,81.300,0,0
1523547300,81.160,81.170,81.150,81.170,8865,240110
1523547360,81.160,81.100,81.090,81.170,0,0
1523547420,81.140,81.230,81.140,81.230,0,0
1523547480,81.260,81.270,81.260,81.270,0,0
1523547540,81.280,81.270,81.270,81.280,0,0
1523547600,81.270,81.270,81.270,81.270,7968,248975
1523547660,81.270,81.270,81.270,81.270,0,0
1523547720,81.280,81.300,81.280,81.300,0,0
1523547780,81.300,81.290,81.280,81.320,0,0
1523547840,81.300,81.290,81.290,81.300,0,0
1523547900,81.280,81.280,81.280,81.280,9899,256943
1523547960,81.320,81.180,81.180,81.320,0,0
1523548020,81.170,81.170,81.170,81.170,0,0
1523548080,81.110,81.140,81.110,81.140,0,0
1523548140,81.120,81.120,81.120,81.120,0,0
1523548200,81.140,81.100,81.100,81.140,3303,266842
1523548320,81.100,81.000,81.000,81.100,0,0
1523548380,81.050,81.050,81.050,81.050,0,0
1523548440,81.050,81.050,81.050,81.050,0,0
1523548500,81.060,81.060,81.060,81.060,3659,270145
1523548560,81.040,81.090,81.040,81.090,0,0
1523548740,81.110,81.110,81.110,81.110,0,0
1523548800,81.150,81.150,81.150,81.150,2673,273804
1523548980,81.210,81.190,81.190,81.210,0,0
1523549100,81.170,81.250,81.170,81.250,13450,276477
1523549160,81.170,81.250,81.170,81.250,0,0
1523549220,81.260,81.270,81.260,81.270,0,0
1523549280,81.230,81.260,81.230,81.260,0,0
1523549340,81.300,81.280,81.280,81.300,0,0
1523549400,81.240,81.170,81.170,81.240,5391,289927
1523549520,81.240,81.170,81.170,81.240,0,0
1523549580,81.190,81.160,81.160,81.190,0,0
1523549640,81.170,81.220,81.170,81.220,0,0
1523549700,81.210,81.280,81.210,81.280,5952,295318
1523549760,81.240,81.240,81.240,81.240,0,0
1523549820,81.230,81.170,81.160,81.230,0,0
1523549880,81.200,81.190,81.190,81.230,0,0
1523549940,81.270,81.270,81.270,81.270,0,0
1523550000,81.320,81.280,81.280,81.320,3216,301270
1523550060,81.260,81.260,81.260,81.260,0,0
1523550120,81.230,81.230,81.230,81.230,0,0
1523550180,81.260,81.260,81.260,81.260,0,0
1523550240,81.300,81.300,81.300,81.300,0,0
1523550300,81.250,81.220,81.220,81.250,2566,304486
1523550480,81.270,81.270,81.270,81.270,0,0
1523550540,81.300,81.300,81.300,81.300,0,0
1523550600,81.280,81.280,81.280,81.280,2849,307052
1523550720,81.310,81.310,81.310,81.310,0,0
1523550780,81.340,81.340,81.340,81.340,0,0
1523550900,81.310,81.320,81.310,81.320,5331,309901
1523551020,81.330,81.340,81.330,81.340,0,0
1523551080,81.340,81.340,81.340,81.340,0,0
1523551140,81.300,81.290,81.290,81.310,0,0
1523551200,81.320,81.310,81.310,81.320,3696,315232
1523551260,81.310,81.310,81.310,81.310,0,0
1523551320,81.310,81.320,81.310,81.320,0,0
1523551440,81.320,81.320,81.320,81.320,0,0
1523551500,81.350,81.380,81.350,81.420,8887,318928
1523551560,81.360,81.380,81.360,81.380,0,0
1523551680,81.380,81.350,81.330,81.380,0,0
1523551800,81.340,81.360,81.340,81.360,4579,327815
1523551920,81.360,81.360,81.360,81.360,0,0
1523551980,81.400,81.370,81.370,81.400,0,0
1523552040,81.350,81.340,81.340,81.350,0,0
1523552100,81.360,81.360,81.360,81.360,2745,332394
1523552160,81.390,81.430,81.390,81.430,0,0
1523552220,81.420,81.450,81.420,81.450,0,0
1523552400,81.450,81.450,81.450,81.450,7924,335139
1523552460,81.430,81.440,81.430,81.440,0,0
1523552520,81.440,81.440,81.440,81.440,0,0
1523552580,81.410,81.410,81.410,81.410,0,0
1523552640,81.440,81.500,81.440,81.500,0,0
1523552700,81.470,81.440,81.440,81.470,7348,343063
1523552760,81.420,81.460,81.420,81.460,0,0
1523552820,81.440,81.440,81.440,81.440,0,0
1523552880,81.420,81.440,81.420,81.440,0,0
1523552940,81.440,81.370,81.330,81.440,0,0
1523553000,81.400,81.400,81.400,81.400,9661,350411
1523553060,81.370,81.310,81.310,81.370,0,0
1523553120,81.340,81.340,81.340,81.340,0,0
1523553180,81.350,81.310,81.300,81.350,0,0
1523553240,81.310,81.250,81.250,81.310,0,0
1523553300,81.230,81.160,81.160,81.230,15449,360072
1523553360,81.190,81.230,81.190,81.270,0,0
1523553420,81.260,81.260,81.260,81.260,0,0
1523553540,81.250,81.250,81.250,81.250,0,0
1523553600,81.260,81.310,81.260,81.310,4818,375521
1523553660,81.240,81.230,81.230,81.240,0,0
1523553720,81.210,81.180,81.180,81.210,0,0
1523553780,81.190,81.190,81.190,81.190,0,0
1523553900,81.210,81.210,81.210,81.210,6860,380339
1523554020,81.180,81.120,81.120,81.190,0,0
1523554140,81.130,81.150,81.130,81.150,0,0
1523554200,81.110,81.070,81.070,81.120,26079,387199
1523554260,81.090,81.110,81.090,81.110,0,0
1523554320,81.110,81.190,81.110,81.190,0,0
1523554440,81.190,81.190,81.190,81.190,0,0
1523554500,81.290,81.300,81.290,81.300,6674,413278
1523554560,81.310,81.280,81.280,81.310,0,0
1523554620,81.310,81.340,81.310,81.340,0,0
1523554800,81.350,81.340,81.340,81.350,7184,419952
1523554860,81.350,81.340,81.340,81.350,0,0
1523554920,81.390,81.390,81.390,81.390,0,0
1523554980,81.410,81.420,81.410,81.420,0,0
1523555040,81.450,81.460,81.450,81.460,0,0
1523555100,81.450,81.390,81.390,81.450,21122,427136
1523555160,81.380,81.330,81.330,81.380,0,0
1523555220,81.400,81.450,81.400,81.450,0,0
1523555280,81.450,81.460,81.450,81.460,0,0
1523555340,81.460,81.400,81.400,81.460,0,0
1523555400,81.470,81.440,81.440,81.470,8722,448258
1523555460,81.480,81.530,81.480,81.530,0,0
1523555520,81.490,81.410,81.410,81.490,0,0
1523555580,81.450,81.440,81.440,81.460,0,0
1523555640,81.470,81.470,81.470,81.470,0,0
1523555700,81.490,81.490,81.490,81.490,6246,456980
1523555760,81.480,81.480,81.480,81.480,0,0
1523555820,81.390,81.370,81.370,81.390,0,0
1523555880,81.380,81.400,81.380,81.430,0,0
1523555940,81.370,81.380,81.370,81.380,0,0
1523556000,81.400,81.420,81.400,81.420,5117,463226
1523556060,81.420,81.410,81.410,81.420,0,0
1523556120,81.440,81.420,81.420,81.440,0,0
1523556180,81.410,81.410,81.410,81.410,0,0
1523556240,81.440,81.440,81.440,81.440,0,0
1523556300,81.440,81.450,81.440,81.450,5627,468343
1523556360,81.460,81.470,81.460,81.500,0,0
1523556420,81.480,81.520,81.480,81.520,0,0
1523556480,81.530,81.550,81.530,81.550,0,0
1523556540,81.540,81.530,81.520,81.540,0,0
1523556600,81.570,81.610,81.570,81.610,7766,473970
1523556660,81.650,81.620,81.620,81.650,0,0
1523556720,81.680,81.640,81.640,81.680,0,0
1523556780,81.660,81.660,81.660,81.660,0,0
1523556840,81.690,81.700,81.680,81.700,0,0
1523556900,81.710,81.730,81.710,81.730,6284,481736
1523556960,81.740,81.740,81.740,81.740,0,0
1523557020,81.730,81.750,81.710,81.750,0,0
1523557080,81.780,81.780,81.780,81.780,0,0
1523557140,81.760,81.760,81.760,81.760,0,0
1523557200,81.740,81.720,81.720,81.740,10650,488020
1523557260,81.740,81.720,81.720,81.740,0,0
1523557320,81.740,81.840,81.740,81.870,0,0
1523557380,81.820,81.780,81.780,81.820,0,0
1523557440,81.910,81.870,81.870,81.910,0,0
1523557500,81.890,81.890,81.890,81.890,3451,498670
1523557560,81.860,81.920,81.850,81.920,0,0
1523557620,81.860,81.890,81.860,81.910,0,0
1523557680,81.870,81.880,81.870,81.890,0,0
1523557740,81.880,81.880,81.880,81.880,0,0
1523557800,81.900,81.900,81.900,81.900,7606,502121
1523557860,81.850,81.820,81.820,81.850,0,0
1523557980,81.790,81.790,81.790,81.790,0,0
1523558040,81.790,81.790,81.790,81.790,0,0
1523558100,81.780,81.760,81.760,81.780,3957,509727
1523558160,81.760,81.730,81.730,81.760,0,0
1523558220,81.630,81.630,81.630,81.630,0,0
1523558280,81.660,81.660,81.660,81.660,0,0
1523558400,81.640,81.640,81.640,81.640,5586,513684
1523558460,81.620,81.620,81.620,81.620,0,0
1523558520,81.630,81.630,81.630,81.630,0,0
1523558580,81.620,81.600,81.600,81.620,0,0
1523558640,81.590,81.590,81.590,81.590,0,0
1523558700,81.590,81.590,81.590,81.590,6634,519270
1523558760,81.560,81.560,81.560,81.560,0,0
1523558820,81.540,81.510,81.510,81.540,0,0
1523558880,81.490,81.590,81.490,81.590,0,0
1523558940,81.580,81.580,81.580,81.580,0,0
1523559000,81.620,81.620,81.620,81.620,5418,525904
1523559060,81.640,81.620,81.620,81.640,0,0
1523559120,81.600,81.640,81.600,81.640,0,0
1523559180,81.660,81.640,81.640,81.660,0,0
1523559240,81.620,81.620,81.620,81.620,0,0
1523559300,81.620,81.620,81.620,81.620,3550,531322
1523559360,81.630,81.610,81.610,81.630,0,0
1523559420,81.650,81.670,81.650,81.670,0,0
1523559480,81.690,81.690,81.690,81.690,0,0
1523559540,81.690,81.690,81.690,81.690,0,0
1523559600,81.690,81.670,81.670,81.690,6024,534872
1523559660,81.680,81.660,81.660,81.680,0,0
1523559720,81.650,81.640,81.640,81.650,0,0
1523559780,81.620,81.630,81.620,81.630,0,0
1523559840,81.650,81.660,81.650,81.660,0,0
1523559900,81.660,81.640,81.640,81.670,14625,540896
1523559960,81.610,81.560,81.560,81.610,0,0
1523560020,81.510,81.510,81.510,81.510,0,0
1523560080,81.490,81.480,81.480,81.490,0,0
1523560140,81.480,81.450,81.450,81.480,0,0
1523560200,81.500,81.500,81.500,81.500,7476,555521
1523560320,81.510,81.500,81.500,81.510,0,0
1523560380,81.510,81.510,81.510,81.510,0,0
1523560440,81.550,81.590,81.550,81.610,0,0
1523560500,81.650,81.630,81.630,81.650,3974,562997
1523560560,81.650,81.630,81.630,81.650,0,0
1523560620,81.590,81.620,81.590,81.620,0,0
1523560680,81.640,81.640,81.640,81.640,0,0
1523560740,81.640,81.650,81.640,81.650,0,0
1523560800,81.670,81.690,81.670,81.690,7635,566971
1523560860,81.700,81.730,81.700,81.730,0,0
1523560920,81.760,81.720,81.710,81.760,0,0
1523560980,81.740,81.760,81.740,81.760,0,0
1523561040,81.760,81.750,81.710,81.760,0,0
1523561100,81.760,81.800,81.760,81.800,7074,574606
1523561160,81.800,81.820,81.800,81.820,0,0
1523561220,81.790,81.790,81.790,81.790,0,0
1523561280,81.750,81.750,81.750,81.750,0,0
1523561340,81.740,81.730,81.730,81.740,0,0
1523561400,81.720,81.750,81.720,81.750,11161,581680
1523561460,81.760,81.720,81.720,81.760,0,0
1523561520,81.720,81.710,81.710,81.720,0,0
1523561580,81.720,81.700,81.700,81.730,0,0
1523561640,81.720,81.670,81.670,81.720,0,0
1523561700,81.690,81.700,81.690,81.700,8149,592841
1523561820,81.710,81.720,81.710,81.720,0,0
1523561880,81.720,81.700,81.700,81.730,0,0
1523561940,81.740,81.750,81.740,81.750,0,0
1523562000,81.740,81.710,81.710,81.740,13416,600990
1523562060,81.700,81.640,81.640,81.700,0,0
1523562120,81.650,81.660,81.640,81.660,0,0
1523562180,81.660,81.620,81.620,81.660,0,0
1523562240,81.630,81.540,81.540,81.630,0,0
1523562300,81.500,81.510,81.460,81.510,24204,614406
1523562360,81.520,81.480,81.480,81.520,0,0
1523562420,81.500,81.450,81.430,81.510,0,0
1523562480,81.470,81.510,81.470,81.510,0,0
1523562600,81.510,81.500,81.470,81.510,18220,638610
1523562660,81.460,81.470,81.440,81.490,0,0
1523562720,81.430,81.490,81.430,81.490,0,0
1523562780,81.470,81.440,81.440,81.480,0,0
1523562840,81.430,81.430,81.430,81.430,0,0
1523562900,81.440,81.430,81.410,81.440,69464,656830
1523562960,81.430,81.440,81.430,81.450,0,0
1523563020,81.430,81.410,81.380,81.430,0,0
1523563080,81.390,81.360,81.360,81.390,0,0
1523563140,81.370,81.370,81.370,81.430,0,0
1523626200,81.770,81.770,81.770,81.770,0,0
1523626440,81.770,81.770,81.770,81.770,0,0
1523626500,81.810,81.920,81.810,81.920,9394,0
1523626560,81.850,81.850,81.850,81.850,0,0
1523626620,81.790,81.790,81.790,81.790,0,0
1523626740,81.420,81.420,81.420,81.420,0,0
1523626800,81.570,81.570,81.570,81.570,1878,9394
1523626860,81.570,81.570,81.570,81.570,0,0
1523626920,81.530,81.530,81.530,81.530,0,0
1523626980,81.400,81.400,81.400,81.400,0,0
1523627100,81.290,81.290,81.290,81.290,1192,11272
1523627400,81.210,81.210,81.210,81.210,4880,12464
1523627640,81.170,81.100,81.100,81.170,0,0
1523627700,80.980,80.930,80.930,80.980,3947,17344
1523627760,80.980,80.930,80.930,80.980,0,0
1523627820,80.970,80.970,80.970,80.970,0,0
1523627880,80.980,80.980,80.980,80.980,0,0
1523628000,80.930,80.860,80.860,80.930,4454,21291
1523628120,80.840,80.840,80.840,80.840,0,0
1523628180,80.900,80.950,80.900,80.950,0,0
1523628240,80.890,80.890,80.890,80.890,0,0
1523628300,80.840,80.870,80.840,80.870,7186,25745
1523628360,80.830,80.880,80.780,80.900,0,0
1523628480,80.830,80.740,80.740,80.830,0,0
1523628540,80.720,80.690,80.690,80.720,0,0
1523628600,80.630,80.630,80.630,80.630,3223,32931
1523628660,80.630,80.630,80.630,80.630,0,0
1523628720,80.560,80.560,80.560,80.560,0,0
1523628780,80.530,80.580,80.510,80.580,0,0
1523628900,80.550,80.730,80.550,80.730,8236,36154
1523629020,80.810,80.810,80.810,80.810,0,0
1523629080,80.950,80.950,80.950,80.950,0,0
1523629140,80.950,80.880,80.880,80.950,0,0
1523629200,80.820,80.770,80.770,80.820,1634,44390
1523629260,80.760,80.760,80.760,80.760,0,0
1523629440,80.660,80.660,80.660,80.660,0,0
1523629500,80.670,80.670,80.670,80.670,6027,46024
1523629560,80.550,80.550,80.550,80.550,0,0
1523629620,80.500,80.530,80.500,80.530,0,0
1523629740,80.500,80.500,80.500,80.500,0,0
1523629800,80.510,80.510,80.510,80.510,2165,52051
1523629920,80.510,80.510,80.510,80.510,0,0
1523629980,80.490,80.540,80.490,80.540,0,0
1523630100,80.640,80.640,80.640,80.640,3656,54216
1523630220,80.610,80.610,80.610,80.610,0,0
1523630340,80.430,80.430,80.430,80.430,0,0
1523630400,80.530,80.530,80.530,80.530,4682,57872
1523630460,80.520,80.520,80.520,80.520,0,0
1523630580,80.540,80.540,80.540,80.540,0,0
1523630640,80.580,80.580,80.580,80.580,0,0
1523630700,80.560,80.560,80.560,80.560,5665,62554
1523630760,80.430,80.500,80.430,80.500,0,0
1523630820,80.530,80.600,80.530,80.600,0,0
1523630880,80.620,80.640,80.610,80.640,0,0
1523630940,80.640,80.640,80.640,80.640,0,0
1523631000,80.620,80.530,80.530,80.620,2259,68219
1523631120,80.620,80.530,80.530,80.620,0,0
1523631240,80.540,80.540,80.540,80.540,0,0
1523631300,80.530,80.410,80.410,80.530,5023,70478
1523631360,80.460,80.470,80.460,80.470,0,0
1523631540,80.450,80.310,80.310,80.450,0,0
1523631600,80.280,80.190,80.190,80.280,6970,75501
1523631660,80.240,80.250,80.240,80.250,0,0
1523631720,80.250,80.250,80.250,80.250,0,0
1523631780,80.200,80.200,80.200,80.200,0,0
1523631840,80.170,80.220,80.170,80.220,0,0
1523631900,80.250,80.300,80.250,80.300,6116,82471
1523632020,80.350,80.310,80.310,80.470,0,0
1523632140,80.390,80.420,80.390,80.420,0,0
1523632200,80.370,80.410,80.370,80.410,3586,88587
1523632260,80.370,80.410,80.370,80.410,0,0
1523632320,80.370,80.370,80.370,80.370,0,0
1523632440,80.250,80.250,80.250,80.250,0,0
1523632500,80.270,80.280,80.270,80.280,3686,92173
1523632560,80.300,80.300,80.300,80.300,0,0
1523632680,80.240,80.270,80.240,80.270,0,0
1523632800,80.210,80.210,80.210,80.210,5900,95859
1523632860,80.170,80.170,80.170,80.170,0,0
1523632920,80.180,80.220,80.180,80.220,0,0
1523632980,80.270,80.360,80.260,80.360,0,0
1523633040,80.360,80.460,80.360,80.460,0,0
1523633100,80.440,80.440,80.440,80.440,5824,101759
1523633220,80.320,80.320,80.320,80.320,0,0
1523633280,80.280,80.320,80.280,80.330,0,0
1523633400,80.350,80.430,80.350,80.440,3274,107583
1523633460,80.350,80.430,80.350,80.440,0,0
1523633520,80.400,80.400,80.400,80.400,0,0
1523633640,80.350,80.340,80.340,80.350,0,0
1523633700,80.340,80.340,80.340,80.340,4615,110857
1523633760,80.350,80.410,80.350,80.410,0,0
1523633820,80.350,80.300,80.300,80.350,0,0
1523634000,80.220,80.220,80.220,80.220,8200,115472
1523634060,80.220,80.220,80.220,80.220,0,0
1523634120,80.210,80.250,80.210,80.270,0,0
1523634180,80.250,80.230,80.210,80.250,0,0
1523634240,80.240,80.200,80.200,80.240,0,0
1523634300,80.230,80.250,80.220,80.250,5065,123672
1523634360,80.230,80.230,80.230,80.230,0,0
1523634420,80.200,80.200,80.200,80.200,0,0
1523634540,80.150,80.130,80.130,80.150,0,0
1523634600,80.150,80.100,80.100,80.160,9112,128737
1523634660,80.140,80.150,80.140,80.190,0,0
1523634720,80.190,80.220,80.190,80.220,0,0
1523634780,80.200,80.200,80.200,80.200,0,0
1523634840,80.190,80.190,80.190,80.190,0,0
1523634900,80.190,80.300,80.190,80.300,5391,137849
1523634960,80.310,80.430,80.310,80.430,0,0
1523635020,80.430,80.430,80.430,80.430,0,0
1523635080,80.460,80.460,80.460,80.460,0,0
1523635140,80.410,80.370,80.370,80.450,0,0
1523635200,80.450,80.430,80.430,80.450,5515,143240
1523635260,80.380,80.450,80.380,80.450,0,0
1523635380,80.300,80.300,80.300,80.300,0,0
1523635440,80.360,80.310,80.310,80.360,0,0
1523635500,80.350,80.340,80.340,80.350,8082,148755
1523635560,80.390,80.420,80.390,80.530,0,0
1523635620,80.380,80.370,80.340,80.380,0,0
1523635680,80.410,80.410,80.410,80.410,0,0
1523635740,80.380,80.480,80.380,80.480,0,0
1523635800,80.530,80.530,80.530,80.530,1232,156837
1523635980,80.520,80.570,80.520,80.570,0,0
1523636100,80.520,80.520,80.520,80.520,3996,158069
1523636220,80.430,80.440,80.430,80.440,0,0
1523636280,80.450,80.450,80.450,80.450,0,0
1523636340,80.490,80.490,80.490,80.490,0,0
1523636400,80.530,80.530,80.530,80.530,28087,162065
1523636460,80.530,80.530,80.530,80.530,0,0
1523636520,80.540,80.660,80.540,80.660,0,0
1523636580,80.650,80.630,80.630,80.650,0,0
1523636700,80.610,80.610,80.610,80.610,2992,190152
1523636820,80.520,80.520,80.520,80.520,0,0
1523636880,80.530,80.610,80.530,80.610,0,0
1523636940,80.640,80.640,80.640,80.640,0,0
1523637000,80.640,80.600,80.600,80.640,10744,193144
1523637060,80.640,80.600,80.600,80.640,0,0
1523637180,80.590,80.630,80.590,80.630,0,0
1523637240,80.580,80.560,80.560,80.580,0,0
1523637300,80.500,80.500,80.500,80.500,5027,203888
1523637360,80.540,80.580,80.540,80.580,0,0
1523637420,80.530,80.530,80.530,80.530,0,0
1523637480,80.510,80.540,80.510,80.540,0,0
1523637600,80.580,80.600,80.580,80.600,2330,208915
1523637660,80.580,80.580,80.580,80.580,0,0
1523637720,80.530,80.530,80.530,80.530,0,0
1523637780,80.570,80.570,80.570,80.570,0,0
1523637900,80.550,80.550,80.550,80.550,3896,211245
1523638020,80.450,80.450,80.450,80.450,0,0
1523638080,80.510,80.510,80.510,80.510,0,0
1523638140,80.500,80.500,80.500,80.500,0,0
1523638200,80.510,80.510,80.510,80.510,1906,215141
1523638380,80.530,80.530,80.530,80.530,0,0
1523638440,80.530,80.490,80.490,80.530,0,0
1523638500,80.510,80.510,80.510,80.510,3407,217047
1523638560,80.530,80.530,80.530,80.530,0,0
1523638620,80.610,80.610,80.610,80.610,0,0
1523638680,80.650,80.650,80.650,80.650,0,0
1523638800,80.640,80.640,80.640,80.640,1237,220454
1523638920,80.640,80.640,80.640,80.640,0,0
1523638980,80.630,80.630,80.630,80.630,0,0
1523639040,80.640,80.640,80.640,80.640,0,0
1523639100,80.640,80.640,80.640,80.640,2071,221691
1523639160,80.630,80.680,80.630,80.680,0,0
1523639280,80.750,80.750,80.750,80.750,0,0
1523639400,80.760,80.760,80.760,80.760,2515,223762
1523639460,80.760,80.760,80.760,80.760,0,0
1523639520,80.730,80.730,80.730,80.730,0,0
1523639580,80.750,80.770,80.750,80.770,0,0
1523639640,80.690,80.690,80.690,80.690,0,0
1523639700,80.780,80.780,80.780,80.780,2728,226277
1523639760,80.810,80.830,80.800,80.830,0,0
1523639880,80.850,80.850,80.850,80.850,0,0
1523639940,80.840,80.840,80.840,80.840,0,0
1523640000,80.810,80.810,80.810,80.810,2678,229005
1523640060,80.850,80.840,80.840,80.850,0,0
1523640120,80.870,80.870,80.870,80.870,0,0
1523640180,80.860,80.860,80.860,80.860,0,0
1523640240,80.880,80.880,80.880,80.880,0,0
1523640300,80.870,80.900,80.870,80.900,5461,231683
1523640360,80.910,80.910,80.910,80.910,0,0
1523640420,80.870,80.870,80.870,80.870,0,0
1523640540,80.800,80.860,80.800,80.860,0,0
1523640600,80.810,80.780,80.780,80.810,2911,237144
1523640660,80.810,80.780,80.780,80.810,0,0
1523640720,80.740,80.790,80.740,80.790,0,0
1523640780,80.840,80.840,80.840,80.840,0,0
1523640900,80.830,80.730,80.730,80.830,5232,240055
1523640960,80.780,80.820,80.750,80.820,0,0
1523641020,80.770,80.770,80.770,80.770,0,0
1523641080,80.810,80.810,80.810,80.810,0,0
1523641140,80.800,80.800,80.800,80.800,0,0
1523641200,80.810,80.830,80.810,80.830,6147,245287
1523641260,80.830,80.840,80.830,80.840,0,0
1523641320,80.840,80.830,80.830,80.840,0,0
1523641380,80.830,80.850,80.830,80.850,0,0
1523641440,80.820,80.880,80.820,80.880,0,0
1523641500,80.840,80.840,80.840,80.840,3214,251434
1523641560,80.810,80.810,80.810,80.810,0,0
1523641620,80.840,80.780,80.780,80.840,0,0
1523641680,80.810,80.810,80.810,80.810,0,0
1523641740,80.810,80.810,80.810,80.810,0,0
1523641800,80.800,80.800,80.800,80.800,4338,254648
1523641860,80.740,80.760,80.740,80.760,0,0
1523641920,80.770,80.770,80.770,80.770,0,0
1523641980,80.750,80.800,80.750,80.800,0,0
1523642040,80.810,80.810,80.810,80.810,0,0
1523642100,80.750,80.790,80.750,80.790,7630,258986
1523642160,80.760,80.780,80.760,80.780,0,0
1523642220,80.730,80.720,80.720,80.730,0,0
1523642280,80.700,80.750,80.700,80.750,0,0
1523642340,80.710,80.680,80.680,80.710,0,0
1523642400,80.740,80.740,80.740,80.740,4018,266616
1523642520,80.720,80.720,80.720,80.720,0,0
1523642580,80.700,80.760,80.700,80.760,0,0
1523642640,80.740,80.740,80.740,80.740,0,0
1523642700,80.760,80.740,80.740,80.760,3319,270634
1523642820,80.760,80.740,80.740,80.760,0,0
1523642880,80.770,80.780,80.770,80.780,0,0
1523642940,80.790,80.790,80.790,80.790,0,0
1523643000,80.810,80.880,80.810,80.880,5042,273953
1523643060,80.870,80.840,80.840,80.870,0,0
1523643120,80.820,80.800,80.790,80.840,0,0
1523643180,80.810,80.810,80.810,80.810,0,0
1523643240,80.830,80.830,80.830,80.830,0,0
1523643300,80.790,80.730,80.730,80.790,6610,278995
1523643360,80.730,80.740,80.720,80.740,0,0
1523643420,80.720,80.720,80.720,80.720,0,0
1523643480,80.700,80.660,80.660,80.700,0,0
1523643540,80.670,80.640,80.600,80.670,0,0
1523643600,80.650,80.690,80.650,80.690,1718,285605
1523643720,80.650,80.690,80.650,80.690,0,0
1523643780,80.640,80.640,80.640,80.640,0,0
1523643900,80.660,80.670,80.660,80.670,5653,287323
1523643960,80.680,80.680,80.680,80.680,0,0
1523644020,80.680,80.730,80.680,80.730,0,0
1523644080,80.710,80.710,80.710,80.710,0,0
1523644140,80.730,80.720,80.720,80.730,0,0
1523644200,80.720,80.700,80.690,80.720,7708,292976
1523644260,80.690,80.690,80.690,80.690,0,0
1523644320,80.690,80.710,80.690,80.710,0,0
1523644380,80.770,80.820,80.770,80.820,0,0
1523644440,80.830,80.800,80.800,80.830,0,0
1523644500,80.840,80.750,80.750,80.840,4334,300684
1523644560,80.840,80.750,80.750,80.840,0,0
1523644620,80.700,80.700,80.700,80.700,0,0
1523644800,80.670,80.650,80.650,80.670,3206,305018
1523644920,80.660,80.680,80.660,80.680,0,0
1523645040,80.680,80.680,80.680,80.680,0,0
1523645100,80.720,80.740,80.720,80.740,6574,308224
1523645160,80.740,80.740,80.740,80.740,0,0
1523645220,80.730,80.680,80.680,80.740,0,0
1523645280,80.680,80.680,80.680,80.680,0,0
1523645340,80.660,80.660,80.660,80.660,0,0
1523645400,80.600,80.590,80.590,80.600,10075,314798
1523645460,80.610,80.630,80.610,80.630,0,0
1523645520,80.620,80.620,80.620,80.620,0,0
1523645580,80.640,80.640,80.640,80.640,0,0
1523645640,80.610,80.660,80.590,80.660,0,0
1523645700,80.600,80.600,80.600,80.600,5585,324873
1523645760,80.610,80.590,80.590,80.620,0,0
1523645820,80.580,80.580,80.580,80.580,0,0
1523645880,80.580,80.580,80.580,80.580,0,0
1523646000,80.560,80.450,80.450,80.560,13656,330458
1523646060,80.470,80.440,80.430,80.470,0,0
1523646120,80.450,80.440,80.430,80.470,0,0
1523646180,80.440,80.440,80.440,80.440,0,0
1523646240,80.460,80.420,80.400,80.460,0,0
1523646300,80.400,80.400,80.400,80.400,5491,344114
1523646360,80.390,80.420,80.390,80.420,0,0
1523646420,80.400,80.440,80.400,80.440,0,0
1523646480,80.440,80.480,80.440,80.480,0,0
1523646540,80.480,80.480,80.480,80.480,0,0
1523646600,80.480,80.500,80.480,80.500,7531,349605
1523646660,80.530,80.520,80.520,80.530,0,0
1523646720,80.600,80.600,80.600,80.600,0,0
1523646780,80.590,80.580,80.580,80.590,0,0
1523646840,80.600,80.580,80.580,80.610,0,0
1523646900,80.570,80.490,80.480,80.570,13446,357136
1523646960,80.480,80.440,80.440,80.480,0,0
1523647020,80.440,80.360,80.360,80.440,0,0
1523647080,80.330,80.320,80.320,80.330,0,0
1523647140,80.310,80.290,80.290,80.350,0,0
1523647200,80.280,80.320,80.280,80.320,7173,370582
1523647260,80.360,80.340,80.340,80.360,0,0
1523647320,80.340,80.390,80.340,80.390,0,0
1523647380,80.360,80.300,80.300,80.360,0,0
1523647440,80.340,80.340,80.340,80.340,0,0
1523647500,80.340,80.360,80.320,80.360,7831,377755
1523647560,80.360,80.370,80.360,80.370,0,0
1523647620,80.360,80.420,80.320,80.420,0,0
1523647740,80.360,80.350,80.350,80.360,0,0
1523647800,80.340,80.300,80.300,80.340,13030,385586
1523647860,80.290,80.310,80.290,80.310,0,0
1523647920,80.260,80.280,80.260,80.280,0,0
1523647980,80.300,80.330,80.300,80.380,0,0
1523648040,80.330,80.360,80.330,80.360,0,0
1523648100,80.310,80.320,80.310,80.320,8043,398616
1523648160,80.370,80.370,80.370,80.370,0,0
1523648220,80.380,80.350,80.350,80.380,0,0
1523648280,80.340,80.330,80.330,80.340,0,0
1523648340,80.340,80.400,80.340,80.400,0,0
1523648400,80.410,80.520,80.410,80.530,11354,406659
1523648460,80.490,80.500,80.470,80.500,0,0
1523648520,80.500,80.500,80.500,80.500,0,0
1523648580,80.560,80.550,80.540,80.560,0,0
1523648640,80.540,80.460,80.460,80.540,0,0
1523648700,80.440,80.490,80.440,80.490,22172,418013
1523648760,80.500,80.490,80.490,80.500,0,0
1523648820,80.480,80.440,80.430,80.480,0,0
1523648880,80.450,80.460,80.450,80.460,0,0
1523648940,80.460,80.440,80.430,80.470,0,0
1523649000,80.450,80.490,80.450,80.490,49590,440185
1523649060,80.490,80.500,80.490,80.510,0,0
1523649120,80.490,80.560,80.490,80.560,0,0
1523649180,80.580,80.570,80.550,80.580,0,0
1523649240,80.590,80.550,80.550,80.590,0,0
1523649300,80.560,80.590,80.560,80.590,93426,489775
1523649360,80.610,80.620,80.600,80.630,0,0
1523649420,80.610,80.600,80.600,80.630,0,0
1523649480,80.600,80.640,80.600,80.640,0,0
1523649540,80.640,80.600,80.600,80.660,0,0
1523885400,80.720,80.720,80.720,80.720,0,0
1523885700,80.750,80.750,80.750,80.750,6401,0
1523885820,81.100,81.100,81.100,81.100,0,0
1523885940,80.850,80.850,80.850,80.850,0,0
1523886000,81.130,81.130,81.130,81.130,9567,6401
1523886060,80.810,80.630,80.630,80.810,0,0
1523886120,80.730,80.760,80.700,80.820,0,0
1523886180,80.730,80.890,80.700,80.890,0,0
1523886240,81.000,81.000,81.000,81.000,0,0
1523886300,81.080,80.960,80.960,81.100,4101,15968
1523886360,80.900,80.900,80.900,80.900,0,0
1523886480,80.990,80.990,80.990,80.990,0,0
1523886600,80.900,80.940,80.790,80.940,2194,20069
1523886780,80.900,80.940,80.790,80.940,0,0
1523886840,80.770,80.770,80.770,80.770,0,0
1523886900,80.760,80.680,80.680,80.760,11374,22263
1523886960,80.590,80.590,80.590,80.590,0,0
1523887020,80.590,80.590,80.590,80.590,0,0
1523887080,80.600,80.600,80.600,80.600,0,0
1523887140,80.700,80.700,80.700,80.700,0,0
1523887200,80.830,80.830,80.830,80.830,5431,33637
1523887260,80.990,81.090,80.990,81.090,0,0
1523887320,81.100,81.100,81.100,81.100,0,0
1523887380,81.100,81.200,81.100,81.200,0,0
1523887440,81.330,81.330,81.330,81.330,0,0
1523887500,81.300,81.290,81.290,81.300,2586,39068
1523887560,81.240,81.240,81.240,81.240,0,0
1523887620,81.250,81.250,81.250,81.250,0,0
1523887680,81.280,81.340,81.280,81.340,0,0
1523887740,81.420,81.380,81.380,81.420,0,0
1523887800,81.430,81.480,81.430,81.480,3845,41654
1523887860,81.470,81.470,81.470,81.470,0,0
1523887920,81.530,81.530,81.530,81.530,0,0
1523887980,81.470,81.470,81.470,81.470,0,0
1523888100,81.450,81.420,81.420,81.460,3949,45499
1523888160,81.390,81.390,81.390,81.390,0,0
1523888280,81.360,81.360,81.360,81.360,0,0
1523888400,81.380,81.390,81.380,81.390,3622,49448
1523888460,81.430,81.460,81.430,81.480,0,0
1523888520,81.540,81.540,81.540,81.540,0,0
1523888640,81.550,81.550,81.550,81.550,0,0
1523888700,81.550,81.550,81.550,81.550,5570,53070
1523888760,81.480,81.320,81.320,81.480,0,0
1523888820,81.490,81.460,81.450,81.490,0,0
1523888880,81.480,81.580,81.480,81.580,0,0
1523888940,81.520,81.520,81.520,81.520,0,0
1523889000,81.530,81.460,81.460,81.530,5683,58640
1523889180,81.420,81.420,81.420,81.420,0,0
1523889240,81.400,81.390,81.390,81.430,0,0
1523889300,81.390,81.380,81.380,81.390,2733,64323
1523889360,81.400,81.400,81.400,81.400,0,0
1523889480,81.300,81.300,81.300,81.300,0,0
1523889540,81.240,81.240,81.240,81.240,0,0
1523889600,81.210,81.220,81.180,81.220,4114,67056
1523889720,81.210,81.220,81.180,81.220,0,0
1523889780,81.290,81.280,81.280,81.320,0,0
1523889840,81.360,81.360,81.360,81.360,0,0
1523889900,81.380,81.190,81.190,81.380,4681,71170
1523889960,81.380,81.190,81.190,81.380,0,0
1523890080,81.250,81.250,81.250,81.250,0,0
1523890140,81.250,81.300,81.250,81.300,0,0
1523890200,81.300,81.320,81.300,81.320,5116,75851
1523890260,81.350,81.390,81.350,81.390,0,0
1523890320,81.390,81.410,81.390,81.410,0,0
1523890380,81.460,81.480,81.460,81.480,0,0
1523890440,81.450,81.550,81.450,81.550,0,0
1523890500,81.610,81.610,81.610,81.610,3227,80967
1523890560,81.610,81.610,81.610,81.610,0,0
1523890740,81.540,81.470,81.470,81.540,0,0
1523890800,81.450,81.450,81.450,81.450,12154,84194
1523890860,81.440,81.380,81.380,81.440,0,0
1523890920,81.410,81.440,81.410,81.470,0,0
1523890980,81.490,81.480,81.480,81.490,0,0
1523891040,81.370,81.290,81.290,81.370,0,0
1523891100,81.340,81.330,81.290,81.340,10718,96348
1523891160,81.390,81.350,81.300,81.390,0,0
1523891220,81.390,81.370,81.320,81.390,0,0
1523891280,81.340,81.320,81.320,81.410,0,0
1523891400,81.390,81.240,81.190,81.390,10182,107066
1523891460,81.250,81.220,81.220,81.280,0,0
1523891520,81.180,81.190,81.180,81.190,0,0
1523891580,81.140,81.090,81.090,81.150,0,0
1523891640,81.070,81.100,81.070,81.130,0,0
1523891700,81.120,81.080,81.080,81.120,9120,117248
1523891760,81.100,81.200,81.080,81.200,0,0
1523891820,81.110,81.170,81.110,81.170,0,0
1523891880,81.140,81.200,81.140,81.200,0,0
1523891940,81.200,81.190,81.140,81.200,0,0
1523892000,81.200,81.220,81.200,81.220,6002,126368
1523892060,81.320,81.280,81.280,81.320,0,0
1523892120,81.310,81.280,81.280,81.310,0,0
1523892180,81.260,81.240,81.190,81.260,0,0
1523892240,81.310,81.350,81.260,81.350,0,0
1523892300,81.390,81.320,81.320,81.390,7785,132370
1523892360,81.330,81.330,81.330,81.330,0,0
1523892420,81.230,81.310,81.230,81.310,0,0
1523892480,81.280,81.180,81.180,81.280,0,0
1523892540,81.260,81.180,81.180,81.260,0,0
1523892600,81.240,81.190,81.190,81.240,7494,140155
1523892660,81.150,81.170,81.100,81.170,0,0
1523892780,81.240,81.220,81.220,81.240,0,0
1523892840,81.180,81.190,81.180,81.250,0,0
1523892900,81.170,81.110,81.110,81.170,4525,147649
1523892960,81.210,81.230,81.210,81.290,0,0
1523893020,81.250,81.210,81.210,81.250,0,0
1523893140,81.290,81.290,81.290,81.290,0,0
1523893200,81.230,81.230,81.230,81.230,24096,152174
1523893260,81.250,81.090,81.090,81.250,0,0
1523893320,81.140,81.070,81.060,81.140,0,0
1523893380,81.130,81.220,81.120,81.220,0,0
1523893500,81.210,81.210,81.210,81.210,3973,176270
1523893560,81.270,81.210,81.210,81.270,0,0
1523893740,81.230,81.240,81.230,81.240,0,0
1523893800,81.300,81.280,81.280,81.300,4061,180243
1523893860,81.300,81.280,81.280,81.300,0,0
1523893920,81.320,81.320,81.320,81.320,0,0
1523893980,81.350,81.320,81.320,81.350,0,0
1523894040,81.320,81.320,81.320,81.320,0,0
1523894100,81.290,81.290,81.290,81.290,3407,184304
1523894280,81.440,81.430,81.420,81.470,0,0
1523894340,81.360,81.360,81.360,81.360,0,0
1523894400,81.390,81.390,81.390,81.390,2690,187711
1523894580,81.580,81.500,81.500,81.580,0,0
1523894640,81.550,81.550,81.550,81.550,0,0
1523894700,81.580,81.580,81.580,81.580,1716,190401
1523894760,81.600,81.540,81.540,81.600,0,0
1523894880,81.550,81.550,81.550,81.550,0,0
1523895000,81.620,81.620,81.620,81.620,5616,192117
1523895060,81.650,81.650,81.650,81.650,0,0
1523895120,81.610,81.610,81.610,81.610,0,0
1523895180,81.690,81.690,81.690,81.690,0,0
1523895240,81.730,81.710,81.640,81.730,0,0
1523895300,81.640,81.640,81.640,81.640,1688,197733
1523895480,81.670,81.670,81.670,81.670,0,0
1523895540,81.720,81.720,81.720,81.720,0,0
1523895600,81.710,81.710,81.710,81.710,3671,199421
1523895660,81.720,81.620,81.620,81.720,0,0
1523895780,81.650,81.650,81.650,81.650,0,0
1523895840,81.690,81.700,81.690,81.700,0,0
1523895900,81.700,81.700,81.700,81.700,2229,203092
1523895960,81.700,81.700,81.700,81.700,0,0
1523896020,81.750,81.750,81.750,81.750,0,0
1523896080,81.720,81.690,81.690,81.720,0,0
1523896200,81.740,81.740,81.740,81.740,2805,205321
1523896260,81.770,81.770,81.770,81.770,0,0
1523896320,81.730,81.740,81.700,81.740,0,0
1523896440,81.660,81.660,81.660,81.660,0,0
1523896500,81.600,81.600,81.600,81.600,1406,208126
1523896620,81.550,81.600,81.550,81.600,0,0
1523896740,81.630,81.630,81.630,81.630,0,0
1523896800,81.640,81.650,81.640,81.650,1109,209532
1523896920,81.670,81.670,81.670,81.670,0,0
1523897040,81.670,81.670,81.670,81.670,0,0
1523897100,81.620,81.600,81.600,81.620,3292,210641
1523897340,81.610,81.610,81.610,81.610,0,0
1523897400,81.610,81.620,81.610,81.630,4903,213933
1523897520,81.720,81.750,81.720,81.750,0,0
1523897580,81.740,81.710,81.710,81.740,0,0
1523897640,81.680,81.680,81.680,81.680,0,0
1523897700,81.670,81.670,81.670,81.670,908,218836
1523897760,81.670,81.670,81.670,81.670,0,0
1523897820,81.700,81.700,81.700,81.700,0,0
1523897880,81.700,81.700,81.700,81.700,0,0
1523898000,81.750,81.750,81.750,81.750,8077,219744
1523898060,81.740,81.700,81.700,81.740,0,0
1523898180,81.730,81.770,81.730,81.770,0,0
1523898240,81.770,81.790,81.770,81.790,0,0
1523898300,81.820,81.820,81.820,81.820,2821,227821
1523898360,81.820,81.790,81.790,81.820,0,0
1523898420,81.790,81.840,81.790,81.840,0,0
1523898480,81.850,81.850,81.850,81.850,0,0
1523898540,81.880,81.880,81.880,81.880,0,0
1523898600,81.920,81.880,81.880,81.960,5006,230642
1523898780,81.850,81.900,81.850,81.900,0,0
1523898840,81.920,81.930,81.920,81.940,0,0
1523898900,81.910,81.910,81.910,81.910,1516,235648
1523898960,81.890,81.890,81.890,81.890,0,0
1523899020,81.880,81.840,81.840,81.880,0,0
1523899200,81.890,81.890,81.890,81.890,1480,237164
1523899380,81.890,81.890,81.890,81.890,0,0
1523899440,81.920,81.920,81.920,81.920,0,0
1523899500,81.900,81.900,81.900,81.900,1980,238644
1523899560,81.900,81.900,81.900,81.900,0,0
1523899620,81.900,81.900,81.900,81.900,0,0
1523899680,81.830,81.830,81.830,81.830,0,0
1523899740,81.820,81.820,81.820,81.820,0,0
1523899800,81.780,81.840,81.780,81.840,5091,240624
1523899920,81.920,81.920,81.920,81.920,0,0
1523899980,81.950,81.900,81.900,81.950,0,0
1523900040,81.880,81.870,81.870,81.880,0,0
1523900100,81.790,81.790,81.790,81.790,3462,245715
1523900160,81.900,81.880,81.830,81.900,0,0
1523900280,81.830,81.810,81.810,81.830,0,0
1523900400,81.840,81.840,81.840,81.840,2552,249177
1523900460,81.840,81.840,81.840,81.840,0,0
1523900520,81.780,81.740,81.740,81.780,0,0
1523900580,81.760,81.770,81.760,81.770,0,0
1523900640,81.810,81.810,81.810,81.810,0,0
1523900700,81.820,81.820,81.820,81.820,3152,251729
1523900760,81.820,81.820,81.820,81.820,0,0
1523900820,81.830,81.870,81.830,81.870,0,0
1523900880,81.840,81.770,81.770,81.840,0,0
1523900940,81.780,81.780,81.780,81.780,0,0
1523901000,81.760,81.760,81.760,81.760,1463,254881
1523901120,81.700,81.700,81.700,81.700,0,0
1523901180,81.690,81.690,81.690,81.690,0,0
1523901300,81.730,81.730,81.730,81.730,1821,256344
1523901360,81.710,81.710,81.710,81.710,0,0
1523901540,81.770,81.770,81.770,81.770,0,0
1523901600,81.790,81.790,81.790,81.790,5873,258165
1523901660,81.800,81.800,81.800,81.800,0,0
1523901720,81.830,81.790,81.790,81.830,0,0
1523901780,81.690,81.710,81.690,81.710,0,0
1523901840,81.760,81.770,81.760,81.770,0,0
1523901900,81.740,81.740,81.740,81.740,2714,264038
1523901960,81.670,81.670,81.670,81.670,0,0
1523902020,81.700,81.700,81.700,81.700,0,0
1523902200,81.690,81.690,81.690,81.690,4113,266752
1523902260,81.680,81.720,81.680,81.720,0,0
1523902320,81.730,81.730,81.730,81.730,0,0
1523902380,81.710,81.730,81.710,81.740,0,0
1523902440,81.670,81.670,81.670,81.670,0,0
1523902500,81.690,81.680,81.680,81.690,2852,270865
1523902620,81.710,81.750,81.710,81.750,0,0
1523902680,81.780,81.750,81.750,81.780,0,0
1523902740,81.700,81.700,81.700,81.700,0,0
1523902800,81.720,81.720,81.720,81.720,2703,273717
1523902860,81.730,81.730,81.730,81.730,0,0
1523902920,81.740,81.740,81.740,81.740,0,0
1523902980,81.760,81.760,81.760,81.760,0,0
1523903040,81.760,81.760,81.760,81.760,0,0
1523903100,81.720,81.640,81.640,81.720,5659,276420
1523903220,81.630,81.700,81.630,81.700,0,0
1523903280,81.670,81.670,81.670,81.670,0,0
1523903400,81.650,81.650,81.650,81.650,2149,282079
1523903460,81.720,81.720,81.720,81.720,0,0
1523903520,81.720,81.720,81.720,81.720,0,0
1523903640,81.730,81.730,81.730,81.730,0,0
1523903700,81.750,81.720,81.720,81.750,4989,284228
1523903760,81.730,81.730,81.730,81.730,0,0
1523903880,81.750,81.720,81.720,81.750,0,0
1523904000,81.730,81.730,81.730,81.730,4716,289217
1523904120,81.660,81.640,81.640,81.660,0,0
1523904180,81.640,81.640,81.640,81.640,0,0
1523904240,81.660,81.670,81.660,81.670,0,0
1523904300,81.640,81.690,81.640,81.690,5995,293933
1523904360,81.700,81.690,81.690,81.700,0,0
1523904420,81.680,81.680,81.680,81.680,0,0
1523904540,81.690,81.640,81.640,81.690,0,0
1523904600,81.700,81.700,81.700,81.700,4707,299928
1523904660,81.710,81.710,81.710,81.710,0,0
1523904780,81.690,81.660,81.660,81.690,0,0
1523904840,81.640,81.590,81.590,81.640,0,0
1523904900,81.560,81.490,81.490,81.560,3074,304635
1523904960,81.540,81.540,81.540,81.540,0,0
1523905020,81.580,81.580,81.580,81.580,0,0
1523905080,81.560,81.560,81.560,81.560,0,0
1523905140,81.590,81.590,81.590,81.590,0,0
1523905200,81.610,81.610,81.610,81.610,4575,307709
1523905260,81.610,81.610,81.610,81.610,0,0
1523905320,81.580,81.580,81.580,81.580,0,0
1523905380,81.570,81.580,81.570,81.580,0,0
1523905500,81.610,81.610,81.610,81.610,2875,312284
1523905560,81.590,81.580,81.580,81.590,0,0
1523905620,81.540,81.520,81.520,81.540,0,0
1523905680,81.520,81.520,81.520,81.520,0,0
1523905800,81.520,81.510,81.510,81.520,4319,315159
1523905860,81.520,81.510,81.510,81.520,0,0
1523905920,81.540,81.560,81.540,81.560,0,0
1523905980,81.540,81.520,81.520,81.540,0,0
1523906040,81.530,81.530,81.530,81.530,0,0
1523906100,81.550,81.510,81.510,81.550,5711,319478
1523906160,81.550,81.510,81.510,81.550,0,0
1523906220,81.480,81.480,81.480,81.480,0,0
1523906340,81.490,81.500,81.490,81.500,0,0
1523906400,81.500,81.470,81.470,81.500,12190,325189
1523906460,81.390,81.390,81.390,81.390,0,0
1523906520,81.360,81.360,81.360,81.360,0,0
1523906580,81.360,81.340,81.340,81.360,0,0
1523906640,81.310,81.340,81.310,81.340,0,0
1523906700,81.310,81.310,81.310,81.310,15679,337379
1523906760,81.300,81.370,81.300,81.370,0,0
1523906820,81.370,81.380,81.370,81.380,0,0
1523906880,81.360,81.350,81.350,81.360,0,0
1523906940,81.330,81.320,81.320,81.340,0,0
1523907000,81.290,81.300,81.290,81.300,11607,353058
1523907060,81.300,81.330,81.300,81.330,0,0
1523907120,81.330,81.300,81.300,81.330,0,0
1523907180,81.310,81.320,81.310,81.330,0,0
1523907240,81.330,81.330,81.330,81.330,0,0
1523907300,81.330,81.340,81.330,81.340,16545,364665
1523907360,81.330,81.320,81.320,81.340,0,0
1523907420,81.330,81.290,81.280,81.330,0,0
1523907480,81.240,81.260,81.240,81.260,0,0
1523907540,81.230,81.230,81.230,81.230,0,0
1523907600,81.280,81.270,81.250,81.280,20877,381210
1523907660,81.300,81.300,81.300,81.300,0,0
1523907720,81.290,81.280,81.270,81.290,0,0
1523907780,81.270,81.300,81.270,81.300,0,0
1523907840,81.300,81.360,81.300,81.360,0,0
1523907900,81.330,81.260,81.260,81.330,17119,402087
1523907960,81.250,81.260,81.250,81.260,0,0
1523908020,81.250,81.200,81.200,81.250,0,0
1523908080,81.210,81.200,81.200,81.220,0,0
1523908140,81.200,81.220,81.200,81.220,0,0
1523908200,81.200,81.220,81.200,81.230,33615,419206
1523908260,81.230,81.270,81.230,81.270,0,0
1523908320,81.260,81.270,81.260,81.270,0,0
1523908380,81.260,81.230,81.230,81.270,0,0
1523908440,81.220,81.200,81.200,81.240,0,0
1523908500,81.190,81.200,81.170,81.210,96977,452821
1523908560,81.190,81.180,81.180,81.200,0,0
1523908620,81.180,81.170,81.170,81.180,0,0
1523908680,81.160,81.130,81.130,81.160,0,0
1523908740,81.140,81.150,81.120,81.160,0,0
1523971800,81.730,81.790,81.720,81.790,20819,0
1523971860,81.730,81.790,81.720,81.790,0,0
1523971920,81.840,81.840,81.840,81.840,0,0
1523971980,81.950,82.060,81.950,82.060,0,0
1523972040,82.060,82.060,82.060,82.060,0,0
1523972100,82.050,82.050,82.050,82.050,2649,20819
1523972220,82.060,82.060,82.060,82.060,0,0
1523972280,81.900,81.900,81.900,81.900,0,0
1523972400,81.910,81.910,81.910,81.910,3518,23468
1523972460,81.970,82.020,81.970,82.020,0,0
1523972520,81.840,81.840,81.840,81.840,0,0
1523972700,81.800,81.700,81.700,81.800,11784,26986
1523972760,81.740,81.740,81.740,81.740,0,0
1523972820,81.800,81.820,81.800,81.820,0,0
1523972940,81.780,81.780,81.780,81.780,0,0
1523973000,81.780,81.780,81.780,81.780,12662,38770
1523973060,81.630,81.750,81.630,81.750,0,0
1523973120,81.740,81.750,81.650,81.750,0,0
1523973180,81.700,81.700,81.700,81.700,0,0
1523973240,81.580,81.580,81.580,81.580,0,0
1523973300,81.510,81.550,81.510,81.610,8935,51432
1523973360,81.540,81.550,81.520,81.560,0,0
1523973420,81.430,81.370,81.370,81.430,0,0
1523973480,81.480,81.480,81.480,81.480,0,0
1523973540,81.350,81.380,81.350,81.380,0,0
1523973600,81.410,81.440,81.410,81.440,5590,60367
1523973660,81.450,81.450,81.450,81.450,0,0
1523973720,81.310,81.360,81.310,81.390,0,0
1523973780,81.350,81.350,81.350,81.350,0,0
1523973840,81.360,81.270,81.270,81.360,0,0
1523973900,81.300,81.260,81.260,81.300,9402,65957
1523973960,81.300,81.300,81.300,81.300,0,0
1523974020,81.380,81.580,81.380,81.580,0,0
1523974080,81.570,81.560,81.560,81.580,0,0
1523974140,81.470,81.460,81.460,81.470,0,0
1523974200,81.480,81.480,81.480,81.480,7547,75359
1523974260,81.430,81.430,81.430,81.430,0,0
1523974380,81.410,81.450,81.400,81.450,0,0
1523974440,81.370,81.370,81.370,81.370,0,0
1523974500,81.360,81.280,81.280,81.360,9552,82906
1523974560,81.230,81.170,81.170,81.230,0,0
1523974620,81.170,81.230,81.170,81.230,0,0
1523974680,81.240,81.200,81.200,81.290,0,0
1523974740,81.210,81.220,81.210,81.220,0,0
1523974800,81.220,81.100,81.100,81.220,14433,92458
1523974860,81.160,81.100,81.100,81.160,0,0
1523974920,81.130,81.170,81.120,81.170,0,0
1523974980,81.170,81.190,81.170,81.200,0,0
1523975040,81.170,81.210,81.140,81.220,0,0
1523975100,81.160,81.110,81.090,81.160,4272,106891
1523975160,81.170,81.130,81.130,81.170,0,0
1523975220,81.170,81.090,81.090,81.170,0,0
1523975340,81.130,81.060,81.060,81.130,0,0
1523975400,81.090,81.210,81.090,81.210,10793,111163
1523975460,81.230,81.190,81.190,81.230,0,0
1523975520,81.130,81.160,81.130,81.160,0,0
1523975580,81.160,81.200,81.160,81.200,0,0
1523975640,81.200,81.200,81.200,81.200,0,0
1523975700,81.230,81.320,81.230,81.320,6679,121956
1523975760,81.320,81.290,81.270,81.320,0,0
1523975940,81.260,81.330,81.260,81.330,0,0
1523976000,81.360,81.460,81.360,81.460,7420,128635
1523976060,81.360,81.460,81.360,81.460,0,0
1523976180,81.480,81.540,81.480,81.540,0,0
1523976240,81.580,81.580,81.580,81.580,0,0
1523976300,81.600,81.620,81.600,81.620,8359,136055
1523976360,81.600,81.600,81.600,81.600,0,0
1523976420,81.580,81.630,81.580,81.630,0,0
1523976480,81.590,81.570,81.540,81.590,0,0
1523976600,81.640,81.660,81.640,81.670,8980,144414
1523976660,81.660,81.680,81.660,81.680,0,0
1523976720,81.750,81.760,81.750,81.760,0,0
1523976780,81.750,81.760,81.750,81.760,0,0
1523976840,81.780,81.770,81.770,81.780,0,0
1523976900,81.800,81.810,81.750,81.810,15060,153394
1523976960,81.830,81.880,81.830,81.880,0,0
1523977020,81.850,81.880,81.850,81.880,0,0
1523977080,81.870,81.810,81.810,81.870,0,0
1523977140,81.830,81.800,81.740,81.830,0,0
1523977200,81.820,81.850,81.820,81.850,5877,168454
1523977260,81.920,81.990,81.920,82.000,0,0
1523977440,82.110,82.060,82.060,82.110,0,0
1523977500,82.060,82.100,82.060,82.100,8585,174331
1523977560,82.040,82.020,82.020,82.040,0,0
1523977680,82.010,82.000,82.000,82.010,0,0
1523977740,82.020,81.840,81.840,82.020,0,0
1523977800,81.830,81.820,81.820,81.830,4262,182916
1523977860,81.950,81.950,81.950,81.950,0,0
1523977920,81.940,81.960,81.940,81.960,0,0
1523977980,81.900,81.900,81.900,81.900,0,0
1523978040,81.920,81.920,81.920,81.920,0,0
1523978100,81.980,81.980,81.980,81.980,3692,187178
1523978160,81.890,81.890,81.890,81.890,0,0
1523978280,81.960,81.960,81.960,81.960,0,0
1523978340,81.950,81.950,81.950,81.950,0,0
1523978400,81.930,81.930,81.930,81.930,957,190870
1523978580,81.930,81.930,81.930,81.930,0,0
1523978640,81.920,81.920,81.920,81.920,0,0
1523978700,81.940,81.940,81.940,81.940,1512,191827
1523978880,81.940,81.940,81.940,81.940,0,0
1523978940,81.960,81.960,81.960,81.960,0,0
1523979000,81.890,81.940,81.890,81.940,4275,193339
1523979060,81.940,81.940,81.940,81.940,0,0
1523979120,81.960,81.940,81.940,81.960,0,0
1523979180,81.920,81.940,81.920,81.940,0,0
1523979300,81.950,81.970,81.950,81.970,6016,197614
1523979360,81.970,81.970,81.970,81.970,0,0
1523979420,81.990,81.990,81.990,81.990,0,0
1523979480,82.010,82.010,82.010,82.010,0,0
1523979540,82.000,81.940,81.940,82.000,0,0
1523979600,81.940,81.940,81.940,81.940,3173,203630
1523979660,81.930,81.930,81.930,81.930,0,0
1523979780,81.910,81.950,81.910,81.950,0,0
1523979840,81.960,81.960,81.960,81.960,0,0
1523979900,81.940,81.990,81.940,81.990,3490,206803
1523979960,81.940,81.990,81.940,81.990,0,0
1523980020,82.060,82.030,82.030,82.060,0,0
1523980080,82.000,82.000,82.000,82.000,0,0
1523980140,81.980,81.980,81.980,81.980,0,0
1523980200,81.960,81.900,81.900,81.960,3701,210293
1523980260,81.860,81.860,81.860,81.860,0,0
1523980320,81.830,81.830,81.830,81.830,0,0
1523980380,81.860,81.860,81.860,81.860,0,0
1523980500,81.840,81.840,81.840,81.840,2451,213994
1523980560,81.840,81.840,81.840,81.840,0,0
1523980680,81.810,81.810,81.810,81.810,0,0
1523980800,81.870,81.850,81.850,81.870,6113,216445
1523980860,81.910,81.910,81.910,81.910,0,0
1523980980,81.890,81.890,81.890,81.890,0,0
1523981040,81.900,81.890,81.890,81.900,0,0
1523981100,81.850,81.850,81.850,81.850,2344,222558
1523981160,81.900,81.890,81.890,81.900,0,0
1523981340,81.850,81.830,81.830,81.850,0,0
1523981400,81.840,82.000,81.840,82.000,18975,224902
1523981520,81.930,81.930,81.930,81.930,0,0
1523981580,81.890,81.930,81.890,81.930,0,0
1523981640,81.930,81.930,81.930,81.930,0,0
1523981700,81.920,81.920,81.920,81.920,3387,243877
1523981880,81.890,81.730,81.730,81.890,0,0
1523982000,81.810,81.810,81.810,81.810,5297,247264
1523982120,81.830,81.830,81.830,81.830,0,0
1523982180,81.850,81.900,81.850,81.900,0,0
1523982240,81.900,81.850,81.850,81.900,0,0
1523982300,81.890,81.890,81.890,81.890,3697,252561
1523982420,81.910,81.890,81.890,81.910,0,0
1523982480,81.890,81.890,81.890,81.890,0,0
1523982540,81.890,81.890,81.890,81.890,0,0
1523982600,81.890,81.890,81.890,81.890,4586,256258
1523982660,81.900,81.880,81.880,81.900,0,0
1523982720,81.880,81.850,81.850,81.890,0,0
1523982780,81.840,81.840,81.840,81.840,0,0
1523982840,81.890,81.870,81.870,81.890,0,0
1523982900,81.840,81.800,81.770,81.840,3349,260844
1523982960,81.750,81.750,81.750,81.750,0,0
1523983020,81.800,81.800,81.800,81.800,0,0
1523983080,81.810,81.810,81.810,81.810,0,0
1523983140,81.770,81.770,81.770,81.770,0,0
1523983200,81.810,81.730,81.730,81.810,4790,264193
1523983260,81.780,81.750,81.750,81.780,0,0
1523983320,81.750,81.720,81.720,81.750,0,0
1523983380,81.820,81.780,81.780,81.820,0,0
1523983440,81.780,81.750,81.750,81.780,0,0
1523983500,81.800,81.800,81.800,81.800,944,268983
1523983560,81.750,81.750,81.750,81.750,0,0
1523983680,81.790,81.790,81.790,81.790,0,0
1523983800,81.810,81.820,81.810,81.820,3298,269927
1523983860,81.820,81.820,81.820,81.820,0,0
1523983920,81.840,81.840,81.840,81.840,0,0
1523983980,81.840,81.810,81.810,81.840,0,0
1523984040,81.810,81.780,81.780,81.810,0,0
1523984100,81.770,81.800,81.770,81.800,3519,273225
1523984160,81.770,81.800,81.770,81.800,0,0
1523984280,81.770,81.770,81.770,81.770,0,0
1523984340,81.770,81.770,81.770,81.770,0,0
1523984400,81.750,81.770,81.750,81.770,4984,276744
1523984460,81.810,81.810,81.810,81.810,0,0
1523984520,81.810,81.810,81.810,81.810,0,0
1523984580,81.860,81.890,81.860,81.890,0,0
1523984640,81.900,81.800,81.800,81.910,0,0
1523984700,81.800,81.800,81.800,81.800,2780,281728
1523984760,81.830,81.830,81.830,81.830,0,0
1523984820,81.830,81.830,81.830,81.830,0,0
1523984940,81.830,81.750,81.750,81.830,0,0
1523985000,81.790,81.810,81.790,81.810,2027,284508
1523985060,81.830,81.810,81.810,81.830,0,0
1523985180,81.810,81.800,81.800,81.810,0,0
1523985240,81.790,81.790,81.790,81.790,0,0
1523985300,81.750,81.710,81.710,81.750,3515,286535
1523985360,81.720,81.720,81.720,81.720,0,0
1523985420,81.650,81.650,81.650,81.650,0,0
1523985600,81.690,81.690,81.690,81.690,3192,290050
1523985660,81.660,81.660,81.660,81.660,0,0
1523985720,81.690,81.670,81.670,81.690,0,0
1523985780,81.750,81.750,81.750,81.750,0,0
1523985840,81.730,81.730,81.730,81.730,0,0
1523985900,81.750,81.750,81.750,81.750,1014,293242
1523986020,81.790,81.790,81.790,81.790,0,0
1523986140,81.790,81.790,81.790,81.790,0,0
1523986200,81.820,81.830,81.800,81.830,5338,294256
1523986260,81.820,81.750,81.750,81.820,0,0
1523986320,81.800,81.800,81.800,81.800,0,0
1523986380,81.810,81.810,81.810,81.810,0,0
1523986440,81.830,81.820,81.820,81.830,0,0
1523986500,81.810,81.820,81.810,81.820,301,299594
1523986680,81.820,81.820,81.820,81.820,0,0
1523986740,81.820,81.820,81.820,81.820,0,0
1523986800,81.820,81.820,81.820,81.820,5320,299895
1523986860,81.820,81.820,81.820,81.820,0,0
1523986920,81.820,81.820,81.820,81.820,0,0
1523986980,81.850,81.810,81.810,81.850,0,0
1523987040,81.790,81.790,81.790,81.790,0,0
1523987100,81.810,81.810,81.810,81.810,5935,305215
1523987160,81.800,81.850,81.800,81.850,0,0
1523987220,81.850,81.840,81.840,81.870,0,0
1523987280,81.800,81.830,81.750,81.830,0,0
1523987340,81.820,81.820,81.820,81.820,0,0
1523987400,81.790,81.790,81.790,81.790,3012,311150
1523987520,81.770,81.800,81.750,81.800,0,0
1523987580,81.790,81.850,81.790,81.850,0,0
1523987640,81.810,81.810,81.810,81.810,0,0
1523987700,81.770,81.770,81.770,81.770,3600,314162
1523987760,81.760,81.770,81.760,81.770,0,0
1523987820,81.720,81.720,81.720,81.720,0,0
1523987880,81.780,81.780,81.780,81.780,0,0
1523987940,81.750,81.750,81.750,81.750,0,0
1523988000,81.750,81.770,81.750,81.770,3400,317762
1523988060,81.790,81.770,81.770,81.790,0,0
1523988120,81.820,81.810,81.800,81.820,0,0
1523988180,81.810,81.800,81.800,81.820,0,0
1523988240,81.820,81.820,81.820,81.820,0,0
1523988300,81.830,81.830,81.830,81.830,4607,321162
1523988360,81.820,81.800,81.800,81.820,0,0
1523988420,81.810,81.820,81.810,81.820,0,0
1523988540,81.840,81.820,81.820,81.840,0,0
1523988600,81.810,81.800,81.800,81.810,10634,325769
1523988720,81.830,81.820,81.820,81.860,0,0
1523988780,81.820,81.750,81.750,81.860,0,0
1523988900,81.800,81.810,81.800,81.810,4954,336403
1523988960,81.830,81.830,81.830,81.830,0,0
1523989080,81.840,81.820,81.820,81.840,0,0
1523989140,81.840,81.820,81.820,81.840,0,0
1523989200,81.800,81.790,81.790,81.800,5380,341357
1523989260,81.770,81.760,81.760,81.770,0,0
1523989380,81.750,81.730,81.730,81.780,0,0
1523989440,81.760,81.760,81.760,81.760,0,0
1523989500,81.730,81.740,81.730,81.740,4232,346737
1523989620,81.760,81.760,81.760,81.760,0,0
1523989680,81.800,81.830,81.800,81.830,0,0
1523989740,81.830,81.840,81.830,81.840,0,0
1523989800,81.830,81.830,81.830,81.830,4125,350969
1523989860,81.850,81.860,81.830,81.860,0,0
1523989920,81.890,81.910,81.890,81.910,0,0
1523989980,81.910,81.910,81.910,81.910,0,0
1523990040,81.910,81.960,81.910,81.960,0,0
1523990100,81.920,81.900,81.900,81.920,9236,355094
1523990160,81.950,81.930,81.930,81.950,0,0
1523990220,81.970,81.970,81.970,81.970,0,0
1523990280,81.930,81.940,81.930,81.940,0,0
1523990340,81.950,81.910,81.910,81.990,0,0
1523990400,81.900,81.900,81.900,81.900,4224,364330
1523990460,81.930,81.950,81.930,81.950,0,0
1523990520,81.980,81.980,81.980,81.980,0,0
1523990580,81.980,81.980,81.980,81.980,0,0
1523990640,81.980,81.980,81.980,81.980,0,0
1523990700,82.010,81.990,81.990,82.010,2717,368554
1523990820,81.990,82.000,81.990,82.000,0,0
1523990880,81.970,81.970,81.970,81.970,0,0
1523990940,81.980,81.980,81.980,81.980,0,0
1523991000,81.940,81.930,81.930,81.940,16692,371271
1523991060,81.950,81.950,81.950,81.950,0,0
1523991120,81.940,81.930,81.930,81.940,0,0
1523991180,81.940,81.960,81.930,81.960,0,0
1523991240,81.970,81.940,81.940,81.970,0,0
1523991300,81.950,81.970,81.950,81.970,6973,387963
1523991360,81.980,81.980,81.980,81.980,0,0
1523991420,81.990,82.030,81.990,82.030,0,0
1523991480,82.030,82.030,82.030,82.030,0,0
1523991540,82.030,82.030,82.030,82.030,0,0
1523991600,82.020,82.020,82.020,82.020,10586,394936
1523991780,82.020,82.040,82.020,82.040,0,0
1523991840,82.010,82.000,81.990,82.010,0,0
1523991900,81.980,81.940,81.910,81.980,12278,405522
1523991960,81.940,81.990,81.940,81.990,0,0
1523992020,82.030,82.050,82.030,82.050,0,0
1523992080,82.000,82.000,82.000,82.000,0,0
1523992140,81.990,81.950,81.950,81.990,0,0
1523992200,81.940,82.010,81.940,82.010,10225,417800
1523992260,82.020,82.020,82.020,82.020,0,0
1523992320,82.010,82.020,82.010,82.020,0,0
1523992380,82.020,81.990,81.990,82.020,0,0
1523992440,81.990,81.990,81.990,81.990,0,0
1523992500,82.020,82.020,82.020,82.020,8055,428025
1523992560,82.020,82.020,82.020,82.020,0,0
1523992620,82.020,82.020,82.020,82.020,0,0
1523992680,82.050,82.120,82.050,82.120,0,0
1523992740,82.130,82.110,82.110,82.130,0,0
1523992800,82.200,82.200,82.200,82.200,11922,436080
1523992860,82.180,82.200,82.180,82.200,0,0
1523992920,82.150,82.120,82.120,82.150,0,0
1523992980,82.100,82.100,82.100,82.100,0,0
1523993040,82.080,82.050,82.050,82.080,0,0
1523993100,82.070,82.070,82.070,82.070,4772,448002
1523993220,82.120,82.140,82.120,82.140,0,0
1523993280,82.120,82.120,82.120,82.120,0,0
1523993340,82.170,82.170,82.170,82.170,0,0
1523993400,82.170,82.200,82.160,82.200,15026,452774
1523993460,82.190,82.230,82.190,82.260,0,0
1523993520,82.250,82.260,82.250,82.260,0,0
1523993580,82.250,82.250,82.250,82.250,0,0
1523993640,82.260,82.230,82.230,82.260,0,0
1523993700,82.240,82.240,82.240,82.240,13043,467800
1523993760,82.250,82.200,82.200,82.250,0,0
1523993820,82.220,82.230,82.200,82.250,0,0
1523993880,82.220,82.200,82.200,82.220,0,0
1523993940,82.200,82.150,82.150,82.200,0,0
1523994000,82.150,82.130,82.130,82.150,11578,480843
1523994060,82.140,82.100,82.100,82.140,0,0
1523994120,82.100,82.060,82.060,82.110,0,0
1523994180,82.110,82.120,82.100,82.120,0,0
1523994240,82.140,82.140,82.140,82.140,0,0
1523994300,82.170,82.160,82.140,82.170,14119,492421
1523994360,82.140,82.160,82.140,82.170,0,0
1523994420,82.190,82.170,82.170,82.190,0,0
1523994480,82.180,82.180,82.180,82.180,0,0
1523994540,82.190,82.190,82.190,82.190,0,0
1523994600,82.190,82.150,82.150,82.190,27956,506540
1523994660,82.140,82.140,82.140,82.140,0,0
1523994720,82.150,82.130,82.130,82.150,0,0
1523994780,82.130,82.160,82.130,82.160,0,0
1523994840,82.130,82.130,82.130,82.130,0,0
1523994900,82.140,82.110,82.100,82.140,166253,534496
1523994960,82.090,82.060,82.060,82.100,0,0
1523995020,82.070,82.030,82.030,82.070,0,0
1523995080,82.040,82.050,82.030,82.060,0,0
1523995140,82.050,82.100,82.050,82.110,0,0
1524058200,82.270,82.250,82.250,82.270,9373,0
1524058380,82.270,82.250,82.250,82.270,0,0
1524058440,81.960,82.300,81.960,82.300,0,0
1524058500,82.370,82.370,82.370,82.370,4035,9373
1524058620,82.220,82.220,82.220,82.220,0,0
1524058680,82.170,82.170,82.170,82.170,0,0
1524058800,81.970,81.870,81.870,81.970,5803,13408
1524058860,82.250,82.340,82.250,82.340,0,0
1524058920,82.390,82.390,82.390,82.390,0,0
1524058980,82.470,82.470,82.470,82.470,0,0
1524059040,82.380,82.380,82.380,82.380,0,0
1524059100,82.340,82.440,82.340,82.440,7114,19211
1524059160,82.410,82.230,82.230,82.410,0,0
1524059220,82.270,82.390,82.270,82.390,0,0
1524059280,82.390,82.310,82.310,82.390,0,0
1524059400,82.350,82.350,82.350,82.350,15568,26325
1524059460,82.130,82.220,82.130,82.240,0,0
1524059520,82.150,82.080,82.080,82.150,0,0
1524059580,82.070,82.200,82.070,82.200,0,0
1524059640,82.120,82.120,82.120,82.120,0,0
1524059700,81.990,82.090,81.990,82.090,17681,41893
1524059880,82.140,82.210,82.070,82.210,0,0
1524059940,82.210,82.210,82.210,82.210,0,0
1524060000,82.110,82.150,82.110,82.150,8649,59574
1524060060,82.100,81.990,81.990,82.100,0,0
1524060120,81.970,81.970,81.970,81.970,0,0
1524060180,81.990,82.040,81.990,82.040,0,0
1524060300,82.060,82.020,82.020,82.060,4899,68223
1524060360,82.020,82.020,82.020,82.020,0,0
1524060420,81.920,81.920,81.920,81.920,0,0
1524060480,81.760,81.760,81.760,81.760,0,0
1524060540,81.840,81.840,81.840,81.840,0,0
1524060600,81.810,81.790,81.790,81.810,6532,73122
1524060840,81.810,81.790,81.790,81.810,0,0
1524060900,81.800,81.820,81.800,81.820,6204,79654
1524060960,81.930,81.930,81.930,81.930,0,0
1524061140,81.950,81.950,81.950,81.950,0,0
1524061200,81.920,81.920,81.920,81.920,4378,85858
1524061260,81.980,81.990,81.980,82.040,0,0
1524061320,82.020,82.050,82.020,82.050,0,0
1524061500,82.120,82.120,82.120,82.120,3741,90236
1524061560,82.090,82.090,82.090,82.090,0,0
1524061680,82.010,82.040,82.010,82.040,0,0
1524061740,82.040,82.040,82.040,82.040,0,0
1524061800,82.110,82.200,82.110,82.200,4588,93977
1524061860,82.110,82.200,82.110,82.200,0,0
1524061920,82.150,82.150,82.150,82.150,0,0
1524061980,82.200,82.270,82.200,82.270,0,0
1524062040,82.140,82.140,82.140,82.140,0,0
1524062100,82.060,82.170,82.060,82.170,18128,98565
1524062160,82.060,82.170,82.060,82.170,0,0
1524062220,82.140,82.130,82.130,82.140,0,0
1524062280,82.100,82.270,82.030,82.270,0,0
1524062340,82.230,82.360,82.230,82.360,0,0
1524062400,82.340,82.340,82.340,82.340,5216,116693
1524062520,82.440,82.370,82.370,82.440,0,0
1524062580,82.330,82.350,82.330,82.350,0,0
1524062640,82.350,82.380,82.310,82.380,0,0
1524062700,82.410,82.440,82.400,82.440,10671,121909
1524062760,82.410,82.410,82.410,82.410,0,0
1524062820,82.460,82.460,82.460,82.460,0,0
1524062880,82.350,82.330,82.330,82.350,0,0
1524062940,82.300,82.370,82.300,82.370,0,0
1524063000,82.420,82.440,82.420,82.440,7782,132580
1524063060,82.450,82.470,82.420,82.470,0,0
1524063120,82.440,82.410,82.410,82.440,0,0
1524063180,82.330,82.340,82.330,82.340,0,0
1524063300,82.410,82.390,82.390,82.410,3757,140362
1524063420,82.390,82.390,82.390,82.390,0,0
1524063480,82.330,82.290,82.290,82.330,0,0
1524063540,82.310,82.310,82.310,82.310,0,0
1524063600,82.230,82.280,82.230,82.280,7912,144119
1524063660,82.290,82.310,82.290,82.340,0,0
1524063720,82.340,82.320,82.320,82.340,0,0
1524063780,82.310,82.290,82.290,82.330,0,0
1524063840,82.330,82.330,82.330,82.330,0,0
1524063900,82.380,82.440,82.380,82.440,3128,152031
1524063960,82.380,82.440,82.380,82.440,0,0
1524064020,82.420,82.420,82.420,82.420,0,0
1524064080,82.420,82.430,82.410,82.430,0,0
1524064140,82.410,82.410,82.410,82.410,0,0
1524064200,82.440,82.450,82.430,82.450,4373,155159
1524064260,82.420,82.420,82.420,82.420,0,0
1524064380,82.390,82.390,82.390,82.390,0,0
1524064500,82.290,82.290,82.290,82.290,6004,159532
1524064560,82.300,82.320,82.300,82.320,0,0
1524064620,82.360,82.360,82.360,82.360,0,0
1524064680,82.380,82.380,82.380,82.380,0,0
1524064740,82.410,82.410,82.410,82.410,0,0
1524064800,82.380,82.350,82.350,82.380,6301,165536
1524064860,82.430,82.400,82.400,82.430,0,0
1524064920,82.440,82.440,82.440,82.440,0,0
1524064980,82.450,82.420,82.420,82.450,0,0
1524065040,82.400,82.440,82.400,82.480,0,0
1524065100,82.460,82.510,82.460,82.510,3721,171837
1524065160,82.470,82.510,82.470,82.510,0,0
1524065280,82.610,82.610,82.610,82.610,0,0
1524065340,82.640,82.590,82.590,82.640,0,0
1524065400,82.560,82.560,82.560,82.560,3847,175558
1524065580,82.520,82.520,82.520,82.520,0,0
1524065640,82.620,82.620,82.620,82.620,0,0
1524065700,82.680,82.680,82.680,82.680,5566,179405
1524065760,82.680,82.680,82.680,82.680,0,0
1524065820,82.610,82.620,82.610,82.620,0,0
1524065880,82.600,82.600,82.600,82.600,0,0
1524065940,82.620,82.520,82.480,82.620,0,0
1524066000,82.640,82.640,82.640,82.640,3006,184971
1524066060,82.610,82.540,82.540,82.610,0,0
1524066120,82.510,82.510,82.510,82.510,0,0
1524066180,82.480,82.480,82.480,82.480,0,0
1524066240,82.450,82.470,82.450,82.470,0,0
1524066300,82.450,82.400,82.400,82.450,4581,187977
1524066360,82.580,82.580,82.580,82.580,0,0
1524066420,82.510,82.510,82.510,82.510,0,0
1524066480,82.570,82.570,82.570,82.570,0,0
1524066540,82.530,82.520,82.520,82.530,0,0
1524066600,82.540,82.560,82.540,82.560,4822,192558
1524066660,82.600,82.620,82.600,82.620,0,0
1524066720,82.590,82.590,82.590,82.590,0,0
1524066780,82.540,82.530,82.530,82.540,0,0
1524066840,82.570,82.580,82.570,82.580,0,0
1524066900,82.610,82.610,82.610,82.610,6506,197380
1524066960,82.550,82.550,82.550,82.550,0,0
1524067020,82.560,82.500,82.500,82.560,0,0
1524067080,82.550,82.480,82.480,82.550,0,0
1524067140,82.490,82.480,82.480,82.490,0,0
1524067200,82.470,82.550,82.460,82.550,3079,203886
1524067320,82.580,82.580,82.580,82.580,0,0
1524067380,82.580,82.580,82.580,82.580,0,0
1524067440,82.510,82.580,82.510,82.580,0,0
1524067500,82.530,82.510,82.510,82.530,3259,206965
1524067560,82.530,82.510,82.510,82.530,0,0
1524067620,82.540,82.540,82.540,82.540,0,0
1524067680,82.500,82.480,82.480,82.510,0,0
1524067800,82.500,82.540,82.500,82.540,4020,210224
1524067860,82.500,82.540,82.500,82.540,0,0
1524067920,82.500,82.500,82.500,82.500,0,0
1524068040,82.450,82.430,82.430,82.450,0,0
1524068100,82.360,82.360,82.360,82.360,1465,214244
1524068160,82.360,82.360,82.360,82.360,0,0
1524068220,82.420,82.420,82.420,82.420,0,0
1524068400,82.410,82.410,82.410,82.410,5635,215709
1524068520,82.330,82.330,82.330,82.330,0,0
1524068580,82.310,82.310,82.310,82.310,0,0
1524068700,82.300,82.290,82.290,82.300,3436,221344
1524068760,82.310,82.310,82.310,82.310,0,0
1524068820,82.320,82.270,82.270,82.320,0,0
1524068880,82.230,82.210,82.210,82.230,0,0
1524068940,82.250,82.260,82.250,82.260,0,0
1524069000,82.240,82.230,82.230,82.240,4846,224780
1524069060,82.220,82.220,82.220,82.220,0,0
1524069120,82.250,82.250,82.250,82.250,0,0
1524069240,82.220,82.220,82.220,82.220,0,0
1524069300,82.280,82.280,82.280,82.280,6837,229626
1524069360,82.280,82.260,82.260,82.310,0,0
1524069420,82.220,82.220,82.220,82.220,0,0
1524069480,82.230,82.230,82.230,82.230,0,0
1524069540,82.240,82.300,82.240,82.310,0,0
1524069600,82.300,82.300,82.300,82.300,1348,236463
1524069660,82.330,82.330,82.330,82.330,0,0
1524069780,82.200,82.200,82.200,82.200,0,0
1524069840,82.260,82.260,82.260,82.260,0,0
1524069900,82.340,82.410,82.340,82.410,3926,237811
1524069960,82.340,82.410,82.340,82.410,0,0
1524070080,82.310,82.310,82.310,82.310,0,0
1524070140,82.330,82.320,82.320,82.330,0,0
1524070200,82.390,82.390,82.390,82.390,1623,241737
1524070380,82.420,82.460,82.420,82.460,0,0
1524070440,82.450,82.470,82.450,82.470,0,0
1524070500,82.390,82.410,82.390,82.420,6815,243360
1524070560,82.380,82.370,82.350,82.380,0,0
1524070620,82.390,82.390,82.390,82.390,0,0
1524070740,82.370,82.380,82.370,82.380,0,0
1524070800,82.380,82.380,82.380,82.380,3983,250175
1524070860,82.380,82.380,82.380,82.380,0,0
1524070920,82.390,82.390,82.390,82.390,0,0
1524070980,82.380,82.390,82.370,82.390,0,0
1524071040,82.390,82.360,82.360,82.390,0,0
1524071100,82.410,82.390,82.390,82.420,5914,254158
1524071160,82.410,82.390,82.390,82.420,0,0
1524071280,82.380,82.420,82.380,82.440,0,0
1524071340,82.440,82.350,82.340,82.440,0,0
1524071400,82.410,82.410,82.410,82.410,665,260072
1524071520,82.410,82.410,82.410,82.410,0,0
1524071700,82.400,82.370,82.370,82.400,2478,260737
1524071820,82.380,82.380,82.380,82.380,0,0
1524071880,82.380,82.400,82.380,82.400,0,0
1524071940,82.410,82.410,82.410,82.410,0,0
1524072000,82.420,82.420,82.420,82.420,6940,263215
1524072060,82.420,82.420,82.420,82.420,0,0
1524072120,82.380,82.380,82.380,82.380,0,0
1524072180,82.330,82.300,82.300,82.330,0,0
1524072240,82.270,82.270,82.270,82.270,0,0
1524072300,82.270,82.260,82.260,82.270,1050,270155
1524072480,82.260,82.290,82.260,82.290,0,0
1524072600,82.290,82.290,82.290,82.290,4035,271205
1524072660,82.250,82.250,82.250,82.250,0,0
1524072720,82.200,82.170,82.170,82.200,0,0
1524072780,82.230,82.220,82.220,82.230,0,0
1524072840,82.220,82.220,82.220,82.220,0,0
1524072900,82.190,82.190,82.190,82.190,2305,275240
1524072960,82.190,82.190,82.190,82.190,0,0
1524073020,82.200,82.220,82.200,82.220,0,0
1524073080,82.190,82.190,82.190,82.190,0,0
1524073200,82.150,82.150,82.150,82.150,2581,277545
1524073260,82.140,82.140,82.140,82.140,0,0
1524073320,82.140,82.110,82.110,82.140,0,0
1524073380,82.110,82.120,82.110,82.120,0,0
1524073500,82.120,82.190,82.120,82.190,1723,280126
1524073620,82.170,82.170,82.170,82.170,0,0
1524073800,82.220,82.190,82.190,82.220,1722,281849
1524073860,82.170,82.170,82.170,82.170,0,0
1524074040,82.110,82.110,82.110,82.110,0,0
1524074100,82.120,82.100,82.100,82.120,3182,283571
1524074220,82.120,82.110,82.110,82.150,0,0
1524074280,82.090,82.120,82.090,82.130,0,0
1524074340,82.070,82.050,82.050,82.070,0,0
1524074400,82.060,82.060,82.060,82.060,4684,286753
1524074460,82.060,82.060,82.060,82.060,0,0
1524074520,82.130,82.130,82.130,82.130,0,0
1524074580,82.200,82.200,82.200,82.200,0,0
1524074640,82.120,82.120,82.120,82.120,0,0
1524074700,82.170,82.220,82.170,82.220,1191,291437
1524075000,82.230,82.200,82.200,82.230,3652,292628
1524075120,82.220,82.230,82.220,82.230,0,0
1524075180,82.200,82.200,82.200,82.200,0,0
1524075300,82.260,82.280,82.260,82.280,8903,296280
1524075360,82.260,82.260,82.260,82.260,0,0
1524075420,82.280,82.260,82.260,82.280,0,0
1524075480,82.260,82.240,82.240,82.260,0,0
1524075540,82.210,82.180,82.180,82.210,0,0
1524075600,82.180,82.180,82.180,82.180,2412,305183
1524075780,82.210,82.250,82.210,82.250,0,0
1524075840,82.200,82.200,82.200,82.200,0,0
1524075900,82.220,82.220,82.220,82.220,2656,307595
1524075960,82.250,82.250,82.250,82.250,0,0
1524076020,82.240,82.250,82.240,82.250,0,0
1524076080,82.250,82.260,82.250,82.260,0,0
1524076140,82.270,82.270,82.270,82.270,0,0
1524076200,82.270,82.270,82.270,82.270,7860,310251
1524076260,82.280,82.270,82.270,82.280,0,0
1524076320,82.220,82.200,82.200,82.220,0,0
1524076380,82.220,82.210,82.210,82.220,0,0
1524076440,82.260,82.260,82.260,82.260,0,0
1524076500,82.310,82.300,82.300,82.310,5969,318111
1524076560,82.310,82.300,82.300,82.310,0,0
1524076620,82.320,82.200,82.200,82.320,0,0
1524076680,82.210,82.210,82.210,82.210,0,0
1524076740,82.200,82.180,82.180,82.200,0,0
1524076800,82.190,82.190,82.190,82.190,5088,324080
1524076860,82.200,82.160,82.160,82.200,0,0
1524076920,82.150,82.100,82.100,82.150,0,0
1524076980,82.090,82.090,82.090,82.090,0,0
1524077040,82.090,82.090,82.090,82.090,0,0
1524077100,82.100,82.070,82.070,82.100,8145,329168
1524077160,82.070,82.070,82.070,82.070,0,0
1524077220,82.030,82.050,82.030,82.050,0,0
1524077340,82.110,82.110,82.110,82.110,0,0
1524077400,82.100,82.100,82.100,82.100,4351,337313
1524077460,82.150,82.150,82.150,82.150,0,0
1524077520,82.160,82.160,82.160,82.160,0,0
1524077580,82.150,82.150,82.150,82.150,0,0
1524077640,82.130,82.150,82.110,82.150,0,0
1524077700,82.140,82.140,82.140,82.140,3724,341664
1524077880,82.100,82.080,82.080,82.100,0,0
1524077940,82.050,82.050,82.050,82.050,0,0
1524078000,81.980,82.030,81.980,82.030,3598,345388
1524078060,82.000,82.000,82.000,82.000,0,0
1524078120,81.970,82.010,81.970,82.010,0,0
1524078300,82.030,82.030,82.030,82.030,3156,348986
1524078480,82.010,81.990,81.990,82.010,0,0
1524078540,81.990,82.010,81.990,82.010,0,0
1524078600,82.000,82.030,82.000,82.030,7986,352142
1524078720,82.030,82.060,82.030,82.060,0,0
1524078780,82.080,82.080,82.080,82.080,0,0
1524078840,82.040,82.010,82.010,82.040,0,0
1524078900,82.040,82.030,82.030,82.040,2517,360128
1524079080,82.060,82.060,82.060,82.060,0,0
1524079140,82.090,82.090,82.090,82.090,0,0
1524079200,82.100,82.070,82.070,82.110,7748,362645
1524079260,82.050,82.030,82.030,82.050,0,0
1524079380,82.100,82.100,82.100,82.100,0,0
1524079440,82.050,82.040,82.040,82.050,0,0
1524079500,82.030,82.030,82.030,82.030,5085,370393
1524079560,82.020,82.040,82.000,82.040,0,0
1524079620,82.030,82.010,82.010,82.030,0,0
1524079680,82.000,82.020,82.000,82.020,0,0
1524079740,82.030,82.030,82.030,82.030,0,0
1524079800,81.990,81.990,81.990,81.990,7879,375478
1524079860,81.990,81.990,81.990,81.990,0,0
1524079920,82.010,82.040,82.010,82.040,0,0
1524080040,82.020,82.040,82.010,82.040,0,0
1524080100,82.050,82.050,82.050,82.050,6174,383357
1524080160,82.070,82.070,82.070,82.070,0,0
1524080220,82.040,82.040,82.040,82.040,0,0
1524080280,82.040,82.040,82.040,82.040,0,0
1524080340,82.030,82.040,82.030,82.050,0,0
1524080400,82.010,81.990,81.980,82.010,13428,389531
1524080460,81.990,81.970,81.970,81.990,0,0
1524080520,81.970,81.940,81.940,81.970,0,0
1524080580,81.940,81.950,81.940,81.950,0,0
1524080700,81.970,82.000,81.970,82.000,20330,402959
1524080760,81.980,81.960,81.960,81.980,0,0
1524080820,81.960,81.950,81.940,81.970,0,0
1524080880,81.940,81.950,81.940,81.950,0,0
1524080940,81.930,81.920,81.920,81.930,0,0
1524081000,81.900,81.890,81.880,81.900,19074,423289
1524081060,81.930,81.900,81.900,81.930,0,0
1524081120,81.920,81.910,81.900,81.920,0,0
1524081180,81.910,81.890,81.890,81.910,0,0
1524081240,81.870,81.890,81.870,81.890,0,0
1524081300,81.880,81.870,81.870,81.900,128007,442363
1524081360,81.880,81.890,81.880,81.890,0,0
1524081420,81.880,81.890,81.880,81.890,0,0
1524081480,81.850,81.840,81.840,81.860,0,0
1524081540,81.810,81.790,81.750,81.820,0,0
1524144600,81.680,81.680,81.680,81.680,6826,0
1524144720,81.680,81.680,81.680,81.680,0,0
1524144780,81.550,81.550,81.550,81.550,0,0
1524144840,81.390,81.390,81.390,81.390,0,0
1524144900,81.490,81.520,81.490,81.520,2937,6826
1524145080,81.490,81.520,81.490,81.520,0,0
1524145200,81.530,81.520,81.520,81.530,6052,9763
1524145320,81.290,81.340,81.290,81.340,0,0
1524145380,81.300,81.370,81.300,81.370,0,0
1524145500,81.300,81.340,81.300,81.340,3021,15815
1524145740,80.950,80.950,80.950,80.950,0,0
1524145800,81.020,81.020,81.020,81.020,1447,18836
1524145920,81.020,81.020,81.020,81.020,0,0
1524146100,80.970,80.930,80.930,80.970,10232,20283
1524146160,81.000,81.030,81.000,81.030,0,0
1524146220,80.930,80.960,80.930,80.990,0,0
1524146280,80.970,80.890,80.890,80.970,0,0
1524146340,80.920,80.790,80.790,80.920,0,0
1524146400,80.860,80.840,80.840,80.870,8742,30515
1524146520,80.730,80.780,80.730,80.780,0,0
1524146580,80.810,80.760,80.760,80.810,0,0
1524146640,80.620,80.620,80.620,80.620,0,0
1524146700,80.630,80.630,80.630,80.630,3316,39257
1524146880,80.630,80.630,80.630,80.630,0,0
1524146940,80.630,80.600,80.600,80.630,0,0
1524147000,80.520,80.520,80.520,80.520,9529,42573
1524147060,80.590,80.590,80.590,80.590,0,0
1524147120,80.640,80.640,80.640,80.640,0,0
1524147240,80.680,80.640,80.550,80.680,0,0
1524147300,80.650,80.630,80.630,80.650,13104,52102
1524147360,80.650,80.640,80.640,80.650,0,0
1524147420,80.580,80.530,80.530,80.580,0,0
1524147480,80.580,80.600,80.580,80.610,0,0
1524147540,80.590,80.490,80.490,80.590,0,0
1524147600,80.520,80.520,80.520,80.520,3187,65206
1524147660,80.540,80.440,80.440,80.540,0,0
1524147720,80.460,80.360,80.360,80.460,0,0
1524147780,80.310,80.310,80.310,80.310,0,0
1524147840,80.420,80.420,80.420,80.420,0,0
1524147900,80.410,80.440,80.410,80.440,7028,68393
1524147960,80.400,80.390,80.390,80.400,0,0
1524148020,80.360,80.300,80.300,80.360,0,0
1524148080,80.300,80.270,80.270,80.300,0,0
1524148140,80.290,80.230,80.230,80.290,0,0
1524148200,80.300,80.220,80.220,80.300,16494,75421
1524148260,80.220,80.270,80.210,80.270,0,0
1524148320,80.340,80.270,80.270,80.360,0,0
1524148380,80.290,80.440,80.290,80.440,0,0
1524148440,80.340,80.420,80.340,80.420,0,0
1524148500,80.410,80.450,80.410,80.480,8677,91915
1524148560,80.430,80.380,80.380,80.430,0,0
1524148620,80.310,80.340,80.310,80.360,0,0
1524148680,80.310,80.300,80.250,80.310,0,0
1524148740,80.300,80.300,80.300,80.300,0,0
1524148800,80.320,80.240,80.240,80.360,6858,100592
1524148860,80.230,80.230,80.230,80.230,0,0
1524148920,80.230,80.260,80.230,80.260,0,0
1524148980,80.240,80.230,80.230,80.240,0,0
1524149040,80.140,80.100,80.100,80.140,0,0
1524149100,80.010,80.050,80.010,80.050,13115,107450
1524149160,80.020,80.030,80.020,80.050,0,0
1524149220,80.010,80.040,80.010,80.040,0,0
1524149280,80.040,80.010,80.010,80.040,0,0
1524149340,80.050,80.100,80.050,80.100,0,0
1524149400,80.150,80.070,80.070,80.150,12247,120565
1524149520,79.980,79.910,79.890,79.980,0,0
1524149580,79.940,79.840,79.840,80.030,0,0
1524149640,79.890,79.880,79.880,79.890,0,0
1524149700,79.900,79.860,79.860,79.900,9110,132812
1524149760,79.830,79.830,79.830,79.830,0,0
1524149820,79.800,79.800,79.800,79.800,0,0
1524149880,79.830,79.850,79.830,79.880,0,0
1524149940,79.900,79.950,79.900,79.950,0,0
1524150000,79.970,79.940,79.940,79.970,38218,141922
1524150060,79.890,79.780,79.750,79.890,0,0
1524150120,79.780,79.780,79.780,79.780,0,0
1524150180,79.770,79.740,79.720,79.770,0,0
1524150240,79.820,79.840,79.820,79.920,0,0
1524150300,79.890,79.890,79.890,79.890,60249,180140
1524150360,79.780,79.720,79.720,79.780,0,0
1524150420,79.680,79.580,79.580,79.710,0,0
1524150480,79.610,79.560,79.560,79.610,0,0
1524150540,79.590,79.560,79.540,79.590,0,0
1524150600,79.520,79.540,79.510,79.600,32445,240389
1524150660,79.490,79.500,79.440,79.500,0,0
1524150720,79.460,79.460,79.460,79.460,0,0
1524150780,79.460,79.350,79.350,79.460,0,0
1524150840,79.290,79.280,79.280,79.340,0,0
1524150900,79.290,79.220,79.170,79.290,18723,272834
1524150960,79.220,79.250,79.220,79.250,0,0
1524151020,79.250,79.260,79.210,79.260,0,0
1524151080,79.200,79.280,79.200,79.310,0,0
1524151140,79.280,79.280,79.280,79.280,0,0
1524151200,79.260,79.190,79.190,79.280,14611,291557
1524151260,79.180,79.170,79.170,79.180,0,0
1524151320,79.240,79.260,79.240,79.260,0,0
1524151380,79.210,79.170,79.170,79.220,0,0
1524151440,79.170,79.210,79.160,79.210,0,0
1524151500,79.260,79.260,79.260,79.260,13918,306168
1524151560,79.270,79.270,79.270,79.270,0,0
1524151620,79.250,79.160,79.160,79.270,0,0
1524151680,79.190,79.240,79.190,79.240,0,0
1524151740,79.180,79.150,79.150,79.180,0,0
1524151800,79.160,79.140,79.120,79.160,23939,320086
1524151860,79.140,79.150,79.110,79.150,0,0
1524151920,79.140,79.150,79.080,79.150,0,0
1524151980,79.140,79.080,79.060,79.140,0,0
1524152040,79.090,79.160,79.090,79.180,0,0
1524152100,79.160,79.170,79.160,79.250,49760,344025
1524152160,79.160,79.060,79.060,79.160,0,0
1524152220,79.080,78.940,78.940,79.100,0,0
1524152280,78.940,78.920,78.920,79.030,0,0
1524152340,78.890,78.830,78.830,78.890,0,0
1524152400,78.900,78.980,78.900,79.050,25485,393785
1524152460,78.980,78.970,78.940,78.980,0,0
1524152520,78.960,78.950,78.950,78.960,0,0
1524152580,78.930,78.970,78.930,78.970,0,0
1524152640,79.010,79.130,79.010,79.150,0,0
1524152700,79.110,79.070,79.070,79.110,15644,419270
1524152880,79.010,78.930,78.930,79.010,0,0
1524152940,78.960,78.930,78.900,78.960,0,0
1524153000,78.930,78.890,78.890,78.940,9666,434914
1524153060,78.890,78.840,78.840,78.890,0,0
1524153120,78.830,78.850,78.830,78.850,0,0
1524153180,78.820,78.830,78.820,78.830,0,0
1524153240,78.820,78.800,78.800,78.820,0,0
1524153300,78.760,78.720,78.720,78.760,21807,444580
1524153360,78.760,78.730,78.730,78.760,0,0
1524153420,78.750,78.670,78.670,78.750,0,0
1524153480,78.680,78.630,78.630,78.680,0,0
1524153540,78.670,78.550,78.550,78.670,0,0
1524153600,78.590,78.650,78.590,78.650,18500,466387
1524153660,78.730,78.640,78.640,78.730,0,0
1524153720,78.670,78.750,78.670,78.750,0,0
1524153780,78.770,78.700,78.700,78.770,0,0
1524153840,78.640,78.690,78.640,78.690,0,0
1524153900,78.650,78.620,78.620,78.690,21814,484887
1524153960,78.600,78.650,78.580,78.650,0,0
1524154020,78.660,78.700,78.660,78.730,0,0
1524154080,78.650,78.670,78.650,78.700,0,0
1524154140,78.690,78.750,78.670,78.790,0,0
1524154200,78.720,78.790,78.720,78.790,13293,506701
1524154260,78.770,78.740,78.730,78.770,0,0
1524154320,78.730,78.750,78.730,78.780,0,0
1524154380,78.840,78.790,78.790,78.850,0,0
1524154440,78.790,78.800,78.790,78.800,0,0
1524154500,78.830,78.800,78.800,78.830,5138,519994
1524154560,78.800,78.840,78.800,78.840,0,0
1524154620,78.820,78.870,78.820,78.870,0,0
1524154680,78.880,78.880,78.880,78.880,0,0
1524154740,78.880,78.840,78.840,78.880,0,0
1524154800,78.860,78.930,78.860,78.930,2407,525132
1524154920,78.920,78.950,78.920,78.950,0,0
1524154980,78.960,78.960,78.960,78.960,0,0
1524155040,78.940,78.940,78.940,78.940,0,0
1524155100,78.950,78.950,78.950,78.950,3530,527539
1524155160,78.950,78.950,78.950,78.950,0,0
1524155340,78.820,78.820,78.820,78.820,0,0
1524155400,78.810,78.860,78.810,78.860,4598,531069
1524155460,78.850,78.840,78.820,78.860,0,0
1524155520,78.810,78.820,78.800,78.820,0,0
1524155580,78.770,78.770,78.770,78.770,0,0
1524155640,78.750,78.760,78.750,78.760,0,0
1524155700,78.750,78.800,78.750,78.800,9437,535667
1524155760,78.770,78.760,78.760,78.800,0,0
1524155820,78.800,78.800,78.800,78.800,0,0
1524155880,78.810,78.840,78.810,78.850,0,0
1524155940,78.870,78.870,78.870,78.870,0,0
1524156000,78.820,78.780,78.780,78.820,14959,545104
1524156060,78.760,78.780,78.750,78.780,0,0
1524156120,78.750,78.750,78.750,78.750,0,0
1524156180,78.770,78.750,78.750,78.770,0,0
1524156240,78.770,78.830,78.770,78.830,0,0
1524156300,78.830,78.790,78.790,78.830,8884,560063
1524156360,78.790,78.790,78.790,78.790,0,0
1524156420,78.750,78.850,78.750,78.850,0,0
1524156540,78.820,78.770,78.770,78.830,0,0
1524156600,78.810,78.810,78.810,78.810,6101,568947
1524156660,78.790,78.790,78.790,78.790,0,0
1524156780,78.790,78.790,78.790,78.790,0,0
1524156840,78.780,78.770,78.770,78.780,0,0
1524156900,78.770,78.740,78.740,78.770,14994,575048
1524156960,78.750,78.720,78.720,78.750,0,0
1524157020,78.730,78.720,78.720,78.730,0,0
1524157080,78.750,78.690,78.690,78.750,0,0
1524157140,78.670,78.670,78.670,78.670,0,0
1524157200,78.660,78.560,78.560,78.660,22059,590042
1524157260,78.570,78.580,78.570,78.600,0,0
1524157320,78.620,78.630,78.620,78.630,0,0
1524157380,78.620,78.560,78.560,78.620,0,0
1524157440,78.540,78.470,78.470,78.540,0,0
1524157500,78.490,78.380,78.380,78.490,33739,612101
1524157560,78.380,78.420,78.380,78.450,0,0
1524157620,78.410,78.440,78.410,78.440,0,0
1524157680,78.440,78.380,78.380,78.440,0,0
1524157740,78.350,78.350,78.350,78.350,0,0
1524157800,78.380,78.370,78.340,78.470,21330,645840
1524157860,78.370,78.320,78.320,78.370,0,0
1524157980,78.320,78.230,78.220,78.320,0,0
1524158040,78.250,78.260,78.220,78.260,0,0
1524158100,78.240,78.110,78.100,78.240,37626,667170
1524158160,78.120,78.090,78.050,78.120,0,0
1524158220,78.080,78.020,77.990,78.080,0,0
1524158280,78.070,77.930,77.930,78.070,0,0
1524158340,77.940,77.980,77.890,77.980,0,0
1524158400,77.940,77.930,77.930,77.940,26051,704796
1524158460,77.900,77.880,77.880,77.900,0,0
1524158520,77.860,77.960,77.860,77.960,0,0
1524158580,77.910,77.940,77.880,77.940,0,0
1524158640,77.850,77.860,77.850,77.860,0,0
1524158700,77.850,77.860,77.850,77.870,21548,730847
1524158760,77.890,77.840,77.840,77.920,0,0
1524158820,77.860,77.850,77.850,77.880,0,0
1524158880,77.830,77.800,77.800,77.870,0,0
1524158940,77.820,77.820,77.820,77.820,0,0
1524159000,77.880,77.750,77.750,77.880,35312,752395
1524159060,77.750,77.780,77.740,77.780,0,0
1524159120,77.790,77.780,77.780,77.790,0,0
1524159180,77.780,77.760,77.710,77.780,0,0
1524159240,77.700,77.690,77.690,77.700,0,0
1524159300,77.660,77.670,77.660,77.710,54042,787707
1524159360,77.740,77.640,77.640,77.740,0,0
1524159420,77.620,77.610,77.590,77.640,0,0
1524159480,77.630,77.640,77.630,77.670,0,0
1524159540,77.650,77.610,77.540,77.670,0,0
1524159600,77.610,77.550,77.550,77.610,44194,841749
1524159660,77.580,77.500,77.500,77.580,0,0
1524159720,77.490,77.460,77.460,77.520,0,0
1524159780,77.460,77.620,77.460,77.620,0,0
1524159840,77.670,77.700,77.670,77.720,0,0
1524159900,77.680,77.830,77.680,77.830,100786,885943
1524159960,77.810,77.780,77.780,77.880,0,0
1524160020,77.830,77.970,77.830,77.970,0,0
1524160080,78.020,78.120,78.020,78.120,0,0
1524160140,78.090,78.050,78.030,78.090,0,0
1524160200,78.040,78.090,78.040,78.110,26350,986729
1524160260,78.080,78.000,77.910,78.080,0,0
1524160380,77.970,78.050,77.910,78.050,0,0
1524160440,77.980,78.110,77.980,78.130,0,0
1524160500,78.110,78.110,78.110,78.110,19585,1013079
1524160560,78.150,78.130,78.130,78.150,0,0
1524160620,78.100,77.990,77.960,78.100,0,0
1524160680,77.930,78.020,77.920,78.020,0,0
1524160740,78.070,78.100,78.070,78.110,0,0
1524160800,78.080,78.180,78.080,78.180,12512,1032664
1524160860,78.210,78.220,78.210,78.220,0,0
1524160920,78.210,78.080,78.080,78.210,0,0
1524160980,78.000,78.000,78.000,78.000,0,0
1524161040,78.020,77.940,77.940,78.020,0,0
1524161100,77.960,77.940,77.940,77.960,22377,1045176
1524161160,77.940,77.910,77.910,77.940,0,0
1524161220,77.880,77.900,77.850,77.900,0,0
1524161280,77.910,77.910,77.910,77.910,0,0
1524161340,77.880,77.870,77.870,77.880,0,0
1524161400,77.890,77.890,77.890,77.890,14697,1067553
1524161460,77.880,77.840,77.840,77.880,0,0
1524161520,77.820,77.870,77.820,77.870,0,0
1524161580,77.890,77.890,77.890,77.890,0,0
1524161640,77.910,77.880,77.880,77.910,0,0
1524161700,77.880,77.900,77.880,77.910,30957,1082250
1524161760,77.900,77.860,77.860,77.900,0,0
1524161820,77.880,77.870,77.870,77.910,0,0
1524161880,77.810,77.810,77.810,77.810,0,0
1524161940,77.850,77.870,77.850,77.870,0,0
1524162000,77.870,77.860,77.860,77.900,43189,1113207
1524162060,77.840,77.810,77.810,77.840,0,0
1524162120,77.830,77.800,77.800,77.830,0,0
1524162180,77.820,77.890,77.820,77.890,0,0
1524162240,77.920,77.880,77.850,77.920,0,0
1524162300,77.880,77.840,77.840,77.880,15094,1156396
1524162360,77.780,77.730,77.730,77.780,0,0
1524162420,77.730,77.770,77.730,77.790,0,0
1524162480,77.800,77.780,77.770,77.800,0,0
1524162540,77.900,77.920,77.900,77.930,0,0
1524162600,77.900,78.000,77.880,78.000,28597,1171490
1524162660,78.000,78.070,78.000,78.100,0,0
1524162720,78.030,78.110,78.030,78.110,0,0
1524162780,78.140,78.090,78.050,78.170,0,0
1524162840,78.110,78.030,78.030,78.110,0,0
1524162900,78.050,78.010,78.010,78.050,29617,1200087
1524162960,78.050,78.010,78.010,78.050,0,0
1524163020,78.030,78.050,78.010,78.050,0,0
1524163080,78.080,78.090,78.080,78.090,0,0
1524163140,78.070,78.160,78.070,78.180,0,0
1524163200,78.150,78.170,78.140,78.170,27208,1229704
1524163260,78.190,78.200,78.180,78.200,0,0
1524163380,78.200,78.340,78.200,78.340,0,0
1524163440,78.340,78.400,78.340,78.400,0,0
1524163500,78.420,78.390,78.390,78.420,24245,1256912
1524163560,78.410,78.440,78.400,78.440,0,0
1524163620,78.480,78.470,78.460,78.480,0,0
1524163680,78.490,78.480,78.480,78.490,0,0
1524163740,78.480,78.500,78.480,78.500,0,0
1524163800,78.380,78.340,78.340,78.380,28480,1281157
1524163860,78.350,78.340,78.340,78.380,0,0
1524163920,78.310,78.330,78.310,78.330,0,0
1524163980,78.310,78.270,78.270,78.320,0,0
1524164040,78.250,78.300,78.250,78.330,0,0
1524164100,78.320,78.360,78.320,78.380,19461,1309637
1524164160,78.370,78.460,78.370,78.460,0,0
1524164220,78.490,78.390,78.390,78.490,0,0
1524164280,78.410,78.360,78.360,78.410,0,0
1524164340,78.380,78.360,78.360,78.380,0,0
1524164400,78.370,78.270,78.270,78.370,17305,1329098
1524164460,78.290,78.300,78.260,78.300,0,0
1524164520,78.270,78.350,78.270,78.350,0,0
1524164580,78.360,78.370,78.360,78.400,0,0
1524164640,78.380,78.320,78.320,78.380,0,0
1524164700,78.310,78.200,78.200,78.310,17398,1346403
1524164760,78.200,78.270,78.190,78.270,0,0
1524164820,78.300,78.310,78.280,78.310,0,0
1524164880,78.330,78.300,78.290,78.330,0,0
1524164940,78.300,78.320,78.300,78.320,0,0
1524165000,78.300,78.280,78.260,78.300,17184,1363801
1524165060,78.250,78.280,78.250,78.300,0,0
1524165120,78.270,78.250,78.250,78.270,0,0
1524165180,78.290,78.250,78.240,78.290,0,0
1524165240,78.250,78.270,78.250,78.270,0,0
1524165300,78.220,78.200,78.190,78.220,24112,1380985
1524165360,78.230,78.210,78.210,78.230,0,0
1524165420,78.210,78.210,78.210,78.210,0,0
1524165480,78.250,78.280,78.250,78.280,0,0
1524165540,78.300,78.320,78.290,78.320,0,0
1524165600,78.330,78.310,78.280,78.340,35428,1405097
1524165660,78.310,78.340,78.310,78.340,0,0
1524165720,78.330,78.310,78.310,78.330,0,0
1524165780,78.340,78.310,78.300,78.340,0,0
1524165840,78.290,78.270,78.270,78.300,0,0
1524165900,78.240,78.180,78.180,78.240,18211,1440525
1524165960,78.210,78.190,78.190,78.210,0,0
1524166020,78.180,78.160,78.140,78.180,0,0
1524166080,78.160,78.170,78.150,78.180,0,0
1524166140,78.180,78.190,78.180,78.210,0,0
1524166200,78.190,78.220,78.190,78.240,38766,1458736
1524166260,78.210,78.170,78.170,78.220,0,0
1524166320,78.130,78.080,78.080,78.130,0,0
1524166380,78.100,78.080,78.080,78.110,0,0
1524166440,78.060,78.160,78.060,78.160,0,0
1524166500,78.170,78.320,78.170,78.360,31275,1497502
1524166560,78.290,78.360,78.290,78.360,0,0
1524166620,78.400,78.370,78.370,78.410,0,0
1524166680,78.370,78.300,78.300,78.370,0,0
1524166740,78.300,78.290,78.290,78.300,0,0
1524166800,78.300,78.250,78.230,78.300,33170,1528777
1524166860,78.330,78.310,78.310,78.330,0,0
1524166920,78.340,78.290,78.260,78.340,0,0
1524166980,78.250,78.240,78.240,78.260,0,0
1524167040,78.240,78.240,78.240,78.240,0,0
1524167100,78.310,78.350,78.310,78.380,61281,1561947
1524167160,78.310,78.270,78.260,78.310,0,0
1524167220,78.250,78.260,78.250,78.280,0,0
1524167280,78.240,78.220,78.220,78.280,0,0
1524167340,78.230,78.240,78.230,78.240,0,0
1524167400,78.250,78.220,78.220,78.250,86396,1623228
1524167460,78.220,78.200,78.200,78.220,0,0
1524167520,78.200,78.210,78.200,78.210,0,0
1524167580,78.200,78.160,78.160,78.200,0,0
1524167640,78.170,78.180,78.160,78.180,0,0
1524167700,78.170,78.160,78.160,78.180,233228,1709624
1524167760,78.160,78.150,78.140,78.160,0,0
1524167820,78.130,78.080,78.080,78.140,0,0
1524167880,78.080,78.090,78.070,78.090,0,0
1524167940,78.070,78.210,78.070,78.210,0,0
1524231000,78.570,78.570,78.570,78.570,21982,0
1524231060,78.590,78.460,78.460,78.600,0,0
1524231120,78.170,78.110,78.110,78.170,0,0
1524231180,77.990,77.810,77.810,78.080,0,0
1524231240,77.800,77.800,77.800,77.800,0,0
1524231300,77.600,77.700,77.600,77.790,40252,21982
1524231360,77.390,77.510,77.390,77.560,0,0
1524231420,77.510,77.500,77.500,77.530,0,0
1524231480,77.560,77.420,77.420,77.560,0,0
1524231540,77.520,77.440,77.440,77.520,0,0
1524231600,77.500,77.540,77.450,77.540,22603,62234
1524231660,77.560,78.090,77.560,78.090,0,0
1524231720,77.730,77.720,77.720,77.790,0,0
1524231780,77.770,77.770,77.770,77.770,0,0
1524231840,77.800,77.930,77.800,77.940,0,0
1524231900,77.860,77.860,77.860,77.860,11228,84837
1524231960,77.870,77.870,77.870,77.870,0,0
1524232020,77.880,77.830,77.830,77.880,0,0
1524232080,77.870,77.830,77.830,77.870,0,0
1524232140,77.870,78.000,77.820,78.000,0,0
1524232200,78.020,78.020,78.020,78.020,7505,96065
1524232260,78.120,78.170,78.120,78.170,0,0
1524232380,78.170,78.080,78.080,78.170,0,0
1524232440,78.050,78.050,78.050,78.050,0,0
1524232500,78.010,78.010,78.010,78.010,2525,103570
1524232560,78.050,78.070,78.050,78.070,0,0
1524232740,78.060,78.060,78.060,78.060,0,0
1524232800,77.970,77.860,77.860,77.970,10631,106095
1524232860,77.920,77.920,77.920,77.920,0,0
1524232920,77.920,77.920,77.920,77.920,0,0
1524232980,77.950,77.980,77.950,77.980,0,0
1524233040,77.980,77.990,77.980,77.990,0,0
1524233100,77.880,77.830,77.830,77.880,17522,116726
1524233160,77.740,77.760,77.740,77.760,0,0
1524233220,77.680,77.620,77.590,77.680,0,0
1524233280,77.510,77.450,77.390,77.510,0,0
1524233340,77.440,77.440,77.440,77.440,0,0
1524233400,77.390,77.390,77.390,77.390,32716,134248
1524233460,77.340,77.510,77.340,77.570,0,0
1524233520,77.530,77.520,77.520,77.550,0,0
1524233580,77.510,77.370,77.370,77.510,0,0
1524233640,77.260,77.270,77.240,77.280,0,0
1524233700,77.270,77.250,77.250,77.270,34171,166964
1524233760,77.200,77.200,77.200,77.200,0,0
1524233820,77.260,77.230,77.060,77.280,0,0
1524233880,77.200,77.280,77.200,77.280,0,0
1524233940,77.250,77.250,77.250,77.250,0,0
1524234000,77.250,77.240,77.220,77.280,35207,201135
1524234060,77.190,77.150,77.150,77.190,0,0
1524234120,77.130,77.150,77.080,77.150,0,0
1524234180,77.170,77.160,77.130,77.170,0,0
1524234240,77.130,77.160,77.130,77.160,0,0
1524234300,77.290,77.300,77.290,77.300,13917,236342
1524234360,77.300,77.280,77.250,77.320,0,0
1524234420,77.300,77.360,77.300,77.360,0,0
1524234480,77.380,77.380,77.380,77.380,0,0
1524234540,77.420,77.630,77.420,77.630,0,0
1524234600,77.670,77.650,77.650,77.670,8981,250259
1524234660,77.770,77.730,77.730,77.770,0,0
1524234720,77.700,77.690,77.690,77.700,0,0
1524234780,77.650,77.900,77.650,77.900,0,0
1524234900,77.820,77.780,77.780,77.820,13012,259240
1524234960,77.860,77.800,77.800,77.860,0,0
1524235020,77.830,77.920,77.830,77.920,0,0
1524235080,77.900,77.890,77.860,77.900,0,0
1524235140,77.940,78.000,77.940,78.000,0,0
1524235200,77.880,77.830,77.830,77.880,12662,272252
1524235260,77.790,77.800,77.790,77.800,0,0
1524235320,77.840,77.890,77.840,77.890,0,0
1524235380,77.810,77.760,77.760,77.810,0,0
1524235440,77.750,77.750,77.750,77.750,0,0
1524235500,77.840,77.870,77.840,77.870,12242,284914
1524235620,77.890,77.880,77.860,77.890,0,0
1524235680,77.840,77.790,77.790,77.860,0,0
1524235740,77.690,77.720,77.690,77.730,0,0
1524235800,77.740,77.670,77.670,77.770,12123,297156
1524235860,77.620,77.570,77.570,77.620,0,0
1524235920,77.540,77.410,77.410,77.540,0,0
1524236100,77.360,77.600,77.360,77.650,22183,309279
1524236160,77.580,77.580,77.580,77.580,0,0
1524236220,77.500,77.470,77.440,77.500,0,0
1524236280,77.400,77.400,77.400,77.400,0,0
1524236340,77.370,77.170,77.170,77.370,0,0
1524236400,77.190,77.030,77.030,77.190,17674,331462
1524236460,77.260,77.320,77.260,77.320,0,0
1524236520,77.360,77.200,77.200,77.360,0,0
1524236580,77.310,77.310,77.310,77.310,0,0
1524236640,77.360,77.340,77.340,77.360,0,0
1524236700,77.280,77.200,77.200,77.290,52756,349136
1524236760,77.160,77.150,77.140,77.180,0,0
1524236820,77.180,77.180,77.180,77.180,0,0
1524236880,77.160,77.000,77.000,77.160,0,0
1524236940,77.090,77.000,77.000,77.110,0,0
1524237000,76.920,76.860,76.860,76.920,35141,401892
1524237060,76.830,76.730,76.730,76.850,0,0
1524237120,76.650,76.830,76.650,76.840,0,0
1524237180,76.750,76.680,76.680,76.750,0,0
1524237240,76.600,76.700,76.600,76.700,0,0
1524237300,76.680,76.620,76.620,76.700,30282,437033
1524237360,76.700,76.720,76.700,76.770,0,0
1524237420,76.790,76.730,76.730,76.790,0,0
1524237480,76.700,76.620,76.600,76.720,0,0
1524237540,76.720,76.700,76.700,76.730,0,0
1524237600,76.720,76.720,76.720,76.720,21998,467315
1524237660,76.720,76.700,76.700,76.780,0,0
1524237720,76.700,76.770,76.700,76.770,0,0
1524237780,76.770,76.690,76.690,76.770,0,0
1524237840,76.800,76.830,76.790,76.860,0,0
1524237900,76.920,77.000,76.920,77.000,9339,489313
1524237960,76.970,77.030,76.970,77.030,0,0
1524238020,77.080,77.070,77.070,77.140,0,0
1524238080,77.130,77.130,77.130,77.130,0,0
1524238140,77.110,77.110,77.110,77.110,0,0
1524238200,77.080,77.130,77.080,77.170,25337,498652
1524238260,77.160,77.160,77.160,77.160,0,0
1524238320,77.160,77.120,77.120,77.170,0,0
1524238380,77.120,77.040,77.030,77.130,0,0
1524238440,77.060,77.110,77.060,77.120,0,0
1524238500,77.080,77.120,77.080,77.120,23585,523989
1524238560,77.140,77.110,77.110,77.140,0,0
1524238620,77.120,77.230,77.120,77.240,0,0
1524238680,77.180,77.210,77.180,77.230,0,0
1524238740,77.230,77.230,77.230,77.230,0,0
1524238800,77.240,77.190,77.190,77.240,26879,547574
1524238860,77.220,77.250,77.220,77.250,0,0
1524238920,77.250,77.330,77.250,77.340,0,0
1524238980,77.330,77.340,77.330,77.390,0,0
1524239040,77.380,77.380,77.380,77.380,0,0
1524239100,77.390,77.390,77.390,77.390,14299,574453
1524239160,77.360,77.390,77.360,77.430,0,0
1524239220,77.430,77.500,77.430,77.500,0,0
1524239280,77.510,77.490,77.490,77.510,0,0
1524239340,77.470,77.600,77.470,77.600,0,0
1524239400,77.590,77.580,77.560,77.600,9372,588752
1524239460,77.650,77.600,77.600,77.650,0,0
1524239520,77.650,77.660,77.650,77.660,0,0
1524239580,77.660,77.630,77.610,77.660,0,0
1524239700,77.700,77.580,77.580,77.700,10918,598124
1524239760,77.580,77.640,77.580,77.640,0,0
1524239880,77.770,77.740,77.740,77.770,0,0
1524239940,77.790,77.650,77.650,77.790,0,0
1524240000,77.650,77.680,77.610,77.680,6718,609042
1524240060,77.650,77.680,77.610,77.680,0,0
1524240120,77.650,77.650,77.650,77.650,0,0
1524240180,77.580,77.480,77.480,77.580,0,0
1524240240,77.520,77.490,77.490,77.530,0,0
1524240300,77.510,77.550,77.510,77.550,3676,615760
1524240420,77.650,77.650,77.650,77.650,0,0
1524240480,77.710,77.690,77.690,77.710,0,0
1524240540,77.730,77.690,77.690,77.730,0,0
1524240600,77.630,77.650,77.630,77.650,6660,619436
1524240720,77.610,77.610,77.610,77.610,0,0
1524240780,77.630,77.630,77.630,77.630,0,0
1524240840,77.540,77.530,77.530,77.540,0,0
1524240900,77.570,77.550,77.550,77.570,6058,626096
1524240960,77.650,77.650,77.650,77.650,0,0
1524241020,77.620,77.620,77.620,77.620,0,0
1524241080,77.590,77.500,77.500,77.590,0,0
1524241140,77.480,77.450,77.450,77.480,0,0
1524241200,77.440,77.440,77.440,77.440,6075,632154
1524241260,77.500,77.470,77.470,77.500,0,0
1524241320,77.530,77.530,77.530,77.530,0,0
1524241380,77.540,77.570,77.540,77.570,0,0
1524241440,77.530,77.510,77.510,77.530,0,0
1524241500,77.500,77.500,77.500,77.500,4660,638229
1524241560,77.540,77.540,77.540,77.540,0,0
1524241620,77.540,77.520,77.520,77.540,0,0
1524241680,77.530,77.530,77.530,77.530,0,0
1524241740,77.470,77.470,77.470,77.470,0,0
1524241800,77.470,77.420,77.380,77.470,6089,642889
1524241860,77.420,77.420,77.420,77.420,0,0
1524241920,77.500,77.500,77.500,77.500,0,0
1524241980,77.480,77.460,77.460,77.490,0,0
1524242100,77.620,77.620,77.620,77.620,8054,648978
1524242160,77.640,77.670,77.640,77.670,0,0
1524242220,77.670,77.560,77.560,77.670,0,0
1524242280,77.560,77.590,77.560,77.590,0,0
1524242340,77.520,77.480,77.480,77.520,0,0
1524242400,77.450,77.450,77.450,77.450,3096,657032
1524242460,77.500,77.490,77.490,77.500,0,0
1524242520,77.480,77.540,77.480,77.540,0,0
1524242580,77.480,77.480,77.480,77.480,0,0
1524242700,77.500,77.500,77.500,77.500,5875,660128
1524242820,77.470,77.510,77.470,77.510,0,0
1524242880,77.550,77.530,77.530,77.550,0,0
1524242940,77.480,77.510,77.480,77.510,0,0
1524243000,77.530,77.530,77.530,77.530,5004,666003
1524243060,77.470,77.470,77.470,77.470,0,0
1524243120,77.550,77.550,77.550,77.550,0,0
1524243180,77.620,77.620,77.620,77.620,0,0
1524243240,77.590,77.610,77.590,77.610,0,0
1524243300,77.660,77.600,77.600,77.660,3486,671007
1524243360,77.530,77.530,77.530,77.530,0,0
1524243480,77.620,77.610,77.610,77.620,0,0
1524243600,77.620,77.580,77.560,77.620,3672,674493
1524243660,77.580,77.610,77.580,77.610,0,0
1524243720,77.610,77.580,77.580,77.610,0,0
1524243900,77.500,77.500,77.500,77.500,6819,678165
1524243960,77.490,77.560,77.490,77.560,0,0
1524244020,77.500,77.500,77.500,77.500,0,0
1524244080,77.500,77.500,77.500,77.500,0,0
1524244140,77.570,77.550,77.550,77.570,0,0
1524244200,77.520,77.520,77.520,77.520,5956,684984
1524244320,77.560,77.610,77.560,77.610,0,0
1524244380,77.570,77.520,77.520,77.570,0,0
1524244440,77.510,77.560,77.510,77.560,0,0
1524244500,77.560,77.520,77.520,77.560,3828,690940
1524244560,77.530,77.580,77.530,77.580,0,0
1524244620,77.580,77.580,77.580,77.580,0,0
1524244680,77.590,77.560,77.560,77.590,0,0
1524244740,77.580,77.560,77.560,77.580,0,0
1524244800,77.540,77.540,77.540,77.540,9387,694768
1524244860,77.530,77.520,77.510,77.530,0,0
1524244920,77.480,77.380,77.360,77.480,0,0
1524244980,77.450,77.440,77.440,77.470,0,0
1524245040,77.450,77.490,77.450,77.490,0,0
1524245100,77.490,77.490,77.490,77.490,9493,704155
1524245160,77.450,77.500,77.450,77.500,0,0
1524245220,77.520,77.510,77.510,77.520,0,0
1524245280,77.620,77.610,77.610,77.620,0,0
1524245340,77.540,77.580,77.540,77.580,0,0
1524245400,77.580,77.580,77.580,77.580,12190,713648
1524245460,77.530,77.520,77.520,77.530,0,0
1524245520,77.530,77.490,77.490,77.540,0,0
1524245580,77.450,77.410,77.400,77.470,0,0
1524245640,77.420,77.420,77.420,77.420,0,0
1524245700,77.490,77.490,77.490,77.490,10357,725838
1524245760,77.530,77.520,77.520,77.530,0,0
1524245820,77.530,77.500,77.500,77.530,0,0
1524245880,77.510,77.570,77.510,77.630,0,0
1524245940,77.570,77.610,77.570,77.610,0,0
1524246000,77.620,77.540,77.540,77.620,5311,736195
1524246060,77.530,77.530,77.530,77.530,0,0
1524246120,77.550,77.530,77.530,77.550,0,0
1524246180,77.560,77.560,77.560,77.560,0,0
1524246240,77.560,77.530,77.530,77.560,0,0
1524246300,77.500,77.500,77.500,77.500,7481,741506
1524246360,77.540,77.500,77.500,77.540,0,0
1524246480,77.470,77.440,77.440,77.470,0,0
1524246540,77.440,77.480,77.440,77.480,0,0
1524246600,77.420,77.440,77.420,77.440,4177,748987
1524246660,77.440,77.440,77.440,77.440,0,0
1524246720,77.420,77.420,77.420,77.420,0,0
1524246780,77.490,77.480,77.480,77.490,0,0
1524246840,77.500,77.520,77.500,77.520,0,0
1524246900,77.520,77.530,77.510,77.530,11421,753164
1524246960,77.550,77.590,77.550,77.590,0,0
1524247020,77.580,77.560,77.560,77.580,0,0
1524247080,77.560,77.560,77.560,77.560,0,0
1524247140,77.580,77.580,77.580,77.580,0,0
1524247200,77.550,77.530,77.530,77.550,10465,764585
1524247260,77.570,77.570,77.570,77.570,0,0
1524247320,77.580,77.580,77.580,77.580,0,0
1524247380,77.580,77.570,77.570,77.580,0,0
1524247440,77.580,77.530,77.530,77.580,0,0
1524247500,77.520,77.530,77.520,77.540,16294,775050
1524247560,77.530,77.550,77.530,77.550,0,0
1524247620,77.560,77.560,77.560,77.560,0,0
1524247680,77.500,77.480,77.480,77.500,0,0
1524247740,77.490,77.450,77.450,77.500,0,0
1524247800,77.430,77.450,77.430,77.450,8903,791344
1524247860,77.430,77.460,77.430,77.460,0,0
1524247920,77.450,77.500,77.450,77.500,0,0
1524247980,77.450,77.430,77.430,77.450,0,0
1524248040,77.470,77.440,77.440,77.470,0,0
1524248100,77.460,77.430,77.430,77.460,6329,800247
1524248220,77.400,77.410,77.400,77.440,0,0
1524248280,77.410,77.460,77.410,77.460,0,0
1524248340,77.430,77.470,77.430,77.470,0,0
1524248400,77.430,77.490,77.430,77.490,6856,806576
1524248460,77.500,77.520,77.500,77.520,0,0
1524248520,77.500,77.490,77.490,77.500,0,0
1524248580,77.460,77.510,77.430,77.510,0,0
1524248640,77.510,77.520,77.510,77.520,0,0
1524248700,77.420,77.420,77.420,77.420,7051,813432
1524248760,77.440,77.440,77.440,77.440,0,0
1524248820,77.400,77.400,77.400,77.400,0,0
1524248880,77.410,77.430,77.410,77.430,0,0
1524248940,77.460,77.420,77.420,77.460,0,0
1524249000,77.500,77.510,77.480,77.510,5173,820483
1524249060,77.500,77.480,77.480,77.510,0,0
1524249120,77.480,77.480,77.480,77.480,0,0
1524249180,77.430,77.390,77.390,77.430,0,0
1524249240,77.410,77.410,77.410,77.410,0,0
1524249300,77.410,77.380,77.380,77.410,7689,825656
1524249360,77.420,77.410,77.410,77.470,0,0
1524249420,77.440,77.470,77.440,77.470,0,0
1524249480,77.430,77.460,77.430,77.460,0,0
1524249540,77.460,77.490,77.460,77.490,0,0
1524249600,77.460,77.440,77.440,77.460,6896,833345
1524249660,77.450,77.500,77.450,77.500,0,0
1524249720,77.490,77.570,77.490,77.570,0,0
1524249780,77.550,77.520,77.520,77.550,0,0
1524249840,77.500,77.490,77.490,77.500,0,0
1524249900,77.470,77.470,77.470,77.470,7734,840241
1524249960,77.500,77.500,77.500,77.500,0,0
1524250020,77.490,77.520,77.490,77.520,0,0
1524250080,77.500,77.500,77.500,77.500,0,0
1524250140,77.520,77.540,77.520,77.540,0,0
1524250200,77.520,77.520,77.520,77.520,5347,847975
1524250260,77.530,77.500,77.500,77.530,0,0
1524250320,77.480,77.480,77.480,77.480,0,0
1524250380,77.470,77.470,77.470,77.470,0,0
1524250440,77.510,77.510,77.510,77.510,0,0
1524250500,77.470,77.470,77.470,77.470,6431,853322
1524250560,77.510,77.570,77.510,77.570,0,0
1524250620,77.570,77.600,77.560,77.600,0,0
1524250680,77.630,77.640,77.620,77.640,0,0
1524250740,77.670,77.670,77.670,77.670,0,0
1524250800,77.600,77.590,77.580,77.600,9817,859753
1524250860,77.590,77.580,77.560,77.600,0,0
1524250920,77.580,77.570,77.570,77.580,0,0
1524250980,77.560,77.570,77.560,77.570,0,0
1524251040,77.570,77.560,77.560,77.590,0,0
1524251100,77.520,77.410,77.410,77.520,10009,869570
1524251160,77.380,77.320,77.320,77.380,0,0
1524251220,77.340,77.300,77.300,77.340,0,0
1524251280,77.310,77.280,77.280,77.320,0,0
1524251340,77.260,77.260,77.260,77.260,0,0
1524251400,77.290,77.320,77.290,77.340,20391,879579
1524251460,77.330,77.390,77.330,77.390,0,0
1524251520,77.360,77.410,77.360,77.420,0,0
1524251580,77.390,77.370,77.330,77.390,0,0
1524251640,77.370,77.400,77.370,77.400,0,0
1524251700,77.420,77.390,77.390,77.420,18128,899970
1524251760,77.340,77.270,77.270,77.340,0,0
1524251820,77.250,77.230,77.230,77.250,0,0
1524251880,77.250,77.170,77.170,77.250,0,0
1524251940,77.170,77.130,77.130,77.170,0,0
1524252000,77.190,77.220,77.190,77.220,14593,918098
1524252060,77.190,77.190,77.190,77.190,0,0
1524252120,77.190,77.210,77.190,77.210,0,0
1524252180,77.110,77.200,77.110,77.200,0,0
1524252240,77.200,77.210,77.170,77.210,0,0
1524252300,77.220,77.190,77.190,77.220,12759,932691
1524252360,77.190,77.130,77.130,77.190,0,0
1524252420,77.110,77.110,77.110,77.110,0,0
1524252480,77.110,77.130,77.110,77.130,0,0
1524252540,77.130,77.110,77.090,77.130,0,0
1524252600,77.100,77.130,77.100,77.130,22141,945450
1524252660,77.180,77.190,77.180,77.190,0,0
1524252720,77.170,77.210,77.170,77.220,0,0
1524252780,77.200,77.190,77.180,77.210,0,0
1524252840,77.200,77.210,77.200,77.220,0,0
1524252900,77.230,77.220,77.220,77.230,18429,967591
1524252960,77.230,77.340,77.230,77.340,0,0
1524253020,77.360,77.310,77.290,77.360,0,0
1524253080,77.290,77.290,77.290,77.290,0,0
1524253140,77.250,77.270,77.250,77.280,0,0
1524253200,77.280,77.240,77.230,77.280,18015,986020
1524253260,77.210,77.240,77.210,77.240,0,0
1524253320,77.320,77.260,77.260,77.320,0,0
1524253380,77.250,77.230,77.230,77.250,0,0
1524253440,77.250,77.210,77.210,77.250,0,0
1524253500,77.220,77.190,77.190,77.220,42491,1004035
1524253560,77.200,77.210,77.200,77.210,0,0
1524253620,77.200,77.190,77.190,77.200,0,0
1524253680,77.150,77.120,77.120,77.150,0,0
1524253740,77.140,77.120,77.110,77.140,0,0
1524253800,77.100,77.070,77.070,77.110,64127,1046526
1524253860,77.050,77.040,77.020,77.050,0,0
1524253920,77.060,77.080,77.040,77.080,0,0
1524253980,77.050,77.040,77.040,77.050,0,0
1524254040,77.050,77.060,77.040,77.060,0,0
1524254100,77.070,77.110,77.060,77.110,406952,1110653
1524254160,77.110,77.100,77.090,77.110,0,0
1524254220,77.100,77.090,77.090,77.110,0,0
1524254280,77.110,77.100,77.100,77.110,0,0
1524254340,77.130,77.210,77.130,77.250,0,0
1524490200,77.440,77.620,77.440,77.620,16768,0
1524490260,77.440,77.620,77.440,77.620,0,0
1524490320,77.510,77.640,77.510,77.650,0,0
1524490380,77.400,77.110,77.110,77.400,0,0
1524490440,77.120,77.150,77.120,77.150,0,0
1524490500,77.290,77.290,77.290,77.290,2327,16768
1524490560,77.330,77.330,77.330,77.330,0,0
1524490680,77.510,77.510,77.510,77.510,0,0
1524490800,77.460,77.460,77.460,77.460,5128,19095
1524490860,77.410,77.350,77.340,77.410,0,0
1524490980,77.250,77.250,77.250,77.250,0,0
1524491040,77.280,77.280,77.280,77.280,0,0
1524491100,77.280,77.140,77.120,77.280,4998,24223
1524491160,77.170,77.200,77.170,77.200,0,0
1524491220,77.240,77.190,77.190,77.240,0,0
1524491280,77.140,77.200,77.140,77.200,0,0
1524491340,77.120,77.120,77.120,77.120,0,0
1524491400,77.090,77.150,77.090,77.150,6220,29221
1524491460,77.050,77.050,77.050,77.050,0,0
1524491580,76.990,76.910,76.910,76.990,0,0
1524491640,76.980,76.980,76.980,76.980,0,0
1524491700,76.900,77.000,76.900,77.000,6343,35441
1524491760,77.120,77.230,77.120,77.260,0,0
1524491880,77.340,77.410,77.340,77.410,0,0
1524491940,77.360,77.520,77.360,77.520,0,0
1524492000,77.520,77.450,77.450,77.520,7844,41784
1524492060,77.390,77.390,77.390,77.390,0,0
1524492120,77.360,77.400,77.360,77.400,0,0
1524492240,77.320,77.380,77.320,77.410,0,0
1524492300,77.470,77.430,77.430,77.470,7927,49628
1524492360,77.490,77.480,77.480,77.490,0,0
1524492420,77.480,77.440,77.400,77.480,0,0
1524492480,77.360,77.360,77.360,77.360,0,0
1524492540,77.310,77.380,77.310,77.380,0,0
1524492600,77.400,77.400,77.400,77.400,10821,57555
1524492660,77.420,77.420,77.420,77.420,0,0
1524492720,77.390,77.370,77.270,77.390,0,0
1524492780,77.360,77.360,77.360,77.360,0,0
1524492840,77.340,77.430,77.340,77.430,0,0
1524492900,77.510,77.520,77.510,77.520,14810,68376
1524492960,77.580,77.610,77.580,77.620,0,0
1524493020,77.590,77.590,77.590,77.590,0,0
1524493080,77.570,77.720,77.570,77.720,0,0
1524493140,77.750,77.780,77.680,77.780,0,0
1524493200,77.790,77.790,77.790,77.790,12428,83186
1524493260,77.760,77.760,77.760,77.760,0,0
1524493320,77.720,77.720,77.720,77.720,0,0
1524493380,77.770,77.690,77.680,77.770,0,0
1524493440,77.700,77.700,77.700,77.700,0,0
1524493500,77.790,77.680,77.680,77.790,8626,95614
1524493560,77.690,77.650,77.650,77.690,0,0
1524493620,77.600,77.560,77.560,77.610,0,0
1524493680,77.530,77.500,77.500,77.540,0,0
1524493740,77.430,77.430,77.430,77.430,0,0
1524493800,77.480,77.530,77.480,77.530,18859,104240
1524493860,77.510,77.550,77.480,77.550,0,0
1524493920,77.550,77.610,77.550,77.610,0,0
1524493980,77.590,77.630,77.590,77.640,0,0
1524494040,77.650,77.790,77.650,77.810,0,0
1524494100,77.790,77.720,77.720,77.790,17307,123099
1524494160,77.630,77.580,77.580,77.630,0,0
1524494220,77.660,77.670,77.660,77.670,0,0
1524494280,77.660,77.650,77.650,77.690,0,0
1524494340,77.670,77.690,77.670,77.690,0,0
1524494400,77.660,77.610,77.610,77.660,15574,140406
1524494460,77.520,77.530,77.520,77.530,0,0
1524494520,77.770,77.770,77.770,77.770,0,0
1524494580,77.770,77.800,77.760,77.800,0,0
1524494640,77.770,77.890,77.770,77.890,0,0
1524494700,77.880,77.920,77.880,77.940,15599,155980
1524494760,77.930,77.950,77.930,77.950,0,0
1524494820,77.930,77.890,77.890,77.930,0,0
1524494880,77.850,77.920,77.850,77.920,0,0
1524494940,77.890,77.920,77.890,77.920,0,0
1524495000,77.950,77.950,77.950,77.950,15641,171579
1524495060,78.000,78.060,78.000,78.060,0,0
1524495120,78.060,78.050,78.050,78.060,0,0
1524495180,78.050,77.990,77.990,78.080,0,0
1524495300,78.050,78.040,78.040,78.060,11273,187220
1524495360,78.000,78.010,78.000,78.010,0,0
1524495420,78.020,78.040,78.020,78.070,0,0
1524495480,78.020,77.920,77.920,78.020,0,0
1524495540,77.920,77.920,77.920,77.920,0,0
1524495600,77.960,77.960,77.960,77.960,7474,198493
1524495660,77.960,77.960,77.960,77.960,0,0
1524495720,78.000,78.000,78.000,78.000,0,0
1524495780,78.000,77.980,77.980,78.000,0,0
1524495840,78.000,78.070,78.000,78.070,0,0
1524495900,78.170,78.140,78.120,78.170,27810,205967
1524495960,78.230,78.300,78.210,78.300,0,0
1524496020,78.290,78.360,78.290,78.360,0,0
1524496080,78.340,78.360,78.340,78.360,0,0
1524496140,78.380,78.440,78.380,78.440,0,0
1524496200,78.500,78.500,78.500,78.500,11982,233777
1524496260,78.520,78.620,78.520,78.620,0,0
1524496320,78.620,78.580,78.580,78.620,0,0
1524496380,78.660,78.680,78.660,78.680,0,0
1524496440,78.640,78.640,78.640,78.640,0,0
1524496500,78.620,78.640,78.620,78.640,10977,245759
1524496560,78.610,78.570,78.570,78.610,0,0
1524496620,78.520,78.550,78.520,78.550,0,0
1524496680,78.510,78.550,78.490,78.560,0,0
1524496740,78.490,78.490,78.490,78.490,0,0
1524496800,78.530,78.530,78.530,78.530,14409,256736
1524496860,78.450,78.440,78.440,78.480,0,0
1524496920,78.420,78.420,78.420,78.420,0,0
1524496980,78.360,78.360,78.360,78.360,0,0
1524497040,78.330,78.330,78.330,78.330,0,0
1524497100,78.330,78.180,78.180,78.330,16911,271145
1524497160,78.140,78.140,78.140,78.140,0,0
1524497220,78.160,78.220,78.080,78.220,0,0
1524497280,78.290,78.310,78.280,78.310,0,0
1524497340,78.390,78.440,78.380,78.440,0,0
1524497400,78.420,78.270,78.270,78.420,33530,288056
1524497460,78.280,78.310,78.280,78.310,0,0
1524497520,78.340,78.380,78.340,78.380,0,0
1524497580,78.410,78.420,78.410,78.420,0,0
1524497640,78.480,78.460,78.410,78.540,0,0
1524497700,78.480,78.490,78.480,78.490,6669,321586
1524497760,78.450,78.430,78.430,78.450,0,0
1524497880,78.470,78.470,78.470,78.470,0,0
1524497940,78.480,78.480,78.480,78.480,0,0
1524498000,78.450,78.480,78.450,78.480,17798,328255
1524498060,78.530,78.530,78.530,78.530,0,0
1524498120,78.550,78.550,78.550,78.550,0,0
1524498180,78.510,78.500,78.500,78.530,0,0
1524498240,78.500,78.500,78.500,78.500,0,0
1524498300,78.390,78.380,78.380,78.400,22310,346053
1524498360,78.450,78.570,78.450,78.570,0,0
1524498420,78.480,78.380,78.380,78.480,0,0
1524498480,78.370,78.370,78.370,78.370,0,0
1524498540,78.320,78.290,78.290,78.320,0,0
1524498600,78.190,78.250,78.190,78.250,11367,368363
1524498660,78.280,78.280,78.280,78.280,0,0
1524498720,78.310,78.300,78.300,78.310,0,0
1524498780,78.330,78.420,78.330,78.420,0,0
1524498840,78.360,78.360,78.360,78.360,0,0
1524498900,78.430,78.310,78.310,78.430,7896,379730
1524498960,78.370,78.360,78.360,78.370,0,0
1524499020,78.410,78.410,78.410,78.410,0,0
1524499080,78.310,78.340,78.310,78.340,0,0
1524499140,78.360,78.390,78.360,78.390,0,0
1524499200,78.420,78.420,78.420,78.420,4888,387626
1524499260,78.460,78.400,78.400,78.460,0,0
1524499320,78.340,78.380,78.340,78.380,0,0
1524499440,78.310,78.310,78.310,78.310,0,0
1524499500,78.340,78.360,78.340,78.360,5211,392514
1524499560,78.340,78.360,78.340,78.360,0,0
1524499620,78.340,78.290,78.290,78.340,0,0
1524499680,78.260,78.260,78.260,78.260,0,0
1524499740,78.260,78.230,78.230,78.260,0,0
1524499800,78.150,78.220,78.150,78.220,3445,397725
1524499860,78.220,78.250,78.220,78.250,0,0
1524499920,78.230,78.200,78.200,78.230,0,0
1524500100,78.200,78.200,78.200,78.200,11168,401170
1524500160,78.220,78.180,78.180,78.220,0,0
1524500220,78.250,78.240,78.240,78.250,0,0
1524500280,78.250,78.260,78.250,78.260,0,0
1524500340,78.290,78.230,78.230,78.290,0,0
1524500400,78.210,78.180,78.170,78.210,5810,412338
1524500460,78.220,78.220,78.220,78.220,0,0
1524500580,78.230,78.230,78.230,78.230,0,0
1524500640,78.150,78.150,78.150,78.150,0,0
1524500700,78.120,78.070,78.070,78.120,3620,418148
1524500760,78.080,78.080,78.080,78.080,0,0
1524500820,78.090,78.090,78.090,78.090,0,0
1524500880,78.070,78.060,78.060,78.070,0,0
1524501000,78.060,78.110,78.060,78.110,4977,421768
1524501060,78.120,78.120,78.120,78.120,0,0
1524501120,78.090,78.090,78.090,78.090,0,0
1524501180,78.100,78.100,78.100,78.100,0,0
1524501240,78.130,78.080,78.080,78.130,0,0
1524501300,78.120,78.070,78.070,78.120,2290,426745
1524501420,78.080,78.080,78.080,78.080,0,0
1524501480,78.090,78.090,78.090,78.090,0,0
1524501600,78.080,78.080,78.080,78.080,4024,429035
1524501660,78.090,78.090,78.090,78.090,0,0
1524501720,78.020,78.020,78.020,78.020,0,0
1524501780,78.000,78.070,78.000,78.070,0,0
1524501900,78.080,78.110,78.080,78.110,4279,433059
1524501960,78.110,78.110,78.110,78.110,0,0
1524502020,78.060,78.030,78.030,78.060,0,0
1524502140,78.040,78.040,78.040,78.040,0,0
1524502200,77.990,78.070,77.990,78.070,15478,437338
1524502260,78.090,78.100,78.090,78.100,0,0
1524502320,78.120,78.120,78.120,78.120,0,0
1524502440,78.080,78.120,78.080,78.120,0,0
1524502500,78.100,78.110,78.100,78.110,12034,452816
1524502560,78.080,78.110,78.080,78.110,0,0
1524502620,78.120,78.150,78.120,78.150,0,0
1524502680,78.150,78.150,78.150,78.150,0,0
1524502740,78.190,78.200,78.190,78.200,0,0
1524502800,78.200,78.220,78.190,78.220,12850,464850
1524502860,78.200,78.220,78.190,78.220,0,0
1524502920,78.210,78.180,78.180,78.210,0,0
1524502980,78.190,78.190,78.190,78.190,0,0
1524503040,78.210,78.220,78.210,78.220,0,0
1524503100,78.180,78.160,78.160,78.180,5736,477700
1524503160,78.160,78.160,78.160,78.160,0,0
1524503340,78.170,78.110,78.110,78.170,0,0
1524503400,78.110,78.160,78.110,78.180,8031,483436
1524503460,78.160,78.180,78.160,78.180,0,0
1524503520,78.180,78.210,78.180,78.210,0,0
1524503580,78.190,78.240,78.190,78.240,0,0
1524503640,78.230,78.270,78.230,78.270,0,0
1524503700,78.280,78.290,78.280,78.290,7400,491467
1524503760,78.280,78.280,78.280,78.280,0,0
1524503820,78.250,78.280,78.250,78.280,0,0
1524503940,78.260,78.270,78.260,78.270,0,0
1524504000,78.280,78.280,78.280,78.280,7735,498867
1524504060,78.280,78.280,78.280,78.280,0,0
1524504120,78.320,78.300,78.280,78.320,0,0
1524504180,78.300,78.310,78.300,78.310,0,0
1524504240,78.290,78.290,78.290,78.290,0,0
1524504300,78.330,78.320,78.320,78.330,3265,506602
1524504420,78.300,78.300,78.300,78.300,0,0
1524504480,78.310,78.310,78.310,78.310,0,0
1524504540,78.310,78.310,78.310,78.310,0,0
1524504600,78.310,78.360,78.310,78.360,4991,509867
1524504720,78.300,78.300,78.300,78.300,0,0
1524504780,78.300,78.310,78.300,78.310,0,0
1524504840,78.310,78.310,78.310,78.310,0,0
1524504900,78.290,78.290,78.290,78.290,4402,514858
1524504960,78.290,78.290,78.290,78.290,0,0
1524505140,78.280,78.280,78.280,78.280,0,0
1524505200,78.240,78.220,78.220,78.240,5432,519260
1524505260,78.180,78.150,78.150,78.180,0,0
1524505320,78.190,78.190,78.190,78.190,0,0
1524505440,78.170,78.200,78.170,78.200,0,0
1524505500,78.230,78.240,78.230,78.240,6484,524692
1524505560,78.230,78.230,78.230,78.230,0,0
1524505620,78.240,78.260,78.240,78.260,0,0
1524505740,78.260,78.320,78.260,78.320,0,0
1524505800,78.320,78.300,78.300,78.320,5396,531176
1524505860,78.340,78.390,78.340,78.390,0,0
1524505920,78.340,78.360,78.340,78.360,0,0
1524506040,78.360,78.380,78.360,78.380,0,0
1524506100,78.370,78.370,78.370,78.370,2669,536572
1524506160,78.380,78.380,78.380,78.380,0,0
1524506220,78.390,78.370,78.370,78.390,0,0
1524506280,78.380,78.380,78.380,78.380,0,0
1524506400,78.390,78.430,78.390,78.440,12212,539241
1524506460,78.430,78.450,78.430,78.450,0,0
1524506520,78.440,78.450,78.440,78.450,0,0
1524506580,78.450,78.440,78.430,78.450,0,0
1524506640,78.440,78.410,78.410,78.440,0,0
1524506700,78.400,78.350,78.310,78.400,30894,551453
1524506760,78.290,78.140,78.110,78.290,0,0
1524506820,78.140,78.200,78.140,78.200,0,0
1524506880,78.210,78.180,78.160,78.220,0,0
1524506940,78.180,78.210,78.180,78.210,0,0
1524507000,78.200,78.260,78.200,78.260,11028,582347
1524507060,78.260,78.280,78.260,78.280,0,0
1524507120,78.250,78.210,78.210,78.250,0,0
1524507180,78.200,78.140,78.130,78.200,0,0
1524507240,78.210,78.150,78.150,78.210,0,0
1524507300,78.170,78.140,78.140,78.170,11990,593375
1524507360,78.090,78.120,78.000,78.150,0,0
1524507420,78.090,78.180,78.090,78.180,0,0
1524507480,78.120,78.140,78.100,78.140,0,0
1524507540,78.110,78.100,78.100,78.110,0,0
1524507600,78.060,78.060,78.060,78.060,7845,605365
1524507660,78.030,78.050,78.030,78.050,0,0
1524507720,78.050,77.910,77.910,78.050,0,0
1524507780,77.910,77.890,77.870,77.910,0,0
1524507900,77.860,77.820,77.770,77.860,10949,613210
1524507960,77.800,77.910,77.750,77.910,0,0
1524508020,77.870,77.890,77.850,77.890,0,0
1524508080,77.880,77.910,77.880,77.910,0,0
1524508140,77.890,77.970,77.890,77.970,0,0
1524508200,77.890,77.890,77.890,77.890,7297,624159
1524508260,77.910,77.900,77.900,77.910,0,0
1524508320,77.930,77.910,77.910,77.930,0,0
1524508440,77.860,77.860,77.860,77.860,0,0
1524508500,77.860,77.890,77.860,77.890,12323,631456
1524508560,77.900,77.880,77.880,77.900,0,0
1524508620,77.930,77.960,77.930,77.960,0,0
1524508680,77.950,77.970,77.940,77.970,0,0
1524508740,77.980,78.040,77.970,78.040,0,0
1524508800,78.040,78.090,78.020,78.090,11036,643779
1524508860,78.060,78.120,78.060,78.120,0,0
1524508920,78.120,78.110,78.090,78.120,0,0
1524508980,78.090,78.100,78.090,78.100,0,0
1524509040,78.100,78.110,78.100,78.110,0,0
1524509100,78.130,78.080,78.080,78.130,9433,654815
1524509160,78.070,78.060,78.060,78.070,0,0
1524509220,78.060,78.080,78.060,78.080,0,0
1524509280,78.090,78.110,78.090,78.110,0,0
1524509340,78.120,78.090,78.090,78.120,0,0
1524509400,78.090,78.060,78.060,78.090,18467,664248
1524509460,78.090,78.100,78.090,78.100,0,0
1524509520,78.090,78.060,78.060,78.090,0,0
1524509580,78.070,78.070,78.070,78.070,0,0
1524509640,78.070,78.030,78.030,78.070,0,0
1524509700,78.030,78.010,78.010,78.030,13922,682715
1524509760,78.030,78.040,78.030,78.040,0,0
1524509820,78.030,78.050,78.030,78.050,0,0
1524509880,78.060,78.070,78.060,78.070,0,0
1524509940,78.020,78.000,78.000,78.030,0,0
1524510000,78.020,78.030,78.010,78.030,19198,696637
1524510060,78.040,78.060,78.040,78.070,0,0
1524510120,78.090,78.110,78.090,78.110,0,0
1524510180,78.130,78.110,78.090,78.130,0,0
1524510240,78.120,78.170,78.120,78.180,0,0
1524510300,78.130,78.170,78.120,78.170,13504,715835
1524510360,78.140,78.060,78.060,78.140,0,0
1524510420,78.020,78.030,78.000,78.030,0,0
1524510480,78.000,78.020,78.000,78.040,0,0
1524510540,77.990,77.930,77.930,77.990,0,0
1524510600,77.910,77.970,77.910,77.970,8008,729339
1524510660,77.970,77.970,77.970,77.970,0,0
1524510720,77.970,77.970,77.970,77.970,0,0
1524510780,78.000,78.000,78.000,78.000,0,0
1524510840,78.000,78.010,78.000,78.010,0,0
1524510900,78.000,78.000,78.000,78.000,7857,737347
1524510960,78.000,78.020,77.980,78.020,0,0
1524511020,78.010,78.030,78.010,78.030,0,0
1524511080,78.010,78.010,78.010,78.010,0,0
1524511140,78.010,78.010,78.010,78.010,0,0
1524511200,78.000,78.030,77.990,78.030,18488,745204
1524511260,78.020,78.000,78.000,78.020,0,0
1524511320,77.960,77.990,77.940,77.990,0,0
1524511380,78.000,78.060,78.000,78.080,0,0
1524511500,78.030,78.090,78.030,78.090,16455,763692
1524511560,78.100,78.120,78.090,78.120,0,0
1524511620,78.140,78.110,78.110,78.140,0,0
1524511680,78.110,78.130,78.110,78.130,0,0
1524511800,78.080,78.060,78.050,78.080,19314,780147
1524511860,78.050,78.120,78.050,78.120,0,0
1524511920,78.100,78.110,78.100,78.120,0,0
1524511980,78.130,78.150,78.130,78.150,0,0
1524512040,78.170,78.160,78.160,78.170,0,0
1524512100,78.150,78.170,78.150,78.190,21926,799461
1524512160,78.170,78.170,78.170,78.170,0,0
1524512220,78.150,78.120,78.120,78.150,0,0
1524512280,78.120,78.110,78.110,78.120,0,0
1524512340,78.100,78.150,78.090,78.150,0,0
1524512400,78.120,78.100,78.090,78.120,26917,821387
1524512460,78.090,78.090,78.090,78.090,0,0
1524512520,78.080,78.040,78.030,78.080,0,0
1524512580,78.050,78.090,78.050,78.090,0,0
1524512640,78.090,78.110,78.090,78.110,0,0
1524512700,78.080,78.100,78.080,78.100,39570,848304
1524512760,78.110,78.080,78.080,78.110,0,0
1524512820,78.080,78.090,78.080,78.100,0,0
1524512880,78.060,78.030,78.030,78.060,0,0
1524512940,78.030,78.100,78.030,78.100,0,0
1524513000,78.110,78.060,78.060,78.120,52218,887874
1524513060,78.060,78.070,78.060,78.090,0,0
1524513120,78.080,78.050,78.040,78.080,0,0
1524513180,78.050,77.970,77.970,78.050,0,0
1524513240,77.990,78.040,77.970,78.040,0,0
1524513300,78.040,78.050,78.030,78.060,428140,940092
1524513360,78.050,78.020,77.990,78.050,0,0
1524513420,78.010,78.000,78.000,78.030,0,0
1524513480,78.020,78.000,77.990,78.020,0,0
1524513540,78.020,78.080,78.020,78.140,0,0
1524576600,78.620,78.610,78.610,78.620,14030,0
1524576660,78.620,78.610,78.610,78.620,0,0
1524576720,78.390,78.380,78.380,78.390,0,0
1524576780,78.350,78.410,78.350,78.560,0,0
1524576840,78.400,78.400,78.400,78.400,0,0
1524576900,78.290,78.290,78.290,78.290,7778,14030
1524576960,78.370,78.320,78.320,78.370,0,0
1524577140,78.260,78.260,78.260,78.260,0,0
1524577200,78.230,78.230,78.230,78.230,3568,21808
1524577320,78.140,78.140,78.140,78.140,0,0
1524577380,78.180,78.240,78.180,78.240,0,0
1524577440,78.270,78.270,78.270,78.270,0,0
1524577500,78.250,78.200,78.120,78.250,17258,25376
1524577560,78.240,78.160,78.160,78.240,0,0
1524577620,78.140,78.190,78.140,78.190,0,0
1524577680,78.150,78.100,78.060,78.150,0,0
1524577740,78.100,78.000,78.000,78.100,0,0
1524577800,78.000,77.980,77.980,78.000,17837,42634
1524577860,77.860,77.860,77.860,77.860,0,0
1524577920,77.940,77.680,77.680,77.940,0,0
1524577980,77.750,77.770,77.730,77.770,0,0
1524578040,77.730,77.750,77.680,77.750,0,0
1524578100,77.650,77.750,77.650,77.760,12390,60471
1524578160,77.790,77.830,77.770,77.830,0,0
1524578220,77.830,77.690,77.690,77.830,0,0
1524578280,77.770,77.760,77.750,77.830,0,0
1524578340,77.700,77.700,77.700,77.700,0,0
1524578400,77.830,77.750,77.750,77.830,18051,72861
1524578460,77.790,77.860,77.780,77.860,0,0
1524578520,77.970,77.900,77.830,77.970,0,0
1524578580,77.990,78.000,77.990,78.000,0,0
1524578640,77.940,77.910,77.910,77.940,0,0
1524578700,77.990,77.940,77.920,77.990,12711,90912
1524578760,77.900,77.870,77.870,77.910,0,0
1524578820,77.970,78.000,77.970,78.000,0,0
1524578880,78.040,78.050,78.000,78.070,0,0
1524578940,78.000,77.890,77.890,78.000,0,0
1524579000,77.880,77.940,77.880,77.940,15237,103623
1524579060,77.970,78.010,77.970,78.010,0,0
1524579120,77.990,77.920,77.920,78.010,0,0
1524579180,77.910,77.910,77.910,77.910,0,0
1524579240,77.910,77.920,77.910,77.920,0,0
1524579300,77.820,77.750,77.750,77.820,16504,118860
1524579360,77.770,77.780,77.740,77.820,0,0
1524579420,77.800,77.740,77.740,77.800,0,0
1524579480,77.740,77.780,77.740,77.780,0,0
1524579540,77.790,77.800,77.790,77.800,0,0
1524579600,77.780,77.760,77.760,77.780,16658,135364
1524579660,77.720,77.550,77.510,77.720,0,0
1524579720,77.530,77.470,77.470,77.530,0,0
1524579780,77.480,77.450,77.450,77.480,0,0
1524579840,77.380,77.250,77.250,77.380,0,0
1524579900,77.230,77.360,77.230,77.360,12790,152022
1524579960,77.260,77.310,77.260,77.310,0,0
1524580020,77.320,77.360,77.320,77.360,0,0
1524580080,77.360,77.320,77.320,77.360,0,0
1524580140,77.380,77.400,77.380,77.400,0,0
1524580200,77.480,77.460,77.460,77.520,12134,164812
1524580260,77.390,77.380,77.380,77.390,0,0
1524580320,77.410,77.430,77.410,77.470,0,0
1524580380,77.440,77.420,77.370,77.440,0,0
1524580440,77.380,77.270,77.270,77.420,0,0
1524580500,77.270,77.290,77.240,77.310,26063,176946
1524580560,77.230,77.250,77.230,77.300,0,0
1524580620,77.300,77.290,77.270,77.310,0,0
1524580680,77.310,77.300,77.290,77.310,0,0
1524580740,77.280,77.350,77.280,77.350,0,0
1524580800,77.360,77.330,77.330,77.370,23157,203009
1524580860,77.310,77.250,77.190,77.310,0,0
1524580920,77.290,77.340,77.290,77.340,0,0
1524580980,77.390,77.450,77.380,77.450,0,0
1524581040,77.420,77.460,77.420,77.500,0,0
1524581100,77.470,77.540,77.470,77.550,14822,226166
1524581160,77.560,77.570,77.560,77.620,0,0
1524581220,77.510,77.470,77.470,77.510,0,0
1524581280,77.470,77.470,77.470,77.470,0,0
1524581340,77.480,77.530,77.480,77.530,0,0
1524581400,77.500,77.570,77.500,77.570,8426,240988
1524581460,77.530,77.610,77.530,77.610,0,0
1524581520,77.590,77.540,77.540,77.590,0,0
1524581580,77.580,77.650,77.580,77.650,0,0
1524581640,77.640,77.640,77.640,77.640,0,0
1524581700,77.620,77.580,77.570,77.620,8704,249414
1524581760,77.580,77.610,77.580,77.610,0,0
1524581820,77.580,77.480,77.480,77.580,0,0
1524581880,77.480,77.500,77.480,77.500,0,0
1524581940,77.470,77.460,77.460,77.470,0,0
1524582000,77.470,77.440,77.420,77.470,11946,258118
1524582060,77.440,77.480,77.420,77.480,0,0
1524582120,77.450,77.420,77.420,77.450,0,0
1524582180,77.430,77.470,77.430,77.470,0,0
1524582240,77.470,77.430,77.430,77.470,0,0
1524582300,77.370,77.430,77.370,77.430,10343,270064
1524582360,77.400,77.400,77.400,77.400,0,0
1524582420,77.380,77.380,77.380,77.380,0,0
1524582480,77.390,77.370,77.340,77.390,0,0
1524582600,77.420,77.420,77.420,77.420,6369,280407
1524582660,77.400,77.390,77.390,77.400,0,0
1524582720,77.390,77.400,77.390,77.400,0,0
1524582780,77.380,77.380,77.380,77.380,0,0
1524582840,77.380,77.390,77.360,77.390,0,0
1524582900,77.390,77.360,77.360,77.390,25613,286776
1524582960,77.390,77.310,77.310,77.390,0,0
1524583020,77.300,77.120,77.120,77.310,0,0
1524583080,77.140,77.170,77.140,77.170,0,0
1524583140,77.100,77.160,77.100,77.160,0,0
1524583200,77.170,77.200,77.170,77.200,64358,312389
1524583260,77.230,77.160,77.140,77.230,0,0
1524583320,77.190,77.170,77.170,77.220,0,0
1524583380,77.170,77.160,77.160,77.190,0,0
1524583440,77.170,77.080,77.080,77.170,0,0
1524583500,77.050,76.980,76.980,77.050,23711,376747
1524583560,76.990,77.020,76.990,77.020,0,0
1524583620,77.070,77.080,77.060,77.090,0,0
1524583680,77.100,77.090,77.080,77.100,0,0
1524583740,77.050,77.100,77.050,77.100,0,0
1524583800,77.110,77.060,77.060,77.110,41943,400458
1524583860,77.050,76.980,76.980,77.050,0,0
1524583920,77.030,77.040,77.030,77.040,0,0
1524583980,77.040,77.060,77.030,77.060,0,0
1524584040,77.060,77.170,77.050,77.170,0,0
1524584100,77.170,77.130,77.130,77.170,12088,442401
1524584160,77.230,77.250,77.230,77.260,0,0
1524584220,77.280,77.260,77.260,77.300,0,0
1524584280,77.290,77.340,77.290,77.340,0,0
1524584340,77.350,77.340,77.340,77.350,0,0
1524584400,77.400,77.450,77.400,77.450,22230,454489
1524584460,77.410,77.400,77.360,77.450,0,0
1524584520,77.400,77.330,77.330,77.400,0,0
1524584580,77.320,77.250,77.250,77.330,0,0
1524584640,77.220,77.180,77.170,77.220,0,0
1524584700,77.220,77.290,77.220,77.310,9955,476719
1524584760,77.270,77.320,77.270,77.360,0,0
1524584820,77.280,77.190,77.190,77.280,0,0
1524584880,77.180,77.140,77.130,77.180,0,0
1524585000,77.130,77.110,77.110,77.130,12542,486674
1524585060,77.120,76.980,76.980,77.130,0,0
1524585120,76.990,77.000,76.990,77.000,0,0
1524585180,77.010,77.010,77.010,77.010,0,0
1524585240,77.000,76.930,76.930,77.000,0,0
1524585300,76.970,76.960,76.960,76.970,10840,499216
1524585360,76.930,76.900,76.900,76.930,0,0
1524585420,76.870,76.820,76.820,76.870,0,0
1524585480,76.860,76.840,76.840,76.900,0,0
1524585540,76.800,76.740,76.740,76.830,0,0
1524585600,76.610,76.640,76.610,76.670,14143,510056
1524585660,76.720,76.720,76.720,76.720,0,0
1524585720,76.720,76.660,76.660,76.720,0,0
1524585780,76.630,76.630,76.630,76.630,0,0
1524585840,76.680,76.670,76.670,76.690,0,0
1524585900,76.720,76.680,76.680,76.720,13800,524199
1524585960,76.690,76.660,76.640,76.690,0,0
1524586020,76.620,76.660,76.620,76.660,0,0
1524586080,76.660,76.680,76.660,76.680,0,0
1524586140,76.670,76.700,76.670,76.720,0,0
1524586200,76.670,76.690,76.670,76.690,10482,537999
1524586260,76.700,76.700,76.700,76.700,0,0
1524586320,76.680,76.660,76.660,76.680,0,0
1524586380,76.670,76.690,76.660,76.690,0,0
1524586440,76.640,76.660,76.640,76.660,0,0
1524586500,76.610,76.630,76.610,76.630,18749,548481
1524586560,76.630,76.600,76.600,76.630,0,0
1524586620,76.590,76.490,76.490,76.590,0,0
1524586680,76.470,76.430,76.430,76.470,0,0
1524586740,76.410,76.460,76.400,76.470,0,0
1524586800,76.420,76.420,76.420,76.420,19050,567230
1524586860,76.430,76.350,76.350,76.430,0,0
1524586920,76.350,76.340,76.340,76.370,0,0
1524586980,76.310,76.270,76.270,76.320,0,0
1524587040,76.310,76.280,76.280,76.310,0,0
1524587100,76.150,76.180,76.150,76.260,19376,586280
1524587160,76.210,76.230,76.190,76.250,0,0
1524587220,76.190,76.160,76.160,76.190,0,0
1524587280,76.220,76.260,76.170,76.260,0,0
1524587340,76.250,76.290,76.230,76.290,0,0
1524587400,76.280,76.280,76.280,76.280,12274,605656
1524587460,76.290,76.270,76.270,76.310,0,0
1524587520,76.280,76.220,76.220,76.280,0,0
1524587580,76.200,76.240,76.200,76.270,0,0
1524587640,76.250,76.220,76.220,76.250,0,0
1524587700,76.210,76.230,76.210,76.240,12639,617930
1524587760,76.200,76.180,76.180,76.220,0,0
1524587820,76.180,76.220,76.180,76.220,0,0
1524587880,76.230,76.250,76.230,76.250,0,0
1524587940,76.220,76.250,76.220,76.250,0,0
1524588000,76.210,76.200,76.170,76.210,14894,630569
1524588060,76.200,76.250,76.200,76.250,0,0
1524588120,76.220,76.210,76.210,76.220,0,0
1524588180,76.190,76.210,76.190,76.210,0,0
1524588240,76.170,76.200,76.170,76.200,0,0
1524588300,76.180,76.250,76.180,76.250,20851,645463
1524588360,76.240,76.260,76.230,76.260,0,0
1524588420,76.230,76.190,76.190,76.230,0,0
1524588480,76.190,76.140,76.120,76.190,0,0
1524588540,76.160,76.200,76.160,76.200,0,0
1524588600,76.210,76.260,76.210,76.260,11213,666314
1524588660,76.250,76.220,76.220,76.260,0,0
1524588720,76.180,76.230,76.180,76.240,0,0
1524588780,76.230,76.200,76.200,76.230,0,0
1524588840,76.180,76.170,76.170,76.180,0,0
1524588900,76.140,76.100,76.100,76.140,13701,677527
1524588960,76.070,75.870,75.870,76.070,0,0
1524589020,75.900,75.960,75.900,75.960,0,0
1524589080,75.940,75.940,75.940,75.940,0,0
1524589140,75.920,75.830,75.830,75.920,0,0
1524589200,75.850,75.930,75.850,75.930,12024,691228
1524589260,75.910,75.940,75.910,75.940,0,0
1524589320,75.950,75.930,75.930,75.950,0,0
1524589380,75.910,75.880,75.880,75.910,0,0
1524589440,75.870,75.850,75.850,75.870,0,0
1524589500,75.870,75.830,75.830,75.880,16926,703252
1524589560,75.850,75.840,75.840,75.860,0,0
1524589620,75.810,75.760,75.760,75.810,0,0
1524589680,75.770,75.800,75.750,75.820,0,0
1524589740,75.790,75.840,75.790,75.840,0,0
1524589800,75.910,75.830,75.830,75.910,8110,720178
1524589860,75.830,75.820,75.820,75.830,0,0
1524589920,75.830,75.810,75.810,75.830,0,0
1524589980,75.830,75.850,75.830,75.850,0,0
1524590040,75.860,75.940,75.860,75.940,0,0
1524590100,75.930,75.940,75.920,75.950,96297,728288
1524590160,75.950,76.050,75.950,76.050,0,0
1524590220,76.120,76.090,76.070,76.120,0,0
1524590280,76.060,76.130,76.060,76.170,0,0
1524590340,76.100,76.020,75.980,76.100,0,0
1524590400,76.020,76.010,76.010,76.050,11235,824585
1524590460,75.990,76.010,75.990,76.010,0,0
1524590520,76.050,76.070,76.050,76.070,0,0
1524590580,76.070,76.110,76.070,76.110,0,0
1524590640,76.110,76.090,76.090,76.120,0,0
1524590700,76.120,76.140,76.120,76.180,11744,835820
1524590760,76.120,76.100,76.100,76.120,0,0
1524590820,76.120,76.110,76.090,76.120,0,0
1524590880,76.110,76.140,76.100,76.140,0,0
1524590940,76.110,76.120,76.110,76.120,0,0
1524591000,76.140,76.110,76.110,76.140,7804,847564
1524591060,76.100,76.110,76.100,76.110,0,0
1524591120,76.140,76.150,76.140,76.150,0,0
1524591180,76.170,76.110,76.110,76.170,0,0
1524591240,76.080,76.070,76.070,76.080,0,0
1524591300,76.030,76.000,76.000,76.030,9421,855368
1524591360,76.000,76.000,76.000,76.000,0,0
1524591420,75.960,75.950,75.950,75.960,0,0
1524591480,75.970,75.960,75.960,76.000,0,0
1524591540,75.970,75.970,75.970,75.970,0,0
1524591600,75.990,75.950,75.950,75.990,10135,864789
1524591660,75.940,75.920,75.910,75.940,0,0
1524591720,75.890,75.900,75.890,75.930,0,0
1524591780,75.890,75.890,75.890,75.890,0,0
1524591840,75.940,75.890,75.890,75.940,0,0
1524591900,75.870,75.870,75.870,75.870,9254,874924
1524591960,75.830,75.800,75.800,75.830,0,0
1524592020,75.810,75.810,75.810,75.810,0,0
1524592080,75.780,75.790,75.780,75.790,0,0
1524592140,75.800,75.820,75.800,75.820,0,0
1524592200,75.830,75.670,75.670,75.830,10571,884178
1524592260,75.650,75.590,75.590,75.650,0,0
1524592320,75.600,75.590,75.590,75.600,0,0
1524592380,75.580,75.570,75.570,75.580,0,0
1524592440,75.570,75.510,75.500,75.570,0,0
1524592500,75.470,75.470,75.470,75.470,12117,894749
1524592560,75.430,75.390,75.390,75.430,0,0
1524592620,75.410,75.440,75.410,75.440,0,0
1524592680,75.460,75.420,75.420,75.460,0,0
1524592740,75.370,75.450,75.370,75.450,0,0
1524592800,75.430,75.390,75.390,75.430,12332,906866
1524592860,75.430,75.380,75.380,75.430,0,0
1524592920,75.380,75.330,75.330,75.380,0,0
1524592980,75.320,75.280,75.270,75.340,0,0
1524593040,75.240,75.200,75.200,75.240,0,0
1524593100,75.180,75.090,75.090,75.180,17288,919198
1524593160,75.130,75.170,75.130,75.170,0,0
1524593220,75.180,75.150,75.150,75.190,0,0
1524593280,75.170,75.150,75.100,75.170,0,0
1524593340,75.140,75.170,75.140,75.170,0,0
1524593400,75.220,75.260,75.220,75.260,55544,936486
1524593460,75.240,75.430,75.240,75.430,0,0
1524593520,75.410,75.520,75.410,75.520,0,0
1524593580,75.520,75.500,75.500,75.520,0,0
1524593640,75.460,75.430,75.420,75.460,0,0
1524593700,75.400,75.430,75.400,75.440,35309,992030
1524593760,75.430,75.390,75.390,75.430,0,0
1524593820,75.400,75.430,75.400,75.430,0,0
1524593880,75.460,75.400,75.400,75.460,0,0
1524593940,75.380,75.400,75.380,75.400,0,0
1524594000,75.390,75.450,75.390,75.450,12628,1027339
1524594060,75.420,75.430,75.420,75.430,0,0
1524594120,75.460,75.540,75.460,75.540,0,0
1524594180,75.570,75.680,75.570,75.680,0,0
1524594240,75.800,75.780,75.780,75.810,0,0
1524594300,75.790,75.790,75.790,75.790,8957,1039967
1524594360,75.720,75.700,75.700,75.720,0,0
1524594420,75.610,75.520,75.520,75.610,0,0
1524594480,75.500,75.450,75.450,75.500,0,0
1524594540,75.430,75.350,75.350,75.430,0,0
1524594600,75.360,75.400,75.360,75.420,48899,1048924
1524594660,75.410,75.300,75.300,75.410,0,0
1524594720,75.270,75.330,75.250,75.330,0,0
1524594780,75.330,75.300,75.300,75.360,0,0
1524594840,75.320,75.340,75.300,75.340,0,0
1524594900,75.320,75.390,75.320,75.410,63426,1097823
1524594960,75.420,75.500,75.390,75.520,0,0
1524595020,75.480,75.520,75.480,75.530,0,0
1524595080,75.460,75.390,75.390,75.460,0,0
1524595140,75.330,75.330,75.330,75.330,0,0
1524595200,75.340,75.460,75.340,75.460,16961,1161249
1524595260,75.460,75.500,75.460,75.500,0,0
1524595320,75.460,75.550,75.460,75.550,0,0
1524595380,75.580,75.620,75.580,75.670,0,0
1524595440,75.630,75.660,75.630,75.690,0,0
1524595500,75.730,75.720,75.700,75.730,18307,1178210
1524595560,75.720,75.690,75.690,75.720,0,0
1524595620,75.630,75.680,75.630,75.680,0,0
1524595680,75.670,75.660,75.660,75.720,0,0
1524595740,75.600,75.500,75.460,75.600,0,0
1524595800,75.500,75.520,75.500,75.540,13349,1196517
1524595860,75.530,75.530,75.530,75.530,0,0
1524595920,75.560,75.480,75.480,75.560,0,0
1524595980,75.490,75.360,75.360,75.490,0,0
1524596040,75.390,75.400,75.390,75.400,0,0
1524596100,75.420,75.490,75.420,75.490,14706,1209866
1524596160,75.490,75.500,75.480,75.510,0,0
1524596220,75.500,75.550,75.500,75.560,0,0
1524596280,75.570,75.580,75.570,75.600,0,0
1524596340,75.590,75.550,75.550,75.590,0,0
1524596400,75.600,75.620,75.600,75.620,24092,1224572
1524596460,75.640,75.550,75.550,75.640,0,0
1524596520,75.560,75.540,75.530,75.560,0,0
1524596580,75.510,75.480,75.480,75.510,0,0
1524596640,75.530,75.500,75.500,75.540,0,0
1524596700,75.490,75.460,75.410,75.500,56800,1248664
1524596760,75.450,75.540,75.410,75.540,0,0
1524596820,75.520,75.590,75.520,75.610,0,0
1524596880,75.580,75.610,75.580,75.610,0,0
1524596940,75.620,75.650,75.620,75.680,0,0
1524597000,75.630,75.610,75.610,75.640,27344,1305464
1524597060,75.570,75.550,75.530,75.570,0,0
1524597120,75.500,75.600,75.480,75.600,0,0
1524597180,75.610,75.770,75.610,75.770,0,0
1524597240,75.770,75.790,75.770,75.800,0,0
1524597300,75.780,75.800,75.770,75.810,14529,1332808
1524597360,75.760,75.700,75.700,75.760,0,0
1524597420,75.730,75.710,75.710,75.730,0,0
1524597480,75.740,75.710,75.700,75.740,0,0
1524597540,75.720,75.660,75.660,75.720,0,0
1524597600,75.660,75.700,75.650,75.700,29999,1347337
1524597660,75.700,75.790,75.700,75.790,0,0
1524597720,75.780,75.760,75.760,75.780,0,0
1524597780,75.750,75.780,75.750,75.790,0,0
1524597840,75.800,75.820,75.800,75.830,0,0
1524597900,75.790,75.750,75.750,75.800,30672,1377336
1524597960,75.730,75.670,75.670,75.730,0,0
1524598020,75.640,75.700,75.640,75.700,0,0
1524598080,75.700,75.720,75.690,75.760,0,0
1524598140,75.720,75.730,75.720,75.730,0,0
1524598200,75.720,75.640,75.640,75.720,34565,1408008
1524598260,75.640,75.670,75.640,75.670,0,0
1524598320,75.640,75.660,75.640,75.670,0,0
1524598380,75.650,75.660,75.650,75.660,0,0
1524598440,75.620,75.570,75.570,75.620,0,0
1524598500,75.540,75.480,75.480,75.540,27284,1442573
1524598560,75.470,75.500,75.470,75.500,0,0
1524598620,75.480,75.550,75.480,75.560,0,0
1524598680,75.540,75.530,75.510,75.540,0,0
1524598740,75.540,75.460,75.450,75.540,0,0
1524598800,75.440,75.510,75.420,75.520,34552,1469857
1524598860,75.500,75.540,75.500,75.540,0,0
1524598920,75.540,75.400,75.400,75.540,0,0
1524598980,75.390,75.310,75.310,75.420,0,0
1524599040,75.320,75.340,75.320,75.340,0,0
1524599100,75.340,75.330,75.320,75.340,70695,1504409
1524599160,75.330,75.410,75.330,75.410,0,0
1524599220,75.430,75.490,75.400,75.490,0,0
1524599280,75.510,75.580,75.470,75.580,0,0
1524599340,75.580,75.680,75.580,75.680,0,0
1524599400,75.700,75.690,75.670,75.710,49697,1575104
1524599460,75.670,75.710,75.640,75.710,0,0
1524599520,75.720,75.700,75.700,75.720,0,0
1524599580,75.720,75.660,75.630,75.720,0,0
1524599640,75.660,75.670,75.640,75.670,0,0
1524599700,75.650,75.600,75.600,75.670,123851,1624801
1524599760,75.590,75.600,75.570,75.600,0,0
1524599820,75.580,75.590,75.570,75.600,0,0
1524599880,75.590,75.600,75.580,75.600,0,0
1524599940,75.580,75.740,75.580,75.770,0,0
1524663000,70.670,67.930,67.930,70.670,173471,0
1524663060,68.680,68.680,68.680,68.680,0,0
1524663120,69.150,68.620,68.500,69.400,0,0
1524663180,68.160,67.670,67.670,68.160,0,0
1524663240,67.800,68.000,67.610,68.000,0,0
1524663300,68.080,67.950,67.910,68.080,111771,173471
1524663360,67.620,68.110,67.570,68.110,0,0
1524663420,68.130,68.550,68.050,68.610,0,0
1524663480,68.200,68.780,68.200,68.780,0,0
1524663540,68.640,68.250,68.180,68.640,0,0
1524663600,68.690,68.620,68.500,69.000,101311,285242
1524663660,68.400,67.950,67.780,68.400,0,0
1524663720,68.080,68.370,68.080,68.470,0,0
1524663780,68.310,68.230,68.220,68.340,0,0
1524663840,68.250,68.120,68.120,68.250,0,0
1524663900,68.110,67.440,67.440,68.140,107755,386553
1524663960,67.490,67.530,67.380,67.630,0,0
1524664020,67.440,67.200,67.200,67.490,0,0
1524664080,67.210,67.340,67.110,67.400,0,0
1524664140,67.370,67.340,67.180,67.370,0,0
1524664200,67.340,67.460,67.310,67.480,52691,494308
1524664260,67.460,67.640,67.170,67.640,0,0
1524664320,67.680,67.790,67.640,67.850,0,0
1524664380,67.640,67.400,67.400,67.690,0,0
1524664440,67.470,67.440,67.440,67.610,0,0
1524664500,67.430,67.250,67.190,67.450,68304,546999
1524664560,67.010,66.890,66.800,67.010,0,0
1524664620,66.830,66.790,66.790,66.950,0,0
1524664680,66.740,66.730,66.600,66.740,0,0
1524664740,66.780,66.530,66.530,66.810,0,0
1524664800,66.530,66.560,66.510,66.630,53776,615303
1524664860,66.630,66.530,66.510,66.630,0,0
1524664920,66.560,66.430,66.330,66.560,0,0
1524664980,66.420,66.790,66.420,66.790,0,0
1524665040,66.780,66.620,66.500,66.810,0,0
1524665100,66.670,66.820,66.670,66.850,40640,669079
1524665160,66.800,66.440,66.440,66.800,0,0
1524665220,66.550,66.720,66.520,66.720,0,0
1524665280,66.610,66.670,66.610,66.720,0,0
1524665340,66.730,66.690,66.640,66.740,0,0
1524665400,66.700,66.640,66.640,66.810,68084,709719
1524665460,66.570,66.790,66.570,66.850,0,0
1524665520,66.800,66.960,66.790,66.960,0,0
1524665580,66.970,67.000,66.950,67.080,0,0
1524665640,67.000,66.940,66.940,67.010,0,0
1524665700,66.840,66.770,66.750,66.840,179138,777803
1524665760,66.820,66.880,66.780,66.890,0,0
1524665820,66.850,67.050,66.820,67.050,0,0
1524665880,67.110,66.930,66.930,67.150,0,0
1524665940,66.970,66.980,66.970,67.100,0,0
1524666000,67.020,67.010,67.010,67.060,40767,956941
1524666060,66.880,66.940,66.880,66.990,0,0
1524666120,66.800,66.910,66.800,66.930,0,0
1524666180,66.850,66.810,66.810,66.920,0,0
1524666240,66.870,67.100,66.870,67.100,0,0
1524666300,67.520,67.300,67.180,67.520,48288,997708
1524666360,67.180,66.750,66.750,67.210,0,0
1524666420,66.730,66.810,66.730,66.810,0,0
1524666480,66.810,66.950,66.810,66.950,0,0
1524666540,67.470,67.250,67.190,67.470,0,0
1524666600,67.270,67.220,67.220,67.320,37176,1045996
1524666660,67.180,66.940,66.940,67.180,0,0
1524666720,67.030,67.020,66.920,67.070,0,0
1524666780,67.050,66.940,66.860,67.050,0,0
1524666840,66.990,66.860,66.830,66.990,0,0
1524666900,66.880,66.900,66.880,66.920,34575,1083172
1524666960,67.040,67.210,67.040,67.210,0,0
1524667020,67.250,67.260,67.190,67.260,0,0
1524667080,67.280,67.170,67.170,67.280,0,0
1524667140,67.160,67.050,66.960,67.160,0,0
1524667200,67.080,67.110,67.070,67.190,80420,1117747
1524667260,67.150,67.040,67.010,67.150,0,0
1524667320,67.000,67.030,66.980,67.100,0,0
1524667380,67.000,67.020,66.980,67.030,0,0
1524667440,66.940,67.030,66.930,67.030,0,0
1524667500,67.020,67.090,67.020,67.090,44818,1198167
1524667560,67.140,67.160,67.100,67.160,0,0
1524667620,67.140,67.130,67.120,67.150,0,0
1524667680,67.140,67.480,67.120,67.480,0,0
1524667740,67.440,67.460,67.440,67.510,0,0
1524667800,67.360,67.280,67.270,67.360,45139,1242985
1524667860,67.280,67.310,67.280,67.360,0,0
1524667920,67.310,67.160,67.160,67.310,0,0
1524667980,67.150,67.010,67.000,67.160,0,0
1524668040,67.040,67.080,67.030,67.160,0,0
1524668100,67.140,67.180,67.120,67.250,63070,1288124
1524668160,67.150,67.220,67.150,67.220,0,0
1524668220,67.250,67.480,67.220,67.480,0,0
1524668280,67.370,67.250,67.250,67.370,0,0
1524668340,67.250,67.600,67.210,67.670,0,0
1524668400,67.480,67.430,67.430,67.510,44360,1351194
1524668460,67.430,67.290,67.210,67.430,0,0
1524668520,67.280,67.300,67.250,67.340,0,0
1524668580,67.330,67.280,67.270,67.330,0,0
1524668640,67.310,67.380,67.280,67.440,0,0
1524668700,67.430,67.530,67.430,67.640,61052,1395554
1524668760,67.550,67.610,67.550,67.680,0,0
1524668820,67.600,67.570,67.520,67.610,0,0
1524668880,67.630,67.610,67.600,67.650,0,0
1524668940,67.590,67.430,67.430,67.590,0,0
1524669000,67.390,67.460,67.360,67.460,117176,1456606
1524669060,67.650,68.180,67.630,68.230,0,0
1524669120,68.110,68.580,68.050,68.580,0,0
1524669180,68.530,68.390,68.170,68.850,0,0
1524669240,68.270,67.880,67.880,68.460,0,0
1524669300,67.950,68.110,67.950,68.160,90670,1573782
1524669360,68.150,68.140,68.140,68.190,0,0
1524669420,68.160,68.360,68.160,68.390,0,0
1524669480,68.540,68.500,68.440,68.650,0,0
1524669540,68.590,68.560,68.490,68.590,0,0
1524669600,68.520,68.970,68.520,69.260,124963,1664452
1524669660,69.050,69.410,69.050,69.410,0,0
1524669720,69.330,69.180,69.170,69.360,0,0
1524669780,69.270,69.370,69.270,69.470,0,0
1524669840,69.360,69.340,69.340,69.600,0,0
1524669900,69.300,69.460,69.220,69.460,71836,1789415
1524669960,69.370,69.380,69.300,69.450,0,0
1524670020,69.380,69.390,69.380,69.430,0,0
1524670080,69.380,69.470,69.380,69.520,0,0
1524670140,69.380,69.270,69.270,69.380,0,0
1524670200,69.260,69.330,69.250,69.330,75544,1861251
1524670260,69.370,69.430,69.350,69.430,0,0
1524670320,69.370,69.280,69.250,69.400,0,0
1524670380,69.250,69.340,69.250,69.360,0,0
1524670440,69.340,69.420,69.340,69.460,0,0
1524670500,69.460,69.610,69.460,69.680,87864,1936795
1524670560,69.650,69.690,69.650,69.690,0,0
1524670620,69.660,69.710,69.660,69.710,0,0
1524670680,69.630,69.580,69.300,69.630,0,0
1524670740,69.700,69.560,69.560,69.840,0,0
1524670800,69.450,69.610,69.340,69.610,75253,2024659
1524670860,69.640,69.550,69.550,69.650,0,0
1524670920,69.530,69.490,69.490,69.530,0,0
1524670980,69.470,69.670,69.470,69.690,0,0
1524671040,69.640,69.500,69.500,69.640,0,0
1524671100,69.520,69.400,69.400,69.520,47746,2099912
1524671160,69.440,69.390,69.390,69.450,0,0
1524671220,69.360,69.250,69.250,69.370,0,0
1524671280,69.250,69.190,69.130,69.250,0,0
1524671340,69.190,69.110,69.110,69.210,0,0
1524671400,69.110,68.660,68.660,69.110,97383,2147658
1524671460,68.580,68.770,68.580,68.770,0,0
1524671520,68.790,68.830,68.790,68.900,0,0
1524671580,68.790,68.910,68.780,68.910,0,0
1524671640,68.920,68.860,68.860,69.070,0,0
1524671700,68.910,69.000,68.910,69.020,36346,2245041
1524671760,68.920,68.950,68.780,68.980,0,0
1524671820,68.990,68.520,68.520,68.990,0,0
1524671880,68.440,68.640,68.440,68.670,0,0
1524671940,68.600,68.540,68.510,68.600,0,0
1524672000,68.590,68.570,68.550,68.590,21687,2281387
1524672060,68.580,68.500,68.500,68.580,0,0
1524672120,68.510,68.520,68.510,68.520,0,0
1524672180,68.500,68.500,68.500,68.500,0,0
1524672240,68.500,68.520,68.500,68.540,0,0
1524672300,68.500,68.510,68.500,68.510,35398,2303074
1524672360,68.500,68.510,68.500,68.550,0,0
1524672420,68.510,68.840,68.510,68.840,0,0
1524672480,68.790,68.860,68.760,68.880,0,0
1524672540,68.820,68.700,68.700,68.820,0,0
1524672600,68.730,68.750,68.700,68.750,33848,2338472
1524672660,68.710,68.730,68.710,68.730,0,0
1524672720,68.730,68.840,68.730,68.860,0,0
1524672780,68.830,68.770,68.720,68.830,0,0
1524672840,68.780,68.760,68.760,68.800,0,0
1524672900,68.780,68.860,68.780,68.860,30489,2372320
1524672960,68.880,68.910,68.880,68.910,0,0
1524673020,68.910,68.900,68.900,68.910,0,0
1524673080,68.900,68.900,68.900,68.900,0,0
1524673140,68.900,68.980,68.900,68.980,0,0
1524673200,69.060,69.020,69.000,69.060,44427,2402809
1524673260,69.020,68.680,68.680,69.020,0,0
1524673320,68.680,68.780,68.670,68.780,0,0
1524673380,68.810,68.650,68.610,68.820,0,0
1524673440,68.690,68.910,68.690,68.910,0,0
1524673500,68.930,68.880,68.880,68.970,36190,2447236
1524673560,68.830,68.820,68.800,68.830,0,0
1524673620,68.910,69.030,68.910,69.030,0,0
1524673680,68.980,69.060,68.960,69.080,0,0
1524673740,69.080,69.100,69.080,69.170,0,0
1524673800,69.110,69.100,69.100,69.110,20622,2483426
1524673860,69.150,69.120,69.120,69.210,0,0
1524673920,69.100,69.100,69.100,69.100,0,0
1524673980,69.100,69.140,69.090,69.140,0,0
1524674040,69.140,69.240,69.140,69.240,0,0
1524674100,69.240,69.260,69.240,69.280,29929,2504048
1524674160,69.250,69.300,69.230,69.300,0,0
1524674220,69.320,69.290,69.290,69.340,0,0
1524674280,69.250,69.230,69.220,69.250,0,0
1524674340,69.300,69.180,69.180,69.320,0,0
1524674400,69.100,69.100,69.100,69.100,17078,2533977
1524674460,69.040,68.970,68.970,69.070,0,0
1524674520,68.970,68.920,68.860,68.970,0,0
1524674580,68.970,68.950,68.950,68.970,0,0
1524674640,68.980,68.980,68.980,68.980,0,0
1524674700,69.020,68.910,68.910,69.070,28182,2551055
1524674760,68.890,68.980,68.880,68.980,0,0
1524674820,69.010,69.010,69.010,69.010,0,0
1524674880,68.950,68.960,68.840,68.960,0,0
1524674940,69.030,68.840,68.840,69.030,0,0
1524675000,68.810,68.930,68.810,68.940,17209,2579237
1524675060,68.940,68.830,68.830,68.940,0,0
1524675120,68.820,68.670,68.670,68.820,0,0
1524675180,68.750,68.840,68.750,68.850,0,0
1524675240,68.840,68.770,68.770,68.840,0,0
1524675300,68.790,68.850,68.790,68.850,6595,2596446
1524675360,68.830,68.810,68.810,68.830,0,0
1524675420,68.780,68.760,68.760,68.780,0,0
1524675480,68.680,68.660,68.660,68.680,0,0
1524675540,68.670,68.600,68.600,68.670,0,0
1524675600,68.660,68.620,68.620,68.660,17820,2603041
1524675660,68.640,68.660,68.610,68.660,0,0
1524675720,68.660,68.580,68.580,68.660,0,0
1524675780,68.500,68.520,68.500,68.520,0,0
1524675840,68.520,68.590,68.520,68.590,0,0
1524675900,68.590,68.610,68.580,68.610,7811,2620861
1524675960,68.660,68.690,68.660,68.690,0,0
1524676020,68.660,68.700,68.660,68.700,0,0
1524676140,68.630,68.560,68.560,68.630,0,0
1524676200,68.590,68.550,68.520,68.590,34281,2628672
1524676260,68.510,68.540,68.490,68.540,0,0
1524676320,68.520,68.500,68.500,68.520,0,0
1524676380,68.500,68.480,68.480,68.500,0,0
1524676440,68.500,68.500,68.500,68.500,0,0
1524676500,68.510,68.500,68.500,68.510,22071,2662953
1524676560,68.500,68.510,68.500,68.510,0,0
1524676620,68.500,68.490,68.490,68.500,0,0
1524676680,68.550,68.490,68.490,68.550,0,0
1524676740,68.500,68.510,68.480,68.510,0,0
1524676800,68.500,68.510,68.500,68.510,60396,2685024
1524676860,68.530,68.500,68.500,68.530,0,0
1524676920,68.500,68.470,68.470,68.520,0,0
1524676980,68.460,68.190,68.190,68.470,0,0
1524677040,68.200,68.470,68.200,68.500,0,0
1524677100,68.450,68.530,68.430,68.530,18051,2745420
1524677160,68.530,68.410,68.410,68.550,0,0
1524677220,68.300,68.500,68.300,68.500,0,0
1524677280,68.480,68.380,68.380,68.480,0,0
1524677340,68.410,68.440,68.390,68.440,0,0
1524677400,68.490,68.480,68.480,68.490,17910,2763471
1524677460,68.540,68.530,68.530,68.560,0,0
1524677520,68.560,68.580,68.560,68.580,0,0
1524677580,68.550,68.540,68.520,68.550,0,0
1524677640,68.510,68.550,68.510,68.550,0,0
1524677700,68.500,68.410,68.410,68.500,35530,2781381
1524677760,68.430,68.510,68.430,68.510,0,0
1524677820,68.470,68.440,68.440,68.470,0,0
1524677880,68.490,68.500,68.490,68.520,0,0
1524677940,68.490,68.480,68.470,68.500,0,0
1524678000,68.490,68.460,68.460,68.500,18413,2816911
1524678060,68.450,68.450,68.450,68.450,0,0
1524678120,68.480,68.730,68.470,68.730,0,0
1524678180,68.600,68.650,68.600,68.650,0,0
1524678240,68.650,68.620,68.620,68.650,0,0
1524678300,68.600,68.690,68.600,68.690,16100,2835324
1524678360,68.720,68.710,68.710,68.790,0,0
1524678420,68.690,68.720,68.630,68.720,0,0
1524678480,68.720,68.660,68.660,68.720,0,0
1524678540,68.600,68.590,68.590,68.620,0,0
1524678600,68.600,68.570,68.570,68.600,40554,2851424
1524678660,68.550,68.760,68.550,68.760,0,0
1524678720,68.770,68.950,68.770,68.950,0,0
1524678780,68.930,69.140,68.930,69.140,0,0
1524678840,69.150,69.120,69.020,69.150,0,0
1524678900,69.130,69.190,69.130,69.250,70800,2891978
1524678960,69.150,69.350,69.100,69.350,0,0
1524679020,69.360,69.240,69.200,69.360,0,0
1524679080,69.250,69.140,69.140,69.270,0,0
1524679140,69.110,69.140,69.090,69.240,0,0
1524679200,69.230,69.150,69.150,69.280,60820,2962778
1524679260,69.140,69.150,69.100,69.160,0,0
1524679320,69.170,69.130,69.130,69.170,0,0
1524679380,69.120,69.200,69.120,69.300,0,0
1524679440,69.200,69.190,69.190,69.200,0,0
1524679500,69.190,69.180,69.160,69.190,51804,3023598
1524679560,69.200,69.160,69.160,69.200,0,0
1524679620,69.130,69.210,69.120,69.210,0,0
1524679680,69.240,69.240,69.240,69.240,0,0
1524679740,69.290,69.310,69.290,69.370,0,0
1524679800,69.280,69.170,69.020,69.280,61395,3075402
1524679860,69.180,69.130,69.130,69.200,0,0
1524679920,69.130,68.730,68.730,69.130,0,0
1524679980,68.870,69.020,68.810,69.220,0,0
1524680040,69.130,69.090,69.040,69.130,0,0
1524680100,69.140,69.090,69.030,69.200,44453,3136797
1524680160,69.100,68.890,68.860,69.100,0,0
1524680220,68.760,68.710,68.710,68.800,0,0
1524680280,68.700,68.560,68.560,68.700,0,0
1524680340,68.610,68.590,68.550,68.650,0,0
1524680400,68.590,68.480,68.480,68.590,69266,3181250
1524680460,68.430,68.340,68.340,68.430,0,0
1524680520,68.330,68.410,68.330,68.410,0,0
1524680580,68.410,68.360,68.360,68.410,0,0
1524680640,68.450,68.440,68.440,68.500,0,0
1524680700,68.460,68.500,68.410,68.530,36635,3250516
1524680760,68.550,68.510,68.510,68.550,0,0
1524680820,68.530,68.500,68.490,68.530,0,0
1524680880,68.500,68.440,68.440,68.500,0,0
1524680940,68.410,68.430,68.380,68.440,0,0
1524681000,68.450,68.490,68.450,68.500,45105,3287151
1524681060,68.480,68.470,68.470,68.530,0,0
1524681120,68.520,68.520,68.520,68.520,0,0
1524681180,68.450,68.490,68.450,68.490,0,0
1524681240,68.480,68.540,68.480,68.540,0,0
1524681300,68.450,68.450,68.450,68.450,45798,3332256
1524681360,68.460,68.470,68.450,68.480,0,0
1524681420,68.470,68.500,68.430,68.510,0,0
1524681480,68.530,68.460,68.460,68.530,0,0
1524681540,68.480,68.430,68.430,68.510,0,0
1524681600,68.470,68.440,68.440,68.470,32107,3378054
1524681660,68.440,68.540,68.440,68.540,0,0
1524681720,68.480,68.450,68.450,68.480,0,0
1524681780,68.470,68.480,68.470,68.500,0,0
1524681840,68.470,68.430,68.430,68.470,0,0
1524681900,68.490,68.500,68.480,68.610,43444,3410161
1524681960,68.490,68.520,68.480,68.520,0,0
1524682020,68.510,68.560,68.510,68.600,0,0
1524682080,68.520,68.580,68.520,68.580,0,0
1524682140,68.630,68.600,68.600,68.630,0,0
1524682200,68.600,68.640,68.590,68.640,48635,3453605
1524682260,68.640,68.580,68.580,68.640,0,0
1524682320,68.600,68.540,68.540,68.600,0,0
1524682380,68.570,68.620,68.570,68.660,0,0
1524682440,68.520,68.600,68.520,68.600,0,0
1524682500,68.660,68.560,68.560,68.690,56092,3502240
1524682560,68.560,68.620,68.560,68.620,0,0
1524682620,68.650,68.800,68.650,68.800,0,0
1524682680,68.700,68.710,68.680,68.740,0,0
1524682740,68.680,68.740,68.650,68.740,0,0
1524682800,68.800,68.690,68.690,68.800,51347,3558332
1524682860,68.690,68.510,68.500,68.690,0,0
1524682920,68.510,68.540,68.480,68.540,0,0
1524682980,68.520,68.530,68.500,68.530,0,0
1524683040,68.500,68.540,68.500,68.540,0,0
1524683100,68.500,68.520,68.500,68.530,45273,3609679
1524683160,68.500,68.500,68.500,68.500,0,0
1524683220,68.500,68.520,68.500,68.520,0,0
1524683280,68.520,68.510,68.510,68.520,0,0
1524683340,68.510,68.520,68.500,68.520,0,0
1524683400,68.510,68.500,68.460,68.510,37414,3654952
1524683460,68.480,68.500,68.480,68.500,0,0
1524683520,68.500,68.520,68.490,68.520,0,0
1524683580,68.520,68.510,68.500,68.520,0,0
1524683640,68.520,68.530,68.510,68.530,0,0
1524683700,68.500,68.520,68.500,68.520,47459,3692366
1524683760,68.510,68.500,68.500,68.510,0,0
1524683820,68.500,68.500,68.500,68.500,0,0
1524683880,68.500,68.510,68.500,68.510,0,0
1524683940,68.510,68.480,68.480,68.510,0,0
1524684000,68.470,68.480,68.470,68.480,124939,3739825
1524684060,68.440,68.430,68.430,68.440,0,0
1524684120,68.440,68.510,68.440,68.520,0,0
1524684180,68.520,68.460,68.460,68.520,0,0
1524684240,68.360,68.220,68.220,68.360,0,0
1524684300,68.230,68.200,68.200,68.280,60431,3864764
1524684360,68.200,68.100,68.080,68.210,0,0
1524684420,68.080,68.060,68.060,68.080,0,0
1524684480,68.030,68.110,68.030,68.110,0,0
1524684540,68.080,67.980,67.980,68.080,0,0
1524684600,67.970,68.070,67.940,68.070,72183,3925195
1524684660,68.100,68.170,68.080,68.170,0,0
1524684720,68.180,67.970,67.970,68.180,0,0
1524684780,67.970,67.830,67.830,67.970,0,0
1524684840,67.830,67.820,67.770,67.840,0,0
1524684900,67.830,67.880,67.810,67.880,120351,3997378
1524684960,67.880,67.870,67.830,67.880,0,0
1524685020,67.870,67.720,67.710,67.910,0,0
1524685080,67.760,67.710,67.700,67.760,0,0
1524685140,67.710,67.720,67.710,67.740,0,0
1524685200,67.730,67.870,67.720,67.870,101524,4117729
1524685260,67.830,67.750,67.750,67.830,0,0
1524685320,67.750,67.760,67.750,67.760,0,0
1524685380,67.730,67.690,67.640,67.730,0,0
1524685440,67.700,67.540,67.540,67.740,0,0
1524685500,67.570,67.450,67.410,67.570,114545,4219253
1524685560,67.450,67.410,67.400,67.450,0,0
1524685620,67.410,67.310,67.300,67.410,0,0
1524685680,67.310,67.360,67.310,67.370,0,0
1524685740,67.360,67.480,67.310,67.480,0,0
1524685800,67.450,67.460,67.450,67.470,56652,4333798
1524685860,67.450,67.460,67.450,67.460,0,0
1524685920,67.450,67.410,67.410,67.450,0,0
1524685980,67.410,67.400,67.400,67.410,0,0
1524686040,67.410,67.360,67.360,67.410,0,0
1524686100,67.330,67.420,67.330,67.420,341548,4390450
1524686160,67.410,67.360,67.350,67.410,0,0
1524686220,67.330,67.290,67.290,67.330,0,0
1524686280,67.300,67.290,67.290,67.300,0,0
1524686340,67.300,67.460,67.290,67.460,0,0
1524749400,67.460,67.000,67.000,67.460,113734,0
1524749460,66.970,67.560,66.970,67.560,0,0
1524749520,67.560,67.800,67.560,67.800,0,0
1524749580,67.990,68.180,67.980,68.180,0,0
1524749640,68.170,68.120,68.120,68.250,0,0
1524749700,68.140,68.250,68.140,68.250,90744,113734
1524749760,68.200,68.150,68.150,68.280,0,0
1524749820,68.200,68.320,68.200,68.320,0,0
1524749880,68.470,68.500,68.450,68.540,0,0
1524749940,68.500,68.550,68.500,68.600,0,0
1524750000,68.580,68.720,68.580,68.720,59834,204478
1524750060,68.730,68.760,68.730,68.800,0,0
1524750120,68.760,68.740,68.710,68.810,0,0
1524750180,68.760,68.780,68.760,68.810,0,0
1524750240,68.780,68.790,68.780,68.810,0,0
1524750300,68.790,68.910,68.790,68.910,59255,264312
1524750360,69.000,68.840,68.830,69.000,0,0
1524750420,68.850,68.860,68.850,68.940,0,0
1524750480,68.840,68.740,68.740,68.860,0,0
1524750540,68.690,68.480,68.410,68.690,0,0
1524750600,68.500,68.320,68.320,68.500,27970,323567
1524750660,68.350,68.100,68.100,68.350,0,0
1524750720,68.190,68.230,68.190,68.230,0,0
1524750780,68.200,68.220,68.200,68.230,0,0
1524750840,68.200,68.260,68.200,68.260,0,0
1524750900,68.290,68.280,68.260,68.300,37439,351537
1524750960,68.240,68.220,68.200,68.240,0,0
1524751020,68.290,68.270,68.200,68.290,0,0
1524751080,68.210,68.180,68.180,68.280,0,0
1524751140,68.260,68.290,68.250,68.300,0,0
1524751200,68.350,68.390,68.290,68.420,32757,388976
1524751260,68.410,68.440,68.410,68.440,0,0
1524751320,68.460,68.550,68.440,68.550,0,0
1524751380,68.540,68.620,68.540,68.620,0,0
1524751440,68.720,68.760,68.720,68.760,0,0
1524751500,68.650,68.640,68.640,68.670,32643,421733
1524751560,68.660,68.470,68.440,68.660,0,0
1524751620,68.410,68.330,68.240,68.410,0,0
1524751680,68.240,68.100,68.100,68.240,0,0
1524751740,68.040,68.030,68.030,68.040,0,0
1524751800,68.020,67.950,67.950,68.020,25974,454376
1524751860,67.860,67.880,67.830,67.910,0,0
1524751920,67.880,67.870,67.870,67.880,0,0
1524751980,67.870,67.930,67.870,67.980,0,0
1524752040,67.960,67.930,67.930,67.960,0,0
1524752100,67.930,67.940,67.930,67.970,52334,480350
1524752160,67.960,67.930,67.930,67.970,0,0
1524752220,67.960,67.950,67.940,67.970,0,0
1524752280,67.970,68.160,67.940,68.160,0,0
1524752340,68.090,68.080,68.080,68.120,0,0
1524752400,68.110,67.940,67.930,68.110,32735,532684
1524752460,67.910,67.690,67.690,67.910,0,0
1524752520,67.700,67.670,67.660,67.700,0,0
1524752580,67.660,67.560,67.560,67.670,0,0
1524752640,67.550,67.480,67.480,67.550,0,0
1524752700,67.540,67.980,67.540,67.980,45390,565419
1524752760,67.910,67.940,67.890,67.940,0,0
1524752820,67.840,67.990,67.840,67.990,0,0
1524752880,68.000,68.090,68.000,68.090,0,0
1524752940,67.970,67.830,67.830,67.970,0,0
1524753000,67.750,67.930,67.750,67.930,35914,610809
1524753060,67.880,67.860,67.820,67.880,0,0
1524753120,67.810,67.660,67.590,67.810,0,0
1524753180,67.550,67.440,67.440,67.550,0,0
1524753240,67.440,67.540,67.440,67.540,0,0
1524753300,67.510,67.470,67.470,67.510,48659,646723
1524753360,67.540,67.630,67.540,67.630,0,0
1524753420,67.600,67.730,67.580,67.730,0,0
1524753480,67.710,67.850,67.710,67.860,0,0
1524753540,67.880,67.810,67.810,67.880,0,0
1524753600,68.040,67.900,67.900,68.040,42151,695382
1524753660,67.890,67.900,67.880,67.950,0,0
1524753720,67.960,67.870,67.870,67.960,0,0
1524753780,67.850,67.920,67.850,67.920,0,0
1524753840,68.010,67.950,67.940,68.070,0,0
1524753900,67.870,67.980,67.840,67.980,25109,737533
1524753960,68.000,67.970,67.970,68.000,0,0
1524754020,67.990,67.960,67.960,67.990,0,0
1524754080,67.940,67.790,67.790,67.940,0,0
1524754140,67.680,67.620,67.620,67.680,0,0
1524754200,67.630,67.480,67.480,67.630,64543,762642
1524754260,67.470,67.300,67.300,67.470,0,0
1524754320,67.300,67.780,67.300,67.780,0,0
1524754380,67.870,67.610,67.610,67.870,0,0
1524754440,67.660,67.630,67.630,67.660,0,0
1524754500,67.550,67.570,67.550,67.570,8593,827185
1524754560,67.620,67.650,67.620,67.690,0,0
1524754620,67.670,67.670,67.670,67.670,0,0
1524754680,67.610,67.610,67.610,67.610,0,0
1524754740,67.630,67.630,67.630,67.630,0,0
1524754800,67.620,67.570,67.570,67.620,21223,835778
1524754860,67.560,67.470,67.440,67.560,0,0
1524754920,67.500,67.460,67.460,67.500,0,0
1524754980,67.480,67.430,67.430,67.490,0,0
1524755040,67.450,67.440,67.440,67.470,0,0
1524755100,67.470,67.500,67.460,67.500,25542,857001
1524755160,67.470,67.450,67.440,67.480,0,0
1524755220,67.420,67.410,67.400,67.440,0,0
1524755280,67.410,67.330,67.330,67.410,0,0
1524755340,67.310,67.170,67.140,67.310,0,0
1524755400,67.200,67.260,67.200,67.260,15012,882543
1524755460,67.250,67.260,67.250,67.280,0,0
1524755520,67.290,67.290,67.290,67.290,0,0
1524755580,67.310,67.110,67.110,67.310,0,0
1524755640,67.160,67.080,67.080,67.160,0,0
1524755700,67.080,67.000,67.000,67.080,20640,897555
1524755760,67.010,67.010,67.010,67.010,0,0
1524755820,67.010,67.000,67.000,67.010,0,0
1524755880,67.010,67.000,66.990,67.010,0,0
1524755940,66.980,67.000,66.970,67.010,0,0
1524756000,66.960,67.070,66.960,67.070,39963,918195
1524756060,67.040,66.980,66.980,67.040,0,0
1524756120,66.990,66.940,66.940,66.990,0,0
1524756180,66.980,67.090,66.980,67.100,0,0
1524756240,67.060,67.010,67.000,67.060,0,0
1524756300,67.030,67.210,67.030,67.250,36746,958158
1524756360,67.100,67.030,67.030,67.100,0,0
1524756420,67.080,67.090,67.080,67.160,0,0
1524756480,67.040,67.160,67.040,67.160,0,0
1524756540,67.120,67.070,67.070,67.120,0,0
1524756600,66.990,66.970,66.950,66.990,20221,994904
1524756660,67.010,66.960,66.960,67.020,0,0
1524756720,66.920,66.940,66.920,66.940,0,0
1524756780,66.960,66.770,66.770,66.960,0,0
1524756840,66.820,66.710,66.710,66.820,0,0
1524756900,66.690,66.630,66.630,66.690,25087,1015125
1524756960,66.610,66.610,66.610,66.610,0,0
1524757020,66.570,66.510,66.510,66.570,0,0
1524757080,66.550,66.550,66.550,66.550,0,0
1524757140,66.510,66.560,66.510,66.580,0,0
1524757200,66.550,66.570,66.550,66.570,34854,1040212
1524757260,66.460,66.470,66.400,66.490,0,0
1524757320,66.490,66.430,66.430,66.490,0,0
1524757380,66.430,66.390,66.350,66.430,0,0
1524757440,66.400,66.380,66.380,66.420,0,0
1524757500,66.370,66.390,66.340,66.390,27135,1075066
1524757560,66.370,66.330,66.320,66.370,0,0
1524757620,66.320,66.290,66.280,66.320,0,0
1524757680,66.330,66.370,66.310,66.370,0,0
1524757740,66.390,66.520,66.390,66.520,0,0
1524757800,66.460,66.440,66.420,66.480,33676,1102201
1524757860,66.380,66.350,66.350,66.380,0,0
1524757920,66.320,66.310,66.280,66.320,0,0
1524757980,66.320,66.360,66.320,66.360,0,0
1524758040,66.310,66.330,66.300,66.350,0,0
1524758100,66.370,66.390,66.370,66.440,25569,1135877
1524758160,66.350,66.340,66.340,66.350,0,0
1524758220,66.310,66.400,66.310,66.400,0,0
1524758280,66.370,66.360,66.360,66.430,0,0
1524758340,66.410,66.410,66.410,66.410,0,0
1524758400,66.480,66.500,66.480,66.620,21256,1161446
1524758460,66.620,66.580,66.580,66.620,0,0
1524758520,66.620,66.780,66.620,66.780,0,0
1524758580,66.650,66.670,66.650,66.670,0,0
1524758640,66.700,66.520,66.520,66.700,0,0
1524758700,66.570,66.840,66.570,66.860,28290,1182702
1524758760,66.840,66.780,66.780,66.920,0,0
1524758880,66.780,66.850,66.780,66.850,0,0
1524758940,66.910,66.810,66.810,66.910,0,0
1524759000,66.790,66.860,66.790,66.860,27235,1210992
1524759060,66.840,66.830,66.830,66.840,0,0
1524759120,66.900,66.940,66.870,67.000,0,0
1524759180,66.940,67.170,66.940,67.170,0,0
1524759240,67.090,66.990,66.990,67.090,0,0
1524759300,67.000,66.960,66.960,67.020,38154,1238227
1524759360,66.990,67.040,66.990,67.170,0,0
1524759420,67.060,67.230,67.060,67.320,0,0
1524759480,67.240,67.200,67.200,67.250,0,0
1524759540,67.260,67.280,67.260,67.280,0,0
1524759600,67.250,67.330,67.250,67.330,18149,1276381
1524759660,67.320,67.240,67.190,67.320,0,0
1524759720,67.190,67.190,67.190,67.190,0,0
1524759780,67.190,67.190,67.190,67.190,0,0
1524759840,67.210,67.250,67.190,67.250,0,0
1524759900,67.290,67.290,67.290,67.290,15585,1294530
1524759960,67.290,67.370,67.290,67.370,0,0
1524760020,67.360,67.360,67.360,67.360,0,0
1524760080,67.360,67.370,67.360,67.370,0,0
1524760140,67.360,67.360,67.360,67.360,0,0
1524760200,67.360,67.390,67.360,67.420,16179,1310115
1524760260,67.400,67.420,67.400,67.430,0,0
1524760320,67.420,67.420,67.420,67.420,0,0
1524760380,67.380,67.400,67.360,67.400,0,0
1524760440,67.380,67.380,67.380,67.380,0,0
1524760500,67.360,67.380,67.360,67.380,23028,1326294
1524760560,67.380,67.380,67.380,67.380,0,0
1524760620,67.360,67.360,67.360,67.360,0,0
1524760680,67.370,67.390,67.360,67.390,0,0
1524760740,67.360,67.360,67.360,67.360,0,0
1524760800,67.360,67.200,67.200,67.360,20557,1349322
1524760860,67.200,67.200,67.200,67.200,0,0
1524760920,67.070,67.080,67.070,67.190,0,0
1524760980,67.070,67.070,67.070,67.070,0,0
1524761040,66.960,67.000,66.860,67.030,0,0
1524761100,66.960,66.950,66.950,66.960,18589,1369879
1524761160,66.950,66.950,66.950,66.950,0,0
1524761220,66.950,66.910,66.910,66.950,0,0
1524761280,66.950,66.950,66.950,66.950,0,0
1524761340,66.950,66.980,66.950,66.980,0,0
1524761400,66.960,67.020,66.960,67.020,19187,1388468
1524761460,67.040,67.070,67.030,67.070,0,0
1524761520,67.080,67.080,67.080,67.080,0,0
1524761580,67.100,67.080,67.080,67.100,0,0
1524761640,67.060,67.020,67.010,67.060,0,0
1524761700,67.030,66.950,66.950,67.030,40800,1407655
1524761760,66.940,66.930,66.920,66.950,0,0
1524761820,66.960,67.030,66.960,67.030,0,0
1524761880,67.020,66.980,66.980,67.020,0,0
1524761940,66.980,66.950,66.950,66.980,0,0
1524762000,66.940,66.950,66.940,66.950,27262,1448455
1524762060,66.920,66.880,66.880,66.930,0,0
1524762120,66.840,66.780,66.780,66.860,0,0
1524762180,66.800,66.790,66.750,66.800,0,0
1524762240,66.820,66.900,66.800,66.900,0,0
1524762300,66.860,66.860,66.860,66.860,5316,1475717
1524762360,66.840,66.840,66.840,66.840,0,0
1524762420,66.850,66.830,66.830,66.860,0,0
1524762480,66.820,66.790,66.790,66.820,0,0
1524762540,66.780,66.840,66.780,66.840,0,0
1524762600,66.840,66.790,66.790,66.840,8963,1481033
1524762660,66.770,66.770,66.770,66.770,0,0
1524762720,66.830,66.890,66.790,66.890,0,0
1524762780,66.850,66.860,66.850,66.860,0,0
1524762840,66.830,66.800,66.800,66.830,0,0
1524762900,66.790,66.780,66.780,66.790,10425,1489996
1524762960,66.760,66.720,66.720,66.760,0,0
1524763020,66.730,66.730,66.730,66.730,0,0
1524763080,66.680,66.680,66.680,66.680,0,0
1524763140,66.710,66.750,66.710,66.750,0,0
1524763200,66.750,66.750,66.750,66.750,39487,1500421
1524763260,66.670,66.640,66.640,66.670,0,0
1524763320,66.630,66.510,66.510,66.630,0,0
1524763380,66.460,66.510,66.430,66.510,0,0
1524763440,66.480,66.530,66.480,66.530,0,0
1524763500,66.530,66.520,66.520,66.530,24888,1539908
1524763560,66.560,66.610,66.540,66.610,0,0
1524763620,66.650,66.640,66.640,66.650,0,0
1524763740,66.700,66.550,66.550,66.700,0,0
1524763800,66.570,66.540,66.540,66.590,11042,1564796
1524763860,66.560,66.580,66.550,66.580,0,0
1524763920,66.550,66.550,66.550,66.550,0,0
1524763980,66.580,66.590,66.580,66.590,0,0
1524764040,66.580,66.580,66.580,66.580,0,0
1524764100,66.630,66.680,66.630,66.680,15301,1575838
1524764160,66.790,66.780,66.780,66.820,0,0
1524764220,66.730,66.640,66.640,66.730,0,0
1524764280,66.580,66.590,66.560,66.590,0,0
1524764340,66.560,66.560,66.560,66.560,0,0
1524764400,66.550,66.590,66.550,66.590,15087,1591139
1524764460,66.580,66.540,66.540,66.590,0,0
1524764520,66.570,66.560,66.530,66.570,0,0
1524764580,66.570,66.650,66.570,66.650,0,0
1524764640,66.710,66.690,66.650,66.710,0,0
1524764700,66.690,66.690,66.690,66.690,6944,1606226
1524764760,66.710,66.740,66.680,66.740,0,0
1524764820,66.780,66.730,66.730,66.780,0,0
1524764880,66.710,66.710,66.710,66.710,0,0
1524764940,66.720,66.690,66.690,66.720,0,0
1524765000,66.690,66.640,66.640,66.690,9258,1613170
1524765060,66.700,66.700,66.700,66.700,0,0
1524765120,66.630,66.660,66.630,66.660,0,0
1524765180,66.670,66.640,66.640,66.670,0,0
1524765240,66.660,66.660,66.660,66.660,0,0
1524765300,66.630,66.680,66.630,66.680,11510,1622428
1524765360,66.690,66.750,66.690,66.750,0,0
1524765420,66.740,66.710,66.710,66.740,0,0
1524765480,66.700,66.690,66.690,66.700,0,0
1524765540,66.750,66.740,66.740,66.750,0,0
1524765600,66.730,66.750,66.730,66.750,15920,1633938
1524765660,66.750,66.730,66.730,66.750,0,0
1524765720,66.740,66.750,66.740,66.750,0,0
1524765780,66.720,66.760,66.710,66.760,0,0
1524765840,66.760,66.840,66.730,66.840,0,0
1524765900,66.820,66.820,66.820,66.820,16717,1649858
1524765960,66.830,66.800,66.800,66.850,0,0
1524766020,66.780,66.790,66.760,66.790,0,0
1524766080,66.790,66.790,66.790,66.790,0,0
1524766140,66.820,66.830,66.800,66.830,0,0
1524766200,66.830,66.800,66.800,66.830,14287,1666575
1524766260,66.810,66.880,66.790,66.930,0,0
1524766320,66.880,66.850,66.850,66.880,0,0
1524766380,66.840,66.810,66.810,66.840,0,0
1524766440,66.810,66.800,66.800,66.820,0,0
1524766500,66.800,66.790,66.790,66.800,20804,1680862
1524766560,66.800,66.810,66.800,66.810,0,0
1524766620,66.820,66.860,66.820,66.860,0,0
1524766680,66.830,66.790,66.780,66.830,0,0
1524766740,66.780,66.820,66.780,66.820,0,0
1524766800,66.820,66.760,66.760,66.820,14665,1701666
1524766860,66.760,66.770,66.760,66.770,0,0
1524766920,66.750,66.770,66.750,66.770,0,0
1524766980,66.730,66.750,66.700,66.750,0,0
1524767040,66.760,66.720,66.720,66.760,0,0
1524767100,66.720,66.740,66.720,66.740,11227,1716331
1524767160,66.750,66.720,66.720,66.750,0,0
1524767280,66.720,66.730,66.720,66.730,0,0
1524767340,66.730,66.750,66.730,66.750,0,0
1524767400,66.740,66.710,66.710,66.740,19460,1727558
1524767460,66.720,66.700,66.700,66.720,0,0
1524767520,66.690,66.700,66.690,66.710,0,0
1524767580,66.700,66.590,66.590,66.700,0,0
1524767640,66.610,66.640,66.610,66.640,0,0
1524767700,66.650,66.610,66.610,66.650,24616,1747018
1524767760,66.610,66.590,66.590,66.610,0,0
1524767820,66.580,66.600,66.580,66.610,0,0
1524767880,66.600,66.640,66.600,66.640,0,0
1524767940,66.650,66.670,66.650,66.670,0,0
1524768000,66.650,66.680,66.650,66.680,50482,1771634
1524768060,66.670,66.690,66.670,66.690,0,0
1524768120,66.690,66.700,66.680,66.700,0,0
1524768180,66.700,66.830,66.700,66.830,0,0
1524768240,66.930,67.180,66.930,67.180,0,0
1524768300,67.220,67.210,67.190,67.290,29886,1822116
1524768360,67.230,67.330,67.230,67.330,0,0
1524768420,67.250,67.250,67.250,67.250,0,0
1524768480,67.200,67.180,67.180,67.210,0,0
1524768540,67.140,67.020,67.020,67.140,0,0
1524768600,67.000,67.010,67.000,67.020,23190,1852002
1524768660,66.970,66.990,66.960,66.990,0,0
1524768720,67.010,67.030,67.010,67.030,0,0
1524768780,67.010,66.980,66.980,67.010,0,0
1524768840,66.970,66.990,66.970,67.000,0,0
1524768900,67.010,66.940,66.920,67.010,20124,1875192
1524768960,66.920,66.980,66.900,66.980,0,0
1524769020,66.990,67.060,66.990,67.060,0,0
1524769080,67.020,66.960,66.960,67.040,0,0
1524769140,66.930,67.010,66.930,67.010,0,0
1524769200,67.020,67.020,67.020,67.020,19669,1895316
1524769260,67.050,67.040,67.030,67.060,0,0
1524769320,67.040,67.050,67.040,67.060,0,0
1524769380,67.030,66.980,66.980,67.030,0,0
1524769440,67.000,66.930,66.930,67.000,0,0
1524769500,66.920,66.900,66.900,66.930,18419,1914985
1524769560,66.880,66.880,66.880,66.880,0,0
1524769620,66.880,66.870,66.870,66.890,0,0
1524769680,66.910,66.870,66.870,66.910,0,0
1524769740,66.830,66.830,66.830,66.830,0,0
1524769800,66.820,66.850,66.820,66.860,15871,1933404
1524769860,66.900,66.900,66.900,66.900,0,0
1524769920,66.880,66.890,66.880,66.890,0,0
1524769980,66.850,66.850,66.850,66.850,0,0
1524770040,66.850,66.830,66.830,66.850,0,0
1524770100,66.830,66.850,66.830,66.850,19302,1949275
1524770160,66.860,66.840,66.840,66.870,0,0
1524770220,66.850,66.860,66.850,66.860,0,0
1524770280,66.860,66.890,66.860,66.890,0,0
1524770340,66.890,66.900,66.890,66.910,0,0
1524770400,66.910,66.900,66.900,66.910,30100,1968577
1524770460,66.910,66.850,66.850,66.910,0,0
1524770520,66.860,66.850,66.850,66.860,0,0
1524770580,66.860,66.830,66.830,66.860,0,0
1524770640,66.820,66.760,66.750,66.820,0,0
1524770700,66.780,66.790,66.770,66.820,22016,1998677
1524770760,66.770,66.770,66.770,66.770,0,0
1524770820,66.760,66.740,66.730,66.760,0,0
1524770880,66.740,66.760,66.740,66.780,0,0
1524770940,66.720,66.720,66.720,66.720,0,0
1524771000,66.740,66.820,66.740,66.820,41352,2020693
1524771060,66.800,66.730,66.730,66.800,0,0
1524771120,66.720,66.870,66.720,66.870,0,0
1524771180,66.900,66.860,66.840,66.900,0,0
1524771240,66.870,66.860,66.860,66.880,0,0
1524771300,66.870,66.880,66.860,66.880,23375,2062045
1524771360,66.870,66.860,66.860,66.870,0,0
1524771420,66.860,66.850,66.850,66.870,0,0
1524771480,66.840,66.810,66.810,66.840,0,0
1524771540,66.800,66.810,66.800,66.810,0,0
1524771600,66.810,66.790,66.780,66.810,32268,2085420
1524771660,66.780,66.810,66.780,66.820,0,0
1524771720,66.810,66.840,66.810,66.840,0,0
1524771780,66.830,66.840,66.830,66.840,0,0
1524771840,66.840,66.830,66.830,66.840,0,0
1524771900,66.840,66.820,66.820,66.840,60106,2117688
1524771960,66.810,66.820,66.810,66.820,0,0
1524772020,66.810,66.790,66.790,66.820,0,0
1524772080,66.780,66.720,66.720,66.780,0,0
1524772140,66.720,66.730,66.720,66.730,0,0
1524772200,66.730,66.690,66.690,66.730,69822,2177794
1524772260,66.680,66.690,66.680,66.690,0,0
1524772320,66.690,66.700,66.680,66.700,0,0
1524772380,66.690,66.700,66.690,66.710,0,0
1524772440,66.690,66.710,66.690,66.710,0,0
1524772500,66.710,66.750,66.700,66.750,253320,2247616
1524772560,66.760,66.790,66.760,66.790,0,0
1524772620,66.800,66.790,66.790,66.800,0,0
1524772680,66.810,66.800,66.800,66.810,0,0
1524772740,66.790,66.790,66.780,66.800,0,0
1524835800,66.290,67.010,66.260,67.010,145086,0
1524835860,66.770,66.770,66.770,66.770,0,0
1524835920,66.570,66.580,66.570,66.710,0,0
1524835980,66.530,66.520,66.520,66.530,0,0
1524836040,66.430,66.490,66.410,66.490,0,0
1524836100,66.390,66.240,66.060,66.390,36601,145086
1524836160,66.060,66.320,66.060,66.320,0,0
1524836220,66.120,66.190,66.120,66.190,0,0
1524836280,66.260,66.290,66.260,66.400,0,0
1524836340,66.360,66.520,66.360,66.520,0,0
1524836400,66.380,66.580,66.380,66.580,73300,181687
1524836460,66.720,66.940,66.550,66.940,0,0
1524836520,66.930,66.910,66.820,66.960,0,0
1524836580,66.710,66.820,66.710,66.820,0,0
1524836640,66.840,66.770,66.770,66.840,0,0
1524836700,66.730,66.660,66.660,66.800,46947,254987
1524836760,66.730,66.660,66.620,66.730,0,0
1524836820,66.520,66.530,66.470,66.530,0,0
1524836880,66.540,66.620,66.540,66.640,0,0
1524836940,66.610,66.590,66.540,66.610,0,0
1524837000,66.570,66.620,66.570,66.620,26342,301934
1524837060,66.630,66.650,66.610,66.650,0,0
1524837120,66.600,66.640,66.600,66.660,0,0
1524837180,66.680,66.810,66.680,66.810,0,0
1524837240,66.750,66.760,66.750,66.780,0,0
1524837300,66.760,66.820,66.760,66.820,16864,328276
1524837360,66.860,66.770,66.770,66.860,0,0
1524837420,66.640,66.610,66.610,66.660,0,0
1524837480,66.640,66.650,66.600,66.660,0,0
1524837540,66.670,66.700,66.620,66.700,0,0
1524837600,66.680,66.810,66.680,66.860,170780,345140
1524837660,66.810,66.730,66.730,66.840,0,0
1524837720,66.680,66.530,66.530,66.680,0,0
1524837780,66.530,66.420,66.420,66.530,0,0
1524837840,66.450,66.510,66.450,66.540,0,0
1524837900,66.480,66.390,66.360,66.500,65531,515920
1524837960,66.390,66.280,66.280,66.390,0,0
1524838020,66.310,66.260,66.250,66.330,0,0
1524838080,66.160,66.180,66.160,66.180,0,0
1524838140,66.230,66.410,66.230,66.410,0,0
1524838200,66.410,66.300,66.300,66.410,26757,581451
1524838260,66.270,66.140,66.140,66.270,0,0
1524838320,66.190,66.330,66.190,66.330,0,0
1524838380,66.380,66.400,66.380,66.430,0,0
1524838440,66.420,66.560,66.420,66.570,0,0
1524838500,66.590,66.600,66.560,66.600,26417,608208
1524838560,66.600,66.560,66.560,66.600,0,0
1524838620,66.600,66.530,66.530,66.600,0,0
1524838680,66.530,66.430,66.430,66.530,0,0
1524838740,66.440,66.480,66.440,66.480,0,0
1524838800,66.430,66.610,66.430,66.610,19131,634625
1524838860,66.600,66.550,66.550,66.600,0,0
1524838920,66.490,66.500,66.450,66.500,0,0
1524838980,66.530,66.550,66.530,66.580,0,0
1524839040,66.540,66.530,66.530,66.560,0,0
1524839100,66.460,66.400,66.400,66.460,8747,653756
1524839160,66.420,66.420,66.420,66.420,0,0
1524839220,66.380,66.380,66.380,66.380,0,0
1524839280,66.410,66.300,66.300,66.410,0,0
1524839340,66.260,66.260,66.260,66.260,0,0
1524839400,66.140,66.210,66.140,66.210,48945,662503
1524839460,66.100,65.780,65.700,66.100,0,0
1524839520,65.780,65.850,65.780,65.850,0,0
1524839580,65.820,65.970,65.820,65.970,0,0
1524839640,65.940,65.930,65.930,65.940,0,0
1524839700,65.930,66.000,65.930,66.000,13383,711448
1524839760,65.960,66.030,65.950,66.030,0,0
1524839820,66.040,66.010,66.010,66.100,0,0
1524839880,66.050,66.010,66.010,66.060,0,0
1524839940,65.970,65.880,65.850,65.980,0,0
1524840000,65.930,65.900,65.900,65.930,16492,724831
1524840060,65.930,65.990,65.930,65.990,0,0
1524840120,66.010,66.040,66.010,66.040,0,0
1524840180,66.070,66.070,66.070,66.070,0,0
1524840240,66.110,66.100,66.100,66.110,0,0
1524840300,66.130,66.120,66.120,66.140,13477,741323
1524840360,66.120,66.160,66.120,66.160,0,0
1524840480,66.200,66.410,66.200,66.410,0,0
1524840540,66.330,66.360,66.330,66.360,0,0
1524840600,66.260,66.190,66.170,66.260,15426,754800
1524840660,66.220,66.240,66.210,66.270,0,0
1524840720,66.250,66.330,66.250,66.330,0,0
1524840780,66.320,66.350,66.290,66.350,0,0
1524840840,66.370,66.350,66.350,66.370,0,0
1524840900,66.270,66.220,66.220,66.270,18861,770226
1524840960,66.200,66.310,66.200,66.340,0,0
1524841020,66.450,66.440,66.440,66.450,0,0
1524841080,66.410,66.420,66.390,66.420,0,0
1524841140,66.360,66.360,66.360,66.360,0,0
1524841200,66.340,66.420,66.320,66.420,25582,789087
1524841260,66.410,66.430,66.390,66.430,0,0
1524841320,66.430,66.370,66.370,66.450,0,0
1524841380,66.270,66.310,66.270,66.320,0,0
1524841440,66.240,66.210,66.210,66.270,0,0
1524841500,66.160,66.160,66.160,66.160,12919,814669
1524841560,66.100,66.200,66.100,66.200,0,0
1524841680,66.210,66.280,66.210,66.280,0,0
1524841740,66.250,66.260,66.250,66.260,0,0
1524841800,66.240,66.230,66.200,66.240,12846,827588
1524841860,66.200,66.340,66.200,66.340,0,0
1524841920,66.340,66.280,66.270,66.340,0,0
1524841980,66.350,66.320,66.320,66.350,0,0
1524842040,66.290,66.310,66.290,66.310,0,0
1524842100,66.300,66.330,66.290,66.330,15561,840434
1524842160,66.310,66.330,66.260,66.330,0,0
1524842220,66.280,66.300,66.280,66.300,0,0
1524842280,66.240,66.200,66.200,66.240,0,0
1524842340,66.250,66.130,66.130,66.250,0,0
1524842400,66.140,66.120,66.120,66.160,13098,855995
1524842460,66.130,66.220,66.130,66.220,0,0
1524842520,66.200,66.190,66.190,66.200,0,0
1524842580,66.240,66.260,66.240,66.260,0,0
1524842640,66.280,66.140,66.140,66.280,0,0
1524842700,66.120,66.110,66.110,66.120,11176,869093
1524842760,66.130,66.140,66.130,66.140,0,0
1524842820,66.140,66.130,66.130,66.170,0,0
1524842880,66.160,66.250,66.160,66.250,0,0
1524842940,66.160,66.160,66.160,66.160,0,0
1524843000,66.210,66.150,66.150,66.210,17173,880269
1524843060,66.160,66.130,66.130,66.160,0,0
1524843120,66.090,66.080,66.080,66.090,0,0
1524843180,66.080,66.030,66.030,66.080,0,0
1524843240,66.030,65.970,65.960,66.030,0,0
1524843300,65.970,65.880,65.820,65.970,31075,897442
1524843360,65.870,65.900,65.870,65.900,0,0
1524843420,65.910,65.910,65.910,65.910,0,0
1524843480,65.880,65.750,65.640,65.880,0,0
1524843540,65.790,65.740,65.740,65.820,0,0
1524843600,65.780,65.770,65.770,65.800,12810,928517
1524843660,65.780,65.780,65.780,65.780,0,0
1524843720,65.710,65.710,65.710,65.710,0,0
1524843780,65.680,65.690,65.670,65.690,0,0
1524843840,65.690,65.640,65.630,65.690,0,0
1524843900,65.640,65.690,65.640,65.690,9024,941327
1524843960,65.710,65.710,65.710,65.710,0,0
1524844020,65.790,65.710,65.690,65.790,0,0
1524844200,65.780,65.780,65.780,65.780,11496,950351
1524844260,65.800,65.760,65.760,65.800,0,0
1524844320,65.800,65.810,65.780,65.810,0,0
1524844380,65.750,65.750,65.750,65.750,0,0
1524844440,65.720,65.680,65.680,65.720,0,0
1524844500,65.700,65.690,65.690,65.700,11740,961847
1524844560,65.740,65.690,65.690,65.740,0,0
1524844620,65.730,65.770,65.730,65.780,0,0
1524844680,65.740,65.740,65.740,65.740,0,0
1524844740,65.710,65.670,65.670,65.710,0,0
1524844800,65.760,65.760,65.760,65.760,14011,973587
1524844860,65.770,65.840,65.770,65.840,0,0
1524844920,65.910,65.910,65.910,65.910,0,0
1524844980,65.890,65.940,65.890,65.940,0,0
1524845040,65.940,65.900,65.900,65.940,0,0
1524845100,65.850,65.820,65.820,65.850,10073,987598
1524845160,65.820,65.870,65.820,65.870,0,0
1524845220,65.890,65.840,65.840,65.890,0,0
1524845280,65.940,65.990,65.940,66.000,0,0
1524845340,65.930,65.950,65.930,65.950,0,0
1524845400,65.890,65.890,65.890,65.890,21964,997671
1524845460,65.880,65.890,65.880,65.890,0,0
1524845520,65.860,65.890,65.860,65.890,0,0
1524845580,65.910,65.930,65.900,65.930,0,0
1524845640,66.000,66.000,66.000,66.000,0,0
1524845700,65.990,66.000,65.990,66.000,9594,1019635
1524845820,65.970,65.980,65.940,65.980,0,0
1524845880,65.990,65.940,65.940,65.990,0,0
1524845940,65.960,65.990,65.960,65.990,0,0
1524846000,66.000,66.000,66.000,66.000,15450,1029229
1524846060,65.970,65.960,65.950,65.970,0,0
1524846120,66.010,65.980,65.980,66.010,0,0
1524846180,65.970,65.950,65.910,65.970,0,0
1524846240,65.930,65.930,65.930,65.930,0,0
1524846300,65.980,65.990,65.980,66.000,11228,1044679
1524846360,65.950,65.950,65.950,65.950,0,0
1524846420,65.930,65.960,65.930,65.970,0,0
1524846480,65.960,65.990,65.960,65.990,0,0
1524846540,65.980,65.980,65.980,65.980,0,0
1524846600,65.990,66.010,65.990,66.010,67224,1055907
1524846660,65.970,65.990,65.970,66.000,0,0
1524846720,66.010,66.000,66.000,66.010,0,0
1524846780,66.000,65.970,65.940,66.000,0,0
1524846840,65.980,66.010,65.980,66.010,0,0
1524846900,65.980,65.950,65.950,66.000,60846,1123131
1524846960,65.930,65.920,65.920,65.940,0,0
1524847020,65.900,66.000,65.900,66.000,0,0
1524847080,66.010,65.940,65.900,66.010,0,0
1524847140,65.980,66.000,65.980,66.020,0,0
1524847200,66.000,65.960,65.960,66.000,25525,1183977
1524847260,66.000,65.970,65.960,66.000,0,0
1524847320,65.990,66.040,65.990,66.040,0,0
1524847380,66.020,65.970,65.970,66.020,0,0
1524847440,65.970,65.970,65.970,65.970,0,0
1524847500,65.970,66.000,65.970,66.000,16516,1209502
1524847560,66.010,66.040,65.990,66.040,0,0
1524847620,66.050,66.060,66.050,66.070,0,0
1524847680,66.060,66.060,66.060,66.060,0,0
1524847740,66.090,66.090,66.090,66.090,0,0
1524847800,66.080,66.090,66.080,66.090,13666,1226018
1524847860,66.120,66.100,66.100,66.160,0,0
1524847920,66.140,66.130,66.110,66.140,0,0
1524847980,66.140,66.130,66.130,66.150,0,0
1524848040,66.110,66.110,66.110,66.110,0,0
1524848100,66.200,66.240,66.200,66.250,10291,1239684
1524848160,66.250,66.200,66.200,66.250,0,0
1524848220,66.250,66.260,66.250,66.270,0,0
1524848340,66.250,66.250,66.250,66.250,0,0
1524848400,66.290,66.280,66.280,66.320,12931,1249975
1524848460,66.260,66.270,66.250,66.270,0,0
1524848520,66.250,66.200,66.200,66.250,0,0
1524848580,66.200,66.210,66.200,66.210,0,0
1524848640,66.160,66.170,66.160,66.170,0,0
1524848700,66.190,66.160,66.160,66.190,11896,1262906
1524848760,66.160,66.150,66.150,66.180,0,0
1524848820,66.140,66.130,66.130,66.140,0,0
1524848880,66.120,66.110,66.110,66.120,0,0
1524848940,66.130,66.100,66.100,66.140,0,0
1524849000,66.050,66.110,66.050,66.110,10889,1274802
1524849060,66.050,66.110,66.050,66.110,0,0
1524849120,66.090,66.070,66.070,66.090,0,0
1524849180,66.100,66.080,66.080,66.100,0,0
1524849240,66.100,66.100,66.100,66.100,0,0
1524849300,66.110,66.120,66.110,66.120,15418,1285691
1524849360,66.120,66.100,66.100,66.120,0,0
1524849420,66.110,66.060,66.060,66.110,0,0
1524849480,66.040,66.100,66.040,66.100,0,0
1524849540,66.090,66.140,66.090,66.140,0,0
1524849600,66.150,66.140,66.140,66.150,11166,1301109
1524849660,66.120,66.130,66.120,66.130,0,0
1524849720,66.100,66.080,66.080,66.100,0,0
1524849840,66.050,66.060,66.050,66.060,0,0
1524849900,66.030,66.010,66.010,66.030,8464,1312275
1524850020,66.050,66.000,66.000,66.050,0,0
1524850080,66.020,66.030,66.020,66.030,0,0
1524850140,66.000,66.000,66.000,66.000,0,0
1524850200,65.980,65.980,65.980,65.980,7307,1320739
1524850260,65.940,65.970,65.930,65.970,0,0
1524850320,65.940,65.920,65.920,65.940,0,0
1524850380,65.910,65.910,65.910,65.910,0,0
1524850500,65.950,65.910,65.910,65.950,13825,1328046
1524850560,65.950,65.930,65.930,65.950,0,0
1524850620,65.930,65.940,65.930,65.940,0,0
1524850740,65.920,65.910,65.910,65.960,0,0
1524850800,65.910,65.910,65.910,65.910,12398,1341871
1524850860,65.910,65.910,65.910,65.910,0,0
1524850920,65.900,65.890,65.890,65.900,0,0
1524850980,65.910,65.870,65.870,65.910,0,0
1524851040,65.880,65.870,65.860,65.880,0,0
1524851100,65.880,65.840,65.840,65.880,22246,1354269
1524851160,65.860,65.850,65.830,65.870,0,0
1524851220,65.840,65.840,65.840,65.840,0,0
1524851280,65.880,65.810,65.810,65.880,0,0
1524851340,65.780,65.770,65.770,65.780,0,0
1524851400,65.750,65.780,65.750,65.780,35643,1376515
1524851460,65.760,65.750,65.750,65.760,0,0
1524851520,65.760,65.750,65.740,65.760,0,0
1524851580,65.740,65.710,65.710,65.740,0,0
1524851640,65.750,65.720,65.720,65.750,0,0
1524851700,65.750,65.750,65.750,65.750,14614,1412158
1524851760,65.740,65.740,65.740,65.740,0,0
1524851820,65.740,65.770,65.740,65.770,0,0
1524851880,65.750,65.730,65.730,65.750,0,0
1524851940,65.720,65.690,65.690,65.750,0,0
1524852000,65.690,65.730,65.690,65.730,22603,1426772
1524852060,65.740,65.730,65.720,65.740,0,0
1524852120,65.750,65.770,65.740,65.770,0,0
1524852180,65.800,65.830,65.800,65.830,0,0
1524852240,65.890,65.880,65.880,65.890,0,0
1524852300,65.850,65.840,65.830,65.850,13981,1449375
1524852360,65.850,65.830,65.830,65.850,0,0
1524852420,65.810,65.810,65.810,65.810,0,0
1524852480,65.810,65.850,65.810,65.850,0,0
1524852540,65.860,65.850,65.830,65.860,0,0
1524852600,65.830,65.840,65.830,65.840,30400,1463356
1524852660,65.840,65.830,65.830,65.850,0,0
1524852720,65.840,65.870,65.840,65.870,0,0
1524852780,65.880,65.920,65.880,65.920,0,0
1524852840,65.920,65.910,65.890,65.920,0,0
1524852900,65.910,65.900,65.890,65.910,23464,1493756
1524852960,65.920,65.950,65.920,65.950,0,0
1524853020,65.930,65.900,65.900,65.930,0,0
1524853080,65.910,65.980,65.880,65.980,0,0
1524853140,66.000,66.030,66.000,66.060,0,0
1524853200,66.030,65.980,65.980,66.030,18005,1517220
1524853260,66.010,66.010,66.010,66.010,0,0
1524853320,66.000,66.030,66.000,66.030,0,0
1524853380,66.020,66.000,65.990,66.020,0,0
1524853440,65.970,65.990,65.970,65.990,0,0
1524853500,65.990,66.000,65.980,66.000,10453,1535225
1524853560,66.000,65.950,65.950,66.000,0,0
1524853620,65.950,65.970,65.940,65.970,0,0
1524853680,65.990,65.970,65.970,65.990,0,0
1524853740,65.980,65.980,65.980,65.980,0,0
1524853800,65.970,65.940,65.940,65.970,19209,1545678
1524853860,65.990,65.970,65.970,65.990,0,0
1524853920,65.940,65.980,65.940,65.980,0,0
1524853980,65.990,65.960,65.960,65.990,0,0
1524854040,65.960,65.880,65.880,65.970,0,0
1524854100,65.890,65.880,65.860,65.900,27611,1564887
1524854160,65.880,65.850,65.850,65.880,0,0
1524854220,65.840,65.780,65.780,65.840,0,0
1524854280,65.790,65.800,65.790,65.830,0,0
1524854340,65.810,65.810,65.810,65.810,0,0
1524854400,65.790,65.800,65.790,65.820,12809,1592498
1524854460,65.790,65.810,65.790,65.810,0,0
1524854520,65.800,65.790,65.790,65.800,0,0
1524854580,65.800,65.820,65.800,65.820,0,0
1524854640,65.840,65.820,65.820,65.840,0,0
1524854700,65.850,65.870,65.850,65.870,14064,1605307
1524854760,65.860,65.870,65.860,65.880,0,0
1524854820,65.880,65.890,65.880,65.900,0,0
1524854880,65.890,65.980,65.890,65.980,0,0
1524854940,65.980,65.970,65.970,65.980,0,0
1524855000,66.010,65.970,65.940,66.010,16155,1619371
1524855060,65.950,65.940,65.940,65.950,0,0
1524855120,66.000,65.980,65.980,66.000,0,0
1524855180,65.970,65.990,65.970,65.990,0,0
1524855240,65.970,66.010,65.970,66.020,0,0
1524855300,65.990,65.960,65.960,65.990,26146,1635526
1524855360,65.960,65.980,65.960,65.980,0,0
1524855420,65.930,65.920,65.920,65.930,0,0
1524855480,65.910,65.880,65.880,65.910,0,0
1524855540,65.880,65.850,65.820,65.880,0,0
1524855600,65.860,65.870,65.860,65.880,51383,1661672
1524855660,65.920,65.940,65.920,65.940,0,0
1524855720,65.940,66.010,65.940,66.010,0,0
1524855780,66.030,66.010,66.000,66.030,0,0
1524855840,66.050,66.110,66.050,66.110,0,0
1524855900,66.110,66.080,66.080,66.110,22675,1713055
1524855960,66.100,66.130,66.100,66.140,0,0
1524856020,66.170,66.210,66.170,66.230,0,0
1524856080,66.220,66.170,66.170,66.220,0,0
1524856140,66.170,66.160,66.130,66.180,0,0
1524856200,66.170,66.220,66.170,66.220,26887,1735730
1524856260,66.240,66.180,66.180,66.240,0,0
1524856320,66.180,66.170,66.170,66.190,0,0
1524856380,66.180,66.210,66.180,66.210,0,0
1524856440,66.200,66.210,66.200,66.220,0,0
1524856500,66.250,66.230,66.230,66.260,27582,1762617
1524856560,66.230,66.250,66.230,66.250,0,0
1524856620,66.250,66.150,66.120,66.250,0,0
1524856680,66.180,66.210,66.170,66.210,0,0
1524856740,66.190,66.180,66.160,66.190,0,0
1524856800,66.170,66.160,66.160,66.180,27645,1790199
1524856860,66.140,66.160,66.140,66.160,0,0
1524856920,66.190,66.160,66.160,66.190,0,0
1524856980,66.140,66.130,66.130,66.150,0,0
1524857040,66.130,66.170,66.130,66.170,0,0
1524857100,66.170,66.150,66.150,66.200,27179,1817844
1524857160,66.150,66.040,66.040,66.150,0,0
1524857220,66.020,66.030,66.020,66.050,0,0
1524857280,66.030,66.030,66.030,66.030,0,0
1524857340,66.040,66.030,66.030,66.040,0,0
1524857400,66.050,66.060,66.040,66.060,48816,1845023
1524857460,66.080,66.090,66.080,66.090,0,0
1524857520,66.080,66.090,66.080,66.110,0,0
1524857580,66.090,66.130,66.090,66.130,0,0
1524857640,66.130,66.090,66.090,66.130,0,0
1524857700,66.090,66.070,66.070,66.090,36211,1893839
1524857760,66.060,66.010,66.000,66.060,0,0
1524857820,66.010,66.060,66.010,66.060,0,0
1524857880,66.030,65.970,65.970,66.030,0,0
1524857940,65.970,66.050,65.970,66.050,0,0
1524858000,66.050,66.070,66.040,66.070,32084,1930050
1524858060,66.080,66.050,66.050,66.090,0,0
1524858120,66.050,65.970,65.960,66.050,0,0
1524858180,65.940,65.950,65.920,65.950,0,0
1524858240,65.960,65.980,65.960,65.980,0,0
1524858300,65.990,66.040,65.990,66.050,51328,1962134
1524858360,66.030,66.010,66.000,66.040,0,0
1524858420,65.990,66.020,65.990,66.030,0,0
1524858480,66.000,66.010,65.990,66.010,0,0
1524858540,66.030,65.970,65.970,66.030,0,0
1524858600,65.960,65.920,65.920,65.970,70436,2013462
1524858660,65.910,65.900,65.880,65.910,0,0
1524858720,65.860,65.940,65.860,65.940,0,0
1524858780,65.950,65.920,65.910,65.950,0,0
1524858840,65.910,66.000,65.910,66.000,0,0
1524858900,65.970,65.900,65.880,65.970,690136,2083898
1524858960,65.900,65.890,65.860,65.900,0,0
1524859020,65.890,65.880,65.880,65.900,0,0
1524859080,65.830,65.810,65.790,65.830,0,0
1524859140,65.840,65.840,65.800,65.920,0,0
1525095000,65.270,65.190,65.130,65.270,44615,0
1525095060,65.020,65.020,65.020,65.020,0,0
1525095120,65.060,65.070,65.000,65.070,0,0
1525095180,65.010,64.990,64.870,65.010,0,0
1525095240,64.950,65.030,64.910,65.030,0,0
1525095300,65.140,65.220,65.050,65.220,17752,44615
1525095360,65.210,65.260,65.110,65.260,0,0
1525095420,65.480,65.350,65.350,65.480,0,0
1525095480,65.330,65.330,65.330,65.330,0,0
1525095540,65.260,65.070,65.070,65.260,0,0
1525095600,65.240,65.250,65.240,65.280,20179,62367
1525095660,65.270,65.320,65.270,65.380,0,0
1525095720,65.210,65.160,65.150,65.210,0,0
1525095780,65.220,65.210,65.100,65.220,0,0
1525095840,65.120,65.020,65.020,65.120,0,0
1525095900,65.050,64.960,64.960,65.090,15561,82546
1525095960,65.100,65.100,65.100,65.100,0,0
1525096020,65.030,65.020,65.020,65.030,0,0
1525096080,65.010,65.040,65.010,65.040,0,0
1525096140,65.090,65.080,65.080,65.090,0,0
1525096200,65.060,65.080,65.060,65.080,15285,98107
1525096260,65.030,65.050,65.020,65.050,0,0
1525096320,65.000,65.000,65.000,65.000,0,0
1525096380,65.040,64.900,64.900,65.040,0,0
1525096440,64.900,64.800,64.800,64.910,0,0
1525096500,64.740,64.600,64.600,64.750,16392,113392
1525096560,64.550,64.570,64.550,64.600,0,0
1525096620,64.510,64.710,64.510,64.710,0,0
1525096680,64.740,64.710,64.650,64.740,0,0
1525096740,64.700,64.720,64.650,64.720,0,0
1525096800,64.670,64.640,64.640,64.680,17392,129784
1525096860,64.670,64.640,64.640,64.670,0,0
1525096920,64.650,64.700,64.650,64.700,0,0
1525096980,64.640,64.630,64.630,64.670,0,0
1525097040,64.620,64.560,64.560,64.650,0,0
1525097100,64.520,64.470,64.410,64.520,23660,147176
1525097160,64.500,64.350,64.350,64.510,0,0
1525097220,64.360,64.430,64.350,64.430,0,0
1525097280,64.460,64.440,64.440,64.460,0,0
1525097340,64.400,64.380,64.380,64.420,0,0
1525097400,64.370,64.340,64.340,64.370,15471,170836
1525097460,64.330,64.370,64.330,64.370,0,0
1525097520,64.390,64.520,64.390,64.520,0,0
1525097580,64.520,64.600,64.520,64.600,0,0
1525097640,64.640,64.500,64.500,64.640,0,0
1525097700,64.490,64.500,64.490,64.500,22625,186307
1525097760,64.450,64.410,64.410,64.450,0,0
1525097820,64.370,64.450,64.370,64.450,0,0
1525097880,64.470,64.460,64.460,64.470,0,0
1525097940,64.450,64.410,64.400,64.450,0,0
1525098000,64.390,64.400,64.380,64.400,10001,208932
1525098060,64.490,64.450,64.450,64.490,0,0
1525098120,64.390,64.370,64.370,64.390,0,0
1525098180,64.480,64.480,64.480,64.480,0,0
1525098240,64.460,64.460,64.460,64.460,0,0
1525098300,64.400,64.380,64.310,64.400,25805,218933
1525098360,64.430,64.410,64.410,64.430,0,0
1525098420,64.400,64.470,64.400,64.470,0,0
1525098480,64.480,64.430,64.430,64.480,0,0
1525098540,64.380,64.250,64.250,64.380,0,0
1525098600,64.270,64.300,64.270,64.300,16926,244738
1525098660,64.260,64.220,64.220,64.290,0,0
1525098720,64.240,64.290,64.240,64.290,0,0
1525098780,64.260,64.260,64.260,64.260,0,0
1525098840,64.250,64.230,64.230,64.250,0,0
1525098900,64.300,64.290,64.280,64.320,15312,261664
1525098960,64.360,64.390,64.360,64.390,0,0
1525099020,64.430,64.380,64.380,64.430,0,0
1525099080,64.390,64.340,64.340,64.400,0,0
1525099140,64.350,64.410,64.350,64.410,0,0
1525099200,64.390,64.360,64.360,64.390,27097,276976
1525099260,64.280,64.320,64.280,64.320,0,0
1525099320,64.310,64.220,64.220,64.310,0,0
1525099380,64.170,64.230,64.170,64.230,0,0
1525099440,64.220,64.270,64.220,64.280,0,0
1525099500,64.270,64.260,64.260,64.270,25373,304073
1525099560,64.210,64.220,64.210,64.220,0,0
1525099620,64.170,64.170,64.170,64.170,0,0
1525099680,64.210,64.220,64.190,64.220,0,0
1525099800,64.260,64.260,64.260,64.260,17328,329446
1525099860,64.220,64.210,64.210,64.220,0,0
1525099920,64.220,64.200,64.180,64.220,0,0
1525099980,64.210,64.170,64.170,64.220,0,0
1525100040,64.160,64.190,64.160,64.190,0,0
1525100100,64.170,64.190,64.170,64.190,20260,346774
1525100160,64.200,64.170,64.170,64.200,0,0
1525100220,64.170,64.110,64.110,64.170,0,0
1525100280,64.110,64.130,64.110,64.130,0,0
1525100340,64.140,64.000,64.000,64.140,0,0
1525100400,64.060,64.130,64.060,64.130,16305,367034
1525100460,64.140,64.140,64.140,64.140,0,0
1525100520,64.130,64.120,64.120,64.130,0,0
1525100580,64.110,64.090,64.070,64.110,0,0
1525100640,64.060,64.060,64.060,64.060,0,0
1525100700,64.040,64.030,64.020,64.070,13925,383339
1525100760,64.040,64.040,64.040,64.040,0,0
1525100820,64.070,64.090,64.070,64.090,0,0
1525100880,64.120,64.160,64.120,64.220,0,0
1525100940,64.130,64.130,64.130,64.130,0,0
1525101000,64.190,64.150,64.150,64.190,14051,397264
1525101060,64.160,64.170,64.160,64.170,0,0
1525101120,64.170,64.180,64.170,64.180,0,0
1525101180,64.160,64.110,64.110,64.160,0,0
1525101240,64.140,64.150,64.140,64.150,0,0
1525101300,64.110,64.120,64.110,64.120,14586,411315
1525101360,64.090,64.020,64.020,64.090,0,0
1525101420,64.090,64.120,64.090,64.120,0,0
1525101480,64.160,64.160,64.160,64.160,0,0
1525101540,64.180,64.170,64.160,64.180,0,0
1525101600,64.170,64.170,64.170,64.170,32299,425901
1525101660,64.170,64.150,64.120,64.170,0,0
1525101720,64.170,64.110,64.110,64.170,0,0
1525101780,64.150,64.140,64.140,64.220,0,0
1525101840,64.220,64.270,64.200,64.270,0,0
1525101900,64.270,64.240,64.220,64.270,13780,458200
1525101960,64.230,64.270,64.230,64.270,0,0
1525102020,64.230,64.220,64.220,64.230,0,0
1525102080,64.260,64.300,64.260,64.320,0,0
1525102140,64.280,64.330,64.280,64.330,0,0
1525102200,64.380,64.350,64.330,64.380,32417,471980
1525102260,64.350,64.370,64.350,64.390,0,0
1525102320,64.350,64.410,64.330,64.410,0,0
1525102380,64.430,64.440,64.430,64.440,0,0
1525102440,64.470,64.480,64.470,64.480,0,0
1525102500,64.500,64.490,64.470,64.500,18896,504397
1525102560,64.500,64.450,64.440,64.540,0,0
1525102620,64.430,64.430,64.430,64.430,0,0
1525102680,64.470,64.480,64.470,64.480,0,0
1525102800,64.480,64.490,64.480,64.500,28752,523293
1525102860,64.470,64.630,64.470,64.630,0,0
1525102920,64.670,64.610,64.610,64.670,0,0
1525102980,64.590,64.580,64.550,64.590,0,0
1525103040,64.620,64.590,64.590,64.620,0,0
1525103100,64.590,64.600,64.580,64.600,25013,552045
1525103160,64.610,64.650,64.610,64.650,0,0
1525103220,64.640,64.630,64.630,64.640,0,0
1525103280,64.660,64.590,64.590,64.660,0,0
1525103340,64.620,64.620,64.620,64.620,0,0
1525103400,64.640,64.670,64.640,64.670,17091,577058
1525103460,64.650,64.650,64.650,64.650,0,0
1525103520,64.640,64.630,64.630,64.650,0,0
1525103580,64.570,64.510,64.510,64.570,0,0
1525103640,64.520,64.510,64.510,64.520,0,0
1525103700,64.530,64.510,64.510,64.530,25479,594149
1525103820,64.560,64.390,64.390,64.560,0,0
1525103880,64.340,64.330,64.330,64.340,0,0
1525103940,64.340,64.310,64.310,64.340,0,0
1525104000,64.320,64.310,64.290,64.320,22309,619628
1525104120,64.310,64.310,64.310,64.310,0,0
1525104180,64.370,64.400,64.370,64.400,0,0
1525104240,64.390,64.390,64.390,64.390,0,0
1525104300,64.380,64.440,64.380,64.440,21634,641937
1525104360,64.480,64.490,64.480,64.490,0,0
1525104420,64.470,64.450,64.450,64.470,0,0
1525104480,64.400,64.360,64.360,64.400,0,0
1525104540,64.390,64.390,64.390,64.390,0,0
1525104600,64.430,64.420,64.420,64.430,12867,663571
1525104660,64.380,64.370,64.370,64.380,0,0
1525104720,64.360,64.400,64.360,64.400,0,0
1525104780,64.420,64.430,64.410,64.430,0,0
1525104840,64.430,64.390,64.390,64.430,0,0
1525104900,64.400,64.390,64.390,64.400,12548,676438
1525104960,64.390,64.390,64.390,64.390,0,0
1525105020,64.410,64.340,64.340,64.410,0,0
1525105080,64.350,64.360,64.350,64.360,0,0
1525105140,64.350,64.380,64.350,64.380,0,0
1525105200,64.420,64.420,64.420,64.420,10840,688986
1525105320,64.420,64.390,64.390,64.420,0,0
1525105380,64.430,64.440,64.430,64.440,0,0
1525105440,64.410,64.410,64.410,64.410,0,0
1525105500,64.420,64.400,64.400,64.420,7796,699826
1525105560,64.420,64.400,64.400,64.420,0,0
1525105620,64.420,64.400,64.390,64.420,0,0
1525105680,64.410,64.440,64.390,64.440,0,0
1525105800,64.430,64.410,64.410,64.430,14861,707622
1525105860,64.440,64.440,64.440,64.440,0,0
1525105920,64.420,64.440,64.420,64.450,0,0
1525105980,64.420,64.420,64.420,64.420,0,0
1525106040,64.440,64.470,64.440,64.470,0,0
1525106100,64.430,64.420,64.420,64.430,8385,722483
1525106220,64.420,64.430,64.420,64.430,0,0
1525106280,64.420,64.420,64.420,64.420,0,0
1525106340,64.440,64.450,64.440,64.450,0,0
1525106400,64.450,64.440,64.440,64.450,12796,730868
1525106460,64.440,64.460,64.440,64.460,0,0
1525106520,64.470,64.490,64.470,64.490,0,0
1525106580,64.470,64.480,64.470,64.480,0,0
1525106640,64.480,64.480,64.480,64.480,0,0
1525106700,64.450,64.440,64.440,64.450,25864,743664
1525106760,64.430,64.420,64.420,64.430,0,0
1525106820,64.400,64.410,64.400,64.410,0,0
1525106880,64.420,64.410,64.410,64.420,0,0
1525106940,64.410,64.410,64.410,64.410,0,0
1525107000,64.380,64.370,64.370,64.380,18649,769528
1525107060,64.350,64.290,64.290,64.350,0,0
1525107120,64.260,64.240,64.240,64.270,0,0
1525107180,64.270,64.270,64.270,64.270,0,0
1525107240,64.300,64.290,64.290,64.310,0,0
1525107300,64.280,64.290,64.280,64.290,7132,788177
1525107360,64.280,64.290,64.280,64.290,0,0
1525107420,64.310,64.310,64.310,64.310,0,0
1525107480,64.340,64.340,64.340,64.340,0,0
1525107540,64.390,64.360,64.360,64.390,0,0
1525107600,64.370,64.400,64.370,64.400,6265,795309
1525107660,64.410,64.400,64.400,64.410,0,0
1525107720,64.420,64.400,64.400,64.420,0,0
1525107780,64.370,64.370,64.370,64.370,0,0
1525107840,64.410,64.330,64.330,64.410,0,0
1525107900,64.330,64.310,64.310,64.330,18803,801574
1525107960,64.310,64.300,64.280,64.310,0,0
1525108020,64.290,64.370,64.290,64.370,0,0
1525108080,64.380,64.380,64.380,64.380,0,0
1525108140,64.370,64.360,64.360,64.370,0,0
1525108200,64.370,64.390,64.370,64.390,25834,820377
1525108260,64.400,64.390,64.390,64.400,0,0
1525108320,64.380,64.390,64.380,64.390,0,0
1525108380,64.350,64.410,64.350,64.410,0,0
1525108440,64.390,64.410,64.390,64.410,0,0
1525108500,64.420,64.450,64.420,64.450,29762,846211
1525108560,64.410,64.500,64.410,64.500,0,0
1525108620,64.500,64.520,64.500,64.520,0,0
1525108680,64.500,64.490,64.490,64.500,0,0
1525108740,64.510,64.520,64.510,64.530,0,0
1525108800,64.520,64.510,64.500,64.520,28965,875973
1525108860,64.500,64.500,64.500,64.500,0,0
1525108920,64.520,64.540,64.520,64.540,0,0
1525108980,64.550,64.580,64.550,64.600,0,0
1525109040,64.560,64.520,64.520,64.560,0,0
1525109100,64.550,64.560,64.550,64.560,18884,904938
1525109160,64.560,64.560,64.560,64.560,0,0
1525109220,64.560,64.590,64.560,64.600,0,0
1525109280,64.590,64.590,64.590,64.590,0,0
1525109340,64.560,64.560,64.560,64.560,0,0
1525109400,64.560,64.530,64.530,64.560,6519,923822
1525109460,64.540,64.580,64.530,64.580,0,0
1525109520,64.620,64.600,64.600,64.620,0,0
1525109580,64.580,64.620,64.580,64.620,0,0
1525109700,64.640,64.620,64.610,64.640,15205,930341
1525109760,64.650,64.690,64.650,64.690,0,0
1525109820,64.700,64.610,64.610,64.700,0,0
1525109880,64.610,64.610,64.610,64.610,0,0
1525109940,64.600,64.600,64.600,64.600,0,0
1525110000,64.610,64.670,64.610,64.670,23459,945546
1525110060,64.640,64.660,64.630,64.660,0,0
1525110120,64.690,64.680,64.680,64.690,0,0
1525110180,64.690,64.700,64.690,64.700,0,0
1525110240,64.700,64.710,64.690,64.710,0,0
1525110300,64.710,64.720,64.710,64.720,20523,969005
1525110360,64.710,64.720,64.710,64.720,0,0
1525110420,64.710,64.720,64.710,64.720,0,0
1525110480,64.720,64.690,64.690,64.720,0,0
1525110540,64.710,64.710,64.710,64.710,0,0
1525110600,64.690,64.650,64.650,64.690,8639,989528
1525110660,64.660,64.660,64.660,64.660,0,0
1525110780,64.610,64.610,64.610,64.610,0,0
1525110840,64.560,64.560,64.560,64.560,0,0
1525110900,64.580,64.570,64.570,64.580,23055,998167
1525110960,64.560,64.610,64.560,64.610,0,0
1525111020,64.580,64.580,64.580,64.580,0,0
1525111080,64.590,64.620,64.590,64.620,0,0
1525111140,64.610,64.610,64.610,64.610,0,0
1525111200,64.620,64.660,64.620,64.660,19069,1021222
1525111260,64.620,64.640,64.610,64.640,0,0
1525111320,64.610,64.630,64.610,64.630,0,0
1525111380,64.580,64.570,64.570,64.580,0,0
1525111440,64.620,64.610,64.610,64.620,0,0
1525111500,64.610,64.630,64.610,64.630,28690,1040291
1525111560,64.620,64.590,64.580,64.620,0,0
1525111620,64.580,64.580,64.580,64.580,0,0
1525111680,64.580,64.580,64.580,64.580,0,0
1525111740,64.560,64.570,64.560,64.580,0,0
1525111800,64.560,64.550,64.550,64.560,58964,1068981
1525111860,64.560,64.570,64.530,64.570,0,0
1525111920,64.560,64.570,64.560,64.570,0,0
1525111980,64.580,64.570,64.570,64.580,0,0
1525112040,64.580,64.600,64.580,64.600,0,0
1525112100,64.590,64.630,64.590,64.650,28784,1127945
1525112160,64.610,64.590,64.590,64.610,0,0
1525112220,64.580,64.550,64.550,64.580,0,0
1525112280,64.560,64.560,64.560,64.560,0,0
1525112340,64.560,64.560,64.560,64.560,0,0
1525112400,64.560,64.590,64.550,64.590,17712,1156729
1525112460,64.590,64.650,64.590,64.670,0,0
1525112520,64.680,64.660,64.660,64.680,0,0
1525112580,64.680,64.740,64.680,64.740,0,0
1525112640,64.750,64.750,64.750,64.750,0,0
1525112700,64.780,64.800,64.770,64.800,22992,1174441
1525112760,64.800,64.790,64.790,64.800,0,0
1525112820,64.780,64.770,64.770,64.780,0,0
1525112880,64.780,64.740,64.740,64.780,0,0
1525112940,64.740,64.730,64.720,64.740,0,0
1525113000,64.730,64.720,64.720,64.730,17647,1197433
1525113060,64.720,64.720,64.720,64.720,0,0
1525113120,64.700,64.740,64.700,64.760,0,0
1525113180,64.770,64.800,64.770,64.880,0,0
1525113240,64.800,64.800,64.800,64.800,0,0
1525113300,64.810,64.800,64.800,64.810,83733,1215080
1525113360,64.770,64.790,64.760,64.790,0,0
1525113420,64.780,64.800,64.780,64.810,0,0
1525113480,64.820,64.800,64.800,64.820,0,0
1525113540,64.790,64.880,64.790,64.880,0,0
1525113600,64.930,64.880,64.880,64.930,41529,1298813
1525113660,64.890,64.850,64.850,64.890,0,0
1525113720,64.760,64.750,64.750,64.790,0,0
1525113780,64.750,64.780,64.670,64.780,0,0
1525113840,64.800,64.810,64.800,64.930,0,0
1525113900,64.830,64.820,64.820,64.830,29932,1340342
1525113960,64.820,64.830,64.810,64.830,0,0
1525114020,64.840,64.870,64.840,64.880,0,0
1525114080,64.880,64.910,64.880,64.910,0,0
1525114140,64.880,64.900,64.880,64.900,0,0
1525114200,64.920,64.910,64.910,64.920,18515,1370274
1525114260,64.900,64.920,64.890,64.920,0,0
1525114320,64.920,64.900,64.900,64.920,0,0
1525114380,64.890,64.900,64.890,64.900,0,0
1525114440,64.890,64.950,64.890,64.970,0,0
1525114500,64.970,64.990,64.970,65.000,29786,1388789
1525114560,65.030,65.020,65.020,65.040,0,0
1525114620,65.000,64.970,64.970,65.000,0,0
1525114680,65.000,65.020,65.000,65.030,0,0
1525114740,65.030,65.020,64.990,65.030,0,0
1525114800,65.000,65.010,65.000,65.030,29298,1418575
1525114860,65.010,65.000,65.000,65.010,0,0
1525114920,65.040,64.980,64.980,65.040,0,0
1525114980,64.970,64.950,64.950,64.970,0,0
1525115040,64.920,64.910,64.910,64.920,0,0
1525115100,64.910,64.890,64.890,64.920,21508,1447873
1525115160,64.940,64.950,64.940,64.950,0,0
1525115220,64.910,64.900,64.890,64.910,0,0
1525115280,64.900,64.920,64.900,64.920,0,0
1525115340,64.910,64.930,64.900,64.930,0,0
1525115400,64.940,64.950,64.940,64.960,33060,1469381
1525115460,64.960,65.000,64.960,65.000,0,0
1525115520,65.000,65.010,65.000,65.010,0,0
1525115580,65.030,64.980,64.980,65.030,0,0
1525115640,65.010,65.060,65.010,65.060,0,0
1525115700,65.050,65.080,65.050,65.110,32899,1502441
1525115760,65.070,65.010,65.010,65.070,0,0
1525115820,64.990,65.020,64.990,65.020,0,0
1525115880,65.000,65.010,64.980,65.010,0,0
1525115940,65.020,65.050,65.010,65.050,0,0
1525116000,65.030,65.030,65.030,65.030,34079,1535340
1525116060,65.040,65.010,65.010,65.040,0,0
1525116120,65.030,64.970,64.970,65.030,0,0
1525116180,64.960,64.910,64.910,64.970,0,0
1525116240,64.910,64.920,64.910,64.920,0,0
1525116300,64.930,64.890,64.890,64.930,35065,1569419
1525116360,64.910,64.950,64.910,64.950,0,0
1525116420,64.940,64.930,64.930,64.940,0,0
1525116480,64.950,64.960,64.950,64.990,0,0
1525116540,64.980,64.990,64.970,64.990,0,0
1525116600,64.990,65.010,64.990,65.010,44400,1604484
1525116660,65.020,65.030,65.020,65.040,0,0
1525116720,65.020,65.040,65.020,65.040,0,0
1525116780,65.040,65.080,65.040,65.080,0,0
1525116840,65.080,65.120,65.080,65.130,0,0
1525116900,65.130,65.120,65.120,65.140,52012,1648884
1525116960,65.130,65.140,65.130,65.140,0,0
1525117020,65.130,65.180,65.130,65.180,0,0
1525117080,65.190,65.220,65.190,65.220,0,0
1525117140,65.240,65.260,65.240,65.260,0,0
1525117200,65.250,65.280,65.250,65.320,50455,1700896
1525117260,65.250,65.260,65.250,65.260,0,0
1525117320,65.250,65.250,65.250,65.250,0,0
1525117380,65.250,65.240,65.240,65.280,0,0
1525117440,65.240,65.250,65.230,65.250,0,0
1525117500,65.270,65.300,65.270,65.330,70335,1751351
1525117560,65.300,65.330,65.300,65.330,0,0
1525117620,65.330,65.340,65.320,65.340,0,0
1525117680,65.350,65.360,65.350,65.360,0,0
1525117740,65.360,65.440,65.360,65.440,0,0
1525117800,65.420,65.400,65.380,65.420,84451,1821686
1525117860,65.400,65.390,65.390,65.410,0,0
1525117920,65.390,65.420,65.390,65.430,0,0
1525117980,65.410,65.420,65.410,65.420,0,0
1525118040,65.430,65.440,65.430,65.460,0,0
1525118100,65.440,65.450,65.440,65.450,177363,1906137
1525118160,65.450,65.460,65.440,65.460,0,0
1525118220,65.450,65.460,65.450,65.460,0,0
1525118280,65.460,65.470,65.450,65.470,0,0
1525118340,65.470,65.490,65.460,65.490,0,0
