1517495400,196.650,196.650,196.650,196.650,20717,0
1517495580,196.650,196.650,196.650,196.650,0,0
1517495640,197.100,197.100,197.100,197.100,0,0
1517495700,197.330,197.330,197.330,197.330,9001,20717
1517495880,197.630,197.420,197.420,197.630,0,0
1517495940,197.050,197.050,197.050,197.050,0,0
1517496000,197.270,197.270,197.270,197.270,9466,29718
1517496180,197.250,197.370,197.250,197.370,0,0
1517496240,197.480,197.190,197.190,197.480,0,0
1517496300,197.160,197.390,197.160,197.390,8440,39184
1517496360,197.160,197.230,197.160,197.230,0,0
1517496420,197.270,197.250,197.250,197.270,0,0
1517496480,197.320,197.190,197.160,197.320,0,0
1517496540,197.230,197.380,197.230,197.380,0,0
1517496600,197.410,197.410,197.410,197.410,4427,47624
1517496660,197.890,197.890,197.890,197.890,0,0
1517496780,197.840,197.810,197.810,197.840,0,0
1517496840,197.710,197.730,197.710,197.730,0,0
1517496900,197.870,197.870,197.870,197.870,7343,52051
1517496960,197.870,197.870,197.870,197.870,0,0
1517497080,197.960,198.100,197.960,198.100,0,0
1517497140,198.030,197.900,197.900,198.090,0,0
1517497200,197.920,197.920,197.920,197.920,15299,59394
1517497260,197.920,197.920,197.920,197.920,0,0
1517497320,197.800,197.780,197.780,197.800,0,0
1517497380,197.770,197.650,197.650,197.770,0,0
1517497440,197.720,197.610,197.610,197.720,0,0
1517497500,197.730,197.770,197.720,197.770,10982,74693
1517497560,197.840,197.610,197.610,197.840,0,0
1517497620,197.490,197.560,197.490,197.580,0,0
1517497680,197.660,197.610,197.540,197.660,0,0
1517497800,197.450,197.450,197.450,197.450,6873,85675
1517497860,197.440,197.570,197.440,197.570,0,0
1517497920,197.580,197.580,197.580,197.580,0,0
1517497980,197.490,197.600,197.490,197.600,0,0
1517498040,197.510,197.490,197.490,197.510,0,0
1517498100,197.640,197.640,197.640,197.640,6410,92548
1517498160,197.650,197.650,197.650,197.650,0,0
1517498220,197.650,197.440,197.440,197.650,0,0
1517498340,197.600,197.630,197.600,197.630,0,0
1517498400,197.660,197.520,197.520,197.660,7756,98958
1517498460,197.660,197.520,197.520,197.660,0,0
1517498520,197.410,197.500,197.410,197.500,0,0
1517498580,197.670,197.690,197.630,197.690,0,0
1517498700,197.860,197.930,197.860,197.970,11046,106714
1517498820,197.780,197.690,197.690,197.810,0,0
1517498880,197.680,197.780,197.680,197.780,0,0
1517498940,197.810,197.760,197.620,197.810,0,0
1517499000,197.720,197.720,197.720,197.720,7087,117760
1517499060,197.800,197.800,197.800,197.800,0,0
1517499120,197.830,197.840,197.700,197.840,0,0
1517499180,197.890,197.890,197.890,197.890,0,0
1517499240,197.750,197.750,197.750,197.750,0,0
1517499300,197.930,197.930,197.930,197.930,7790,124847
1517499360,197.860,197.860,197.860,197.860,0,0
1517499420,197.880,197.880,197.880,197.880,0,0
1517499480,198.050,198.090,198.020,198.090,0,0
1517499540,197.970,198.020,197.920,198.020,0,0
1517499600,197.980,197.990,197.980,197.990,16049,132637
1517499660,197.820,197.950,197.820,197.950,0,0
1517499720,198.120,198.010,198.010,198.120,0,0
1517499780,198.130,198.120,198.120,198.130,0,0
1517499840,198.170,198.170,198.170,198.170,0,0
1517499900,198.170,198.470,198.170,198.470,6114,148686
1517499960,198.510,198.420,198.420,198.510,0,0
1517500020,198.430,198.430,198.430,198.430,0,0
1517500080,198.490,198.520,198.480,198.520,0,0
1517500200,198.570,198.790,198.470,198.790,12538,154800
1517500260,198.720,198.890,198.720,198.890,0,0
1517500320,198.880,198.910,198.860,198.960,0,0
1517500380,198.840,198.890,198.840,198.890,0,0
1517500440,198.750,198.780,198.750,198.780,0,0
1517500500,198.830,199.170,198.830,199.170,12343,167338
1517500560,199.140,199.110,199.110,199.140,0,0
1517500620,199.220,199.170,199.040,199.220,0,0
1517500680,199.170,199.190,199.170,199.190,0,0
1517500740,199.120,199.280,199.120,199.280,0,0
1517500800,199.360,199.330,199.330,199.360,6668,179681
1517500860,199.380,199.450,199.380,199.450,0,0
1517500920,199.440,199.430,199.430,199.440,0,0
1517500980,199.430,199.430,199.430,199.430,0,0
1517501040,199.410,199.460,199.410,199.460,0,0
1517501100,199.340,199.410,199.260,199.420,12712,186349
1517501160,199.480,199.480,199.480,199.480,0,0
1517501220,199.640,199.970,199.640,199.970,0,0
1517501280,200.040,200.480,200.040,200.480,0,0
1517501340,200.090,200.060,200.060,200.090,0,0
1517501400,200.170,200.050,199.910,200.170,6397,199061
1517501460,199.950,200.000,199.950,200.040,0,0
1517501520,199.980,199.980,199.980,199.980,0,0
1517501580,199.910,199.910,199.910,199.910,0,0
1517501640,199.950,199.950,199.950,199.950,0,0
1517501700,199.980,199.890,199.890,200.030,10994,205458
1517501760,200.040,200.200,200.040,200.200,0,0
1517501820,200.200,200.200,200.200,200.200,0,0
1517501880,199.980,199.960,199.960,199.980,0,0
1517502000,200.000,199.850,199.850,200.000,5706,216452
1517502060,199.960,199.890,199.870,199.960,0,0
1517502180,199.990,199.990,199.990,199.990,0,0
1517502240,200.040,200.040,200.040,200.040,0,0
1517502300,200.090,200.030,200.030,200.090,7341,222158
1517502360,200.050,200.030,200.030,200.050,0,0
1517502420,199.990,200.040,199.990,200.040,0,0
1517502480,200.060,200.190,200.060,200.250,0,0
1517502540,200.190,200.240,200.190,200.240,0,0
1517502600,200.210,200.230,200.210,200.290,14142,229499
1517502660,200.340,200.510,200.340,200.510,0,0
1517502720,200.550,200.550,200.550,200.550,0,0
1517502780,200.470,200.360,200.310,200.470,0,0
1517502840,200.580,200.670,200.580,200.670,0,0
1517502900,200.700,200.700,200.700,200.700,37850,243641
1517502960,200.600,200.740,200.600,200.740,0,0
1517503020,200.740,200.700,200.700,200.740,0,0
1517503080,200.940,201.410,200.940,201.450,0,0
1517503140,201.310,201.310,201.310,201.310,0,0
1517503200,201.350,201.350,201.350,201.350,7498,281491
1517503260,201.230,201.230,201.230,201.230,0,0
1517503320,201.150,201.070,201.030,201.150,0,0
1517503380,200.990,201.150,200.990,201.150,0,0
1517503440,201.270,201.270,201.270,201.270,0,0
1517503500,201.150,201.310,201.150,201.310,10925,288989
1517503560,201.220,201.220,201.220,201.220,0,0
1517503620,201.150,201.210,201.150,201.210,0,0
1517503680,201.180,201.180,201.180,201.180,0,0
1517503740,201.070,201.220,201.070,201.220,0,0
1517503800,201.120,201.120,201.120,201.120,6833,299914
1517503860,201.220,201.220,201.220,201.220,0,0
1517503920,201.200,201.130,201.090,201.200,0,0
1517503980,201.180,201.180,201.180,201.180,0,0
1517504040,201.260,201.260,201.260,201.260,0,0
1517504100,201.150,201.150,201.150,201.150,6778,306747
1517504160,201.210,201.430,201.210,201.430,0,0
1517504220,201.390,201.390,201.390,201.390,0,0
1517504280,201.450,201.450,201.450,201.450,0,0
1517504340,201.450,201.430,201.430,201.450,0,0
1517504400,201.460,201.550,201.460,201.550,15769,313525
1517504460,201.730,201.710,201.710,201.730,0,0
1517504520,201.690,201.570,201.570,201.690,0,0
1517504580,201.620,201.620,201.620,201.620,0,0
1517504640,201.670,201.760,201.670,201.760,0,0
1517504700,201.760,201.670,201.610,201.760,10017,329294
1517504760,201.590,201.570,201.570,201.590,0,0
1517504820,201.530,201.300,201.300,201.530,0,0
1517504880,201.310,201.340,201.310,201.340,0,0
1517504940,201.350,201.410,201.350,201.460,0,0
1517505000,201.450,201.440,201.440,201.450,9901,339311
1517505120,201.450,201.380,201.380,201.450,0,0
1517505180,201.440,201.490,201.440,201.490,0,0
1517505240,201.550,201.460,201.460,201.550,0,0
1517505300,201.470,201.550,201.470,201.550,4946,349212
1517505360,201.520,201.520,201.520,201.520,0,0
1517505480,201.660,201.620,201.620,201.660,0,0
1517505540,201.690,201.690,201.690,201.690,0,0
1517505600,201.780,201.680,201.680,201.780,10859,354158
1517505660,201.690,201.600,201.600,201.690,0,0
1517505720,201.600,201.570,201.570,201.600,0,0
1517505780,201.590,201.590,201.590,201.590,0,0
1517505840,201.500,201.470,201.460,201.500,0,0
1517505900,201.530,201.530,201.530,201.530,6772,365017
1517506020,201.490,201.450,201.450,201.490,0,0
1517506080,201.400,201.550,201.400,201.550,0,0
1517506140,201.500,201.500,201.500,201.500,0,0
1517506200,201.530,201.580,201.530,201.590,5652,371789
1517506260,201.580,201.580,201.580,201.580,0,0
1517506320,201.530,201.530,201.530,201.530,0,0
1517506380,201.450,201.450,201.450,201.450,0,0
1517506440,201.460,201.460,201.460,201.460,0,0
1517506500,201.570,201.570,201.570,201.570,8025,377441
1517506560,201.580,201.430,201.430,201.580,0,0
1517506620,201.510,201.510,201.510,201.510,0,0
1517506680,201.600,201.530,201.530,201.600,0,0
1517506740,201.600,201.660,201.600,201.690,0,0
1517506800,201.630,201.630,201.630,201.630,4625,385466
1517506860,201.630,201.630,201.630,201.630,0,0
1517506920,201.520,201.520,201.520,201.520,0,0
1517506980,201.510,201.510,201.510,201.510,0,0
1517507040,201.490,201.490,201.490,201.490,0,0
1517507100,201.460,201.530,201.460,201.530,20031,390091
1517507160,201.510,201.590,201.510,201.590,0,0
1517507220,201.540,201.390,201.390,201.540,0,0
1517507280,201.410,201.160,201.160,201.410,0,0
1517507340,201.280,201.280,201.280,201.280,0,0
1517507400,201.220,201.170,201.050,201.220,12011,410122
1517507460,201.280,201.280,201.280,201.280,0,0
1517507520,201.210,201.090,201.090,201.210,0,0
1517507640,200.940,201.030,200.940,201.030,0,0
1517507700,200.930,200.940,200.850,200.940,11699,422133
1517507760,200.850,201.000,200.750,201.000,0,0
1517507820,200.930,200.930,200.930,200.930,0,0
1517507880,200.870,200.790,200.790,200.870,0,0
1517507940,200.770,200.780,200.770,200.830,0,0
1517508000,200.810,200.750,200.750,200.810,6477,433832
1517508060,200.690,200.690,200.690,200.690,0,0
1517508120,200.640,200.640,200.640,200.640,0,0
1517508180,200.600,200.530,200.530,200.600,0,0
1517508240,200.590,200.700,200.570,200.700,0,0
1517508300,200.630,200.710,200.630,200.710,14171,440309
1517508360,200.800,200.820,200.800,200.820,0,0
1517508420,200.750,200.670,200.670,200.750,0,0
1517508480,200.560,200.480,200.480,200.560,0,0
1517508540,200.400,200.400,200.400,200.400,0,0
1517508600,200.370,200.260,200.260,200.370,7254,454480
1517508660,200.270,200.280,200.270,200.280,0,0
1517508720,200.280,200.170,200.170,200.280,0,0
1517508780,200.220,200.280,200.220,200.280,0,0
1517508840,200.200,200.200,200.200,200.200,0,0
1517508900,200.170,200.170,200.170,200.170,5897,461734
1517508960,200.190,200.190,200.190,200.190,0,0
1517509020,200.270,200.270,200.270,200.270,0,0
1517509080,200.140,200.140,200.140,200.140,0,0
1517509140,200.220,200.220,200.220,200.220,0,0
1517509200,200.230,200.230,200.230,200.230,4855,467631
1517509260,200.180,200.120,200.120,200.180,0,0
1517509320,200.160,200.240,200.160,200.240,0,0
1517509440,200.220,200.250,200.210,200.250,0,0
1517509500,200.380,200.290,200.290,200.380,4223,472486
1517509620,200.380,200.290,200.290,200.380,0,0
1517509680,200.300,200.300,200.300,200.300,0,0
1517509740,200.290,200.300,200.290,200.300,0,0
1517509800,200.230,200.190,200.190,200.230,5909,476709
1517509860,200.140,200.160,200.140,200.160,0,0
1517509920,200.120,200.120,200.120,200.120,0,0
1517509980,200.110,200.130,200.110,200.130,0,0
1517510040,200.230,200.290,200.220,200.290,0,0
1517510100,200.170,200.170,200.170,200.170,4994,482618
1517510160,200.130,200.150,200.130,200.150,0,0
1517510220,200.150,200.190,200.150,200.190,0,0
1517510340,200.150,200.070,200.070,200.150,0,0
1517510400,200.080,200.080,200.080,200.080,7125,487612
1517510460,200.070,200.000,200.000,200.070,0,0
1517510520,199.990,199.990,199.990,199.990,0,0
1517510580,199.990,199.960,199.960,199.990,0,0
1517510700,199.890,199.890,199.890,199.890,5234,494737
1517510760,199.840,199.840,199.840,199.840,0,0
1517510820,199.770,199.810,199.750,199.810,0,0
1517510880,199.820,199.880,199.820,199.900,0,0
1517510940,199.880,199.880,199.880,199.880,0,0
1517511000,199.820,199.870,199.820,199.870,12624,499971
1517511120,199.850,199.790,199.790,199.850,0,0
1517511180,199.830,199.810,199.800,199.840,0,0
1517511240,199.620,199.620,199.620,199.620,0,0
1517511300,199.510,199.450,199.450,199.510,9319,512595
1517511360,199.410,199.130,199.130,199.410,0,0
1517511420,199.210,199.250,199.210,199.250,0,0
1517511480,199.220,199.220,199.220,199.220,0,0
1517511540,199.260,199.260,199.260,199.260,0,0
1517511600,199.370,199.410,199.370,199.410,6158,521914
1517511720,199.410,199.410,199.410,199.410,0,0
1517511780,199.340,199.310,199.260,199.340,0,0
1517511840,199.310,199.390,199.310,199.390,0,0
1517511900,199.430,199.330,199.330,199.430,7456,528072
1517511960,199.400,199.460,199.360,199.460,0,0
1517512020,199.400,199.420,199.400,199.420,0,0
1517512080,199.330,199.220,199.220,199.330,0,0
1517512140,199.310,199.310,199.310,199.310,0,0
1517512200,199.240,199.220,199.220,199.240,8057,535528
1517512320,199.260,199.110,199.110,199.260,0,0
1517512380,199.120,199.120,199.120,199.120,0,0
1517512440,199.130,199.100,199.100,199.130,0,0
1517512500,199.120,199.250,199.120,199.250,11913,543585
1517512560,199.220,199.160,199.160,199.220,0,0
1517512620,199.110,199.120,199.110,199.120,0,0
1517512680,199.090,199.040,199.040,199.160,0,0
1517512740,199.090,199.000,199.000,199.150,0,0
1517512800,199.030,199.000,199.000,199.140,21467,555498
1517512860,199.000,199.000,199.000,199.000,0,0
1517512920,199.010,199.050,198.990,199.050,0,0
1517512980,199.110,199.110,199.110,199.110,0,0
1517513040,199.190,199.180,199.180,199.190,0,0
1517513100,199.190,199.190,199.190,199.190,6432,576965
1517513160,199.190,199.190,199.190,199.190,0,0
1517513220,199.280,199.340,199.280,199.340,0,0
1517513280,199.450,199.500,199.450,199.500,0,0
1517513340,199.530,199.650,199.530,199.680,0,0
1517513400,199.660,199.660,199.660,199.660,8770,583397
1517513460,199.640,199.590,199.590,199.690,0,0
1517513640,199.760,199.710,199.710,199.760,0,0
1517513700,199.720,200.010,199.720,200.010,10722,592167
1517513760,200.010,200.020,200.010,200.020,0,0
1517513820,200.010,200.020,200.010,200.020,0,0
1517513880,199.960,199.940,199.940,199.960,0,0
1517513940,199.940,200.010,199.940,200.010,0,0
1517514000,200.050,200.050,200.050,200.050,13593,602889
1517514060,200.130,200.130,200.130,200.130,0,0
1517514120,200.070,200.060,200.050,200.190,0,0
1517514180,199.980,199.910,199.870,199.980,0,0
1517514300,199.990,200.090,199.970,200.090,8173,616482
1517514360,200.110,200.000,200.000,200.110,0,0
1517514420,200.020,200.020,200.020,200.020,0,0
1517514540,200.150,200.170,200.150,200.170,0,0
1517514600,200.240,200.250,200.240,200.250,8496,624655
1517514660,200.200,200.200,200.200,200.200,0,0
1517514720,200.250,200.250,200.250,200.250,0,0
1517514780,200.270,200.500,200.270,200.500,0,0
1517514840,200.320,200.320,200.320,200.320,0,0
1517514900,200.380,200.380,200.380,200.380,6973,633151
1517514960,200.440,200.580,200.440,200.580,0,0
1517515020,200.570,200.650,200.570,200.660,0,0
1517515080,200.590,200.590,200.590,200.590,0,0
1517515140,200.620,200.590,200.590,200.620,0,0
1517515200,200.580,200.630,200.580,200.630,9303,640124
1517515260,200.600,200.490,200.490,200.640,0,0
1517515320,200.470,200.480,200.470,200.480,0,0
1517515380,200.560,200.470,200.470,200.570,0,0
1517515440,200.380,200.230,200.230,200.380,0,0
1517515500,200.230,200.220,200.220,200.230,8055,649427
1517515560,200.140,200.140,200.140,200.140,0,0
1517515620,200.200,200.200,200.200,200.200,0,0
1517515680,200.190,200.160,200.130,200.190,0,0
1517515740,200.240,200.210,200.210,200.240,0,0
1517515800,200.260,200.270,200.260,200.270,30417,657482
1517515860,200.200,200.130,200.130,200.200,0,0
1517515920,200.040,200.090,200.040,200.090,0,0
1517515980,200.060,200.050,200.050,200.060,0,0
1517516040,199.390,199.700,199.390,199.700,0,0
1517516100,199.570,199.660,199.530,199.660,32318,687899
1517516160,199.750,199.880,199.750,199.880,0,0
1517516220,199.990,200.040,199.990,200.040,0,0
1517516280,199.950,199.980,199.950,199.980,0,0
1517516340,200.000,199.980,199.940,200.000,0,0
1517516400,199.980,199.980,199.980,199.980,11653,720217
1517516460,200.050,200.000,200.000,200.050,0,0
1517516520,200.000,199.970,199.970,200.000,0,0
1517516580,200.000,200.010,200.000,200.010,0,0
1517516640,199.960,199.960,199.960,199.960,0,0
1517516700,199.910,199.830,199.830,199.910,19683,731870
1517516760,199.910,199.910,199.910,199.910,0,0
1517516820,199.870,199.740,199.740,199.870,0,0
1517516880,199.690,199.600,199.600,199.690,0,0
1517516940,199.500,199.260,199.260,199.500,0,0
1517517000,199.150,198.910,198.910,199.150,47294,751553
1517517060,198.740,199.020,198.740,199.060,0,0
1517517120,198.890,198.890,198.890,198.890,0,0
1517517180,198.680,198.680,198.680,198.680,0,0
1517517240,198.720,198.530,198.530,198.770,0,0
1517517300,198.570,198.550,198.500,198.620,18394,798847
1517517360,198.590,198.570,198.560,198.590,0,0
1517517420,198.540,198.680,198.540,198.710,0,0
1517517480,198.690,198.640,198.610,198.690,0,0
1517517540,198.710,198.790,198.710,198.790,0,0
1517517600,198.700,198.470,198.470,198.700,15257,817241
1517517660,198.340,198.420,198.340,198.420,0,0
1517517720,198.560,198.640,198.560,198.650,0,0
1517517780,198.640,198.640,198.640,198.640,0,0
1517517840,198.580,198.360,198.360,198.590,0,0
1517517900,198.770,198.800,198.770,198.800,17297,832498
1517517960,198.770,198.800,198.770,198.800,0,0
1517518020,198.880,198.930,198.880,198.930,0,0
1517518080,199.010,199.040,198.990,199.050,0,0
1517518140,198.920,198.960,198.920,198.960,0,0
1517518200,199.020,199.090,199.020,199.090,28828,849795
1517518260,199.160,199.170,199.160,199.230,0,0
1517518320,199.170,199.230,199.170,199.240,0,0
1517518380,199.220,198.990,198.990,199.220,0,0
1517518440,199.160,199.160,199.160,199.160,0,0
1517518500,199.220,199.160,199.120,199.220,59632,878623
1517518560,199.200,199.100,199.100,199.200,0,0
1517518620,199.110,199.250,199.110,199.280,0,0
1517518680,199.260,199.180,199.180,199.340,0,0
1517518740,199.060,199.190,199.000,199.190,0,0
1517581800,197.090,197.090,197.090,197.090,16286,0
1517581860,197.090,197.090,197.090,197.090,0,0
1517581920,197.380,196.650,196.650,197.380,0,0
1517581980,196.320,196.510,196.080,196.580,0,0
1517582040,196.270,196.270,196.270,196.270,0,0
1517582100,196.460,196.130,196.130,196.460,3773,16286
1517582160,196.330,196.500,196.330,196.500,0,0
1517582220,196.450,196.450,196.450,196.450,0,0
1517582280,196.700,196.220,196.220,196.700,0,0
1517582340,196.220,196.220,196.220,196.220,0,0
1517582400,196.470,196.470,196.470,196.470,9906,20059
1517582460,196.330,196.790,196.330,196.790,0,0
1517582520,196.780,196.720,196.710,196.780,0,0
1517582580,196.740,196.810,196.740,196.970,0,0
1517582640,196.810,196.830,196.810,196.970,0,0
1517582700,196.790,196.780,196.780,196.790,8332,29965
1517582760,196.920,196.920,196.920,196.920,0,0
1517582820,196.890,196.900,196.890,196.900,0,0
1517582880,196.840,196.970,196.840,196.970,0,0
1517582940,197.130,197.130,197.130,197.130,0,0
1517583000,196.990,196.990,196.990,196.990,9085,38297
1517583120,197.160,197.130,197.120,197.330,0,0
1517583180,197.180,197.180,197.180,197.180,0,0
1517583240,197.120,196.730,196.730,197.120,0,0
1517583300,196.820,196.820,196.820,196.820,13536,47382
1517583360,196.820,196.820,196.820,196.820,0,0
1517583420,197.010,196.900,196.900,197.010,0,0
1517583540,196.910,196.900,196.780,196.910,0,0
1517583600,196.900,196.930,196.900,196.940,21680,60918
1517583660,196.780,196.670,196.670,196.890,0,0
1517583720,196.850,196.850,196.850,196.850,0,0
1517583780,196.470,196.230,196.130,196.470,0,0
1517583840,196.150,196.080,196.080,196.240,0,0
1517583900,196.090,196.040,195.820,196.090,28526,82598
1517583960,196.210,196.170,196.170,196.310,0,0
1517584020,196.200,196.430,196.200,196.540,0,0
1517584080,196.520,196.240,196.240,196.670,0,0
1517584140,195.710,196.050,195.710,196.050,0,0
1517584200,196.100,195.860,195.860,196.290,11490,111124
1517584260,196.100,195.860,195.860,196.290,0,0
1517584320,195.910,196.490,195.910,196.490,0,0
1517584380,196.320,196.160,196.160,196.320,0,0
1517584440,196.350,196.550,196.350,196.550,0,0
1517584500,196.340,196.300,196.300,196.350,2794,122614
1517584620,196.340,196.300,196.300,196.350,0,0
1517584680,196.250,196.170,196.170,196.250,0,0
1517584740,196.240,196.240,196.240,196.240,0,0
1517584800,196.160,196.010,196.010,196.160,13978,125408
1517584860,195.940,196.140,195.940,196.140,0,0
1517584980,196.030,196.060,196.030,196.060,0,0
1517585040,195.970,196.130,195.970,196.180,0,0
1517585100,196.090,196.250,195.930,196.250,10615,139386
1517585160,196.030,196.050,196.030,196.050,0,0
1517585220,196.140,196.040,196.040,196.140,0,0
1517585340,196.130,196.030,196.030,196.130,0,0
1517585400,196.080,196.040,196.040,196.080,23803,150001
1517585460,196.120,196.260,196.120,196.260,0,0
1517585520,196.090,196.090,196.090,196.090,0,0
1517585580,196.090,196.220,196.090,196.220,0,0
1517585640,196.340,196.620,196.240,196.620,0,0
1517585700,196.680,196.680,196.680,196.680,6898,173804
1517585760,196.700,197.060,196.700,197.060,0,0
1517585820,197.250,197.060,197.060,197.250,0,0
1517585880,197.220,197.150,197.150,197.220,0,0
1517585940,197.020,197.020,197.020,197.020,0,0
1517586000,196.990,196.850,196.850,197.170,9591,180702
1517586060,197.000,196.930,196.930,197.010,0,0
1517586120,197.140,197.040,197.040,197.140,0,0
1517586180,196.770,196.770,196.770,196.770,0,0
1517586240,196.830,196.770,196.770,196.830,0,0
1517586300,196.590,196.520,196.520,196.590,59401,190293
1517586360,196.510,196.660,196.510,196.660,0,0
1517586420,196.730,196.730,196.730,196.730,0,0
1517586480,196.900,196.920,196.850,196.970,0,0
1517586540,196.900,197.010,196.900,197.060,0,0
1517586600,197.000,197.120,197.000,197.240,11856,249694
1517586660,197.360,197.250,197.220,197.360,0,0
1517586720,197.410,197.410,197.410,197.410,0,0
1517586780,197.180,197.460,197.180,197.470,0,0
1517586900,197.170,197.170,197.170,197.170,9340,261550
1517586960,197.310,197.250,197.250,197.310,0,0
1517587020,197.230,197.050,197.050,197.230,0,0
1517587080,197.060,197.250,197.060,197.250,0,0
1517587140,197.020,196.960,196.930,197.020,0,0
1517587200,196.690,196.690,196.690,196.690,5790,270890
1517587260,196.670,196.670,196.670,196.670,0,0
1517587320,196.880,196.840,196.840,196.940,0,0
1517587440,196.830,196.810,196.810,196.830,0,0
1517587500,196.950,196.810,196.810,196.950,2433,276680
1517587620,196.790,196.790,196.790,196.790,0,0
1517587680,196.790,196.520,196.520,196.790,0,0
1517587740,196.700,196.630,196.630,196.700,0,0
1517587800,196.620,196.590,196.590,196.620,5270,279113
1517587860,196.610,196.470,196.470,196.610,0,0
1517587920,196.530,196.530,196.530,196.530,0,0
1517587980,196.600,196.640,196.560,196.640,0,0
1517588040,196.450,196.450,196.450,196.450,0,0
1517588100,196.470,196.470,196.470,196.470,8651,284383
1517588160,196.360,196.340,196.270,196.370,0,0
1517588220,196.280,196.090,196.090,196.280,0,0
1517588280,196.070,196.060,196.060,196.140,0,0
1517588340,195.870,195.840,195.840,195.870,0,0
1517588400,195.790,195.790,195.790,195.790,4725,293034
1517588460,195.810,195.810,195.810,195.810,0,0
1517588520,195.830,195.830,195.830,195.830,0,0
1517588580,195.800,195.760,195.760,195.800,0,0
1517588640,195.810,195.680,195.680,195.810,0,0
1517588700,195.580,195.580,195.580,195.580,8986,297759
1517588760,195.640,195.660,195.640,195.830,0,0
1517588820,195.590,195.620,195.590,195.630,0,0
1517588880,195.710,195.600,195.600,195.760,0,0
1517588940,195.600,195.600,195.600,195.600,0,0
1517589000,195.610,195.740,195.610,195.800,27468,306745
1517589060,195.800,195.580,195.580,195.800,0,0
1517589120,195.570,195.410,195.410,195.570,0,0
1517589180,195.530,195.330,195.330,195.530,0,0
1517589240,195.300,195.300,195.300,195.300,0,0
1517589300,195.440,195.440,195.440,195.440,20925,334213
1517589360,195.280,195.190,195.190,195.280,0,0
1517589420,195.250,195.030,195.010,195.250,0,0
1517589480,195.000,194.680,194.680,195.000,0,0
1517589540,194.700,194.400,194.380,194.830,0,0
1517589600,194.380,194.440,194.350,194.500,32493,355138
1517589660,194.610,194.380,194.340,194.650,0,0
1517589720,194.230,194.440,194.230,194.440,0,0
1517589780,194.510,194.620,194.320,194.620,0,0
1517589840,194.350,194.350,194.350,194.350,0,0
1517589900,194.510,194.500,194.500,194.650,12944,387631
1517589960,194.520,194.420,194.420,194.520,0,0
1517590020,194.380,194.460,194.380,194.520,0,0
1517590080,194.530,194.530,194.530,194.530,0,0
1517590140,194.360,194.410,194.360,194.410,0,0
1517590200,194.410,194.420,194.410,194.530,14727,400575
1517590260,194.400,194.340,194.340,194.400,0,0
1517590380,194.380,194.400,194.380,194.460,0,0
1517590440,194.280,194.400,194.280,194.400,0,0
1517590500,194.340,194.340,194.340,194.340,8829,415302
1517590560,194.300,194.110,194.110,194.300,0,0
1517590620,194.070,194.150,194.050,194.150,0,0
1517590680,194.120,194.120,194.120,194.120,0,0
1517590740,194.000,193.850,193.850,194.000,0,0
1517590800,193.890,193.890,193.890,193.890,19632,424131
1517590860,193.780,193.810,193.780,193.970,0,0
1517590920,193.120,193.840,193.120,193.840,0,0
1517590980,193.870,193.640,193.640,193.940,0,0
1517591040,193.670,193.570,193.520,193.670,0,0
1517591100,193.810,193.810,193.810,193.810,10034,443763
1517591220,193.830,193.870,193.830,193.870,0,0
1517591280,193.650,193.650,193.650,193.650,0,0
1517591340,193.810,193.700,193.640,193.810,0,0
1517591400,193.660,193.660,193.660,193.660,8149,453797
1517591520,193.660,193.780,193.640,193.780,0,0
1517591580,193.820,193.840,193.820,193.860,0,0
1517591640,193.870,193.920,193.870,193.920,0,0
1517591700,193.920,194.020,193.920,194.020,6456,461946
1517591760,194.040,193.960,193.960,194.040,0,0
1517591820,194.070,194.060,194.060,194.070,0,0
1517591880,194.020,194.020,194.020,194.020,0,0
1517591940,194.060,194.010,194.010,194.060,0,0
1517592000,193.980,193.980,193.980,193.980,13198,468402
1517592060,193.970,194.020,193.970,194.020,0,0
1517592120,193.970,193.970,193.970,193.970,0,0
1517592180,193.960,194.090,193.920,194.090,0,0
1517592240,194.100,194.180,194.010,194.180,0,0
1517592300,194.040,194.050,194.020,194.050,14133,481600
1517592360,194.120,194.100,194.100,194.120,0,0
1517592420,194.040,194.090,194.040,194.090,0,0
1517592480,194.220,194.250,194.220,194.250,0,0
1517592540,194.260,194.540,194.260,194.540,0,0
1517592600,194.430,194.490,194.350,194.490,6456,495733
1517592660,194.470,194.470,194.470,194.470,0,0
1517592720,194.400,194.370,194.360,194.400,0,0
1517592780,194.400,194.460,194.400,194.460,0,0
1517592840,194.400,194.470,194.400,194.470,0,0
1517592900,194.480,194.470,194.420,194.480,6552,502189
1517592960,194.520,194.560,194.520,194.630,0,0
1517593020,194.590,194.600,194.590,194.600,0,0
1517593080,194.620,194.740,194.620,194.740,0,0
1517593140,194.630,194.600,194.600,194.630,0,0
1517593200,194.670,194.640,194.640,194.670,5348,508741
1517593320,194.650,195.050,194.650,195.050,0,0
1517593380,195.030,194.910,194.910,195.030,0,0
1517593440,194.990,194.990,194.990,194.990,0,0
1517593500,194.970,194.970,194.970,194.970,6342,514089
1517593560,194.810,194.650,194.640,194.810,0,0
1517593620,194.650,194.650,194.650,194.650,0,0
1517593680,194.630,194.660,194.630,194.660,0,0
1517593740,194.720,194.720,194.720,194.720,0,0
1517593800,194.590,194.630,194.570,194.630,5098,520431
1517593920,194.550,194.600,194.550,194.600,0,0
1517593980,194.630,194.640,194.630,194.640,0,0
1517594040,194.650,194.590,194.590,194.650,0,0
1517594100,194.630,194.590,194.590,194.630,7928,525529
1517594160,194.640,194.640,194.640,194.640,0,0
1517594220,194.690,194.690,194.690,194.690,0,0
1517594280,194.630,194.630,194.630,194.630,0,0
1517594340,194.590,194.370,194.370,194.590,0,0
1517594400,194.290,194.290,194.290,194.290,9744,533457
1517594460,194.360,194.360,194.360,194.360,0,0
1517594520,194.310,194.080,194.080,194.310,0,0
1517594580,194.110,194.280,194.090,194.280,0,0
1517594640,194.270,194.270,194.270,194.270,0,0
1517594700,194.100,194.080,193.960,194.100,6069,543201
1517594760,194.060,194.070,194.060,194.130,0,0
1517594820,194.080,194.010,194.000,194.080,0,0
1517594880,193.980,193.980,193.980,193.980,0,0
1517595000,193.850,193.930,193.850,193.930,74677,549270
1517595060,193.990,194.000,193.990,194.000,0,0
1517595120,193.910,194.100,193.910,194.100,0,0
1517595180,194.150,194.060,194.060,194.150,0,0
1517595240,194.130,193.920,193.920,194.130,0,0
1517595300,194.140,194.140,194.140,194.140,2232,623947
1517595420,193.970,193.970,193.970,193.970,0,0
1517595480,193.970,193.910,193.910,193.970,0,0
1517595600,193.730,193.810,193.710,193.810,8241,626179
1517595660,193.730,193.810,193.710,193.810,0,0
1517595720,193.780,193.900,193.780,194.030,0,0
1517595780,193.890,194.040,193.890,194.040,0,0
1517595840,193.900,193.900,193.900,193.900,0,0
1517595900,193.780,193.760,193.760,193.840,26788,634420
1517595960,193.860,193.860,193.860,193.860,0,0
1517596020,193.810,193.810,193.810,193.810,0,0
1517596080,194.000,193.980,193.980,194.190,0,0
1517596140,194.150,194.360,194.150,194.360,0,0
1517596200,194.380,194.500,194.380,194.650,13637,661208
1517596260,194.500,194.320,194.320,194.500,0,0
1517596380,194.610,194.610,194.610,194.610,0,0
1517596440,194.460,194.460,194.460,194.460,0,0
1517596500,194.490,194.470,194.470,194.490,6663,674845
1517596560,194.340,194.380,194.340,194.380,0,0
1517596680,194.440,194.410,194.410,194.440,0,0
1517596740,194.410,194.280,194.280,194.410,0,0
1517596800,194.240,194.240,194.240,194.240,3420,681508
1517596860,194.240,194.220,194.220,194.240,0,0
1517596920,194.250,194.250,194.250,194.250,0,0
1517596980,194.180,194.100,194.100,194.180,0,0
1517597100,194.180,194.050,194.050,194.180,3841,684928
1517597160,194.180,194.050,194.050,194.180,0,0
1517597220,194.060,194.060,194.060,194.060,0,0
1517597280,194.220,194.210,194.210,194.220,0,0
1517597340,194.220,194.220,194.220,194.220,0,0
1517597400,194.210,194.280,194.210,194.330,19631,688769
1517597460,194.240,194.320,194.240,194.410,0,0
1517597520,194.320,194.250,194.250,194.320,0,0
1517597580,194.310,194.300,194.300,194.450,0,0
1517597640,194.270,194.320,194.270,194.320,0,0
1517597700,194.290,194.290,194.290,194.290,5350,708400
1517597760,194.290,194.290,194.290,194.290,0,0
1517597820,194.270,194.250,194.180,194.270,0,0
1517597880,194.380,194.380,194.380,194.380,0,0
1517597940,194.390,194.430,194.390,194.430,0,0
1517598000,194.220,194.220,194.220,194.220,4837,713750
1517598060,194.250,194.250,194.250,194.250,0,0
1517598120,194.250,194.200,194.200,194.250,0,0
1517598180,194.180,194.310,194.180,194.310,0,0
1517598300,194.430,194.320,194.320,194.430,7309,718587
1517598360,194.420,194.560,194.420,194.560,0,0
1517598420,194.610,194.610,194.610,194.610,0,0
1517598480,194.490,194.510,194.490,194.510,0,0
1517598540,194.370,194.320,194.320,194.370,0,0
1517598600,194.220,194.220,194.220,194.220,10527,725896
1517598660,194.220,194.320,194.220,194.320,0,0
1517598720,194.220,194.470,194.220,194.470,0,0
1517598780,194.400,194.480,194.400,194.480,0,0
1517598840,194.350,194.350,194.350,194.350,0,0
1517598900,194.420,194.420,194.420,194.420,24744,736423
1517598960,194.390,194.280,194.250,194.390,0,0
1517599020,194.280,194.330,194.280,194.330,0,0
1517599080,194.280,194.240,194.190,194.280,0,0
1517599140,194.120,194.060,193.930,194.120,0,0
1517599200,194.160,194.200,194.160,194.200,10056,761167
1517599260,194.230,194.270,194.230,194.270,0,0
1517599320,194.200,194.010,194.010,194.200,0,0
1517599380,194.050,194.040,194.040,194.050,0,0
1517599440,194.040,194.040,194.040,194.040,0,0
1517599500,194.090,193.890,193.890,194.090,19376,771223
1517599560,193.940,193.990,193.940,194.070,0,0
1517599620,193.990,194.080,193.990,194.080,0,0
1517599680,194.000,194.160,193.960,194.160,0,0
1517599740,194.000,194.000,194.000,194.000,0,0
1517599800,193.930,194.190,193.930,194.200,9827,790599
1517599860,194.160,194.130,193.960,194.160,0,0
1517599920,194.220,194.260,194.220,194.260,0,0
1517599980,194.340,194.340,194.340,194.340,0,0
1517600040,194.400,194.400,194.400,194.400,0,0
1517600100,194.320,194.300,194.300,194.320,11034,800426
1517600160,194.460,194.420,194.420,194.460,0,0
1517600220,194.380,194.380,194.380,194.380,0,0
1517600280,194.450,194.370,194.370,194.450,0,0
1517600340,194.460,194.350,194.350,194.460,0,0
1517600400,194.350,194.460,194.350,194.460,3688,811460
1517600460,194.500,194.500,194.500,194.500,0,0
1517600520,194.540,194.450,194.450,194.540,0,0
1517600640,194.510,194.510,194.510,194.510,0,0
1517600700,194.450,194.450,194.450,194.450,19409,815148
1517600760,194.490,194.490,194.490,194.490,0,0
1517600820,194.470,194.440,194.440,194.470,0,0
1517600880,194.350,194.410,194.350,194.430,0,0
1517600940,194.390,194.790,194.390,194.830,0,0
1517601000,194.660,194.690,194.660,194.690,8754,834557
1517601060,194.680,194.630,194.620,194.680,0,0
1517601120,194.620,194.700,194.620,194.730,0,0
1517601180,194.580,194.650,194.580,194.650,0,0
1517601240,194.720,194.850,194.720,194.850,0,0
1517601300,194.800,194.800,194.800,194.800,4414,843311
1517601360,194.660,194.620,194.620,194.660,0,0
1517601420,194.580,194.480,194.480,194.580,0,0
1517601480,194.470,194.390,194.390,194.470,0,0
1517601540,194.290,194.290,194.290,194.290,0,0
1517601600,194.280,194.250,194.250,194.280,6638,847725
1517601660,194.280,194.250,194.250,194.280,0,0
1517601720,194.300,194.270,194.270,194.300,0,0
1517601780,194.050,194.050,194.050,194.050,0,0
1517601840,194.090,194.190,194.090,194.190,0,0
1517601900,193.960,193.960,193.960,193.960,6425,854363
1517601960,194.020,194.070,194.020,194.100,0,0
1517602020,193.950,193.950,193.950,193.950,0,0
1517602080,194.110,194.040,194.040,194.110,0,0
1517602140,194.060,194.120,194.060,194.120,0,0
1517602200,194.060,194.120,194.060,194.120,9875,860788
1517602260,194.140,194.170,194.140,194.190,0,0
1517602320,194.440,194.500,194.390,194.500,0,0
1517602380,194.500,194.500,194.500,194.500,0,0
1517602440,194.520,194.500,194.480,194.520,0,0
1517602500,194.430,194.640,194.430,194.640,7769,870663
1517602560,194.650,194.840,194.650,194.840,0,0
1517602620,194.830,194.780,194.780,194.830,0,0
1517602680,194.830,194.830,194.830,194.830,0,0
1517602740,194.850,194.660,194.660,194.850,0,0
1517602800,194.630,194.720,194.620,194.720,5682,878432
1517602860,194.820,194.820,194.820,194.820,0,0
1517602920,194.870,194.770,194.770,194.870,0,0
1517602980,194.820,194.800,194.800,194.820,0,0
1517603040,194.930,195.020,194.920,195.020,0,0
1517603100,195.090,194.980,194.980,195.090,13040,884114
1517603160,194.900,194.960,194.900,194.960,0,0
1517603220,194.920,194.920,194.920,194.920,0,0
1517603280,195.010,194.950,194.920,195.040,0,0
1517603340,194.950,194.910,194.910,194.950,0,0
1517603400,194.760,194.830,194.730,194.830,11222,897154
1517603460,194.740,194.580,194.580,194.740,0,0
1517603520,194.570,194.840,194.530,194.840,0,0
1517603580,194.800,194.840,194.800,194.920,0,0
1517603640,194.860,195.000,194.860,195.000,0,0
1517603700,195.010,194.940,194.940,195.010,9662,908376
1517603760,194.920,194.910,194.910,194.990,0,0
1517603820,194.970,195.040,194.970,195.040,0,0
1517603880,195.070,195.250,195.040,195.250,0,0
1517603940,195.290,195.290,195.290,195.290,0,0
1517604000,195.090,194.800,194.770,195.090,11834,918038
1517604060,194.650,194.660,194.650,194.660,0,0
1517604120,194.660,194.700,194.660,194.700,0,0
1517604180,194.660,194.660,194.660,194.660,0,0
1517604240,194.700,194.720,194.550,194.720,0,0
1517604300,194.500,194.370,194.370,194.600,26742,929872
1517604360,194.400,194.520,194.400,194.560,0,0
1517604420,194.510,194.480,194.480,194.560,0,0
1517604480,194.370,194.350,194.350,194.490,0,0
1517604540,194.340,194.320,194.260,194.410,0,0
1517604600,194.410,194.260,194.260,194.410,32213,956614
1517604660,194.350,194.270,194.270,194.350,0,0
1517604720,194.370,194.500,194.330,194.500,0,0
1517604780,194.560,194.690,194.560,194.710,0,0
1517604840,194.730,194.540,194.540,194.770,0,0
1517604900,194.490,194.290,194.290,194.490,160377,988827
1517604960,194.320,194.120,194.120,194.320,0,0
1517605020,194.090,194.100,194.050,194.190,0,0
1517605080,194.010,194.140,194.010,194.140,0,0
1517605140,194.120,194.020,194.020,194.200,0,0
1517841000,192.770,192.770,192.770,192.770,19689,0
1517841060,192.770,192.770,192.770,192.770,0,0
1517841240,192.970,192.970,192.970,192.970,0,0
1517841300,192.970,193.570,192.970,193.570,34772,19689
1517841360,194.020,193.000,192.970,194.020,0,0
1517841420,193.400,193.720,193.400,193.750,0,0
1517841480,193.490,193.490,193.490,193.490,0,0
1517841540,193.510,193.090,193.090,193.800,0,0
1517841600,193.100,193.300,193.100,193.380,7217,54461
1517841660,193.570,193.570,193.570,193.570,0,0
1517841720,193.510,193.520,193.320,193.520,0,0
1517841780,193.870,193.560,193.560,193.870,0,0
1517841840,193.120,193.400,193.120,193.700,0,0
1517841900,193.700,193.660,193.400,193.700,8299,61678
1517841960,193.660,193.300,193.300,193.660,0,0
1517842020,193.340,193.050,193.040,193.340,0,0
1517842080,193.040,192.780,192.780,193.040,0,0
1517842140,192.930,192.940,192.900,192.940,0,0
1517842200,192.990,192.760,192.760,193.090,5400,69977
1517842260,192.780,192.870,192.780,193.030,0,0
1517842320,193.270,193.370,192.980,193.370,0,0
1517842380,192.970,192.970,192.970,192.970,0,0
1517842440,193.090,193.050,193.050,193.250,0,0
1517842500,193.390,193.220,193.220,193.390,6814,75377
1517842560,193.340,193.350,193.340,193.480,0,0
1517842620,193.610,193.390,193.190,193.610,0,0
1517842680,193.260,193.400,193.260,193.400,0,0
1517842740,193.430,193.250,193.250,193.430,0,0
1517842800,193.140,193.160,193.140,193.160,14990,82191
1517842860,193.050,192.780,192.780,193.050,0,0
1517842920,192.820,193.050,192.820,193.050,0,0
1517842980,193.080,193.120,193.080,193.280,0,0
1517843040,193.020,193.020,193.020,193.020,0,0
1517843100,192.990,193.210,192.990,193.210,10811,97181
1517843160,193.030,192.970,192.970,193.160,0,0
1517843220,193.160,193.050,193.050,193.160,0,0
1517843280,193.120,193.300,193.120,193.300,0,0
1517843340,193.100,193.330,193.100,193.330,0,0
1517843400,193.400,193.290,193.290,193.410,8038,107992
1517843460,193.300,193.480,193.300,193.480,0,0
1517843520,193.380,193.500,193.380,193.500,0,0
1517843580,193.610,193.510,193.510,193.610,0,0
1517843640,193.820,193.960,193.730,193.960,0,0
1517843700,193.930,194.030,193.930,194.030,6787,116030
1517843760,193.940,193.560,193.560,193.940,0,0
1517843820,193.480,193.470,193.470,193.480,0,0
1517843880,193.450,193.660,193.450,193.660,0,0
1517843940,193.750,193.750,193.750,193.750,0,0
1517844000,193.670,193.900,193.670,193.900,8086,122817
1517844060,193.760,193.980,193.760,193.980,0,0
1517844120,194.190,194.190,194.190,194.190,0,0
1517844180,194.150,194.210,194.150,194.240,0,0
1517844240,194.200,194.120,194.110,194.200,0,0
1517844300,194.390,194.390,194.390,194.390,6240,130903
1517844420,194.480,194.340,194.340,194.480,0,0
1517844480,194.170,194.170,194.170,194.170,0,0
1517844540,194.290,194.160,194.160,194.290,0,0
1517844600,194.160,194.160,194.160,194.160,14836,137143
1517844660,194.090,193.980,193.980,194.130,0,0
1517844720,193.940,193.960,193.940,194.090,0,0
1517844780,193.920,193.900,193.800,193.920,0,0
1517844840,193.740,193.740,193.740,193.740,0,0
1517844900,193.660,193.660,193.660,193.660,7723,151979
1517844960,193.730,193.660,193.660,193.730,0,0
1517845020,193.610,193.660,193.610,193.660,0,0
1517845080,193.700,193.450,193.450,193.700,0,0
1517845140,193.550,193.740,193.490,193.740,0,0
1517845200,193.780,193.930,193.780,193.930,8048,159702
1517845260,193.780,193.930,193.780,193.930,0,0
1517845320,193.790,193.660,193.570,193.790,0,0
1517845440,193.720,193.990,193.720,193.990,0,0
1517845500,194.130,194.130,194.130,194.130,3760,167750
1517845560,194.130,194.130,194.130,194.130,0,0
1517845620,194.330,194.330,194.330,194.330,0,0
1517845680,194.200,194.210,194.200,194.210,0,0
1517845740,194.210,194.140,194.140,194.210,0,0
1517845800,194.140,194.030,194.000,194.140,9467,171510
1517845920,194.150,194.150,194.150,194.150,0,0
1517845980,194.040,193.870,193.870,194.040,0,0
1517846040,193.890,193.850,193.850,193.890,0,0
1517846100,193.710,193.720,193.610,193.720,12957,180977
1517846160,193.860,193.860,193.860,193.860,0,0
1517846220,194.110,194.110,194.110,194.110,0,0
1517846280,194.120,193.990,193.990,194.120,0,0
1517846340,193.990,193.880,193.830,193.990,0,0
1517846400,194.040,193.980,193.980,194.040,5434,193934
1517846460,193.970,193.730,193.730,193.970,0,0
1517846520,193.610,193.610,193.610,193.610,0,0
1517846580,193.590,193.520,193.520,193.590,0,0
1517846640,193.320,193.460,193.320,193.460,0,0
1517846700,193.460,193.540,193.360,193.540,3272,199368
1517846820,193.410,193.240,193.240,193.410,0,0
1517846880,193.280,193.280,193.280,193.280,0,0
1517847000,193.360,193.210,193.210,193.360,7519,202640
1517847060,193.190,193.190,193.190,193.190,0,0
1517847180,193.230,193.170,193.170,193.230,0,0
1517847240,193.230,193.220,193.220,193.230,0,0
1517847300,193.150,193.020,193.020,193.150,11859,210159
1517847360,193.190,193.660,193.190,193.660,0,0
1517847420,193.660,193.650,193.650,193.660,0,0
1517847480,193.330,193.650,193.330,193.660,0,0
1517847600,193.560,193.470,193.470,193.560,8323,222018
1517847660,193.470,193.140,193.140,193.470,0,0
1517847720,193.070,193.410,193.070,193.410,0,0
1517847780,193.120,193.120,193.120,193.120,0,0
1517847840,193.400,193.260,193.260,193.400,0,0
1517847900,193.290,193.410,193.290,193.410,7295,230341
1517847960,193.140,193.140,193.140,193.140,0,0
1517848020,193.440,193.460,193.440,193.460,0,0
1517848080,193.320,193.210,193.210,193.320,0,0
1517848140,193.060,193.190,193.060,193.220,0,0
1517848200,193.290,193.330,193.080,193.330,9370,237636
1517848260,193.050,193.190,193.050,193.190,0,0
1517848320,193.190,193.250,193.190,193.250,0,0
1517848380,193.240,193.240,193.240,193.240,0,0
1517848440,193.200,193.200,193.200,193.200,0,0
1517848500,193.100,192.750,192.750,193.100,15980,247006
1517848560,192.850,192.960,192.810,192.960,0,0
1517848620,193.060,193.010,193.010,193.060,0,0
1517848680,192.690,192.680,192.680,192.690,0,0
1517848740,192.600,192.570,192.570,192.660,0,0
1517848800,192.600,192.510,192.510,192.680,19520,262986
1517848860,192.560,192.610,192.410,192.610,0,0
1517848920,192.510,192.560,192.510,192.600,0,0
1517848980,192.790,192.600,192.560,192.790,0,0
1517849040,192.470,192.600,192.470,192.790,0,0
1517849100,192.620,192.590,192.590,192.780,10522,282506
1517849160,192.590,192.680,192.590,192.770,0,0
1517849220,192.750,192.590,192.590,192.750,0,0
1517849280,192.570,192.720,192.570,192.740,0,0
1517849340,192.560,192.730,192.520,192.750,0,0
1517849400,192.740,192.680,192.680,192.740,10304,293028
1517849460,192.620,192.650,192.620,192.650,0,0
1517849520,192.610,192.650,192.590,192.690,0,0
1517849580,192.590,192.680,192.590,192.680,0,0
1517849640,192.590,192.590,192.590,192.590,0,0
1517849700,192.670,192.720,192.600,192.720,9767,303332
1517849760,192.660,192.770,192.660,192.770,0,0
1517849820,192.650,192.610,192.590,192.650,0,0
1517849880,192.760,192.750,192.750,192.760,0,0
1517849940,192.610,192.770,192.590,192.770,0,0
1517850000,192.820,192.790,192.790,192.820,11826,313099
1517850060,192.700,192.640,192.640,192.820,0,0
1517850120,192.660,192.730,192.660,192.730,0,0
1517850180,192.770,192.770,192.770,192.770,0,0
1517850240,192.990,192.950,192.950,192.990,0,0
1517850300,192.900,192.980,192.900,192.980,12551,324925
1517850360,192.900,192.900,192.900,192.900,0,0
1517850420,192.710,192.380,192.380,192.730,0,0
1517850480,192.620,192.550,192.550,192.620,0,0
1517850540,192.600,192.620,192.530,192.620,0,0
1517850600,192.560,192.530,192.510,192.560,3429,337476
1517850660,192.560,192.530,192.510,192.560,0,0
1517850720,192.620,192.530,192.530,192.620,0,0
1517850840,192.550,192.530,192.530,192.550,0,0
1517850900,192.530,192.610,192.360,192.610,11488,340905
1517850960,192.690,192.600,192.600,192.690,0,0
1517851020,192.510,192.340,192.340,192.600,0,0
1517851080,192.340,192.770,192.340,192.770,0,0
1517851200,192.490,192.650,192.490,192.650,6132,352393
1517851260,192.490,192.590,192.490,192.590,0,0
1517851320,192.380,192.020,192.020,192.380,0,0
1517851380,192.140,192.090,192.090,192.140,0,0
1517851440,192.310,192.330,192.240,192.330,0,0
1517851500,192.520,192.440,192.340,192.520,7600,358525
1517851560,192.520,192.440,192.340,192.520,0,0
1517851620,192.480,192.390,192.390,192.480,0,0
1517851680,192.240,192.180,192.180,192.240,0,0
1517851740,192.170,192.160,192.160,192.170,0,0
1517851800,192.310,192.300,192.300,192.310,5219,366125
1517851860,192.350,192.420,192.350,192.420,0,0
1517851920,192.330,192.330,192.330,192.330,0,0
1517851980,192.200,192.220,192.040,192.220,0,0
1517852040,192.290,192.270,192.270,192.290,0,0
1517852100,192.060,192.070,192.060,192.150,3540,371344
1517852160,192.130,192.030,192.030,192.240,0,0
1517852220,192.150,192.150,192.150,192.150,0,0
1517852400,192.150,192.150,192.150,192.150,7765,374884
1517852460,192.140,192.140,192.140,192.140,0,0
1517852520,192.000,191.970,191.960,192.000,0,0
1517852640,192.110,192.220,192.110,192.220,0,0
1517852700,192.260,192.470,192.260,192.470,5883,382649
1517852820,192.360,192.050,192.050,192.360,0,0
1517852880,192.100,192.210,192.100,192.210,0,0
1517852940,192.340,192.370,192.340,192.370,0,0
1517853000,192.230,192.230,192.230,192.230,7126,388532
1517853120,192.230,192.230,192.230,192.230,0,0
1517853180,192.160,192.300,192.160,192.300,0,0
1517853240,192.180,192.340,192.180,192.340,0,0
1517853300,192.310,192.380,192.310,192.380,19359,395658
1517853360,192.330,192.280,192.280,192.330,0,0
1517853420,192.250,192.190,192.190,192.300,0,0
1517853480,192.250,192.030,192.030,192.250,0,0
1517853540,191.990,191.990,191.990,191.990,0,0
1517853600,191.740,191.580,191.580,191.740,13132,415017
1517853660,191.620,191.620,191.620,191.620,0,0
1517853720,191.550,191.170,191.170,191.550,0,0
1517853780,191.010,190.970,190.970,191.010,0,0
1517853840,190.880,190.960,190.880,190.960,0,0
1517853900,190.850,190.990,190.790,190.990,8207,428149
1517853960,191.140,190.940,190.940,191.140,0,0
1517854080,190.880,190.750,190.750,190.880,0,0
1517854140,190.720,190.690,190.690,190.720,0,0
1517854200,190.550,190.770,190.550,190.780,8845,436356
1517854260,190.770,190.720,190.720,190.770,0,0
1517854320,190.680,190.870,190.680,190.870,0,0
1517854380,190.880,190.910,190.880,190.910,0,0
1517854440,190.880,190.880,190.880,190.880,0,0
1517854500,190.510,190.440,190.440,190.630,12369,445201
1517854560,190.460,190.420,190.420,190.460,0,0
1517854620,190.430,190.280,190.280,190.430,0,0
1517854680,190.350,190.440,190.350,190.440,0,0
1517854800,190.130,190.410,190.130,190.410,10168,457570
1517854860,190.270,190.180,190.180,190.270,0,0
1517854920,190.330,190.220,190.220,190.330,0,0
1517854980,190.180,190.140,190.140,190.300,0,0
1517855040,190.180,190.320,190.180,190.420,0,0
1517855100,190.150,190.250,190.150,190.250,13237,467738
1517855160,190.130,190.040,190.040,190.130,0,0
1517855220,190.150,190.150,190.150,190.150,0,0
1517855280,190.100,190.000,189.500,190.100,0,0
1517855340,190.030,190.120,190.030,190.120,0,0
1517855400,190.230,190.490,190.230,190.500,8378,480975
1517855460,190.370,190.460,190.370,190.470,0,0
1517855520,190.520,190.540,190.400,190.540,0,0
1517855580,190.430,190.440,190.430,190.440,0,0
1517855640,190.360,190.340,190.300,190.360,0,0
1517855700,190.340,190.480,190.340,190.500,12894,489353
1517855760,190.430,190.410,190.410,190.510,0,0
1517855820,190.180,190.130,190.130,190.180,0,0
1517855880,190.170,190.190,190.090,190.410,0,0
1517855940,190.140,189.980,189.980,190.140,0,0
1517856000,189.970,190.080,189.970,190.080,8679,502247
1517856060,190.230,190.490,190.110,190.490,0,0
1517856180,190.290,190.290,190.290,190.290,0,0
1517856240,190.340,190.320,190.250,190.370,0,0
1517856300,190.290,190.300,190.290,190.300,12757,510926
1517856360,190.430,190.430,190.430,190.430,0,0
1517856420,190.410,190.530,190.310,190.530,0,0
1517856480,190.500,190.450,190.450,190.510,0,0
1517856540,190.430,190.430,190.430,190.430,0,0
1517856600,190.360,190.530,190.360,190.530,12614,523683
1517856660,190.470,190.610,190.470,190.610,0,0
1517856720,190.530,190.610,190.440,190.610,0,0
1517856840,190.860,190.850,190.850,190.970,0,0
1517856900,190.810,191.140,190.810,191.140,17377,536297
1517856960,191.200,191.320,191.030,191.320,0,0
1517857020,191.280,191.280,191.280,191.280,0,0
1517857080,191.450,191.390,191.390,191.450,0,0
1517857140,191.640,191.640,191.640,191.640,0,0
1517857200,191.840,191.910,191.840,191.910,31638,553674
1517857260,191.830,191.700,191.700,191.830,0,0
1517857320,191.500,191.590,191.500,191.590,0,0
1517857380,191.650,191.500,191.500,191.650,0,0
1517857440,191.490,191.500,191.400,191.530,0,0
1517857500,191.520,191.560,191.520,191.560,23565,585312
1517857560,191.560,191.570,191.560,191.630,0,0
1517857620,191.590,191.530,191.480,191.590,0,0
1517857680,191.510,191.510,191.510,191.510,0,0
1517857740,191.510,191.530,191.510,191.530,0,0
1517857800,191.590,191.720,191.530,191.720,6553,608877
1517857860,191.590,191.720,191.530,191.720,0,0
1517857920,191.770,191.710,191.710,191.770,0,0
1517857980,191.760,191.740,191.740,191.820,0,0
1517858040,191.680,191.680,191.680,191.680,0,0
1517858100,191.570,191.390,191.390,191.570,9685,615430
1517858280,191.160,190.970,190.950,191.160,0,0
1517858340,191.220,191.190,191.190,191.220,0,0
1517858400,191.090,191.180,191.030,191.180,11161,625115
1517858460,191.150,191.050,191.050,191.210,0,0
1517858520,191.010,190.820,190.820,191.010,0,0
1517858580,190.920,191.040,190.920,191.100,0,0
1517858640,191.050,190.500,190.500,191.060,0,0
1517858700,190.620,190.580,190.580,190.620,6454,636276
1517858760,190.470,190.640,190.470,190.640,0,0
1517858820,190.500,190.500,190.500,190.500,0,0
1517858940,190.470,190.510,190.470,190.510,0,0
1517859000,190.100,190.100,190.100,190.100,10985,642730
1517859060,190.030,190.130,189.930,190.150,0,0
1517859120,190.060,190.110,190.060,190.110,0,0
1517859240,189.730,189.770,189.730,189.870,0,0
1517859300,189.900,189.750,189.620,189.900,10974,653715
1517859360,189.750,189.740,189.730,189.750,0,0
1517859480,189.650,189.540,189.540,189.650,0,0
1517859540,189.440,189.590,189.440,189.660,0,0
1517859600,189.840,189.770,189.710,189.840,16457,664689
1517859660,189.710,189.720,189.710,189.720,0,0
1517859720,189.800,189.800,189.800,189.800,0,0
1517859780,189.890,189.630,189.630,189.890,0,0
1517859840,189.480,189.410,189.410,189.560,0,0
1517859900,189.570,189.570,189.570,189.570,12260,681146
1517859960,189.510,189.370,189.370,189.530,0,0
1517860020,189.280,189.330,189.280,189.330,0,0
1517860080,189.260,189.230,189.200,189.260,0,0
1517860140,189.290,189.370,189.290,189.370,0,0
1517860200,189.300,189.300,189.300,189.300,13933,693406
1517860260,189.170,189.140,188.900,189.170,0,0
1517860320,189.240,188.830,188.830,189.240,0,0
1517860380,188.990,189.150,188.990,189.150,0,0
1517860440,189.120,189.160,189.100,189.240,0,0
1517860500,189.190,189.330,189.130,189.330,24649,707339
1517860560,189.120,188.990,188.980,189.120,0,0
1517860620,189.040,188.670,188.380,189.040,0,0
1517860680,188.730,188.720,188.720,188.800,0,0
1517860740,188.690,188.610,188.610,188.700,0,0
1517860800,188.500,188.220,188.220,188.500,26260,731988
1517860860,188.240,188.250,188.240,188.420,0,0
1517860920,188.380,188.600,188.350,188.600,0,0
1517860980,188.460,188.360,188.260,188.460,0,0
1517861040,188.350,187.900,187.870,188.350,0,0
1517861100,187.750,187.940,187.660,187.940,44609,758248
1517861160,187.540,186.790,186.790,187.540,0,0
1517861220,186.590,186.940,186.560,186.940,0,0
1517861280,186.910,186.750,186.750,186.910,0,0
1517861340,186.620,186.310,186.250,186.730,0,0
1517861400,186.180,186.140,185.680,186.180,36646,802857
1517861460,185.970,186.100,185.970,186.310,0,0
1517861520,186.190,186.960,186.190,186.960,0,0
1517861580,187.200,187.220,187.200,187.220,0,0
1517861640,186.970,187.330,186.790,187.330,0,0
1517861700,187.680,187.240,187.240,187.680,19812,839503
1517861760,187.530,188.360,187.530,188.360,0,0
1517861820,188.420,188.770,188.420,188.770,0,0
1517861880,188.720,187.660,187.520,188.720,0,0
1517861940,187.410,187.410,187.410,187.410,0,0
1517862000,187.680,187.700,187.030,187.700,27073,859315
1517862060,187.300,187.690,187.130,187.690,0,0
1517862120,188.080,188.040,187.690,188.080,0,0
1517862180,188.450,188.570,188.450,188.570,0,0
1517862240,188.530,188.360,188.340,188.530,0,0
1517862300,188.420,188.250,188.220,188.420,19112,886388
1517862360,188.250,188.460,188.050,188.460,0,0
1517862420,188.580,189.240,188.580,189.240,0,0
1517862480,188.740,188.970,188.740,188.970,0,0
1517862540,188.870,188.790,188.790,188.900,0,0
1517862600,189.110,188.400,188.400,189.110,23435,905500
1517862660,188.460,187.870,187.870,188.460,0,0
1517862720,188.040,188.520,188.040,188.520,0,0
1517862780,188.820,188.310,188.310,188.820,0,0
1517862840,188.520,188.720,188.520,188.850,0,0
1517862900,188.650,188.390,188.390,188.800,34218,928935
1517862960,188.380,188.100,188.100,188.550,0,0
1517863020,188.040,188.170,187.900,188.170,0,0
1517863080,188.450,188.060,188.060,188.450,0,0
1517863140,188.020,187.490,187.490,188.020,0,0
1517863200,187.340,186.810,186.810,187.340,44214,963153
1517863260,186.810,186.590,186.590,187.150,0,0
1517863320,186.750,187.050,186.750,187.150,0,0
1517863380,186.990,187.100,186.770,187.100,0,0
1517863440,186.790,186.760,186.760,186.800,0,0
1517863500,186.590,186.490,186.350,186.760,47507,1007367
1517863560,186.500,186.880,186.350,186.880,0,0
1517863620,186.810,186.610,186.490,186.810,0,0
1517863680,186.570,186.560,186.370,186.570,0,0
1517863740,186.530,186.010,186.010,186.530,0,0
1517863800,185.910,186.000,185.910,186.400,51919,1054874
1517863860,185.940,185.750,185.490,185.940,0,0
1517863920,185.610,185.510,185.140,185.610,0,0
1517863980,185.610,185.570,185.570,185.750,0,0
1517864040,185.620,185.250,185.250,185.620,0,0
1517864100,185.470,185.200,185.200,185.700,217216,1106793
1517864160,185.360,185.500,185.360,185.790,0,0
1517864220,185.440,185.530,185.290,185.610,0,0
1517864280,185.690,185.470,185.330,185.690,0,0
1517864340,185.380,184.560,184.560,185.380,0,0
1517927400,178.380,178.380,178.380,178.380,111973,0
1517927460,176.790,177.730,176.790,177.730,0,0
1517927520,179.440,177.900,177.900,179.440,0,0
1517927640,179.780,182.130,179.780,182.130,0,0
1517927700,181.690,182.080,181.690,182.440,35249,111973
1517927760,182.530,182.740,182.100,182.900,0,0
1517927820,182.910,183.520,182.560,183.600,0,0
1517927880,183.690,183.620,183.490,183.760,0,0
1517927940,183.600,184.590,183.210,184.590,0,0
1517928000,184.530,184.850,184.530,184.880,48888,147222
1517928060,184.810,184.940,184.570,185.320,0,0
1517928120,185.140,185.300,184.860,185.380,0,0
1517928180,185.500,185.560,185.500,186.330,0,0
1517928240,185.810,186.410,185.810,186.720,0,0
1517928300,186.070,186.080,186.000,186.490,47530,196110
1517928360,186.100,186.240,185.930,186.240,0,0
1517928420,186.340,185.870,185.870,186.340,0,0
1517928480,185.930,186.210,185.930,186.410,0,0
1517928540,185.910,185.620,185.620,185.970,0,0
1517928600,186.160,186.630,186.160,186.630,26589,243640
1517928660,186.650,186.610,186.610,186.700,0,0
1517928720,186.600,186.460,186.180,186.600,0,0
1517928780,186.660,187.170,186.660,187.300,0,0
1517928840,187.070,187.690,187.070,187.690,0,0
1517928900,187.620,187.400,187.390,187.850,50884,270229
1517928960,187.390,186.740,186.740,187.390,0,0
1517929020,186.550,186.140,186.100,186.550,0,0
1517929080,186.410,186.040,186.040,186.410,0,0
1517929140,186.550,186.720,186.510,186.750,0,0
1517929200,186.450,187.550,186.450,187.560,40260,321113
1517929260,187.930,188.030,187.810,188.030,0,0
1517929320,187.820,187.670,187.240,187.940,0,0
1517929380,187.540,187.870,187.410,187.910,0,0
1517929440,187.860,188.080,187.860,188.240,0,0
1517929500,188.250,188.710,188.250,188.910,38526,361373
1517929560,188.490,188.480,188.480,188.650,0,0
1517929620,188.320,188.380,188.170,188.470,0,0
1517929680,188.340,188.160,188.020,188.520,0,0
1517929740,187.850,187.580,187.500,187.860,0,0
1517929800,187.560,188.310,187.560,188.350,44683,399899
1517929860,188.260,187.510,187.340,188.260,0,0
1517929920,187.790,187.140,187.140,187.790,0,0
1517929980,187.120,186.840,186.840,187.120,0,0
1517930040,186.670,186.630,186.620,186.840,0,0
1517930100,186.670,186.550,186.480,186.750,22780,444582
1517930160,186.490,185.960,185.960,186.560,0,0
1517930220,185.730,185.790,185.730,185.790,0,0
1517930280,185.800,185.760,185.550,185.800,0,0
1517930340,186.180,186.180,186.180,186.180,0,0
1517930400,186.440,187.180,186.440,187.690,45760,467362
1517930460,187.160,187.410,187.160,187.510,0,0
1517930520,187.540,187.180,187.110,187.740,0,0
1517930580,187.090,186.950,186.930,187.120,0,0
1517930640,186.910,186.840,186.150,186.910,0,0
1517930700,186.630,186.280,186.280,186.770,19200,513122
1517930760,186.630,186.580,186.430,186.690,0,0
1517930820,186.560,186.460,186.460,186.560,0,0
1517930880,186.560,186.560,186.560,186.560,0,0
1517930940,186.500,186.550,186.370,186.590,0,0
1517931000,186.630,186.540,186.540,186.630,18363,532322
1517931060,186.470,186.330,186.330,186.470,0,0
1517931120,186.230,186.090,186.090,186.280,0,0
1517931180,186.090,186.100,186.090,186.320,0,0
1517931240,186.090,186.090,186.090,186.090,0,0
1517931300,185.900,185.690,185.530,185.900,26851,550685
1517931360,185.600,185.460,185.460,185.750,0,0
1517931420,185.630,185.720,185.630,185.720,0,0
1517931480,185.830,185.440,185.440,185.830,0,0
1517931540,185.830,186.070,185.460,186.070,0,0
1517931600,185.970,186.310,185.970,186.340,50507,577536
1517931660,186.000,185.790,185.690,186.000,0,0
1517931720,185.870,186.210,185.780,186.300,0,0
1517931780,186.180,186.040,186.040,186.190,0,0
1517931840,186.100,186.530,186.100,186.620,0,0
1517931900,186.750,187.000,186.750,187.000,14267,628043
1517931960,187.080,187.000,186.670,187.080,0,0
1517932020,186.670,186.790,186.670,186.790,0,0
1517932080,187.030,187.030,187.030,187.030,0,0
1517932140,187.020,186.790,186.790,187.090,0,0
1517932200,187.160,186.820,186.760,187.160,32603,642310
1517932320,186.990,187.010,186.990,187.320,0,0
1517932380,187.120,186.830,186.830,187.120,0,0
1517932440,187.160,187.090,187.090,187.370,0,0
1517932500,187.220,187.180,187.100,187.220,20236,674913
1517932560,187.000,186.630,186.610,187.000,0,0
1517932620,186.750,186.850,186.670,186.850,0,0
1517932680,186.760,186.670,186.670,186.850,0,0
1517932740,186.710,186.460,186.460,186.710,0,0
1517932800,186.410,185.900,185.900,186.410,17518,695149
1517932860,186.110,186.030,186.030,186.110,0,0
1517932920,186.230,186.390,186.200,186.400,0,0
1517932980,186.600,186.560,186.500,186.600,0,0
1517933100,186.800,187.070,186.800,187.240,30535,712667
1517933160,187.070,187.060,186.950,187.120,0,0
1517933220,187.110,187.130,187.100,187.280,0,0
1517933280,187.140,187.020,186.930,187.240,0,0
1517933340,186.510,186.830,186.510,186.830,0,0
1517933400,187.120,187.120,187.120,187.120,10251,743202
1517933460,186.990,186.810,186.810,187.060,0,0
1517933520,186.500,186.430,186.430,186.500,0,0
1517933580,186.620,186.300,186.300,186.620,0,0
1517933640,186.380,186.380,186.380,186.380,0,0
1517933700,186.110,186.270,186.110,186.270,15980,753453
1517933760,186.670,186.670,186.670,186.670,0,0
1517933820,186.800,186.860,186.720,186.860,0,0
1517933880,186.760,187.000,186.760,187.000,0,0
1517933940,187.100,187.180,187.100,187.180,0,0
1517934000,186.990,187.100,186.990,187.100,13244,769433
1517934060,187.100,187.060,187.060,187.100,0,0
1517934120,187.030,186.780,186.780,187.030,0,0
1517934180,187.000,186.750,186.610,187.000,0,0
1517934300,186.780,186.590,186.380,186.780,33342,782677
1517934360,186.560,186.420,186.410,186.560,0,0
1517934420,186.330,186.300,186.300,186.390,0,0
1517934480,185.960,185.870,185.870,185.960,0,0
1517934540,185.790,185.560,185.250,185.790,0,0
1517934600,185.840,185.630,185.630,185.840,29701,816019
1517934660,185.660,185.240,185.240,185.660,0,0
1517934720,185.540,185.530,185.310,185.550,0,0
1517934780,185.620,185.640,185.620,185.750,0,0
1517934840,185.630,185.730,185.340,185.740,0,0
1517934900,185.690,185.800,185.690,185.800,14936,845720
1517935020,185.660,185.570,185.570,185.660,0,0
1517935080,185.960,185.990,185.860,185.990,0,0
1517935140,186.030,186.030,186.030,186.030,0,0
1517935200,185.970,186.140,185.970,186.140,15678,860656
1517935320,186.300,186.220,186.220,186.300,0,0
1517935380,186.340,186.210,186.210,186.350,0,0
1517935440,186.220,186.250,186.220,186.370,0,0
1517935500,186.400,186.060,186.060,186.400,9533,876334
1517935560,185.890,185.890,185.890,185.890,0,0
1517935620,185.810,186.210,185.800,186.210,0,0
1517935680,185.980,185.990,185.980,185.990,0,0
1517935740,186.010,186.010,186.010,186.010,0,0
1517935800,186.330,186.340,186.290,186.380,20821,885867
1517935860,186.330,186.340,186.290,186.380,0,0
1517935920,186.380,186.610,186.380,186.730,0,0
1517935980,186.480,186.610,186.480,186.740,0,0
1517936040,186.410,186.410,186.410,186.410,0,0
1517936100,185.990,186.340,185.990,186.340,14412,906688
1517936160,186.050,186.340,186.050,186.380,0,0
1517936220,186.280,186.280,186.280,186.280,0,0
1517936280,186.040,185.810,185.810,186.040,0,0
1517936340,185.500,185.770,185.500,185.770,0,0
1517936400,185.810,186.100,185.810,186.130,9835,921100
1517936460,185.960,185.960,185.960,185.960,0,0
1517936520,185.860,185.780,185.780,185.890,0,0
1517936580,185.840,185.840,185.840,185.840,0,0
1517936640,185.840,185.750,185.680,185.950,0,0
1517936700,185.720,185.720,185.720,185.720,11134,930935
1517936760,185.870,185.850,185.850,185.870,0,0
1517936820,185.970,185.560,185.560,185.970,0,0
1517936880,185.820,185.920,185.820,185.920,0,0
1517936940,185.990,186.210,185.990,186.210,0,0
1517937000,185.970,185.970,185.970,185.970,11877,942069
1517937060,185.630,185.630,185.630,185.630,0,0
1517937120,185.720,185.840,185.630,185.840,0,0
1517937180,185.940,185.880,185.800,185.940,0,0
1517937240,185.910,186.120,185.760,186.120,0,0
1517937300,186.010,186.240,186.010,186.240,9442,953946
1517937360,186.370,186.120,186.120,186.370,0,0
1517937540,186.050,186.150,185.990,186.150,0,0
1517937600,185.990,186.070,185.990,186.190,11345,963388
1517937660,186.000,186.000,186.000,186.000,0,0
1517937780,186.170,186.160,186.160,186.170,0,0
1517937840,186.170,186.000,186.000,186.620,0,0
1517937900,186.020,186.020,186.020,186.020,7930,974733
1517937960,186.290,186.290,186.290,186.290,0,0
1517938020,186.180,186.320,186.120,186.320,0,0
1517938080,186.330,186.530,186.330,186.530,0,0
1517938140,186.970,187.520,186.970,187.520,0,0
1517938200,187.380,187.870,187.380,187.870,10850,982663
1517938260,187.390,187.280,187.280,187.390,0,0
1517938320,186.920,187.170,186.920,187.170,0,0
1517938380,187.280,187.060,187.060,187.280,0,0
1517938440,186.990,186.940,186.940,186.990,0,0
1517938500,186.940,186.940,186.940,186.940,8916,993513
1517938560,186.930,186.990,186.930,186.990,0,0
1517938620,186.940,187.050,186.810,187.050,0,0
1517938680,187.370,187.370,187.370,187.370,0,0
1517938740,187.600,187.790,187.600,187.790,0,0
1517938800,187.610,187.610,187.610,187.610,8253,1002429
1517938860,187.490,187.400,187.400,187.490,0,0
1517938920,187.360,187.360,187.360,187.360,0,0
1517938980,187.280,187.490,187.280,187.490,0,0
1517939040,187.270,187.250,187.250,187.270,0,0
1517939100,187.110,187.110,187.110,187.110,3375,1010682
1517939160,186.790,186.790,186.790,186.790,0,0
1517939220,186.710,186.780,186.710,186.780,0,0
1517939280,186.760,186.820,186.760,186.820,0,0
1517939340,186.820,186.820,186.820,186.820,0,0
1517939400,186.670,186.700,186.670,186.700,6456,1014057
1517939460,186.570,186.140,186.140,186.570,0,0
1517939520,186.210,186.210,186.210,186.210,0,0
1517939580,186.330,186.430,186.330,186.430,0,0
1517939700,186.520,186.400,186.400,186.520,7093,1020513
1517939760,186.380,186.390,186.380,186.390,0,0
1517939820,186.660,186.280,186.280,186.660,0,0
1517939880,186.360,186.610,186.360,186.610,0,0
1517939940,186.670,186.670,186.670,186.670,0,0
1517940000,186.710,186.360,186.360,186.710,15311,1027606
1517940060,186.550,186.560,186.360,186.560,0,0
1517940120,186.680,186.460,186.370,186.680,0,0
1517940180,186.320,186.000,185.880,186.320,0,0
1517940240,185.990,186.150,185.990,186.150,0,0
1517940300,186.410,186.430,186.410,186.430,8860,1042917
1517940360,186.170,186.150,186.150,186.380,0,0
1517940480,186.160,185.940,185.940,186.160,0,0
1517940540,185.840,185.830,185.830,185.840,0,0
1517940600,185.760,185.990,185.760,185.990,7425,1051777
1517940660,186.080,186.030,186.030,186.080,0,0
1517940720,186.160,186.160,186.160,186.160,0,0
1517940780,186.240,186.460,186.210,186.460,0,0
1517940900,186.840,187.160,186.750,187.160,12474,1059202
1517940960,187.110,187.580,187.110,187.580,0,0
1517941020,187.450,187.540,187.450,187.590,0,0
1517941080,187.780,187.780,187.780,187.780,0,0
1517941140,187.840,187.840,187.840,187.840,0,0
1517941200,187.940,187.450,187.450,187.940,13954,1071676
1517941260,187.540,187.770,187.540,187.770,0,0
1517941320,187.520,187.750,187.520,187.750,0,0
1517941380,187.590,187.900,187.590,187.900,0,0
1517941440,187.730,187.670,187.670,187.730,0,0
1517941500,187.730,187.730,187.730,187.730,7835,1085630
1517941620,187.400,187.400,187.400,187.400,0,0
1517941680,187.250,187.210,187.210,187.250,0,0
1517941740,187.280,187.280,187.280,187.280,0,0
1517941800,187.490,187.280,187.280,187.490,20218,1093465
1517941860,186.580,186.690,186.580,186.690,0,0
1517941920,186.660,186.920,186.660,186.920,0,0
1517942040,186.460,186.350,185.800,186.770,0,0
1517942100,186.410,186.400,186.400,186.410,6247,1113683
1517942160,186.480,186.630,186.480,186.630,0,0
1517942220,186.670,186.870,186.670,186.870,0,0
1517942280,186.850,186.560,186.560,186.850,0,0
1517942340,186.460,186.460,186.460,186.460,0,0
1517942400,186.660,186.400,186.400,186.660,7954,1119930
1517942460,186.240,186.090,186.090,186.240,0,0
1517942520,186.110,186.110,186.110,186.110,0,0
1517942580,185.900,185.900,185.900,185.900,0,0
1517942640,185.920,185.920,185.920,185.920,0,0
1517942700,185.830,185.750,185.750,185.860,7015,1127884
1517942760,185.780,186.100,185.780,186.100,0,0
1517942820,185.900,185.900,185.900,185.900,0,0
1517942880,186.070,185.830,185.830,186.070,0,0
1517942940,185.630,185.830,185.630,185.830,0,0
1517943000,185.680,185.680,185.680,185.680,8136,1134899
1517943060,185.630,185.630,185.630,185.630,0,0
1517943120,185.630,185.500,185.500,185.630,0,0
1517943180,185.660,185.660,185.660,185.660,0,0
1517943240,185.680,185.650,185.650,185.810,0,0
1517943300,185.650,185.800,185.600,185.800,11111,1143035
1517943360,185.790,185.450,185.450,185.790,0,0
1517943420,185.690,185.660,185.330,185.690,0,0
1517943480,185.470,185.470,185.470,185.470,0,0
1517943540,185.640,185.490,185.490,185.730,0,0
1517943600,185.590,185.660,185.490,185.660,12398,1154146
1517943660,185.580,185.720,185.580,185.720,0,0
1517943720,185.810,185.760,185.690,185.810,0,0
1517943780,185.580,185.530,185.530,185.580,0,0
1517943840,185.480,185.480,185.480,185.480,0,0
1517943900,185.670,185.360,185.360,185.730,8966,1166544
1517943960,185.460,185.460,185.460,185.460,0,0
1517944020,185.410,185.340,185.340,185.410,0,0
1517944080,185.130,184.910,184.910,185.160,0,0
1517944140,184.980,184.670,184.610,184.980,0,0
1517944200,184.800,184.470,184.470,184.850,39114,1175510
1517944260,184.540,184.770,184.540,184.770,0,0
1517944320,184.560,184.420,184.410,184.560,0,0
1517944380,184.410,184.710,184.410,184.710,0,0
1517944440,184.780,184.920,184.750,184.920,0,0
1517944500,184.930,184.650,184.650,184.930,21946,1214624
1517944560,184.630,184.570,184.430,184.710,0,0
1517944620,184.410,184.510,184.400,184.510,0,0
1517944680,184.380,184.230,184.230,184.380,0,0
1517944740,184.330,184.300,184.300,184.480,0,0
1517944800,184.280,184.330,183.650,184.330,12693,1236570
1517944860,184.270,184.530,184.270,184.530,0,0
1517944920,184.370,184.570,184.370,184.570,0,0
1517944980,184.570,184.410,184.410,184.580,0,0
1517945040,184.290,184.120,184.120,184.370,0,0
1517945100,183.790,183.980,183.790,184.090,10838,1249263
1517945160,183.860,183.820,183.820,183.860,0,0
1517945220,183.970,183.600,183.600,183.970,0,0
1517945280,183.810,184.060,183.810,184.060,0,0
1517945340,183.920,184.090,183.920,184.110,0,0
1517945400,183.780,184.030,183.780,184.030,13133,1260101
1517945460,183.910,183.790,183.790,183.930,0,0
1517945520,183.910,184.290,183.910,184.290,0,0
1517945580,184.220,184.320,184.220,184.320,0,0
1517945640,184.470,184.840,184.470,184.840,0,0
1517945700,185.000,185.500,184.810,185.500,20963,1273234
1517945760,185.880,185.420,185.420,185.880,0,0
1517945820,185.350,185.740,185.350,185.740,0,0
1517945880,185.480,186.190,185.480,186.190,0,0
1517945940,186.190,185.640,185.580,186.190,0,0
1517946000,185.480,185.530,185.480,185.530,7908,1294197
1517946060,185.420,185.420,185.420,185.420,0,0
1517946120,185.530,185.530,185.530,185.530,0,0
1517946180,185.290,185.180,185.180,185.290,0,0
1517946240,185.240,185.630,185.210,185.630,0,0
1517946300,185.750,185.890,185.730,185.890,12743,1302105
1517946360,185.970,186.570,185.970,186.570,0,0
1517946420,186.660,186.390,186.390,186.660,0,0
1517946480,186.480,186.400,186.400,186.730,0,0
1517946540,186.570,186.760,186.480,186.760,0,0
1517946600,186.760,186.770,186.760,187.200,14387,1314848
1517946660,186.880,186.540,186.540,186.880,0,0
1517946720,186.730,186.180,186.180,186.730,0,0
1517946780,186.260,186.460,186.260,186.460,0,0
1517946840,186.590,187.030,186.590,187.390,0,0
1517946900,187.130,187.490,187.130,187.730,17150,1329235
1517946960,187.600,187.530,187.220,187.810,0,0
1517947020,187.520,187.660,187.520,187.840,0,0
1517947080,187.720,187.750,187.720,187.750,0,0
1517947140,187.760,187.780,187.760,187.920,0,0
1517947200,188.120,187.980,187.810,188.300,20628,1346385
1517947260,188.220,188.360,188.220,188.400,0,0
1517947320,188.510,188.240,188.240,188.540,0,0
1517947380,188.180,188.180,188.180,188.180,0,0
1517947440,188.180,188.550,188.160,188.550,0,0
1517947500,188.490,188.600,188.380,188.600,21638,1367013
1517947560,188.840,189.080,188.840,189.220,0,0
1517947620,189.200,189.750,189.200,189.750,0,0
1517947680,189.790,189.770,189.690,189.790,0,0
1517947740,189.620,189.840,189.540,189.990,0,0
1517947800,189.840,189.390,189.390,189.930,21765,1388651
1517947860,189.620,189.460,189.460,189.650,0,0
1517947920,189.360,189.110,189.110,189.360,0,0
1517947980,189.100,188.990,188.990,189.100,0,0
1517948040,188.620,188.510,188.510,188.630,0,0
1517948100,188.700,189.340,188.630,189.340,12045,1410416
1517948160,189.040,188.690,188.690,189.250,0,0
1517948220,188.470,188.540,188.470,188.770,0,0
1517948280,188.480,188.360,188.300,188.480,0,0
1517948340,188.210,187.830,187.830,188.210,0,0
1517948400,188.000,188.260,188.000,188.290,16012,1422461
1517948460,188.310,188.490,188.310,188.490,0,0
1517948520,188.360,188.070,188.070,188.360,0,0
1517948580,188.010,188.020,188.010,188.030,0,0
1517948640,188.210,188.160,188.160,188.210,0,0
1517948700,188.380,188.320,188.320,188.470,12918,1438473
1517948760,188.410,188.610,188.410,188.610,0,0
1517948820,188.370,188.540,188.360,188.600,0,0
1517948880,188.690,188.460,188.450,188.690,0,0
1517948940,188.540,188.480,188.480,188.540,0,0
1517949000,188.570,188.150,188.150,188.570,23497,1451391
1517949060,188.200,188.060,188.000,188.200,0,0
1517949120,188.350,188.380,188.250,188.480,0,0
1517949180,188.470,188.810,188.470,188.990,0,0
1517949240,188.750,189.030,188.750,189.040,0,0
1517949300,188.820,188.920,188.820,188.980,15969,1474888
1517949360,189.040,189.040,189.040,189.040,0,0
1517949420,189.220,189.250,189.220,189.340,0,0
1517949480,189.180,189.170,189.150,189.260,0,0
1517949540,189.290,189.490,189.290,189.490,0,0
1517949600,189.490,189.810,189.490,189.810,21572,1490857
1517949660,189.810,189.540,189.390,189.810,0,0
1517949720,189.570,189.380,189.380,189.570,0,0
1517949780,189.380,189.240,189.230,189.380,0,0
1517949840,189.150,188.940,188.940,189.150,0,0
1517949900,188.850,188.830,188.790,188.900,27541,1512429
1517949960,188.660,188.430,188.350,188.660,0,0
1517950020,188.470,188.000,188.000,188.470,0,0
1517950080,187.990,188.080,187.940,188.080,0,0
1517950140,188.000,187.960,187.860,188.000,0,0
1517950200,187.740,187.720,187.540,187.740,37289,1539970
1517950260,187.770,187.220,187.220,187.770,0,0
1517950320,187.470,187.700,187.470,187.700,0,0
1517950380,187.760,187.980,187.740,187.980,0,0
1517950440,187.970,187.780,187.690,187.970,0,0
1517950500,187.740,187.940,187.640,187.940,184702,1577259
1517950560,187.970,188.370,187.950,188.430,0,0
1517950620,188.420,188.660,188.210,188.890,0,0
1517950680,188.510,188.300,188.300,188.600,0,0
1517950740,188.000,188.570,187.910,188.570,0,0
1518013800,188.210,187.340,187.340,188.210,17861,0
1518014040,188.210,187.340,187.340,188.210,0,0
1518014100,187.970,187.970,187.970,187.970,9307,17861
1518014160,188.300,188.980,188.300,188.980,0,0
1518014220,188.650,188.670,188.650,189.190,0,0
1518014280,189.210,189.020,189.020,189.210,0,0
1518014340,189.210,189.120,189.120,189.280,0,0
1518014400,188.890,188.980,188.630,189.260,16333,27168
1518014460,189.130,189.150,188.930,189.150,0,0
1518014580,189.320,189.300,189.280,189.340,0,0
1518014640,189.540,189.710,189.540,189.710,0,0
1518014700,189.910,189.630,189.630,189.910,18964,43501
1518014820,189.170,189.010,189.010,189.620,0,0
1518014880,189.250,189.140,189.140,189.250,0,0
1518014940,189.000,189.590,188.990,189.590,0,0
1518015000,189.510,189.510,189.510,189.510,4750,62465
1518015060,189.790,190.120,189.790,190.120,0,0
1518015120,190.540,190.260,190.260,190.540,0,0
1518015180,190.470,190.470,190.470,190.470,0,0
1518015240,190.450,190.450,190.450,190.450,0,0
1518015300,190.350,190.300,190.250,190.350,13732,67215
1518015360,190.570,190.220,190.220,190.570,0,0
1518015420,190.430,190.430,190.430,190.430,0,0
1518015480,190.650,190.560,190.560,190.800,0,0
1518015540,190.420,190.590,190.420,190.590,0,0
1518015600,190.380,190.170,190.170,190.380,12526,80947
1518015660,190.290,190.200,190.200,190.290,0,0
1518015720,190.000,189.840,189.840,190.000,0,0
1518015780,189.660,189.660,189.660,189.660,0,0
1518015840,189.680,189.680,189.680,189.680,0,0
1518015900,189.660,189.990,189.660,189.990,9652,93473
1518015960,190.150,189.890,189.790,190.150,0,0
1518016020,189.600,189.910,189.600,189.910,0,0
1518016080,189.990,190.390,189.990,190.390,0,0
1518016200,190.160,189.910,189.910,190.160,13156,103125
1518016260,189.730,189.770,189.730,189.770,0,0
1518016320,189.830,189.960,189.830,189.960,0,0
1518016380,189.950,189.880,189.880,189.970,0,0
1518016440,189.910,189.880,189.880,189.910,0,0
1518016500,190.060,190.150,190.060,190.150,10866,116281
1518016560,189.970,189.840,189.820,189.970,0,0
1518016620,189.810,189.590,189.530,189.810,0,0
1518016680,189.680,189.720,189.680,189.720,0,0
1518016740,189.550,189.660,189.550,189.690,0,0
1518016800,189.680,189.850,189.650,189.850,34473,127147
1518016860,189.870,189.750,189.600,189.870,0,0
1518016920,189.790,189.250,189.170,189.790,0,0
1518016980,189.350,189.760,189.210,189.760,0,0
1518017040,190.100,189.530,189.470,190.100,0,0
1518017100,189.570,189.520,189.380,189.570,11557,161620
1518017160,189.490,189.510,189.490,189.510,0,0
1518017220,189.530,189.560,189.530,189.780,0,0
1518017280,189.340,189.170,189.170,189.340,0,0
1518017400,189.160,189.050,188.920,189.160,15988,173177
1518017460,189.150,188.920,188.920,189.150,0,0
1518017520,188.970,188.960,188.920,188.970,0,0
1518017580,188.990,188.880,188.800,188.990,0,0
1518017640,188.770,188.980,188.740,188.980,0,0
1518017700,188.910,188.920,188.910,188.920,11576,189165
1518017760,188.970,189.440,188.970,189.440,0,0
1518017820,189.580,189.510,189.410,189.580,0,0
1518017880,189.340,189.750,189.290,189.750,0,0
1518017940,189.550,189.550,189.550,189.550,0,0
1518018000,189.630,189.710,189.630,189.710,12353,200741
1518018060,189.650,189.870,189.650,189.870,0,0
1518018120,189.650,189.650,189.650,189.650,0,0
1518018180,189.530,189.780,189.530,189.780,0,0
1518018240,189.880,189.730,189.730,189.880,0,0
1518018300,189.710,189.830,189.710,189.830,7710,213094
1518018360,190.220,190.220,190.220,190.220,0,0
1518018420,190.250,190.430,190.250,190.430,0,0
1518018480,190.380,190.380,190.380,190.380,0,0
1518018540,190.440,190.440,190.440,190.440,0,0
1518018600,190.540,190.660,190.540,190.660,5887,220804
1518018660,190.410,190.470,190.410,190.470,0,0
1518018720,190.620,190.510,190.510,190.620,0,0
1518018780,190.620,190.760,190.620,190.760,0,0
1518018840,190.770,190.740,190.740,190.770,0,0
1518018900,190.870,190.980,190.870,190.980,6100,226691
1518018960,190.890,191.010,190.890,191.030,0,0
1518019020,190.760,191.000,190.760,191.000,0,0
1518019080,190.900,190.860,190.860,190.900,0,0
1518019200,190.880,190.630,190.630,190.880,5303,232791
1518019260,190.660,190.660,190.660,190.660,0,0
1518019380,190.570,190.810,190.570,190.810,0,0
1518019440,190.630,190.730,190.630,190.730,0,0
1518019500,190.850,190.850,190.850,190.850,5124,238094
1518019560,190.860,190.950,190.860,190.950,0,0
1518019620,190.650,190.650,190.650,190.650,0,0
1518019680,190.800,190.800,190.800,190.800,0,0
1518019740,190.800,191.100,190.800,191.100,0,0
1518019800,191.260,191.260,191.260,191.260,5688,243218
1518019860,191.190,191.280,191.140,191.280,0,0
1518019980,191.220,191.050,191.050,191.350,0,0
1518020100,191.210,191.210,191.210,191.210,6640,248906
1518020160,191.280,191.380,191.280,191.380,0,0
1518020220,191.250,191.250,191.250,191.250,0,0
1518020280,191.100,191.180,191.100,191.180,0,0
1518020340,190.940,190.830,190.830,190.940,0,0
1518020400,191.070,190.950,190.950,191.070,4916,255546
1518020580,190.750,190.750,190.750,190.750,0,0
1518020640,190.480,190.830,190.480,190.830,0,0
1518020700,190.830,190.830,190.830,190.830,4742,260462
1518020760,190.900,190.900,190.900,190.900,0,0
1518020820,190.990,190.920,190.920,190.990,0,0
1518020880,190.960,190.790,190.790,190.960,0,0
1518020940,190.670,190.670,190.670,190.670,0,0
1518021000,190.430,190.460,190.430,190.460,7938,265204
1518021060,190.330,189.990,189.990,190.400,0,0
1518021180,190.280,190.280,190.280,190.280,0,0
1518021240,190.260,190.120,190.060,190.260,0,0
1518021300,190.210,190.170,190.170,190.210,2760,273142
1518021360,190.370,190.440,190.370,190.440,0,0
1518021540,190.370,190.370,190.370,190.370,0,0
1518021600,190.190,190.250,190.190,190.250,7310,275902
1518021660,190.190,190.250,190.190,190.250,0,0
1518021720,190.130,190.260,190.130,190.260,0,0
1518021780,190.360,190.360,190.360,190.360,0,0
1518021840,190.580,190.800,190.580,190.800,0,0
1518021900,190.700,190.790,190.700,190.790,6353,283212
1518021960,190.470,190.470,190.470,190.470,0,0
1518022080,190.380,190.020,190.020,190.380,0,0
1518022200,190.030,190.150,190.030,190.180,4358,289565
1518022500,190.460,189.970,189.970,190.500,10743,293923
1518022560,190.420,190.360,190.360,190.480,0,0
1518022620,190.340,190.590,190.200,190.590,0,0
1518022680,190.620,190.620,190.620,190.620,0,0
1518022740,190.630,190.740,190.630,190.740,0,0
1518022800,190.860,190.860,190.860,190.860,6381,304666
1518022860,190.910,191.090,190.910,191.090,0,0
1518022920,190.920,190.820,190.820,190.920,0,0
1518022980,190.750,190.670,190.670,190.750,0,0
1518023040,190.760,190.760,190.760,190.760,0,0
1518023100,190.730,190.730,190.730,190.730,5334,311047
1518023280,190.730,190.730,190.730,190.730,0,0
1518023340,190.550,190.820,190.550,190.820,0,0
1518023400,190.870,190.760,190.760,190.870,7025,316381
1518023460,190.740,190.830,190.740,191.020,0,0
1518023520,191.010,191.010,191.010,191.010,0,0
1518023580,191.210,191.020,190.970,191.210,0,0
1518023640,191.060,190.830,190.830,191.060,0,0
1518023700,191.130,190.790,190.790,191.130,11088,323406
1518023760,190.690,190.570,190.570,190.690,0,0
1518023820,190.860,190.860,190.860,190.860,0,0
1518023940,190.860,190.770,190.770,190.860,0,0
1518024000,191.020,191.020,191.020,191.020,5319,334494
1518024120,190.810,190.810,190.810,190.810,0,0
1518024240,190.600,190.850,190.600,190.850,0,0
1518024300,190.530,190.670,190.530,190.670,5335,339813
1518024360,190.480,190.480,190.480,190.480,0,0
1518024420,190.500,190.390,190.390,190.500,0,0
1518024480,190.550,190.550,190.550,190.550,0,0
1518024540,190.590,190.700,190.590,190.700,0,0
1518024600,190.710,190.710,190.710,190.710,7372,345148
1518024660,190.710,190.710,190.710,190.710,0,0
1518024720,190.530,190.530,190.530,190.530,0,0
1518024780,190.330,190.390,190.330,190.390,0,0
1518024840,190.270,190.060,190.060,190.270,0,0
1518024900,190.120,190.120,190.120,190.120,3639,352520
1518024960,189.820,189.820,189.820,189.820,0,0
1518025140,189.940,190.030,189.940,190.070,0,0
1518025200,190.020,190.020,190.020,190.020,7784,356159
1518025260,190.020,190.020,190.020,190.020,0,0
1518025320,190.070,190.170,190.070,190.170,0,0
1518025380,190.250,190.260,189.970,190.260,0,0
1518025500,190.200,190.200,190.200,190.200,12033,363943
1518025560,190.310,190.320,190.310,190.320,0,0
1518025620,190.230,190.230,190.230,190.230,0,0
1518025680,190.040,190.040,190.040,190.040,0,0
1518025740,190.030,190.130,190.030,190.140,0,0
1518025800,190.160,190.160,190.160,190.160,10166,375976
1518025860,190.280,190.280,190.280,190.280,0,0
1518025980,190.160,190.180,190.160,190.190,0,0
1518026040,190.150,190.180,190.150,190.180,0,0
1518026100,190.140,190.050,190.050,190.140,7191,386142
1518026160,190.040,190.040,190.040,190.040,0,0
1518026340,190.100,189.970,189.970,190.170,0,0
1518026400,190.120,189.920,189.920,190.120,9375,393333
1518026460,190.350,190.240,190.240,190.350,0,0
1518026520,190.310,190.190,190.190,190.310,0,0
1518026580,190.230,190.030,190.030,190.230,0,0
1518026640,189.910,189.910,189.910,189.910,0,0
1518026700,190.080,189.770,189.770,190.080,8084,402708
1518026760,189.320,189.320,189.320,189.320,0,0
1518026820,189.550,189.400,189.070,189.550,0,0
1518026880,189.370,189.370,189.370,189.370,0,0
1518026940,189.680,189.640,189.540,189.680,0,0
1518027000,189.480,189.480,189.480,189.480,4731,410792
1518027060,189.450,189.430,189.080,189.450,0,0
1518027180,189.130,188.860,188.860,189.130,0,0
1518027240,188.750,188.650,188.650,188.750,0,0
1518027300,188.710,188.880,188.620,188.880,7024,415523
1518027360,188.880,189.080,188.880,189.080,0,0
1518027420,189.280,189.280,189.280,189.280,0,0
1518027480,189.080,189.080,189.080,189.080,0,0
1518027600,189.750,189.750,189.750,189.750,12320,422547
1518027660,189.590,189.590,189.590,189.590,0,0
1518027720,189.240,189.190,189.190,189.240,0,0
1518027780,189.140,189.030,188.830,189.410,0,0
1518027840,189.200,189.270,189.200,189.270,0,0
1518027900,188.800,188.800,188.800,188.800,8864,434867
1518027960,188.620,188.740,188.620,188.970,0,0
1518028080,188.830,188.830,188.830,188.830,0,0
1518028140,189.190,189.170,189.170,189.280,0,0
1518028200,188.830,188.920,188.830,188.920,6689,443731
1518028260,189.060,188.920,188.880,189.060,0,0
1518028320,189.050,189.040,189.040,189.050,0,0
1518028380,188.880,188.880,188.880,188.880,0,0
1518028500,188.990,189.020,188.990,189.020,8403,450420
1518028560,189.280,189.280,189.280,189.280,0,0
1518028620,189.440,189.310,189.310,189.440,0,0
1518028680,189.690,189.840,189.630,189.840,0,0
1518028740,189.650,189.690,189.650,189.690,0,0
1518028800,189.830,189.870,189.830,189.870,5305,458823
1518028860,189.840,189.790,189.760,189.840,0,0
1518028980,189.850,190.150,189.850,190.150,0,0
1518029100,190.380,190.380,190.380,190.380,5108,464128
1518029160,190.150,190.000,190.000,190.150,0,0
1518029280,189.900,189.900,189.900,189.900,0,0
1518029340,189.870,189.840,189.840,189.970,0,0
1518029400,189.750,189.610,189.610,189.750,14707,469236
1518029460,189.810,189.810,189.810,189.810,0,0
1518029520,189.850,189.810,189.810,189.850,0,0
1518029640,189.600,189.690,189.600,189.730,0,0
1518029700,189.670,189.670,189.670,189.670,4395,483943
1518029760,189.670,189.670,189.670,189.670,0,0
1518029820,189.830,189.830,189.830,189.830,0,0
1518029940,190.040,189.990,189.990,190.040,0,0
1518030000,189.870,189.620,189.620,189.870,8624,488338
1518030060,189.530,189.340,189.160,189.530,0,0
1518030180,188.940,189.390,188.940,189.390,0,0
1518030300,189.210,189.460,189.210,189.460,7077,496962
1518030360,189.600,189.470,189.470,189.600,0,0
1518030420,189.330,189.150,189.150,189.330,0,0
1518030480,189.140,188.970,188.970,189.140,0,0
1518030540,189.070,189.070,189.070,189.070,0,0
1518030600,189.080,189.410,189.080,189.410,13745,504039
1518030660,189.520,189.720,189.520,189.720,0,0
1518030720,189.820,189.660,189.660,189.820,0,0
1518030780,189.770,189.640,189.540,189.770,0,0
1518030840,189.650,189.740,189.650,189.740,0,0
1518030900,189.560,189.560,189.560,189.560,4171,517784
1518030960,189.560,189.560,189.560,189.560,0,0
1518031020,189.730,189.780,189.730,189.780,0,0
1518031080,189.780,189.790,189.780,189.790,0,0
1518031140,189.810,189.950,189.810,189.950,0,0
1518031200,190.090,190.070,190.070,190.280,9421,521955
1518031320,190.090,190.070,190.070,190.280,0,0
1518031380,190.030,190.200,190.030,190.200,0,0
1518031440,190.050,190.040,190.010,190.090,0,0
1518031500,189.940,189.870,189.870,189.940,8207,531376
1518031560,189.990,190.620,189.990,190.620,0,0
1518031620,190.260,190.260,190.260,190.260,0,0
1518031680,190.370,190.190,190.190,190.370,0,0
1518031740,190.200,190.440,190.200,190.440,0,0
1518031800,190.300,190.270,190.270,190.360,7633,539583
1518031860,189.970,189.970,189.970,189.970,0,0
1518031920,190.170,190.270,190.170,190.270,0,0
1518031980,190.290,190.260,190.260,190.290,0,0
1518032100,190.260,190.370,190.220,190.370,10184,547216
1518032160,190.270,190.270,190.270,190.270,0,0
1518032220,190.340,190.350,190.340,190.350,0,0
1518032280,190.240,190.240,190.240,190.240,0,0
1518032340,190.070,189.900,189.900,190.070,0,0
1518032400,189.680,189.680,189.680,189.680,9389,557400
1518032460,189.750,189.750,189.750,189.750,0,0
1518032520,189.830,189.750,189.750,189.830,0,0
1518032580,189.830,189.750,189.750,189.840,0,0
1518032640,189.670,189.670,189.670,189.670,0,0
1518032700,189.660,189.620,189.620,189.660,9824,566789
1518032760,189.660,189.620,189.620,189.660,0,0
1518032820,189.550,189.520,189.480,189.550,0,0
1518032880,189.300,189.190,189.190,189.340,0,0
1518032940,189.170,189.170,189.170,189.170,0,0
1518033000,188.740,188.760,188.540,188.760,5275,576613
1518033060,188.910,188.910,188.910,188.910,0,0
1518033120,188.820,189.020,188.820,189.020,0,0
1518033180,189.040,189.210,189.040,189.210,0,0
1518033240,189.340,189.340,189.340,189.340,0,0
1518033300,189.250,189.250,189.250,189.250,9387,581888
1518033360,189.510,189.510,189.510,189.510,0,0
1518033420,189.430,189.390,189.390,189.430,0,0
1518033480,189.490,189.570,189.410,189.570,0,0
1518033540,189.710,189.800,189.710,189.800,0,0
1518033600,189.760,189.630,189.630,189.880,10055,591275
1518033720,189.790,190.250,189.790,190.250,0,0
1518033780,190.250,190.250,190.250,190.250,0,0
1518033840,190.250,190.250,190.250,190.250,0,0
1518033900,190.180,190.310,190.070,190.310,31153,601330
1518033960,190.180,190.310,190.070,190.310,0,0
1518034020,190.340,190.460,190.340,190.500,0,0
1518034080,190.500,190.650,190.500,190.650,0,0
1518034140,190.530,190.500,190.450,190.530,0,0
1518034200,190.500,190.490,190.450,190.500,14844,632483
1518034260,190.500,190.550,190.500,190.550,0,0
1518034320,190.580,190.560,190.560,190.630,0,0
1518034380,190.660,190.860,190.660,190.860,0,0
1518034440,190.880,190.830,190.830,190.910,0,0
1518034500,190.830,190.900,190.830,190.900,21954,647327
1518034560,190.850,191.010,190.850,191.010,0,0
1518034620,191.090,191.000,190.980,191.090,0,0
1518034680,191.030,190.950,190.870,191.030,0,0
1518034740,190.960,191.030,190.900,191.040,0,0
1518034800,191.050,191.190,191.010,191.190,22370,669281
1518034860,191.230,191.180,191.010,191.340,0,0
1518034920,191.180,191.260,191.150,191.260,0,0
1518034980,191.190,191.020,191.000,191.190,0,0
1518035040,191.000,190.970,190.970,191.010,0,0
1518035100,190.900,191.070,190.880,191.070,14107,691651
1518035160,191.190,191.260,191.190,191.350,0,0
1518035220,191.220,191.330,191.180,191.330,0,0
1518035280,191.150,191.130,191.130,191.150,0,0
1518035340,191.140,191.210,191.100,191.210,0,0
1518035400,191.170,191.070,191.070,191.210,18242,705758
1518035460,191.040,190.890,190.820,191.040,0,0
1518035520,190.890,190.720,190.720,190.890,0,0
1518035580,190.650,190.820,190.650,190.820,0,0
1518035640,190.900,190.920,190.900,191.020,0,0
1518035700,191.130,191.230,191.130,191.270,20884,724000
1518035760,191.390,191.410,191.350,191.410,0,0
1518035820,191.400,191.580,191.400,191.580,0,0
1518035880,191.350,191.270,191.160,191.350,0,0
1518035940,191.340,191.220,191.190,191.340,0,0
1518036000,191.200,191.220,191.120,191.230,28277,744884
1518036060,191.240,191.360,191.170,191.360,0,0
1518036120,191.190,190.820,190.820,191.190,0,0
1518036180,190.770,191.000,190.770,191.000,0,0
1518036240,190.950,191.000,190.940,191.040,0,0
1518036300,190.570,190.060,190.060,190.690,29530,773161
1518036360,190.010,189.770,189.770,190.010,0,0
1518036420,189.770,189.830,189.770,189.980,0,0
1518036480,189.890,190.120,189.870,190.120,0,0
1518036540,190.030,190.060,190.010,190.090,0,0
1518036600,189.990,189.780,189.700,190.050,30565,802691
1518036660,189.940,189.770,189.770,189.940,0,0
1518036720,189.700,189.620,189.450,189.700,0,0
1518036780,189.560,189.430,189.080,189.560,0,0
1518036840,189.490,189.700,189.230,189.800,0,0
1518036900,189.760,189.790,189.730,189.920,147159,833256
1518036960,189.650,189.610,189.420,189.690,0,0
1518037020,189.480,189.580,189.440,189.640,0,0
1518037080,189.460,189.210,189.210,189.560,0,0
1518037140,189.190,188.780,188.780,189.190,0,0
1518100200,188.470,188.470,188.470,188.470,14282,0
1518100320,188.160,188.160,188.160,188.160,0,0
1518100380,187.850,187.650,187.650,187.850,0,0
1518100440,187.350,187.810,187.350,187.810,0,0
1518100500,187.530,187.960,187.530,187.960,5724,14282
1518100560,188.300,188.300,188.300,188.300,0,0
1518100620,188.160,188.160,188.160,188.160,0,0
1518100680,188.450,188.450,188.450,188.450,0,0
1518100740,188.280,188.280,188.280,188.280,0,0
1518100800,187.840,187.840,187.840,187.840,15242,20006
1518100860,187.840,187.840,187.840,187.840,0,0
1518100920,187.810,187.280,187.280,187.810,0,0
1518100980,187.340,187.190,187.130,187.340,0,0
1518101040,186.870,186.870,186.870,186.870,0,0
1518101100,186.630,186.630,186.630,186.630,10821,35248
1518101220,186.630,186.630,186.630,186.630,0,0
1518101280,186.170,185.960,185.600,186.170,0,0
1518101340,185.950,186.340,185.950,186.340,0,0
1518101400,186.200,186.200,186.200,186.200,4049,46069
1518101460,186.220,186.220,186.220,186.220,0,0
1518101520,186.540,186.830,186.540,186.830,0,0
1518101640,186.890,186.890,186.890,186.890,0,0
1518101700,187.060,187.100,187.060,187.200,20872,50118
1518101760,187.220,187.220,187.220,187.220,0,0
1518101820,187.430,187.430,187.430,187.430,0,0
1518101880,187.250,187.250,187.250,187.250,0,0
1518101940,187.250,187.170,187.040,187.340,0,0
1518102000,187.200,187.090,186.840,187.200,22152,70990
1518102060,187.000,187.000,187.000,187.000,0,0
1518102120,187.000,186.990,186.970,187.000,0,0
1518102180,186.750,186.350,186.350,186.750,0,0
1518102240,186.390,186.390,186.390,186.390,0,0
1518102300,186.220,186.220,186.220,186.220,12313,93142
1518102360,186.120,186.270,186.120,186.420,0,0
1518102420,186.130,186.250,186.130,186.250,0,0
1518102480,186.020,186.330,186.020,186.330,0,0
1518102540,186.400,186.300,186.270,186.400,0,0
1518102600,185.840,185.490,185.490,185.900,8642,105455
1518102660,185.840,185.490,185.490,185.900,0,0
1518102780,185.700,185.700,185.700,185.700,0,0
1518102840,185.620,185.440,185.360,185.620,0,0
1518102900,185.700,185.650,185.650,185.700,14911,114097
1518102960,185.820,185.820,185.820,185.820,0,0
1518103020,185.720,185.740,185.610,185.740,0,0
1518103080,185.700,185.870,185.690,185.870,0,0
1518103140,185.930,185.770,185.770,185.930,0,0
1518103200,185.720,185.720,185.720,185.720,12077,129008
1518103260,185.640,185.590,185.440,185.640,0,0
1518103320,185.480,185.550,185.480,185.580,0,0
1518103380,185.290,185.420,185.290,185.420,0,0
1518103440,185.450,186.020,185.450,186.020,0,0
1518103500,185.690,185.690,185.690,185.690,8634,141085
1518103560,185.690,185.690,185.690,185.690,0,0
1518103620,185.790,185.670,185.670,185.900,0,0
1518103680,185.550,185.720,185.550,185.730,0,0
1518103800,185.670,185.760,185.660,185.760,10324,149719
1518103860,185.770,185.610,185.610,185.770,0,0
1518103980,185.620,185.650,185.620,185.760,0,0
1518104040,185.680,185.560,185.560,185.680,0,0
1518104100,185.870,185.530,185.520,185.870,8409,160043
1518104160,185.870,185.530,185.520,185.870,0,0
1518104220,185.550,185.510,185.510,185.550,0,0
1518104280,185.460,185.480,185.290,185.480,0,0
1518104340,185.460,185.560,185.460,185.560,0,0
1518104400,185.560,185.570,185.560,185.570,8230,168452
1518104460,185.620,185.750,185.620,185.750,0,0
1518104520,185.880,185.780,185.780,185.880,0,0
1518104580,185.790,185.710,185.710,185.790,0,0
1518104640,185.530,185.440,185.440,185.530,0,0
1518104700,185.510,185.440,185.440,185.510,11821,176682
1518104760,185.390,185.390,185.390,185.390,0,0
1518104820,185.430,185.590,185.430,185.590,0,0
1518104880,185.500,185.480,185.450,185.500,0,0
1518105000,185.310,185.150,185.150,185.310,8155,188503
1518105060,185.100,185.100,185.100,185.100,0,0
1518105120,184.910,184.910,184.910,184.910,0,0
1518105240,184.580,184.550,184.550,184.580,0,0
1518105300,184.400,184.400,184.400,184.400,8649,196658
1518105360,184.540,184.690,184.540,184.690,0,0
1518105420,184.690,184.830,184.690,184.830,0,0
1518105480,184.790,184.720,184.690,184.790,0,0
1518105540,184.780,184.790,184.780,184.900,0,0
1518105600,184.830,185.040,184.830,185.040,15697,205307
1518105660,184.940,184.900,184.900,184.940,0,0
1518105720,185.010,185.000,184.940,185.010,0,0
1518105780,185.010,185.060,185.010,185.060,0,0
1518105840,185.030,184.970,184.970,185.060,0,0
1518105900,184.960,184.970,184.920,185.010,21942,221004
1518105960,184.600,184.600,184.600,184.600,0,0
1518106020,184.530,184.470,184.470,184.570,0,0
1518106080,184.540,184.000,184.000,184.540,0,0
1518106140,183.940,184.160,183.890,184.160,0,0
1518106200,184.070,183.830,183.830,184.100,24826,242946
1518106260,183.990,184.100,183.930,184.110,0,0
1518106320,184.010,184.070,184.010,184.070,0,0
1518106380,184.070,184.060,183.980,184.100,0,0
1518106440,184.090,184.030,184.030,184.300,0,0
1518106500,184.230,184.240,184.160,184.390,24993,267772
1518106560,184.260,184.090,184.090,184.340,0,0
1518106620,184.240,184.530,184.240,184.530,0,0
1518106680,184.530,184.370,184.370,184.530,0,0
1518106740,184.280,184.110,184.100,184.280,0,0
1518106800,184.200,184.150,184.010,184.200,16429,292765
1518106860,184.130,184.110,183.910,184.130,0,0
1518106920,184.100,183.950,183.820,184.100,0,0
1518106980,183.830,183.430,183.350,183.830,0,0
1518107040,183.490,183.490,183.490,183.490,0,0
1518107100,183.380,183.230,183.180,183.380,17993,309194
1518107160,183.350,183.360,183.290,183.360,0,0
1518107220,183.110,183.180,183.110,183.300,0,0
1518107280,183.260,183.370,183.260,183.370,0,0
1518107340,183.380,183.120,183.120,183.380,0,0
1518107400,183.410,183.370,183.370,183.470,12510,327187
1518107460,183.410,183.380,183.380,183.410,0,0
1518107520,183.380,183.220,183.160,183.390,0,0
1518107580,183.220,183.510,183.220,183.510,0,0
1518107640,183.510,183.470,183.450,183.530,0,0
1518107700,183.550,183.860,183.550,183.860,17320,339697
1518107760,183.770,183.950,183.710,183.950,0,0
1518107820,184.030,184.290,184.030,184.290,0,0
1518107880,184.310,184.620,184.310,184.620,0,0
1518107940,184.760,185.040,184.760,185.040,0,0
1518108000,184.940,184.790,184.790,184.940,15180,357017
1518108060,184.750,184.750,184.750,184.750,0,0
1518108120,184.750,184.850,184.750,184.850,0,0
1518108180,184.640,184.700,184.510,184.700,0,0
1518108240,184.760,184.950,184.760,184.950,0,0
1518108300,184.910,184.740,184.700,184.910,15218,372197
1518108360,184.750,184.570,184.570,184.750,0,0
1518108420,184.720,184.720,184.720,184.720,0,0
1518108480,184.800,184.600,184.600,184.800,0,0
1518108540,184.890,184.890,184.890,184.890,0,0
1518108600,184.890,185.060,184.890,185.060,14517,387415
1518108660,184.830,185.010,184.830,185.010,0,0
1518108720,185.090,185.250,185.090,185.250,0,0
1518108780,185.390,184.980,184.980,185.390,0,0
1518108840,184.970,185.030,184.850,185.030,0,0
1518108900,184.970,185.100,184.970,185.100,9628,401932
1518108960,185.110,184.900,184.900,185.170,0,0
1518109020,184.810,185.030,184.810,185.030,0,0
1518109080,185.030,184.770,184.770,185.030,0,0
1518109140,184.840,184.810,184.810,184.840,0,0
1518109200,184.520,184.520,184.520,184.520,2556,411560
1518109260,184.680,184.680,184.680,184.680,0,0
1518109440,184.700,184.740,184.700,184.740,0,0
1518109500,184.690,184.670,184.610,184.750,12679,414116
1518109560,184.630,184.630,184.630,184.630,0,0
1518109620,184.570,184.430,184.430,184.570,0,0
1518109680,184.370,184.370,184.370,184.370,0,0
1518109740,184.210,184.100,184.100,184.210,0,0
1518109800,184.210,184.260,184.210,184.260,8018,426795
1518109860,184.140,184.140,184.140,184.140,0,0
1518109920,184.270,184.350,184.270,184.400,0,0
1518110040,184.500,184.290,184.290,184.500,0,0
1518110100,184.330,184.300,184.300,184.330,5680,434813
1518110160,184.330,184.300,184.300,184.330,0,0
1518110220,184.160,184.160,184.160,184.160,0,0
1518110280,184.120,184.230,184.120,184.230,0,0
1518110340,184.240,184.270,184.240,184.390,0,0
1518110400,184.120,184.100,184.080,184.120,28186,440493
1518110460,184.100,184.280,184.100,184.290,0,0
1518110520,184.280,184.270,184.100,184.290,0,0
1518110580,184.100,184.100,184.100,184.100,0,0
1518110640,184.310,184.100,184.100,184.310,0,0
1518110700,184.080,184.080,184.080,184.080,7109,468679
1518110760,183.900,183.700,183.700,183.900,0,0
1518110820,183.400,183.760,183.400,183.760,0,0
1518110880,184.000,184.000,184.000,184.000,0,0
1518110940,183.700,183.590,183.590,183.700,0,0
1518111000,183.790,183.500,183.500,183.790,8091,475788
1518111120,183.790,183.500,183.500,183.790,0,0
1518111180,183.400,183.510,183.220,183.510,0,0
1518111240,183.150,183.500,183.150,183.500,0,0
1518111300,183.420,183.470,183.220,183.490,9532,483879
1518111420,183.610,183.450,183.450,183.610,0,0
1518111480,183.400,183.440,183.380,183.440,0,0
1518111540,183.550,183.630,183.550,183.670,0,0
1518111600,183.690,183.690,183.690,183.690,7964,493411
1518111660,183.900,184.250,183.900,184.250,0,0
1518111720,183.980,184.270,183.980,184.400,0,0
1518111780,184.270,184.270,184.270,184.270,0,0
1518111840,184.340,184.000,184.000,184.340,0,0
1518111900,184.040,183.960,183.830,184.040,3248,501375
1518112020,183.880,183.710,183.710,183.880,0,0
1518112200,183.790,183.790,183.790,183.790,21701,504623
1518112260,183.690,183.690,183.690,183.690,0,0
1518112320,183.660,183.710,183.610,183.710,0,0
1518112380,183.680,183.540,183.540,183.690,0,0
1518112440,183.550,183.230,183.170,183.550,0,0
1518112500,182.820,182.990,182.820,183.000,9269,526324
1518112560,182.930,182.930,182.930,182.930,0,0
1518112620,183.190,183.210,183.190,183.210,0,0
1518112680,183.310,183.400,183.310,183.400,0,0
1518112740,183.420,183.600,183.420,183.600,0,0
1518112800,183.470,183.500,183.470,183.500,9776,535593
1518112860,183.530,183.610,183.530,183.660,0,0
1518112920,183.900,183.370,183.370,183.900,0,0
1518112980,183.450,183.510,183.410,183.510,0,0
1518113040,183.450,183.550,183.450,183.550,0,0
1518113100,183.350,183.350,183.350,183.350,8855,545369
1518113160,183.200,183.070,183.020,183.200,0,0
1518113220,183.030,183.350,183.030,183.350,0,0
1518113280,183.480,183.480,183.480,183.480,0,0
1518113340,183.410,183.830,183.330,183.830,0,0
1518113400,183.580,183.740,183.580,183.740,6791,554224
1518113460,183.580,183.740,183.580,183.740,0,0
1518113520,183.830,183.630,183.630,183.830,0,0
1518113580,183.900,183.770,183.680,183.900,0,0
1518113640,183.560,183.660,183.560,183.660,0,0
1518113700,183.960,184.080,183.960,184.080,5976,561015
1518113760,183.890,183.950,183.890,183.950,0,0
1518113820,184.480,184.480,184.480,184.480,0,0
1518113880,184.190,184.080,184.080,184.190,0,0
1518113940,184.060,184.060,184.060,184.060,0,0
1518114000,184.250,184.490,184.250,184.490,8021,566991
1518114060,184.260,184.270,184.260,184.270,0,0
1518114120,184.280,184.280,184.280,184.280,0,0
1518114180,184.190,184.190,184.190,184.190,0,0
1518114240,184.220,184.400,184.220,184.400,0,0
1518114300,184.360,184.110,184.110,184.360,9939,575012
1518114360,184.120,184.050,184.050,184.120,0,0
1518114420,184.050,183.880,183.880,184.050,0,0
1518114480,183.470,183.470,183.470,183.470,0,0
1518114540,183.760,183.460,183.460,183.820,0,0
1518114600,183.990,183.970,183.640,183.990,6105,584951
1518114720,183.520,183.520,183.520,183.520,0,0
1518114780,183.700,183.840,183.670,183.840,0,0
1518114840,183.650,183.650,183.650,183.650,0,0
1518114900,183.900,184.000,183.900,184.000,5555,591056
1518114960,183.950,183.950,183.950,183.950,0,0
1518115020,184.110,184.280,184.110,184.340,0,0
1518115080,184.420,184.420,184.420,184.420,0,0
1518115140,184.470,184.470,184.470,184.470,0,0
1518115200,184.740,184.720,184.720,184.790,11285,596611
1518115260,184.690,184.550,184.550,184.690,0,0
1518115320,184.710,184.560,184.560,184.860,0,0
1518115380,184.850,184.850,184.850,184.850,0,0
1518115440,184.940,185.070,184.940,185.070,0,0
1518115500,184.970,184.870,184.870,184.970,4756,607896
1518115560,184.970,184.870,184.870,184.970,0,0
1518115620,184.950,184.680,184.680,184.950,0,0
1518115680,184.750,184.750,184.750,184.750,0,0
1518115740,184.570,184.520,184.520,184.570,0,0
1518115800,184.430,184.550,184.430,184.550,7511,612652
1518115860,184.440,184.440,184.440,184.440,0,0
1518115920,184.250,184.540,184.250,184.540,0,0
1518115980,184.870,184.870,184.870,184.870,0,0
1518116040,184.920,184.920,184.920,184.920,0,0
1518116100,184.840,184.760,184.760,184.840,10790,620163
1518116160,184.880,184.520,184.520,184.970,0,0
1518116220,184.570,184.570,184.570,184.570,0,0
1518116280,184.650,184.970,184.650,184.970,0,0
1518116340,184.900,185.050,184.850,185.050,0,0
1518116400,184.850,184.620,184.620,185.010,6522,630953
1518116460,184.540,184.680,184.540,184.680,0,0
1518116520,184.620,184.390,184.390,184.620,0,0
1518116640,184.150,184.140,184.140,184.150,0,0
1518116700,184.370,184.370,184.370,184.370,5287,637475
1518116760,184.210,184.140,184.140,184.310,0,0
1518116820,184.400,184.400,184.400,184.400,0,0
1518116880,184.380,184.380,184.380,184.380,0,0
1518116940,184.140,184.310,184.140,184.310,0,0
1518117000,184.450,184.590,184.450,184.590,8582,642762
1518117060,184.480,184.480,184.480,184.480,0,0
1518117120,184.480,184.600,184.480,184.680,0,0
1518117180,184.600,184.740,184.530,184.740,0,0
1518117300,184.600,184.240,184.240,184.600,7505,651344
1518117360,184.430,184.840,184.430,184.840,0,0
1518117600,184.930,184.950,184.900,185.010,14533,658849
1518117660,184.930,184.950,184.900,185.010,0,0
1518117720,185.000,184.640,184.640,185.000,0,0
1518117780,184.800,184.800,184.800,184.800,0,0
1518117840,184.720,184.620,184.620,184.720,0,0
1518117900,184.450,184.210,184.210,184.450,20657,673382
1518117960,184.190,184.270,184.190,184.340,0,0
1518118020,184.210,184.070,184.070,184.210,0,0
1518118080,184.160,184.000,184.000,184.160,0,0
1518118140,184.050,183.920,183.920,184.050,0,0
1518118200,183.540,183.540,183.540,183.540,10834,694039
1518118260,183.740,183.780,183.740,183.780,0,0
1518118320,183.570,183.590,183.570,183.590,0,0
1518118380,183.620,183.620,183.620,183.620,0,0
1518118440,183.470,183.360,183.360,183.470,0,0
1518118500,183.430,183.240,183.240,183.450,6413,704873
1518118560,183.030,183.030,183.030,183.030,0,0
1518118620,183.210,183.390,183.210,183.390,0,0
1518118680,183.580,183.580,183.580,183.580,0,0
1518118740,183.450,183.750,183.450,183.750,0,0
1518118800,183.520,183.520,183.520,183.520,3768,711286
1518118860,183.550,183.550,183.550,183.550,0,0
1518118920,183.660,183.720,183.660,183.720,0,0
1518118980,183.660,183.660,183.660,183.660,0,0
1518119040,183.660,183.660,183.660,183.660,0,0
1518119100,183.600,183.670,183.570,183.670,13139,715054
1518119160,183.390,183.390,183.390,183.390,0,0
1518119220,183.640,183.640,183.640,183.640,0,0
1518119280,183.420,183.430,183.400,183.430,0,0
1518119340,183.450,183.580,183.450,183.580,0,0
1518119400,183.590,183.530,183.530,183.590,6518,728193
1518119460,183.430,183.430,183.430,183.430,0,0
1518119580,183.330,183.310,183.310,183.330,0,0
1518119640,183.200,183.160,183.160,183.200,0,0
1518119700,183.030,182.870,182.870,183.030,7946,734711
1518119760,182.980,183.280,182.980,183.280,0,0
1518119820,183.200,183.200,183.200,183.200,0,0
1518119880,183.220,183.320,183.220,183.320,0,0
1518119940,183.240,183.240,183.240,183.240,0,0
1518120000,183.390,183.230,183.230,183.390,11119,742657
1518120060,183.360,183.660,183.360,183.660,0,0
1518120120,183.720,183.490,183.490,183.720,0,0
1518120180,183.480,183.870,183.480,183.870,0,0
1518120240,183.900,184.090,183.900,184.090,0,0
1518120300,183.850,183.860,183.850,183.860,11038,753776
1518120360,183.510,183.400,183.300,183.540,0,0
1518120420,183.370,183.370,183.370,183.370,0,0
1518120480,183.300,183.300,183.300,183.300,0,0
1518120540,183.280,183.310,183.280,183.310,0,0
1518120600,183.050,183.100,183.050,183.110,12614,764814
1518120660,183.270,183.160,183.160,183.270,0,0
1518120720,183.020,182.930,182.930,183.070,0,0
1518120780,182.910,182.550,182.550,182.910,0,0
1518120840,182.620,182.690,182.620,182.690,0,0
1518120900,182.910,182.940,182.910,182.940,11457,777428
1518120960,182.770,182.810,182.770,182.810,0,0
1518121020,182.920,182.920,182.920,182.920,0,0
1518121080,183.010,183.060,183.010,183.060,0,0
1518121140,182.810,182.820,182.810,182.820,0,0
1518121200,182.820,182.310,182.310,182.820,16856,788885
1518121260,182.580,182.810,182.580,182.810,0,0
1518121320,183.000,182.960,182.950,183.000,0,0
1518121380,182.860,182.790,182.790,182.860,0,0
1518121440,182.790,182.690,182.690,182.790,0,0
1518121500,182.670,182.950,182.670,182.950,22992,805741
1518121560,182.960,182.780,182.780,182.960,0,0
1518121620,182.750,183.010,182.750,183.010,0,0
1518121680,183.110,183.020,183.020,183.110,0,0
1518121740,183.030,182.800,182.710,183.030,0,0
1518121800,182.700,183.020,182.700,183.150,25746,828733
1518121860,182.690,182.620,182.620,182.750,0,0
1518121920,182.560,182.770,182.560,182.790,0,0
1518121980,182.600,182.530,182.530,182.660,0,0
1518122040,182.440,182.240,182.240,182.440,0,0
1518122100,182.210,182.000,182.000,182.300,29623,854479
1518122160,182.150,182.040,182.000,182.150,0,0
1518122220,181.930,181.750,181.730,181.930,0,0
1518122280,181.700,181.710,181.470,181.710,0,0
1518122340,181.730,181.310,181.310,181.730,0,0
1518122400,181.360,181.190,181.110,181.360,63088,884102
1518122460,181.290,181.160,181.150,181.390,0,0
1518122520,181.270,181.120,181.110,181.270,0,0
1518122580,180.920,180.980,180.860,181.160,0,0
1518122640,181.030,181.690,181.030,181.690,0,0
1518122700,181.630,180.450,180.450,181.630,55514,947190
1518122760,180.510,180.430,180.210,180.740,0,0
1518122820,180.450,180.510,180.450,180.680,0,0
1518122880,180.310,180.340,180.110,180.600,0,0
1518122940,180.330,180.490,180.330,180.490,0,0
1518123000,180.340,180.460,180.150,180.460,57191,1002704
1518123060,180.290,179.940,179.810,180.320,0,0
1518123120,180.060,180.130,180.010,180.240,0,0
1518123180,179.780,179.500,179.460,179.780,0,0
1518123240,179.500,180.100,179.500,180.110,0,0
1518123300,180.080,179.810,179.760,180.210,195423,1059895
1518123360,179.890,179.780,179.460,179.890,0,0
1518123420,179.630,179.420,179.410,179.630,0,0
1518123480,179.100,179.130,179.050,179.400,0,0
1518123540,179.260,178.730,178.670,179.260,0,0
1518186600,181.620,180.800,180.800,181.620,30848,0
1518186780,181.620,180.800,180.800,181.620,0,0
1518186840,181.520,180.940,180.940,181.890,0,0
1518186900,180.760,181.110,180.500,181.110,21509,30848
1518186960,180.940,180.690,180.690,180.980,0,0
1518187020,180.660,180.660,180.660,180.660,0,0
1518187080,180.750,180.930,180.500,180.930,0,0
1518187140,180.930,180.680,180.680,180.930,0,0
1518187200,180.410,180.230,180.230,180.410,17752,52357
1518187260,180.060,180.580,180.060,180.580,0,0
1518187320,180.330,180.330,180.330,180.330,0,0
1518187440,180.910,181.000,180.910,181.250,0,0
1518187500,180.910,180.560,180.560,180.980,37305,70109
1518187560,180.650,180.900,180.650,180.900,0,0
1518187620,180.900,181.290,180.900,181.290,0,0
1518187680,181.270,180.900,180.900,181.270,0,0
1518187740,180.660,180.660,180.660,180.660,0,0
1518187800,181.010,181.060,180.780,181.300,15646,107414
1518187860,181.390,180.950,180.950,181.390,0,0
1518187920,180.950,181.200,180.950,181.200,0,0
1518187980,181.410,181.580,181.400,181.580,0,0
1518188100,181.980,182.040,181.950,182.220,19466,123060
1518188160,181.950,181.950,181.950,181.950,0,0
1518188220,181.760,181.760,181.760,181.760,0,0
1518188280,181.780,181.780,181.780,181.780,0,0
1518188340,181.840,180.940,180.940,181.890,0,0
1518188400,180.970,181.200,180.970,181.200,48913,142526
1518188460,181.850,181.560,181.560,181.850,0,0
1518188520,181.690,181.900,181.690,181.900,0,0
1518188580,181.810,181.920,181.810,182.000,0,0
1518188640,181.790,181.810,181.790,181.810,0,0
1518188700,181.830,181.720,181.720,181.830,43716,191439
1518188760,181.520,181.750,181.520,181.770,0,0
1518188820,181.430,181.080,181.080,181.430,0,0
1518188880,181.010,180.500,180.500,181.010,0,0
1518188940,180.710,180.850,180.550,180.980,0,0
1518189000,180.840,180.880,180.840,181.000,16060,235155
1518189060,180.900,180.730,180.730,180.900,0,0
1518189120,180.640,180.750,180.640,180.820,0,0
1518189180,180.720,180.580,180.580,180.720,0,0
1518189240,180.640,180.520,180.470,180.640,0,0
1518189300,180.550,180.500,180.440,180.550,31633,251215
1518189360,180.690,180.720,180.590,180.910,0,0
1518189420,180.580,180.710,180.580,180.810,0,0
1518189480,180.330,180.310,180.270,180.560,0,0
1518189540,180.410,180.580,180.410,180.580,0,0
1518189600,180.990,180.720,180.720,180.990,20786,282848
1518189660,180.750,180.830,180.740,180.830,0,0
1518189720,180.670,180.570,180.500,180.670,0,0
1518189780,180.800,181.170,180.800,181.170,0,0
1518189840,180.840,180.700,180.700,180.850,0,0
1518189900,180.900,181.100,180.900,181.100,10480,303634
1518189960,181.400,181.400,181.400,181.400,0,0
1518190020,181.260,181.130,181.130,181.260,0,0
1518190080,180.870,181.210,180.870,181.310,0,0
1518190140,180.890,180.890,180.890,180.890,0,0
1518190200,181.280,180.750,180.750,181.280,24151,314114
1518190260,180.310,180.870,180.310,180.870,0,0
1518190320,180.950,180.310,180.310,180.950,0,0
1518190380,180.500,180.600,180.480,180.600,0,0
1518190440,180.530,180.670,180.530,180.850,0,0
1518190500,180.740,180.750,180.740,180.750,17338,338265
1518190560,180.760,180.870,180.640,180.960,0,0
1518190620,180.990,181.000,180.880,181.100,0,0
1518190680,181.000,181.000,181.000,181.000,0,0
1518190740,180.940,180.550,180.340,180.940,0,0
1518190800,180.360,179.940,179.810,180.360,41938,355603
1518190860,179.820,179.900,179.770,179.900,0,0
1518190920,180.040,180.080,179.980,180.240,0,0
1518190980,180.230,180.160,180.160,180.380,0,0
1518191040,180.240,179.960,179.780,180.240,0,0
1518191100,180.070,179.940,179.940,180.190,29518,397541
1518191160,179.910,179.630,179.630,179.910,0,0
1518191220,179.460,179.380,179.310,179.460,0,0
1518191280,179.290,178.620,178.620,179.290,0,0
1518191340,178.700,179.030,178.700,179.040,0,0
1518191400,178.810,179.110,178.810,179.110,24144,427059
1518191460,179.260,179.610,179.260,179.610,0,0
1518191520,179.430,179.630,179.430,179.630,0,0
1518191580,179.440,179.910,179.320,180.060,0,0
1518191640,179.850,180.270,179.850,180.270,0,0
1518191700,180.470,179.840,179.840,180.480,11921,451203
1518191760,180.220,180.290,180.220,180.420,0,0
1518191820,180.450,180.080,180.080,180.520,0,0
1518191880,180.000,180.190,179.990,180.190,0,0
1518191940,180.240,180.240,180.240,180.240,0,0
1518192000,180.020,180.170,180.020,180.170,15881,463124
1518192060,180.490,180.510,180.490,180.510,0,0
1518192120,180.320,180.990,180.320,180.990,0,0
1518192180,180.800,181.030,180.800,181.030,0,0
1518192240,181.540,181.470,181.470,181.540,0,0
1518192300,181.080,180.960,180.960,181.080,8674,479005
1518192360,180.960,180.980,180.430,180.980,0,0
1518192420,180.940,180.940,180.940,180.940,0,0
1518192480,180.590,180.590,180.590,180.590,0,0
1518192540,180.610,180.610,180.610,180.610,0,0
1518192600,180.640,181.020,180.640,181.030,16024,487679
1518192660,180.860,180.680,180.680,180.960,0,0
1518192720,180.500,180.890,180.270,180.890,0,0
1518192780,181.090,181.190,181.040,181.190,0,0
1518192840,181.270,181.230,181.230,181.270,0,0
1518192900,181.130,181.190,181.130,181.230,18385,503703
1518192960,181.150,180.950,180.950,181.150,0,0
1518193020,180.930,180.120,180.020,180.930,0,0
1518193080,180.210,180.420,180.020,180.420,0,0
1518193140,180.410,180.510,180.410,180.510,0,0
1518193200,180.310,180.310,180.310,180.310,6858,522088
1518193260,180.670,180.800,180.670,180.930,0,0
1518193320,180.720,180.720,180.720,180.720,0,0
1518193380,180.210,180.210,180.210,180.210,0,0
1518193440,180.550,180.580,180.550,180.580,0,0
1518193500,180.160,180.300,180.160,180.300,6844,528946
1518193560,180.500,180.500,180.500,180.500,0,0
1518193620,180.270,180.170,180.170,180.270,0,0
1518193680,180.300,180.320,180.300,180.320,0,0
1518193740,180.620,180.340,180.340,180.620,0,0
1518193800,180.500,180.630,180.500,180.630,11457,535790
1518193860,180.620,180.620,180.620,180.620,0,0
1518193920,180.920,180.830,180.830,180.920,0,0
1518193980,180.940,181.250,180.940,181.410,0,0
1518194040,181.060,181.060,181.060,181.060,0,0
1518194100,181.060,181.150,181.060,181.200,8568,547247
1518194220,180.900,180.900,180.900,180.900,0,0
1518194280,181.030,181.010,181.010,181.200,0,0
1518194340,180.860,180.840,180.840,180.860,0,0
1518194400,180.750,180.930,180.750,180.930,10608,555815
1518194460,180.740,180.740,180.740,180.740,0,0
1518194520,180.680,180.670,180.670,180.680,0,0
1518194580,180.710,180.870,180.710,180.870,0,0
1518194640,180.940,180.930,180.930,180.940,0,0
1518194700,180.760,180.760,180.760,180.760,10494,566423
1518194760,180.820,180.840,180.820,180.920,0,0
1518194820,180.800,180.670,180.670,180.800,0,0
1518194880,180.680,180.920,180.680,180.940,0,0
1518194940,180.820,180.650,180.650,180.860,0,0
1518195000,180.650,180.360,180.360,180.650,10210,576917
1518195060,180.210,180.570,180.210,180.570,0,0
1518195120,180.290,180.290,180.290,180.290,0,0
1518195180,180.280,180.340,180.280,180.370,0,0
1518195240,180.420,180.430,180.420,180.510,0,0
1518195300,180.280,180.280,180.280,180.280,16818,587127
1518195360,180.220,180.270,180.220,180.270,0,0
1518195420,180.400,180.510,180.400,180.550,0,0
1518195480,180.150,180.190,180.150,180.190,0,0
1518195540,180.090,179.790,179.720,180.090,0,0
1518195600,179.850,179.550,179.550,179.850,16538,603945
1518195660,179.680,179.800,179.680,179.930,0,0
1518195720,179.930,179.970,179.930,180.070,0,0
1518195780,179.930,179.690,179.690,179.930,0,0
1518195840,179.680,179.690,179.680,179.690,0,0
1518195900,179.720,179.340,179.340,179.720,10604,620483
1518195960,178.980,178.750,178.750,178.980,0,0
1518196020,178.750,179.070,178.750,179.070,0,0
1518196080,178.850,178.600,178.600,178.850,0,0
1518196140,178.720,178.720,178.720,178.720,0,0
1518196200,178.450,178.790,178.190,178.790,11162,631087
1518196260,178.750,178.750,178.750,178.750,0,0
1518196320,178.750,178.630,178.630,178.750,0,0
1518196380,178.460,178.650,178.430,178.650,0,0
1518196440,178.400,178.020,178.020,178.400,0,0
1518196500,178.410,178.630,178.410,178.900,7646,642249
1518196560,178.700,178.530,178.530,178.700,0,0
1518196620,178.880,178.880,178.880,178.880,0,0
1518196680,178.770,178.690,178.690,178.770,0,0
1518196740,178.750,178.880,178.750,178.960,0,0
1518196800,178.930,179.070,178.880,179.070,17528,649895
1518196860,179.100,179.500,179.100,179.500,0,0
1518196920,179.550,179.660,179.550,179.660,0,0
1518196980,179.660,179.700,179.370,179.700,0,0
1518197040,179.430,179.190,179.080,179.430,0,0
1518197100,179.350,179.080,179.080,179.350,9642,667423
1518197160,179.060,178.460,178.460,179.060,0,0
1518197220,178.440,178.740,178.440,178.740,0,0
1518197280,178.650,178.330,178.330,178.650,0,0
1518197340,178.780,178.600,178.600,178.780,0,0
1518197400,178.790,178.630,178.630,178.790,8857,677065
1518197460,178.840,178.840,178.840,178.840,0,0
1518197520,178.840,178.720,178.720,178.840,0,0
1518197580,178.800,179.180,178.800,179.180,0,0
1518197640,179.160,178.880,178.880,179.160,0,0
1518197700,178.980,178.790,178.690,178.990,7599,685922
1518197760,178.570,178.680,178.570,178.680,0,0
1518197820,178.800,178.690,178.690,178.800,0,0
1518197880,178.870,178.870,178.870,178.870,0,0
1518198000,178.430,178.490,178.430,178.490,8148,693521
1518198180,178.280,178.580,178.280,178.580,0,0
1518198240,178.160,178.100,178.100,178.160,0,0
1518198300,178.200,178.520,178.060,178.520,10809,701669
1518198360,178.200,178.520,178.060,178.520,0,0
1518198420,178.000,178.070,177.930,178.070,0,0
1518198480,178.030,178.030,178.030,178.030,0,0
1518198540,178.050,178.060,178.010,178.060,0,0
1518198600,177.850,177.850,177.850,177.850,6927,712478
1518198660,177.880,178.730,177.880,178.730,0,0
1518198720,178.680,178.470,178.470,178.680,0,0
1518198780,178.400,178.400,178.400,178.400,0,0
1518198840,178.690,178.680,178.550,178.690,0,0
1518198900,178.820,179.000,178.820,179.000,7567,719405
1518198960,178.840,178.860,178.830,178.860,0,0
1518199020,179.150,179.150,179.150,179.150,0,0
1518199080,179.650,179.600,179.600,179.650,0,0
1518199140,179.620,179.920,179.620,179.920,0,0
1518199200,179.570,179.570,179.570,179.570,7511,726972
1518199260,179.610,179.500,179.430,179.630,0,0
1518199320,179.670,179.670,179.670,179.670,0,0
1518199380,179.510,178.940,178.940,179.510,0,0
1518199440,178.790,179.020,178.790,179.020,0,0
1518199500,178.890,179.440,178.890,179.440,7125,734483
1518199560,179.280,179.380,179.280,179.380,0,0
1518199620,179.260,179.300,179.260,179.300,0,0
1518199680,179.210,179.330,179.210,179.330,0,0
1518199740,179.090,178.840,178.840,179.090,0,0
1518199800,178.580,178.920,178.580,178.920,4834,741608
1518199920,178.490,178.450,178.380,178.490,0,0
1518199980,178.400,178.400,178.400,178.400,0,0
1518200100,178.250,178.430,178.250,178.430,16220,746442
1518200160,178.400,178.550,178.400,178.550,0,0
1518200220,178.440,178.760,178.440,178.790,0,0
1518200280,178.570,178.550,178.550,178.570,0,0
1518200340,178.580,179.000,178.580,179.000,0,0
1518200400,178.860,178.860,178.860,178.860,9058,762662
1518200460,179.070,179.030,179.030,179.070,0,0
1518200520,178.650,178.610,178.610,178.720,0,0
1518200580,178.320,178.450,178.320,178.450,0,0
1518200640,178.550,178.550,178.550,178.550,0,0
1518200700,178.550,178.550,178.550,178.550,11155,771720
1518200760,178.680,178.600,178.600,178.680,0,0
1518200820,178.400,178.220,178.170,178.400,0,0
1518200880,178.340,178.190,178.190,178.340,0,0
1518200940,178.070,178.460,178.070,178.510,0,0
1518201000,178.120,178.280,177.970,178.280,8271,782875
1518201060,178.470,178.540,178.460,178.540,0,0
1518201120,178.430,178.430,178.430,178.430,0,0
1518201180,178.330,178.280,178.280,178.330,0,0
1518201240,178.280,178.280,178.280,178.280,0,0
1518201300,178.150,178.500,178.090,178.500,46652,791146
1518201360,178.250,178.370,178.250,178.370,0,0
1518201420,178.250,178.280,178.240,178.300,0,0
1518201480,178.320,178.310,178.080,178.350,0,0
1518201540,178.320,178.230,178.230,178.390,0,0
1518201600,178.260,178.340,178.260,178.430,15072,837798
1518201660,178.290,178.450,178.260,178.450,0,0
1518201720,178.610,178.610,178.610,178.610,0,0
1518201780,178.950,178.970,178.950,179.200,0,0
1518201840,178.910,178.990,178.910,179.010,0,0
1518201900,179.100,179.350,179.100,179.350,17874,852870
1518201960,179.590,179.590,179.590,179.590,0,0
1518202020,179.580,179.820,179.580,179.820,0,0
1518202080,179.970,179.930,179.930,179.970,0,0
1518202140,180.230,180.170,180.020,180.230,0,0
1518202200,180.140,180.240,180.100,180.270,17834,870744
1518202260,180.330,180.360,180.220,180.360,0,0
1518202320,180.490,180.690,180.490,180.690,0,0
1518202380,180.610,180.810,180.410,180.810,0,0
1518202440,180.920,180.900,180.900,181.040,0,0
1518202500,181.150,181.560,181.150,181.560,31502,888578
1518202560,181.560,181.640,181.280,181.750,0,0
1518202620,181.600,181.710,181.600,181.710,0,0
1518202680,181.760,181.510,181.500,181.760,0,0
1518202740,181.260,181.220,181.160,181.380,0,0
1518202800,181.280,181.500,181.200,181.520,27940,920080
1518202860,181.410,181.800,181.410,181.800,0,0
1518202920,181.600,182.220,181.600,182.220,0,0
1518202980,182.210,182.630,182.210,183.000,0,0
1518203040,183.080,182.570,182.570,183.080,0,0
1518203100,182.710,182.730,182.490,182.730,21962,948020
1518203160,182.550,182.820,182.550,182.820,0,0
1518203220,182.570,182.840,182.560,182.860,0,0
1518203280,182.660,182.910,182.660,182.910,0,0
1518203340,182.490,182.760,182.490,182.760,0,0
1518203400,182.920,183.100,182.920,183.100,33907,969982
1518203460,183.240,182.930,182.930,183.240,0,0
1518203520,182.840,182.720,182.720,182.990,0,0
1518203580,182.490,182.540,182.220,182.540,0,0
1518203640,182.650,182.730,182.650,182.810,0,0
1518203700,182.630,182.490,182.490,182.750,15785,1003889
1518203760,182.430,182.660,182.430,182.800,0,0
1518203820,182.690,182.820,182.690,182.890,0,0
1518203880,182.790,183.340,182.790,183.340,0,0
1518204000,183.170,183.060,183.050,183.230,10517,1019674
1518204060,182.910,183.240,182.910,183.240,0,0
1518204120,183.150,183.150,183.150,183.150,0,0
1518204180,183.020,183.160,183.020,183.160,0,0
1518204240,183.160,183.470,183.160,183.470,0,0
1518204300,183.600,183.850,183.600,184.130,10413,1030191
1518204360,183.670,183.560,183.560,183.720,0,0
1518204420,183.280,183.260,183.260,183.280,0,0
1518204480,183.240,182.880,182.880,183.240,0,0
1518204540,182.620,182.040,182.040,182.620,0,0
1518204600,182.290,182.180,182.180,182.580,19418,1040604
1518204660,182.040,182.110,182.020,182.380,0,0
1518204720,182.130,181.970,181.970,182.250,0,0
1518204780,181.950,181.820,181.800,182.050,0,0
1518204840,181.780,181.630,181.630,181.780,0,0
1518204900,181.720,181.150,181.150,181.720,13030,1060022
1518204960,181.130,181.860,181.130,181.860,0,0
1518205020,181.560,182.050,181.560,182.050,0,0
1518205080,182.000,181.930,181.930,182.000,0,0
1518205140,182.060,182.240,181.940,182.240,0,0
1518205200,182.460,182.020,182.020,182.460,16430,1073052
1518205260,182.550,182.550,182.550,182.550,0,0
1518205320,182.620,182.750,182.620,182.750,0,0
1518205380,182.470,182.200,182.200,182.470,0,0
1518205440,182.060,182.050,182.050,182.060,0,0
1518205500,182.510,182.340,182.340,182.510,10042,1089482
1518205560,182.360,182.760,182.360,182.760,0,0
1518205620,182.560,182.220,182.160,182.560,0,0
1518205680,182.100,182.100,182.100,182.100,0,0
1518205740,182.230,182.380,182.230,182.380,0,0
1518205800,182.280,182.500,182.280,182.500,6164,1099524
1518205860,182.280,182.500,182.280,182.500,0,0
1518205920,182.650,182.650,182.650,182.650,0,0
1518205980,182.590,182.410,182.410,182.590,0,0
1518206040,182.470,182.430,182.430,182.470,0,0
1518206100,182.300,182.050,181.880,182.300,9486,1105688
1518206160,182.040,181.990,181.990,182.040,0,0
1518206220,182.070,182.210,182.070,182.210,0,0
1518206280,181.970,181.900,181.900,181.970,0,0
1518206340,181.410,181.410,181.410,181.410,0,0
1518206400,181.450,181.480,181.450,181.480,13720,1115174
1518206460,181.410,181.160,181.160,181.560,0,0
1518206520,181.080,180.900,180.870,181.080,0,0
1518206580,180.900,180.950,180.900,181.060,0,0
1518206640,180.690,180.690,180.690,180.690,0,0
1518206700,180.550,180.780,180.550,180.800,17048,1128894
1518206760,180.650,180.650,180.650,180.650,0,0
1518206820,180.460,180.630,180.460,180.740,0,0
1518206880,180.530,180.250,180.220,180.530,0,0
1518206940,180.140,180.350,180.140,180.350,0,0
1518207000,180.290,180.150,180.150,180.290,11868,1145942
1518207060,180.320,180.180,180.160,180.320,0,0
1518207120,180.410,180.710,180.410,180.710,0,0
1518207180,180.680,180.890,180.620,180.890,0,0
1518207240,181.120,181.280,181.090,181.280,0,0
1518207300,181.470,181.530,181.470,181.540,12388,1157810
1518207360,181.630,181.610,181.270,181.630,0,0
1518207420,181.740,181.860,181.740,181.860,0,0
1518207480,181.720,181.600,181.600,181.720,0,0
1518207540,181.850,181.850,181.850,181.850,0,0
1518207600,182.020,182.350,182.020,182.350,14496,1170198
1518207660,182.370,182.160,182.160,182.370,0,0
1518207720,181.730,182.060,181.730,182.060,0,0
1518207780,181.960,181.900,181.900,181.960,0,0
1518207840,182.020,181.720,181.720,182.020,0,0
1518207900,181.320,181.320,181.320,181.320,15534,1184694
1518207960,181.670,182.060,181.670,182.060,0,0
1518208020,181.980,181.870,181.870,181.980,0,0
1518208080,181.880,182.360,181.880,182.360,0,0
1518208140,182.360,182.060,182.060,182.360,0,0
1518208200,182.120,182.150,182.120,182.270,16902,1200228
1518208260,182.080,182.230,181.990,182.230,0,0
1518208320,182.370,182.370,182.370,182.370,0,0
1518208380,182.450,182.490,182.430,182.490,0,0
1518208440,182.480,182.310,182.270,182.480,0,0
1518208500,182.230,182.310,182.230,182.370,18567,1217130
1518208560,182.160,181.590,181.590,182.180,0,0
1518208620,181.910,182.040,181.910,182.040,0,0
1518208680,182.200,182.400,181.880,182.400,0,0
1518208740,182.290,181.870,181.870,182.290,0,0
1518208800,182.060,182.090,182.060,182.090,13682,1235697
1518208860,182.100,182.390,182.100,182.440,0,0
1518208920,182.460,182.420,182.420,182.490,0,0
1518208980,182.450,182.580,182.450,182.650,0,0
1518209040,182.640,182.680,182.500,182.680,0,0
1518209100,182.770,183.130,182.770,183.130,21934,1249379
1518209160,183.420,183.590,183.420,183.690,0,0
1518209220,183.700,183.830,183.700,184.040,0,0
1518209280,184.000,184.200,184.000,184.200,0,0
1518209340,184.250,183.810,183.670,184.250,0,0
1518209400,183.950,184.130,183.930,184.200,29083,1271313
1518209460,184.010,184.620,184.010,184.620,0,0
1518209520,184.620,184.330,184.230,184.620,0,0
1518209580,183.850,184.080,183.840,184.310,0,0
1518209640,184.100,184.040,184.040,184.220,0,0
1518209700,183.650,183.820,183.500,183.820,113721,1300396
1518209760,183.750,183.440,183.440,183.750,0,0
1518209820,183.590,183.200,182.850,183.590,0,0
1518209880,183.170,182.750,182.750,183.170,0,0
1518209940,182.710,183.040,182.540,183.040,0,0
1518445800,186.100,186.100,186.100,186.100,9850,0
1518445920,186.100,186.100,186.100,186.100,0,0
1518445980,184.710,185.020,184.710,185.020,0,0
1518446100,185.190,185.190,185.190,185.190,6116,9850
1518446220,185.190,184.950,184.950,185.220,0,0
1518446280,185.420,185.420,185.420,185.420,0,0
1518446340,185.490,185.380,185.380,185.490,0,0
1518446400,185.400,185.890,185.400,185.890,6806,15966
1518446460,185.810,185.810,185.810,185.810,0,0
1518446520,185.800,185.820,185.800,185.820,0,0
1518446580,185.990,186.030,185.860,186.050,0,0
1518446700,186.220,186.010,186.010,186.220,11173,22772
1518446760,185.990,185.990,185.990,185.990,0,0
1518446820,185.530,185.440,185.440,185.530,0,0
1518446880,185.350,185.130,185.000,185.350,0,0
1518446940,184.900,184.790,184.790,184.900,0,0
1518447000,184.720,184.510,184.510,184.720,11235,33945
1518447060,184.880,184.650,184.650,184.970,0,0
1518447120,184.750,184.760,184.750,184.780,0,0
1518447180,184.760,184.900,184.760,184.900,0,0
1518447240,184.650,184.660,184.650,184.660,0,0
1518447300,184.760,184.740,184.740,184.760,18988,45180
1518447360,185.010,185.220,184.880,185.220,0,0
1518447420,185.090,185.010,185.000,185.230,0,0
1518447480,184.910,184.910,184.910,184.910,0,0
1518447540,184.500,184.560,184.500,184.560,0,0
1518447600,184.670,184.840,184.670,184.840,7494,64168
1518447660,184.780,184.780,184.780,184.780,0,0
1518447720,184.930,185.110,184.930,185.110,0,0
1518447780,185.150,185.310,185.150,185.320,0,0
1518447840,185.400,185.400,185.400,185.400,0,0
1518447900,185.380,184.960,184.820,185.380,15668,71662
1518447960,185.380,184.960,184.820,185.380,0,0
1518448020,185.020,184.690,184.690,185.020,0,0
1518448080,184.840,184.690,184.690,184.840,0,0
1518448140,184.540,184.460,184.460,184.650,0,0
1518448200,184.450,184.420,184.420,184.450,7744,87330
1518448260,184.560,184.560,184.560,184.560,0,0
1518448380,184.340,184.340,184.340,184.340,0,0
1518448440,184.550,184.550,184.550,184.550,0,0
1518448500,184.520,184.270,184.270,184.520,13995,95074
1518448560,184.250,184.110,184.110,184.250,0,0
1518448620,184.460,184.410,184.410,184.460,0,0
1518448680,184.330,184.230,184.230,184.370,0,0
1518448740,184.220,184.100,184.100,184.280,0,0
1518448800,184.110,183.890,183.890,184.110,15234,109069
1518448860,183.890,184.070,183.890,184.070,0,0
1518448920,184.180,184.020,184.020,184.180,0,0
1518449040,183.920,183.890,183.890,183.920,0,0
1518449100,183.880,184.010,183.850,184.010,6379,124303
1518449160,183.650,183.650,183.650,183.650,0,0
1518449280,184.060,184.060,184.060,184.060,0,0
1518449340,184.330,184.360,184.330,184.360,0,0
1518449400,184.700,184.480,184.480,184.700,4826,130682
1518449460,184.420,184.540,184.420,184.540,0,0
1518449520,184.500,184.390,184.390,184.760,0,0
1518449700,184.660,184.810,184.660,184.810,7206,135508
1518449760,184.970,184.970,184.970,184.970,0,0
1518449880,185.080,185.210,185.080,185.210,0,0
1518449940,184.840,184.840,184.840,184.840,0,0
1518450000,184.480,184.640,184.480,184.640,5265,142714
1518450120,184.480,184.640,184.480,184.640,0,0
1518450180,184.670,184.460,184.460,184.690,0,0
1518450240,184.630,184.770,184.620,184.770,0,0
1518450300,185.020,185.020,185.020,185.020,5379,147979
1518450420,184.880,184.880,184.880,184.880,0,0
1518450480,184.940,185.090,184.940,185.110,0,0
1518450540,184.970,185.210,184.970,185.210,0,0
1518450600,185.290,185.300,185.290,185.300,11989,153358
1518450660,185.240,185.260,185.240,185.260,0,0
1518450720,185.190,185.160,185.160,185.190,0,0
1518450780,185.050,185.170,185.050,185.170,0,0
1518450840,185.360,185.250,185.250,185.360,0,0
1518450900,185.460,185.310,185.310,185.460,4048,165347
1518451020,185.050,185.160,185.050,185.160,0,0
1518451080,185.280,185.280,185.280,185.280,0,0
1518451140,185.360,185.360,185.360,185.360,0,0
1518451200,185.340,185.340,185.340,185.340,7005,169395
1518451260,184.930,184.930,184.930,184.930,0,0
1518451320,185.010,184.690,184.690,185.060,0,0
1518451380,185.010,185.010,185.010,185.010,0,0
1518451440,185.110,185.110,185.110,185.110,0,0
1518451500,185.140,185.140,185.140,185.140,6808,176400
1518451560,185.120,184.990,184.990,185.200,0,0
1518451740,185.080,185.040,185.040,185.080,0,0
1518451800,185.010,184.980,184.980,185.070,7442,183208
1518451920,185.100,185.200,185.100,185.200,0,0
1518451980,185.170,185.490,185.170,185.490,0,0
1518452040,185.550,185.580,185.450,185.580,0,0
1518452100,185.650,185.540,185.540,185.650,7676,190650
1518452160,185.440,185.320,185.320,185.440,0,0
1518452220,185.340,185.420,185.340,185.420,0,0
1518452280,185.500,185.500,185.500,185.500,0,0
1518452340,185.340,185.550,185.260,185.550,0,0
1518452400,185.240,185.160,185.160,185.240,10784,198326
1518452460,185.330,185.330,185.330,185.330,0,0
1518452520,185.430,185.530,185.430,185.530,0,0
1518452580,185.420,185.570,185.420,185.570,0,0
1518452640,185.600,185.600,185.600,185.600,0,0
1518452700,185.650,185.520,185.520,185.650,6431,209110
1518452760,185.700,185.660,185.660,185.700,0,0
1518452820,185.620,185.620,185.620,185.620,0,0
1518452940,185.840,185.940,185.840,185.940,0,0
1518453000,185.810,185.810,185.810,185.810,11448,215541
1518453060,185.790,185.710,185.710,185.790,0,0
1518453120,185.710,185.510,185.510,185.820,0,0
1518453180,185.630,185.600,185.600,185.880,0,0
1518453240,185.880,185.880,185.880,185.880,0,0
1518453300,185.940,185.990,185.710,185.990,6049,226989
1518453360,186.140,185.900,185.790,186.140,0,0
1518453480,185.980,185.980,185.980,185.980,0,0
1518453600,186.210,186.300,186.210,186.300,9498,233038
1518453660,186.450,186.420,186.350,186.450,0,0
1518453720,186.280,186.340,186.280,186.370,0,0
1518453780,186.150,186.250,186.150,186.250,0,0
1518453900,186.060,186.060,186.060,186.060,3620,242536
1518453960,186.060,186.060,186.060,186.060,0,0
1518454020,186.350,186.350,186.350,186.350,0,0
1518454140,186.460,186.460,186.460,186.460,0,0
1518454200,186.450,186.450,186.450,186.450,5524,246156
1518454260,186.250,186.250,186.250,186.250,0,0
1518454320,186.280,186.150,186.150,186.280,0,0
1518454380,186.210,186.210,186.210,186.210,0,0
1518454440,186.260,186.500,186.240,186.500,0,0
1518454500,186.540,186.580,186.540,186.580,4849,251680
1518454560,186.540,186.580,186.540,186.580,0,0
1518454620,186.790,186.790,186.790,186.790,0,0
1518454740,186.800,186.800,186.800,186.800,0,0
1518454800,186.790,186.680,186.680,186.790,11267,256529
1518454860,186.590,186.590,186.590,186.590,0,0
1518454920,186.690,186.620,186.550,186.690,0,0
1518454980,186.500,186.410,186.410,186.500,0,0
1518455040,186.370,186.380,186.370,186.410,0,0
1518455100,186.180,186.240,186.180,186.270,3301,267796
1518455160,186.180,186.240,186.180,186.270,0,0
1518455220,186.120,186.120,186.120,186.120,0,0
1518455280,186.280,186.280,186.280,186.280,0,0
1518455340,186.310,186.340,186.310,186.340,0,0
1518455400,186.380,186.320,186.320,186.380,4562,271097
1518455460,186.380,186.320,186.320,186.380,0,0
1518455520,186.340,186.340,186.340,186.340,0,0
1518455640,186.400,186.610,186.400,186.610,0,0
1518455700,186.700,186.700,186.700,186.700,7885,275659
1518455760,186.600,186.750,186.590,186.750,0,0
1518455820,186.990,186.790,186.750,186.990,0,0
1518455880,186.700,186.700,186.700,186.700,0,0
1518455940,186.690,186.690,186.690,186.690,0,0
1518456000,186.580,186.540,186.540,186.580,4325,283544
1518456060,186.350,186.430,186.350,186.430,0,0
1518456180,186.540,186.540,186.540,186.540,0,0
1518456240,186.530,186.530,186.530,186.530,0,0
1518456300,186.530,186.530,186.530,186.530,4068,287869
1518456360,186.530,186.530,186.530,186.530,0,0
1518456420,186.500,186.410,186.410,186.500,0,0
1518456480,186.530,186.530,186.530,186.530,0,0
1518456540,186.470,186.410,186.410,186.470,0,0
1518456600,186.370,186.410,186.370,186.410,3430,291937
1518456720,186.370,186.410,186.370,186.410,0,0
1518456780,186.420,186.420,186.420,186.420,0,0
1518456900,186.380,186.380,186.380,186.380,2174,295367
1518457020,186.380,186.380,186.380,186.380,0,0
1518457140,186.360,186.420,186.360,186.420,0,0
1518457200,186.570,186.280,186.280,186.570,5045,297541
1518457320,186.480,186.480,186.480,186.480,0,0
1518457380,186.420,186.510,186.420,186.510,0,0
1518457500,186.490,186.490,186.490,186.490,5253,302586
1518457620,186.480,186.390,186.390,186.630,0,0
1518457740,186.470,186.470,186.470,186.470,0,0
1518457800,186.380,186.380,186.380,186.380,5398,307839
1518457860,186.380,186.380,186.380,186.380,0,0
1518457920,186.490,186.490,186.490,186.490,0,0
1518457980,186.630,186.620,186.620,186.680,0,0
1518458040,186.580,186.580,186.580,186.580,0,0
1518458100,186.550,186.550,186.550,186.550,3548,313237
1518458220,186.350,186.350,186.350,186.350,0,0
1518458340,186.360,186.430,186.360,186.430,0,0
1518458400,186.490,186.620,186.490,186.620,3467,316785
1518458520,186.390,186.520,186.390,186.520,0,0
1518458580,186.590,186.590,186.590,186.590,0,0
1518458700,186.400,186.400,186.400,186.400,4750,320252
1518458760,186.490,186.320,186.320,186.490,0,0
1518458940,186.240,186.300,186.240,186.300,0,0
1518459000,186.470,186.470,186.470,186.470,3309,325002
1518459060,186.470,186.470,186.470,186.470,0,0
1518459180,186.460,186.460,186.460,186.460,0,0
1518459240,186.470,186.470,186.470,186.470,0,0
1518459300,186.320,186.370,186.320,186.370,4602,328311
1518459360,186.320,186.370,186.320,186.370,0,0
1518459420,186.240,186.320,186.240,186.320,0,0
1518459480,186.400,186.400,186.400,186.400,0,0
1518459600,186.100,186.100,186.100,186.100,4518,332913
1518459660,186.340,186.340,186.340,186.340,0,0
1518459780,186.410,186.370,186.370,186.410,0,0
1518459900,186.530,186.530,186.530,186.530,4815,337431
1518460020,186.620,186.790,186.620,186.790,0,0
1518460080,186.640,186.690,186.640,186.690,0,0
1518460140,186.660,186.630,186.630,186.660,0,0
1518460200,186.780,186.780,186.780,186.780,12140,342246
1518460260,186.840,186.750,186.750,186.910,0,0
1518460320,186.850,186.780,186.700,186.850,0,0
1518460380,186.870,186.760,186.760,186.880,0,0
1518460440,186.870,186.900,186.870,186.900,0,0
1518460500,186.870,186.930,186.870,186.930,4392,354386
1518460560,186.920,186.850,186.850,186.920,0,0
1518460620,186.730,186.730,186.730,186.730,0,0
1518460680,186.520,186.570,186.520,186.570,0,0
1518460800,186.610,186.640,186.610,186.640,5737,358778
1518460860,186.530,186.530,186.530,186.530,0,0
1518460920,186.660,186.680,186.660,186.680,0,0
1518460980,186.680,186.640,186.610,186.680,0,0
1518461040,186.740,186.740,186.740,186.740,0,0
1518461100,186.820,186.820,186.820,186.820,4261,364515
1518461220,186.820,186.820,186.820,186.820,0,0
1518461280,186.860,186.860,186.860,186.860,0,0
1518461340,186.850,186.910,186.850,186.910,0,0
1518461400,186.990,187.010,186.990,187.010,16458,368776
1518461460,187.100,187.060,187.060,187.100,0,0
1518461520,187.100,187.100,187.100,187.100,0,0
1518461580,187.100,187.110,187.090,187.110,0,0
1518461640,187.180,187.300,187.180,187.300,0,0
1518461700,187.270,187.320,187.270,187.320,7473,385234
1518461760,187.320,187.380,187.320,187.380,0,0
1518461820,187.400,187.570,187.400,187.570,0,0
1518461880,187.630,187.630,187.630,187.630,0,0
1518461940,187.580,187.380,187.380,187.630,0,0
1518462000,187.460,187.480,187.460,187.480,6545,392707
1518462060,187.380,187.360,187.360,187.380,0,0
1518462120,187.360,187.330,187.330,187.360,0,0
1518462180,187.230,187.230,187.230,187.230,0,0
1518462240,187.100,187.100,187.100,187.100,0,0
1518462300,187.100,187.100,187.100,187.100,11303,399252
1518462360,187.150,187.150,187.150,187.150,0,0
1518462420,187.080,187.130,187.080,187.130,0,0
1518462480,187.130,186.950,186.950,187.130,0,0
1518462540,186.970,186.990,186.970,186.990,0,0
1518462600,187.040,187.000,187.000,187.080,1904,410555
1518462660,187.040,187.000,187.000,187.080,0,0
1518462780,186.990,186.990,186.990,186.990,0,0
1518462900,187.020,186.970,186.970,187.020,8812,412459
1518462960,187.020,186.970,186.970,187.020,0,0
1518463020,186.730,186.780,186.730,186.820,0,0
1518463080,186.840,186.850,186.840,186.990,0,0
1518463140,186.960,187.000,186.950,187.000,0,0
1518463200,186.990,186.990,186.990,186.990,5555,421271
1518463260,187.210,187.210,187.210,187.210,0,0
1518463320,187.360,187.360,187.360,187.360,0,0
1518463380,187.410,187.410,187.410,187.410,0,0
1518463440,187.430,187.340,187.340,187.430,0,0
1518463500,187.340,187.440,187.340,187.440,8743,426826
1518463560,187.350,187.350,187.350,187.350,0,0
1518463620,187.310,187.220,187.220,187.310,0,0
1518463680,187.530,187.530,187.530,187.530,0,0
1518463740,187.580,187.720,187.580,187.720,0,0
1518463800,187.650,187.690,187.650,187.690,14222,435569
1518463860,187.770,187.840,187.720,187.890,0,0
1518463920,187.740,187.770,187.700,187.820,0,0
1518463980,187.740,187.840,187.740,187.840,0,0
1518464040,187.920,187.720,187.720,187.920,0,0
1518464100,187.800,187.760,187.760,187.840,10303,449791
1518464160,187.770,187.940,187.770,187.940,0,0
1518464220,188.010,188.010,188.010,188.010,0,0
1518464280,187.920,187.970,187.920,188.000,0,0
1518464340,187.720,187.720,187.720,187.720,0,0
1518464400,187.670,187.670,187.670,187.670,7166,460094
1518464460,187.640,187.540,187.540,187.710,0,0
1518464520,187.690,187.740,187.690,187.740,0,0
1518464580,187.830,187.690,187.690,187.830,0,0
1518464640,187.530,187.530,187.530,187.530,0,0
1518464700,187.340,187.340,187.340,187.340,5156,467260
1518464760,187.430,187.500,187.430,187.500,0,0
1518464880,187.370,187.370,187.370,187.370,0,0
1518464940,187.240,187.390,187.240,187.390,0,0
1518465000,187.350,187.220,187.220,187.350,6762,472416
1518465060,187.240,187.090,187.090,187.240,0,0
1518465120,187.180,187.330,187.180,187.330,0,0
1518465180,187.170,187.170,187.170,187.170,0,0
1518465240,187.160,187.160,187.160,187.160,0,0
1518465300,187.110,187.050,187.050,187.110,8491,479178
1518465420,187.090,187.100,187.090,187.100,0,0
1518465480,187.050,187.050,187.050,187.050,0,0
1518465540,186.970,186.950,186.950,186.970,0,0
1518465600,186.950,187.040,186.950,187.040,5829,487669
1518465720,187.140,187.220,187.140,187.220,0,0
1518465780,187.070,187.070,187.070,187.070,0,0
1518465840,187.050,187.050,187.050,187.050,0,0
1518465900,187.340,187.330,187.330,187.340,6245,493498
1518465960,187.410,187.370,187.370,187.410,0,0
1518466020,187.400,187.400,187.400,187.400,0,0
1518466080,187.470,187.580,187.470,187.580,0,0
1518466140,187.510,187.510,187.510,187.510,0,0
1518466200,187.340,187.410,187.340,187.410,12062,499743
1518466260,187.430,187.510,187.430,187.510,0,0
1518466320,187.480,187.790,187.480,187.790,0,0
1518466380,188.000,187.950,187.950,188.000,0,0
1518466440,187.810,188.000,187.810,188.000,0,0
1518466500,187.950,187.960,187.850,187.960,12260,511805
1518466560,187.900,187.950,187.900,187.950,0,0
1518466620,187.870,187.930,187.870,187.930,0,0
1518466680,187.960,187.900,187.900,187.960,0,0
1518466740,187.920,187.850,187.850,187.920,0,0
1518466800,187.990,187.980,187.980,188.000,13083,524065
1518466860,188.000,188.000,188.000,188.000,0,0
1518466920,187.980,188.030,187.980,188.050,0,0
1518466980,188.020,187.970,187.970,188.020,0,0
1518467040,187.930,187.820,187.820,187.930,0,0
1518467100,187.830,187.830,187.830,187.830,9386,537148
1518467280,187.710,187.620,187.620,187.710,0,0
1518467340,187.650,187.520,187.520,187.650,0,0
1518467400,187.570,187.670,187.570,187.710,11459,546534
1518467460,187.620,187.420,187.420,187.620,0,0
1518467520,187.500,187.400,187.320,187.500,0,0
1518467580,187.180,187.030,187.030,187.220,0,0
1518467640,187.190,187.170,187.140,187.240,0,0
1518467700,187.170,187.120,187.120,187.170,11538,557993
1518467820,186.980,186.930,186.930,186.990,0,0
1518467880,186.760,186.820,186.760,186.820,0,0
1518467940,186.890,186.990,186.820,186.990,0,0
1518468000,187.300,187.270,187.270,187.300,8651,569531
1518468060,187.280,187.160,187.160,187.280,0,0
1518468120,187.470,187.470,187.470,187.470,0,0
1518468180,187.380,187.380,187.380,187.380,0,0
1518468240,187.350,187.350,187.350,187.350,0,0
1518468300,187.180,186.700,186.700,187.180,38493,578182
1518468360,186.320,185.840,185.840,186.320,0,0
1518468420,185.870,186.000,185.870,186.100,0,0
1518468480,186.190,186.140,186.140,186.190,0,0
1518468540,186.250,186.010,186.000,186.250,0,0
1518468600,186.080,186.260,186.080,186.260,13126,616675
1518468660,186.350,186.440,186.350,186.510,0,0
1518468720,186.450,186.880,186.450,186.880,0,0
1518468780,186.780,186.690,186.690,186.780,0,0
1518468840,186.690,186.690,186.690,186.690,0,0
1518468900,186.610,186.540,186.470,186.630,169153,629801
1518468960,186.620,186.610,186.540,186.620,0,0
1518469020,186.590,186.430,186.280,186.590,0,0
1518469080,186.500,186.140,186.140,186.500,0,0
1518469140,186.210,186.300,186.110,186.420,0,0
1518532200,182.900,183.710,182.900,183.710,60677,0
1518532260,183.910,184.190,183.910,184.980,0,0
1518532320,184.270,184.630,184.090,184.880,0,0
1518532380,184.300,184.500,184.300,184.650,0,0
1518532440,184.500,184.500,184.500,184.500,0,0
1518532500,184.440,183.980,183.980,184.470,26265,60677
1518532560,184.130,184.800,184.130,184.800,0,0
1518532620,184.780,185.170,184.740,185.170,0,0
1518532680,185.290,185.290,185.290,185.290,0,0
1518532740,185.420,185.170,185.170,185.420,0,0
1518532800,185.120,185.150,184.910,185.150,18004,86942
1518532860,185.240,185.200,185.020,185.240,0,0
1518532920,185.030,184.650,184.650,185.030,0,0
1518532980,184.540,184.690,184.540,184.840,0,0
1518533040,184.660,184.510,184.300,184.800,0,0
1518533100,184.690,184.420,184.420,184.860,19067,104946
1518533160,184.310,184.360,184.310,184.530,0,0
1518533220,184.310,184.210,184.210,184.330,0,0
1518533280,184.080,184.300,184.080,184.520,0,0
1518533340,184.080,184.150,184.080,184.220,0,0
1518533400,184.020,184.140,183.950,184.140,22678,124013
1518533460,184.150,184.150,184.150,184.150,0,0
1518533520,184.150,183.800,183.800,184.150,0,0
1518533580,183.990,184.050,183.940,184.050,0,0
1518533640,183.970,184.060,183.840,184.060,0,0
1518533700,184.070,183.980,183.980,184.070,13344,146691
1518533760,183.670,183.550,183.550,183.690,0,0
1518533820,183.660,183.320,183.320,183.660,0,0
1518533880,183.390,183.100,183.100,183.390,0,0
1518533940,183.000,183.090,183.000,183.170,0,0
1518534000,183.100,183.020,182.910,183.100,29788,160035
1518534060,182.810,183.080,182.810,183.080,0,0
1518534120,182.880,182.900,182.880,182.900,0,0
1518534180,182.940,182.760,182.760,182.940,0,0
1518534240,182.660,182.600,182.430,182.660,0,0
1518534300,182.510,182.410,182.410,182.510,21977,189823
1518534360,182.560,182.420,182.420,182.700,0,0
1518534420,182.440,182.720,182.250,182.720,0,0
1518534480,182.720,182.660,182.580,182.720,0,0
1518534540,182.650,182.670,182.650,182.670,0,0
1518534600,182.840,183.040,182.840,183.040,14426,211800
1518534660,182.810,182.800,182.800,182.810,0,0
1518534720,182.880,182.880,182.880,182.880,0,0
1518534780,182.850,182.800,182.610,182.850,0,0
1518534840,182.850,182.700,182.700,182.850,0,0
1518534900,182.820,183.040,182.820,183.040,20303,226226
1518534960,182.910,182.850,182.760,182.910,0,0
1518535020,183.000,183.100,183.000,183.120,0,0
1518535080,183.100,183.120,183.100,183.190,0,0
1518535140,183.190,183.240,183.190,183.240,0,0
1518535200,183.220,183.350,183.220,183.350,6402,246529
1518535260,183.430,183.350,183.350,183.430,0,0
1518535320,183.390,183.270,183.270,183.390,0,0
1518535380,183.330,183.240,183.140,183.330,0,0
1518535440,183.210,183.240,183.210,183.240,0,0
1518535500,183.160,183.090,183.000,183.160,11308,252931
1518535560,183.110,183.140,183.110,183.140,0,0
1518535620,183.280,183.280,183.280,183.280,0,0
1518535680,183.240,183.240,183.240,183.240,0,0
1518535740,183.380,183.570,183.380,183.570,0,0
1518535800,183.470,183.470,183.470,183.470,11758,264239
1518535860,183.510,183.410,183.410,183.570,0,0
1518535920,183.380,183.560,183.380,183.620,0,0
1518535980,183.660,183.570,183.570,183.660,0,0
1518536040,183.600,183.600,183.600,183.600,0,0
1518536100,183.670,183.790,183.670,183.910,11304,275997
1518536160,183.810,183.900,183.810,183.900,0,0
1518536220,183.840,183.860,183.840,183.910,0,0
1518536280,183.800,183.750,183.750,183.800,0,0
1518536340,183.720,183.930,183.720,183.930,0,0
1518536400,183.910,183.910,183.910,183.910,5646,287301
1518536460,183.910,183.910,183.910,183.910,0,0
1518536520,183.940,183.900,183.900,184.030,0,0
1518536580,183.920,183.920,183.920,183.920,0,0
1518536640,183.820,183.820,183.820,183.820,0,0
1518536700,183.760,183.700,183.700,183.760,28497,292947
1518536760,183.830,184.010,183.830,184.010,0,0
1518536820,183.950,184.270,183.950,184.270,0,0
1518536880,184.160,184.170,184.160,184.330,0,0
1518536940,184.290,184.380,184.290,184.380,0,0
1518537000,184.370,184.370,184.370,184.370,8526,321444
1518537060,184.230,184.080,184.080,184.230,0,0
1518537120,184.040,183.950,183.950,184.040,0,0
1518537180,183.900,183.900,183.900,183.900,0,0
1518537240,183.950,183.890,183.890,183.950,0,0
1518537300,183.810,183.810,183.810,183.810,16236,329970
1518537360,183.710,183.350,183.350,183.710,0,0
1518537420,183.290,183.340,183.290,183.420,0,0
1518537480,183.400,183.450,183.350,183.510,0,0
1518537540,183.300,183.340,183.300,183.460,0,0
1518537600,183.160,183.090,183.090,183.160,19510,346206
1518537660,183.090,183.000,183.000,183.140,0,0
1518537720,182.990,182.840,182.840,182.990,0,0
1518537780,182.790,182.790,182.790,182.790,0,0
1518537840,182.790,182.790,182.790,182.790,0,0
1518537900,182.710,182.250,182.250,182.710,41005,365716
1518537960,182.240,182.300,182.240,182.310,0,0
1518538020,182.280,182.340,182.210,182.340,0,0
1518538080,182.290,182.300,182.290,182.400,0,0
1518538140,182.330,182.050,182.050,182.350,0,0
1518538200,182.280,182.390,182.280,182.390,22817,406721
1518538260,182.400,182.390,182.360,182.400,0,0
1518538320,182.340,182.490,182.340,182.490,0,0
1518538380,182.490,182.500,182.490,182.500,0,0
1518538440,182.830,182.710,182.670,182.830,0,0
1518538500,182.800,182.680,182.680,182.840,8788,429538
1518538560,182.730,182.610,182.610,182.730,0,0
1518538620,182.490,182.500,182.470,182.500,0,0
1518538680,182.440,182.750,182.440,182.770,0,0
1518538800,182.780,182.940,182.780,182.940,7801,438326
1518538860,182.770,182.750,182.680,182.770,0,0
1518538920,182.700,182.700,182.700,182.700,0,0
1518538980,182.500,182.500,182.500,182.500,0,0
1518539040,182.500,182.580,182.500,182.580,0,0
1518539100,182.500,182.480,182.480,182.500,17079,446127
1518539160,182.440,182.300,182.300,182.440,0,0
1518539220,182.330,182.350,182.320,182.350,0,0
1518539280,182.400,182.410,182.400,182.410,0,0
1518539340,182.340,182.290,182.180,182.340,0,0
1518539400,182.170,182.330,182.170,182.330,8396,463206
1518539520,182.430,182.440,182.430,182.440,0,0
1518539580,182.370,182.370,182.370,182.370,0,0
1518539640,182.570,182.320,182.320,182.570,0,0
1518539700,182.380,182.280,182.280,182.390,6347,471602
1518539760,182.480,182.480,182.480,182.480,0,0
1518539820,182.450,182.580,182.350,182.580,0,0
1518539880,182.480,182.480,182.480,182.480,0,0
1518539940,182.630,182.620,182.620,182.630,0,0
1518540000,182.590,182.620,182.580,182.620,5678,477949
1518540060,182.680,182.680,182.680,182.680,0,0
1518540120,182.720,182.720,182.720,182.720,0,0
1518540180,182.670,182.630,182.570,182.670,0,0
1518540240,182.730,182.750,182.730,182.750,0,0
1518540300,182.790,182.790,182.790,182.790,9284,483627
1518540360,182.900,182.900,182.900,182.900,0,0
1518540420,183.130,183.170,183.130,183.170,0,0
1518540480,183.060,183.060,183.060,183.060,0,0
1518540540,183.080,182.930,182.930,183.080,0,0
1518540600,182.880,182.880,182.880,182.880,6033,492911
1518540660,182.980,182.990,182.980,183.000,0,0
1518540720,182.980,182.840,182.840,182.980,0,0
1518540780,182.820,182.900,182.820,182.900,0,0
1518540840,183.000,182.990,182.990,183.000,0,0
1518540900,183.000,183.060,183.000,183.060,5059,498944
1518540960,183.060,183.310,183.060,183.310,0,0
1518541020,183.200,183.200,183.200,183.200,0,0
1518541200,182.980,183.020,182.980,183.020,9575,504003
1518541320,183.050,183.000,183.000,183.050,0,0
1518541380,182.980,182.870,182.870,182.980,0,0
1518541500,182.790,182.870,182.790,182.870,3561,513578
1518541560,182.790,182.870,182.790,182.870,0,0
1518541620,182.750,182.750,182.750,182.750,0,0
1518541680,182.840,182.840,182.840,182.840,0,0
1518541740,182.750,182.750,182.750,182.750,0,0
1518541800,182.780,182.810,182.740,182.820,7776,517139
1518541860,182.940,182.940,182.940,182.940,0,0
1518541920,183.000,183.000,183.000,183.000,0,0
1518541980,183.000,182.870,182.870,183.000,0,0
1518542040,182.940,183.020,182.940,183.020,0,0
1518542100,182.890,182.890,182.890,182.890,7194,524915
1518542160,182.890,182.890,182.890,182.890,0,0
1518542220,183.000,183.000,183.000,183.000,0,0
1518542280,183.000,182.810,182.810,183.000,0,0
1518542340,182.730,182.730,182.730,182.730,0,0
1518542400,182.720,182.660,182.660,182.720,7814,532109
1518542460,182.720,182.660,182.660,182.720,0,0
1518542520,182.780,182.780,182.780,182.780,0,0
1518542580,182.820,182.820,182.820,182.820,0,0
1518542640,182.810,182.630,182.630,182.810,0,0
1518542700,182.530,182.530,182.530,182.530,4339,539923
1518542760,182.530,182.530,182.530,182.530,0,0
1518542880,182.600,182.540,182.540,182.600,0,0
1518543000,182.490,182.490,182.490,182.490,6824,544262
1518543060,182.430,182.430,182.430,182.430,0,0
1518543120,182.390,182.390,182.390,182.390,0,0
1518543180,182.240,182.300,182.240,182.300,0,0
1518543240,182.420,182.320,182.320,182.420,0,0
1518543300,182.280,182.340,182.240,182.340,7451,551086
1518543360,182.340,182.350,182.340,182.350,0,0
1518543420,182.360,182.240,182.240,182.360,0,0
1518543480,182.050,182.050,182.050,182.050,0,0
1518543540,182.030,182.270,182.030,182.270,0,0
1518543600,182.250,182.250,182.250,182.250,3768,558537
1518543660,182.300,182.300,182.300,182.300,0,0
1518543720,182.250,182.360,182.250,182.360,0,0
1518543780,182.340,182.340,182.340,182.340,0,0
1518543900,182.440,182.460,182.440,182.500,15529,562305
1518543960,182.340,182.460,182.340,182.460,0,0
1518544020,182.430,182.340,182.340,182.430,0,0
1518544080,182.400,182.500,182.400,182.500,0,0
1518544140,182.500,182.460,182.460,182.500,0,0
1518544200,182.440,182.530,182.440,182.530,8630,577834
1518544260,182.580,182.460,182.460,182.580,0,0
1518544320,182.570,182.650,182.570,182.650,0,0
1518544440,182.600,182.560,182.560,182.600,0,0
1518544500,182.650,182.470,182.470,182.650,13867,586464
1518544560,182.370,182.240,182.240,182.370,0,0
1518544680,182.200,182.350,182.200,182.350,0,0
1518544740,182.370,182.270,182.270,182.370,0,0
1518544800,182.130,182.130,182.130,182.130,11179,600331
1518544860,182.270,182.270,182.270,182.270,0,0
1518544980,182.230,182.310,182.230,182.310,0,0
1518545040,182.310,182.300,182.300,182.310,0,0
1518545100,182.260,182.260,182.260,182.260,4801,611510
1518545160,182.240,182.300,182.240,182.300,0,0
1518545220,182.280,182.240,182.240,182.360,0,0
1518545280,182.220,182.160,182.160,182.220,0,0
1518545400,182.160,182.310,182.160,182.310,7184,616311
1518545460,182.190,182.190,182.190,182.190,0,0
1518545520,182.180,182.180,182.180,182.180,0,0
1518545580,182.360,182.360,182.360,182.360,0,0
1518545700,182.560,182.400,182.400,182.560,8341,623495
1518545760,182.500,182.540,182.500,182.540,0,0
1518545820,182.630,182.530,182.530,182.630,0,0
1518545880,182.510,182.710,182.510,182.710,0,0
1518545940,182.690,182.690,182.690,182.690,0,0
1518546000,182.900,182.900,182.900,182.900,6976,631836
1518546060,182.910,182.760,182.760,182.910,0,0
1518546120,182.930,182.910,182.910,182.940,0,0
1518546180,183.130,183.130,183.130,183.130,0,0
1518546300,183.240,183.240,183.240,183.240,8338,638812
1518546360,183.250,183.280,183.190,183.330,0,0
1518546420,183.350,183.350,183.350,183.350,0,0
1518546480,183.320,183.140,183.140,183.320,0,0
1518546540,183.180,183.190,183.180,183.200,0,0
1518546600,183.080,183.020,183.020,183.080,5284,647150
1518546660,183.080,183.080,183.080,183.080,0,0
1518546720,182.960,182.960,182.960,182.960,0,0
1518546780,183.040,183.040,183.040,183.040,0,0
1518546840,183.120,183.160,183.120,183.160,0,0
1518546900,183.180,183.210,183.180,183.210,3745,652434
1518546960,183.180,183.210,183.180,183.210,0,0
1518547020,183.260,183.260,183.260,183.260,0,0
1518547080,183.380,183.380,183.380,183.380,0,0
1518547200,183.420,183.370,183.370,183.460,14551,656179
1518547260,183.310,183.380,183.310,183.380,0,0
1518547380,183.440,183.440,183.440,183.440,0,0
1518547440,183.380,183.300,183.210,183.380,0,0
1518547500,183.250,183.360,183.250,183.360,4596,670730
1518547560,183.270,183.340,183.270,183.340,0,0
1518547620,183.360,183.340,183.340,183.360,0,0
1518547800,183.360,183.360,183.360,183.360,14146,675326
1518547860,183.330,183.480,183.330,183.480,0,0
1518547920,183.330,183.330,183.330,183.330,0,0
1518547980,183.340,183.340,183.340,183.340,0,0
1518548040,183.540,183.450,183.450,183.540,0,0
1518548100,183.310,183.310,183.310,183.310,3724,689472
1518548220,183.310,183.310,183.310,183.310,0,0
1518548340,183.400,183.420,183.390,183.450,0,0
1518548400,183.500,183.490,183.490,183.500,7927,693196
1518548460,183.490,183.410,183.410,183.490,0,0
1518548520,183.510,183.510,183.510,183.510,0,0
1518548580,183.460,183.460,183.460,183.460,0,0
1518548640,183.510,183.470,183.440,183.510,0,0
1518548700,183.480,183.480,183.480,183.480,8766,701123
1518548760,183.480,183.530,183.470,183.530,0,0
1518548820,183.510,183.560,183.510,183.560,0,0
1518548880,183.640,183.640,183.640,183.640,0,0
1518548940,183.550,183.610,183.550,183.610,0,0
1518549000,183.740,183.840,183.740,183.840,7811,709889
1518549120,183.930,183.910,183.910,183.930,0,0
1518549180,183.860,183.800,183.800,183.860,0,0
1518549300,183.930,183.930,183.930,183.930,8668,717700
1518549360,183.980,183.880,183.880,183.980,0,0
1518549480,183.790,183.740,183.740,183.790,0,0
1518549540,183.720,183.660,183.660,183.720,0,0
1518549600,183.670,183.710,183.670,183.710,9574,726368
1518549660,183.820,183.860,183.820,183.860,0,0
1518549720,183.780,183.780,183.780,183.780,0,0
1518549780,183.720,183.770,183.720,183.770,0,0
1518549840,183.670,183.670,183.670,183.670,0,0
1518549900,183.670,183.530,183.530,183.670,10973,735942
1518549960,183.720,183.770,183.700,183.770,0,0
1518550020,183.860,183.810,183.810,183.860,0,0
1518550140,183.690,183.710,183.620,183.710,0,0
1518550200,183.610,183.610,183.610,183.610,11555,746915
1518550260,183.540,183.610,183.540,183.610,0,0
1518550320,183.540,183.600,183.540,183.640,0,0
1518550380,183.590,183.520,183.520,183.590,0,0
1518550440,183.600,183.610,183.600,183.610,0,0
1518550500,183.750,183.710,183.710,183.750,11089,758470
1518550560,183.750,183.710,183.710,183.750,0,0
1518550620,183.730,183.670,183.670,183.750,0,0
1518550680,183.820,183.790,183.790,183.840,0,0
1518550740,183.700,183.650,183.650,183.700,0,0
1518550800,183.590,183.600,183.590,183.600,11866,769559
1518550860,183.640,183.640,183.640,183.640,0,0
1518550920,183.580,183.660,183.580,183.660,0,0
1518550980,183.570,183.530,183.530,183.580,0,0
1518551040,183.640,183.720,183.640,183.720,0,0
1518551100,183.800,183.680,183.680,183.800,7834,781425
1518551160,183.600,183.610,183.600,183.610,0,0
1518551220,183.670,183.670,183.670,183.670,0,0
1518551280,183.710,183.840,183.710,183.840,0,0
1518551340,183.640,183.640,183.640,183.640,0,0
1518551400,183.700,183.780,183.700,183.780,9322,789259
1518551460,183.870,183.890,183.870,183.890,0,0
1518551520,183.910,183.930,183.910,183.960,0,0
1518551580,183.920,183.870,183.870,183.920,0,0
1518551700,183.940,183.870,183.870,183.940,7349,798581
1518551760,183.940,183.870,183.870,183.940,0,0
1518551820,183.970,183.960,183.960,183.970,0,0
1518551880,184.060,184.060,184.060,184.060,0,0
1518551940,184.040,184.040,184.040,184.040,0,0
1518552000,183.970,183.950,183.950,183.970,9705,805930
1518552120,183.940,183.970,183.940,183.970,0,0
1518552180,184.020,183.950,183.950,184.020,0,0
1518552240,183.880,183.800,183.800,183.880,0,0
1518552300,183.700,183.830,183.700,183.900,6983,815635
1518552360,183.820,183.810,183.810,183.880,0,0
1518552600,183.740,183.750,183.740,183.770,14477,822618
1518552660,183.700,183.700,183.700,183.700,0,0
1518552720,183.650,183.970,183.570,183.970,0,0
1518552780,183.970,183.990,183.970,184.030,0,0
1518552840,183.990,183.990,183.990,183.990,0,0
1518552900,184.070,184.070,184.070,184.070,12884,837095
1518552960,184.070,184.090,184.070,184.090,0,0
1518553020,184.110,184.110,184.110,184.110,0,0
1518553080,184.260,184.210,184.180,184.260,0,0
1518553140,184.240,184.310,184.240,184.320,0,0
1518553200,184.360,184.240,184.240,184.390,12054,849979
1518553260,184.200,184.360,184.200,184.360,0,0
1518553320,184.370,184.290,184.290,184.370,0,0
1518553380,184.290,184.290,184.290,184.290,0,0
1518553440,184.330,184.430,184.330,184.430,0,0
1518553500,184.490,184.420,184.420,184.490,13077,862033
1518553560,184.420,184.570,184.420,184.570,0,0
1518553620,184.570,184.530,184.530,184.570,0,0
1518553680,184.490,184.490,184.490,184.490,0,0
1518553740,184.590,184.590,184.590,184.590,0,0
1518553800,184.550,184.490,184.490,184.550,13734,875110
1518553860,184.480,184.330,184.330,184.480,0,0
1518553920,184.330,184.330,184.330,184.330,0,0
1518553980,184.300,184.270,184.270,184.300,0,0
1518554040,184.340,184.440,184.340,184.440,0,0
1518554100,184.470,184.450,184.450,184.550,17049,888844
1518554160,184.400,184.480,184.400,184.520,0,0
1518554220,184.510,184.510,184.510,184.510,0,0
1518554280,184.570,184.690,184.570,184.690,0,0
1518554340,184.730,184.670,184.670,184.730,0,0
1518554400,184.650,184.560,184.560,184.650,20153,905893
1518554460,184.570,184.460,184.460,184.650,0,0
1518554520,184.450,184.310,184.310,184.460,0,0
1518554580,184.260,184.390,184.260,184.410,0,0
1518554640,184.260,184.290,184.260,184.290,0,0
1518554700,184.210,184.490,184.210,184.540,28560,926046
1518554760,184.510,184.560,184.440,184.560,0,0
1518554820,184.570,184.640,184.570,184.640,0,0
1518554880,184.620,184.660,184.620,184.740,0,0
1518554940,184.670,184.720,184.670,184.740,0,0
1518555000,184.750,184.810,184.730,184.830,30898,954606
1518555060,184.780,184.790,184.780,184.840,0,0
1518555120,184.750,184.720,184.590,184.750,0,0
1518555180,184.640,184.590,184.590,184.640,0,0
1518555240,184.570,184.580,184.570,184.610,0,0
1518555300,184.550,184.610,184.530,184.610,82930,985504
1518555360,184.550,184.590,184.550,184.640,0,0
1518555420,184.600,184.620,184.580,184.620,0,0
1518555480,184.600,184.550,184.520,184.600,0,0
1518555540,184.580,184.440,184.240,184.580,0,0
1518618600,183.660,183.660,183.660,183.660,12642,0
1518618780,183.660,183.660,183.660,183.660,0,0
1518618840,184.330,184.340,184.330,184.340,0,0
1518618900,184.460,184.130,183.940,184.460,11033,12642
1518618960,184.070,184.130,184.000,184.430,0,0
1518619020,184.000,183.470,183.470,184.000,0,0
1518619080,183.650,183.740,183.650,183.740,0,0
1518619140,183.860,183.860,183.860,183.860,0,0
1518619200,184.130,184.330,184.130,184.330,13135,23675
1518619260,184.930,184.760,184.760,184.930,0,0
1518619320,184.790,184.920,184.790,184.920,0,0
1518619380,185.310,185.310,185.310,185.310,0,0
1518619440,184.960,185.200,184.960,185.200,0,0
1518619500,185.450,185.220,185.220,185.450,6077,36810
1518619620,184.920,185.120,184.870,185.120,0,0
1518619680,185.150,185.150,185.150,185.150,0,0
1518619800,185.030,185.360,185.010,185.370,9077,42887
1518619860,185.310,185.500,185.310,185.500,0,0
1518619920,185.550,185.990,185.550,185.990,0,0
1518620040,185.930,185.930,185.930,185.930,0,0
1518620100,186.100,186.240,186.060,186.240,20012,51964
1518620160,185.760,185.880,185.760,185.880,0,0
1518620220,186.120,185.970,185.970,186.120,0,0
1518620280,185.820,185.780,185.590,185.820,0,0
1518620340,185.350,185.510,185.350,185.570,0,0
1518620400,185.510,185.560,185.510,185.560,14290,71976
1518620460,185.330,185.330,185.330,185.330,0,0
1518620520,185.290,185.230,185.210,185.290,0,0
1518620580,185.000,185.000,185.000,185.000,0,0
1518620640,184.690,184.860,184.690,184.910,0,0
1518620700,185.030,185.140,184.940,185.170,15899,86266
1518620820,185.320,185.340,185.320,185.390,0,0
1518620880,185.480,185.480,185.480,185.480,0,0
1518620940,185.660,185.710,185.660,185.800,0,0
1518621000,185.950,186.480,185.950,186.540,11344,102165
1518621060,186.120,186.000,186.000,186.120,0,0
1518621120,186.000,186.050,186.000,186.050,0,0
1518621180,186.000,185.880,185.880,186.000,0,0
1518621240,185.820,185.820,185.820,185.820,0,0
1518621300,185.970,186.000,185.970,186.020,4528,113509
1518621360,185.840,185.890,185.840,185.890,0,0
1518621480,185.900,185.900,185.900,185.900,0,0
1518621600,186.270,186.570,186.270,186.570,11694,118037
1518621660,186.380,186.450,186.380,186.450,0,0
1518621720,186.410,186.520,186.410,186.520,0,0
1518621840,186.350,186.340,186.340,186.350,0,0
1518621900,186.220,185.960,185.960,186.220,8120,129731
1518621960,185.890,185.870,185.870,185.890,0,0
1518622020,185.970,185.990,185.970,185.990,0,0
1518622080,185.880,186.110,185.880,186.110,0,0
1518622200,185.940,185.970,185.820,186.030,17699,137851
1518622260,185.900,185.900,185.900,185.900,0,0
1518622320,185.780,185.600,185.600,185.780,0,0
1518622380,185.320,185.500,185.320,185.500,0,0
1518622440,185.660,185.800,185.660,185.800,0,0
1518622500,185.830,185.830,185.830,185.830,10766,155550
1518622560,185.600,185.670,185.530,185.670,0,0
1518622620,185.600,185.690,185.600,185.690,0,0
1518622680,185.940,186.080,185.940,186.080,0,0
1518622740,186.220,186.300,186.220,186.300,0,0
1518622800,186.330,186.250,186.240,186.340,33138,166316
1518622860,186.330,186.250,186.240,186.340,0,0
1518622920,186.480,186.530,186.440,186.530,0,0
1518622980,186.360,186.240,186.240,186.360,0,0
1518623040,186.250,186.470,186.240,186.470,0,0
1518623100,186.800,186.760,186.760,186.800,22287,199454
1518623160,186.760,186.690,186.650,186.770,0,0
1518623220,186.500,186.570,186.410,186.570,0,0
1518623280,186.560,186.380,186.380,186.560,0,0
1518623340,186.320,186.300,186.300,186.420,0,0
1518623400,186.220,186.040,186.040,186.220,21420,221741
1518623460,186.070,186.000,185.910,186.110,0,0
1518623520,186.000,186.000,186.000,186.000,0,0
1518623580,186.110,186.150,186.110,186.150,0,0
1518623640,185.950,185.950,185.950,185.950,0,0
1518623700,185.930,185.930,185.930,185.930,1781,243161
1518623820,185.970,185.970,185.970,185.970,0,0
1518623880,185.940,185.940,185.940,185.940,0,0
1518623940,185.830,185.830,185.830,185.830,0,0
1518624000,186.000,186.000,186.000,186.000,5572,244942
1518624120,185.780,185.600,185.600,185.780,0,0
1518624180,185.540,185.470,185.470,185.590,0,0
1518624240,185.330,185.370,185.330,185.370,0,0
1518624300,185.390,185.360,185.360,185.390,5579,250514
1518624360,185.390,185.360,185.360,185.390,0,0
1518624420,185.560,185.560,185.560,185.560,0,0
1518624480,185.760,185.760,185.760,185.760,0,0
1518624540,185.690,185.690,185.690,185.690,0,0
1518624600,185.870,186.110,185.870,186.110,8407,256093
1518624660,185.980,186.080,185.980,186.080,0,0
1518624720,185.990,185.990,185.990,185.990,0,0
1518624780,185.940,185.940,185.940,185.940,0,0
1518624840,186.150,186.050,186.050,186.150,0,0
1518624900,186.160,186.240,186.160,186.240,8747,264500
1518624960,186.020,186.030,186.020,186.260,0,0
1518625020,186.020,186.020,186.020,186.020,0,0
1518625140,186.010,186.020,186.010,186.020,0,0
1518625200,186.380,186.380,186.380,186.380,5865,273247
1518625260,186.230,185.920,185.920,186.230,0,0
1518625320,186.060,186.060,186.060,186.060,0,0
1518625500,186.040,186.040,186.040,186.040,7698,279112
1518625560,185.930,186.120,185.930,186.120,0,0
1518625620,186.160,186.160,186.160,186.160,0,0
1518625680,185.970,186.160,185.970,186.160,0,0
1518625740,185.960,185.960,185.960,185.960,0,0
1518625800,185.970,186.020,185.970,186.020,5624,286810
1518625860,186.030,186.020,185.860,186.030,0,0
1518625920,185.830,185.910,185.830,185.910,0,0
1518625980,185.930,185.920,185.920,185.930,0,0
1518626100,185.890,185.620,185.620,185.890,6404,292434
1518626160,185.620,185.620,185.620,185.620,0,0
1518626220,185.710,185.710,185.710,185.710,0,0
1518626280,185.940,185.940,185.940,185.940,0,0
1518626340,186.040,186.040,186.040,186.040,0,0
1518626400,186.000,186.000,186.000,186.000,9385,298838
1518626460,185.880,186.090,185.880,186.240,0,0
1518626520,186.020,186.020,186.020,186.020,0,0
1518626580,186.040,185.920,185.920,186.040,0,0
1518626640,185.840,185.840,185.840,185.840,0,0
1518626700,185.530,185.530,185.530,185.530,2485,308223
1518626940,185.530,185.530,185.530,185.530,0,0
1518627000,185.370,185.500,185.370,185.500,3761,310708
1518627060,185.500,185.500,185.500,185.500,0,0
1518627120,185.510,185.510,185.510,185.510,0,0
1518627240,185.480,185.480,185.480,185.480,0,0
1518627300,185.580,185.660,185.580,185.660,5636,314469
1518627360,185.600,185.600,185.600,185.600,0,0
1518627420,185.710,185.740,185.710,185.740,0,0
1518627540,185.650,185.640,185.640,185.650,0,0
1518627600,185.690,185.690,185.690,185.690,4340,320105
1518627660,185.680,185.750,185.680,185.750,0,0
1518627720,185.970,185.970,185.970,185.970,0,0
1518627780,186.040,185.840,185.840,186.040,0,0
1518627900,185.810,185.650,185.620,185.810,5508,324445
1518627960,185.810,185.650,185.620,185.810,0,0
1518628020,185.530,185.530,185.530,185.530,0,0
1518628080,185.650,185.650,185.650,185.650,0,0
1518628140,185.680,185.690,185.680,185.690,0,0
1518628200,185.670,185.610,185.610,185.670,3351,329953
1518628260,185.550,185.550,185.550,185.550,0,0
1518628320,185.720,185.830,185.720,185.830,0,0
1518628440,185.760,185.830,185.760,185.860,0,0
1518628500,185.720,185.720,185.720,185.720,3600,333304
1518628560,185.810,185.920,185.780,185.920,0,0
1518628680,185.850,185.880,185.850,185.880,0,0
1518628740,185.900,185.880,185.880,185.900,0,0
1518628800,185.840,185.800,185.690,185.840,3950,336904
1518628860,185.720,185.720,185.720,185.720,0,0
1518629100,186.040,186.040,186.040,186.040,8241,340854
1518629160,186.040,185.950,185.950,186.040,0,0
1518629220,186.210,186.210,186.210,186.210,0,0
1518629280,186.350,186.350,186.350,186.350,0,0
1518629340,186.440,186.440,186.440,186.440,0,0
1518629400,186.190,186.200,186.190,186.230,11823,349095
1518629460,186.280,186.130,186.130,186.280,0,0
1518629520,186.060,186.060,186.060,186.060,0,0
1518629580,186.070,186.160,186.070,186.160,0,0
1518629640,186.150,186.150,186.150,186.150,0,0
1518629700,186.180,186.250,186.180,186.250,3613,360918
1518629760,186.180,186.250,186.180,186.250,0,0
1518629820,186.240,186.240,186.240,186.240,0,0
1518629880,186.250,186.250,186.250,186.250,0,0
1518629940,186.200,186.200,186.200,186.200,0,0
1518630000,186.300,186.300,186.300,186.300,5761,364531
1518630060,186.280,186.090,186.080,186.280,0,0
1518630180,186.210,186.210,186.210,186.210,0,0
1518630240,186.070,186.070,186.070,186.070,0,0
1518630300,186.270,186.250,186.250,186.270,3956,370292
1518630360,186.270,186.250,186.250,186.270,0,0
1518630420,186.250,186.250,186.250,186.250,0,0
1518630540,186.150,186.070,186.070,186.150,0,0
1518630600,186.000,186.170,186.000,186.170,4061,374248
1518630840,186.320,186.320,186.320,186.320,0,0
1518630900,186.220,186.220,186.220,186.220,6503,378309
1518630960,186.290,186.190,186.190,186.290,0,0
1518631020,186.310,186.350,186.310,186.350,0,0
1518631080,186.270,186.210,186.210,186.280,0,0
1518631200,186.230,186.220,186.220,186.230,10434,384812
1518631260,186.390,186.430,186.390,186.430,0,0
1518631320,186.720,186.640,186.640,186.760,0,0
1518631380,186.650,186.590,186.590,186.660,0,0
1518631500,186.710,186.590,186.590,186.710,6179,395246
1518631560,186.760,186.760,186.760,186.760,0,0
1518631620,186.890,186.750,186.750,186.890,0,0
1518631680,186.740,186.700,186.700,186.740,0,0
1518631740,186.700,186.560,186.560,186.700,0,0
1518631800,186.750,186.750,186.750,186.750,3801,401425
1518631980,186.950,186.950,186.950,186.950,0,0
1518632040,187.090,187.070,187.070,187.090,0,0
1518632100,186.970,186.970,186.970,186.970,8149,405226
1518632160,186.940,186.850,186.850,186.960,0,0
1518632280,186.860,186.780,186.780,186.860,0,0
1518632340,186.900,186.890,186.890,186.900,0,0
1518632400,187.020,186.860,186.860,187.020,5061,413375
1518632460,187.020,186.860,186.860,187.020,0,0
1518632520,187.050,187.050,187.050,187.050,0,0
1518632640,187.340,187.250,187.250,187.340,0,0
1518632700,187.060,187.060,187.060,187.060,4764,418436
1518632820,187.060,187.060,187.060,187.060,0,0
1518632880,187.060,187.060,187.060,187.060,0,0
1518632940,186.960,186.850,186.850,186.960,0,0
1518633000,186.760,186.760,186.760,186.760,7044,423200
1518633060,186.850,187.140,186.850,187.140,0,0
1518633120,187.070,186.970,186.970,187.070,0,0
1518633180,187.060,186.980,186.980,187.060,0,0
1518633240,187.150,187.150,187.150,187.150,0,0
1518633300,187.410,187.190,187.190,187.410,11313,430244
1518633360,187.300,187.020,187.010,187.300,0,0
1518633420,187.020,187.000,187.000,187.020,0,0
1518633480,187.220,187.220,187.220,187.220,0,0
1518633540,187.110,187.080,187.000,187.110,0,0
1518633600,187.060,187.010,187.000,187.070,31115,441557
1518633660,187.170,187.170,187.170,187.170,0,0
1518633720,187.180,187.180,187.180,187.180,0,0
1518633780,187.380,187.310,187.310,187.380,0,0
1518633840,187.120,187.250,187.120,187.250,0,0
1518633900,187.350,187.350,187.350,187.350,8632,472672
1518633960,187.470,187.380,187.380,187.600,0,0
1518634020,187.380,187.400,187.380,187.550,0,0
1518634080,187.550,187.550,187.550,187.550,0,0
1518634140,187.470,187.700,187.470,187.700,0,0
1518634200,187.770,187.590,187.590,187.770,2867,481304
1518634260,187.570,187.500,187.500,187.570,0,0
1518634320,187.560,187.560,187.560,187.560,0,0
1518634500,187.640,187.680,187.640,187.680,3368,484171
1518634560,187.640,187.680,187.640,187.680,0,0
1518634620,187.600,187.600,187.600,187.600,0,0
1518634800,187.490,187.630,187.490,187.630,10236,487539
1518634860,187.970,187.720,187.720,187.970,0,0
1518634920,187.760,187.780,187.760,187.780,0,0
1518634980,187.730,187.730,187.730,187.730,0,0
1518635100,187.590,187.580,187.580,187.640,6485,497775
1518635160,187.660,187.660,187.660,187.660,0,0
1518635220,187.670,187.670,187.670,187.670,0,0
1518635280,187.510,187.550,187.510,187.550,0,0
1518635400,187.610,187.660,187.560,187.690,4824,504260
1518635460,187.570,187.580,187.570,187.580,0,0
1518635520,187.560,187.560,187.560,187.560,0,0
1518635580,187.610,187.610,187.610,187.610,0,0
1518635640,187.640,187.640,187.640,187.640,0,0
1518635700,187.610,187.540,187.540,187.610,7979,509084
1518635760,187.540,187.500,187.450,187.540,0,0
1518635880,187.500,187.500,187.500,187.500,0,0
1518635940,187.700,187.660,187.650,187.700,0,0
1518636000,187.740,187.670,187.670,187.740,7947,517063
1518636060,187.670,187.590,187.590,187.670,0,0
1518636120,187.460,187.490,187.460,187.490,0,0
1518636180,187.380,187.380,187.380,187.380,0,0
1518636240,187.410,187.300,187.300,187.410,0,0
1518636300,187.190,187.210,187.190,187.210,7045,525010
1518636360,187.250,186.990,186.990,187.250,0,0
1518636420,187.000,186.990,186.990,187.000,0,0
1518636480,186.960,186.930,186.930,186.970,0,0
1518636540,186.790,186.790,186.790,186.790,0,0
1518636600,186.710,186.730,186.710,186.730,10405,532055
1518636660,187.120,187.120,187.120,187.120,0,0
1518636720,187.070,187.070,187.070,187.070,0,0
1518636780,187.070,187.050,187.050,187.070,0,0
1518636840,187.000,187.060,186.950,187.060,0,0
1518636900,187.150,187.200,187.150,187.200,4224,542460
1518636960,187.150,187.200,187.150,187.200,0,0
1518637020,187.370,187.370,187.370,187.370,0,0
1518637080,187.240,187.240,187.240,187.240,0,0
1518637140,187.220,187.220,187.220,187.220,0,0
1518637200,187.290,187.460,187.290,187.460,3008,546684
1518637260,187.310,187.290,187.290,187.310,0,0
1518637320,187.350,187.350,187.350,187.350,0,0
1518637500,187.260,187.160,187.160,187.270,7154,549692
1518637560,187.110,187.120,187.110,187.120,0,0
1518637620,187.290,187.320,187.290,187.320,0,0
1518637680,187.340,187.340,187.340,187.340,0,0
1518637800,187.170,187.130,187.130,187.170,4989,556846
1518637860,187.180,187.180,187.180,187.180,0,0
1518637920,187.220,187.200,187.200,187.220,0,0
1518638040,187.230,187.320,187.230,187.320,0,0
1518638100,187.250,187.250,187.250,187.250,5988,561835
1518638160,187.170,187.170,187.170,187.170,0,0
1518638220,187.160,187.160,187.160,187.160,0,0
1518638340,187.160,187.010,187.010,187.160,0,0
1518638400,187.260,187.390,187.260,187.390,6637,567823
1518638460,187.330,187.330,187.330,187.330,0,0
1518638640,187.190,187.320,187.190,187.320,0,0
1518638700,187.410,187.440,187.410,187.440,6681,574460
1518638760,187.410,187.440,187.410,187.440,0,0
1518638820,187.450,187.570,187.450,187.570,0,0
1518638940,187.460,187.430,187.430,187.460,0,0
1518639000,187.430,187.430,187.430,187.430,5216,581141
1518639060,187.510,187.410,187.410,187.510,0,0
1518639120,187.500,187.500,187.500,187.500,0,0
1518639180,187.440,187.620,187.440,187.620,0,0
1518639240,187.610,187.740,187.610,187.740,0,0
1518639300,187.660,187.660,187.660,187.660,16187,586357
1518639360,187.660,187.700,187.650,187.700,0,0
1518639420,187.650,187.530,187.530,187.650,0,0
1518639480,187.530,187.500,187.490,187.530,0,0
1518639540,187.530,187.500,187.500,187.560,0,0
1518639600,187.510,187.510,187.510,187.510,12412,602544
1518639660,187.320,187.210,187.210,187.380,0,0
1518639720,187.290,187.290,187.290,187.290,0,0
1518639780,187.140,187.190,187.140,187.190,0,0
1518639840,187.120,187.070,187.070,187.120,0,0
1518639900,187.080,187.120,187.080,187.120,4848,614956
1518639960,187.350,187.350,187.350,187.350,0,0
1518640020,187.270,187.200,187.200,187.290,0,0
1518640080,187.320,187.320,187.320,187.320,0,0
1518640140,187.280,187.280,187.280,187.280,0,0
1518640200,187.280,187.140,187.140,187.280,9255,619804
1518640260,187.170,187.170,187.170,187.170,0,0
1518640320,187.260,187.160,187.160,187.260,0,0
1518640380,187.090,187.060,187.060,187.090,0,0
1518640440,187.190,187.140,187.040,187.190,0,0
1518640500,187.180,187.090,187.050,187.180,8890,629059
1518640560,187.150,187.200,187.150,187.200,0,0
1518640620,187.030,187.010,187.010,187.030,0,0
1518640680,187.110,187.240,187.110,187.240,0,0
1518640740,187.200,187.200,187.200,187.200,0,0
1518640800,187.250,187.220,187.220,187.270,15079,637949
1518640860,187.220,187.150,187.150,187.220,0,0
1518640920,187.150,187.030,187.030,187.150,0,0
1518640980,187.070,187.000,186.970,187.070,0,0
1518641040,187.010,187.010,187.010,187.010,0,0
1518641100,187.000,187.030,186.990,187.030,32647,653028
1518641160,187.030,187.090,186.980,187.090,0,0
1518641220,187.150,187.090,187.090,187.160,0,0
1518641280,187.080,187.060,187.050,187.080,0,0
1518641340,187.150,187.170,187.100,187.170,0,0
1518641400,187.170,187.380,187.170,187.380,14311,685675
1518641460,187.440,187.490,187.440,187.490,0,0
1518641520,187.560,187.430,187.430,187.560,0,0
1518641580,187.460,187.320,187.320,187.470,0,0
1518641640,187.260,187.290,187.180,187.290,0,0
1518641700,187.270,187.100,187.100,187.270,53878,699986
1518641760,187.090,187.160,187.090,187.160,0,0
1518641820,187.130,187.090,187.090,187.140,0,0
1518641880,187.100,187.000,187.000,187.110,0,0
1518641940,187.010,187.090,187.010,187.110,0,0
1518705000,188.780,188.420,188.420,188.780,19545,0
1518705060,188.780,188.420,188.420,188.780,0,0
1518705120,187.910,187.900,187.760,187.910,0,0
1518705180,188.290,188.490,188.290,188.610,0,0
1518705240,188.510,188.510,188.510,188.510,0,0
1518705300,188.640,188.600,188.530,188.720,5383,19545
1518705360,188.250,188.330,188.250,188.330,0,0
1518705420,188.380,188.260,188.260,188.380,0,0
1518705540,188.630,188.630,188.630,188.630,0,0
1518705600,188.660,188.380,188.380,188.660,5930,24928
1518705720,188.660,188.380,188.380,188.660,0,0
1518705840,188.450,188.420,188.420,188.450,0,0
1518705900,188.060,188.160,188.060,188.160,10369,30858
1518705960,188.240,188.320,188.240,188.540,0,0
1518706080,188.500,188.140,188.140,188.500,0,0
1518706140,188.140,188.000,188.000,188.140,0,0
1518706200,187.860,187.830,187.740,187.860,14062,41227
1518706260,187.710,187.560,187.560,187.710,0,0
1518706320,187.520,187.790,187.520,187.790,0,0
1518706380,187.830,187.850,187.830,187.850,0,0
1518706440,187.700,187.590,187.590,187.770,0,0
1518706500,187.590,187.670,187.590,187.670,8541,55289
1518706560,187.640,187.640,187.640,187.640,0,0
1518706620,187.720,187.520,187.520,187.760,0,0
1518706680,187.410,187.350,187.350,187.410,0,0
1518706740,187.580,187.580,187.580,187.580,0,0
1518706800,187.860,187.630,187.630,187.860,37542,63830
1518706860,187.900,187.990,187.860,188.000,0,0
1518706920,188.130,188.130,188.130,188.130,0,0
1518706980,188.220,188.100,188.100,188.220,0,0
1518707040,188.220,188.200,188.100,188.220,0,0
1518707100,188.180,188.170,188.100,188.190,12520,101372
1518707160,188.390,188.430,188.250,188.430,0,0
1518707280,188.340,188.060,188.060,188.340,0,0
1518707340,187.960,187.790,187.790,187.960,0,0
1518707400,187.440,187.230,187.160,187.440,9699,113892
1518707460,187.360,187.490,187.340,187.490,0,0
1518707580,187.660,187.780,187.660,187.780,0,0
1518707640,187.840,187.770,187.770,187.840,0,0
1518707700,187.720,187.590,187.590,187.720,12523,123591
1518707760,187.740,188.040,187.740,188.040,0,0
1518707820,187.570,187.760,187.570,187.760,0,0
1518707880,187.710,187.710,187.710,187.710,0,0
1518707940,187.710,187.720,187.710,187.720,0,0
1518708000,188.080,188.080,188.080,188.080,11809,136114
1518708060,188.080,188.080,188.080,188.080,0,0
1518708120,188.140,188.100,188.100,188.140,0,0
1518708180,188.270,188.000,188.000,188.270,0,0
1518708240,188.060,188.030,188.030,188.120,0,0
1518708300,188.070,187.920,187.920,188.070,3097,147923
1518708360,188.010,188.010,188.010,188.010,0,0
1518708480,187.900,187.900,187.900,187.900,0,0
1518708600,188.030,187.930,187.930,188.130,7768,151020
1518708660,187.910,187.750,187.750,187.910,0,0
1518708720,187.710,187.670,187.670,187.780,0,0
1518708780,187.490,187.650,187.490,187.650,0,0
1518708840,187.650,187.650,187.650,187.650,0,0
1518708900,187.570,187.740,187.570,187.740,8243,158788
1518708960,187.770,187.710,187.710,187.770,0,0
1518709020,187.610,187.490,187.490,187.750,0,0
1518709080,187.470,187.470,187.470,187.470,0,0
1518709140,187.220,187.110,187.110,187.220,0,0
1518709200,187.430,187.400,187.280,187.430,21761,167031
1518709260,187.380,187.450,187.380,187.450,0,0
1518709320,187.410,187.410,187.410,187.410,0,0
1518709380,187.420,187.420,187.420,187.420,0,0
1518709440,187.520,187.500,187.500,187.520,0,0
1518709500,187.500,187.670,187.500,187.670,4808,188792
1518709560,187.680,187.680,187.680,187.680,0,0
1518709620,187.750,187.780,187.750,187.780,0,0
1518709680,187.810,187.810,187.810,187.810,0,0
1518709740,187.820,187.760,187.760,187.960,0,0
1518709800,188.180,188.180,188.180,188.180,9910,193600
1518709860,187.940,187.820,187.820,187.940,0,0
1518709980,187.540,187.520,187.480,187.880,0,0
1518710040,187.520,187.520,187.520,187.520,0,0
1518710100,187.440,187.090,187.090,187.440,5231,203510
1518710160,187.220,187.370,187.220,187.370,0,0
1518710220,187.510,187.190,187.190,187.510,0,0
1518710340,186.810,186.700,186.700,186.810,0,0
1518710400,186.510,186.350,186.130,186.510,14458,208741
1518710460,186.530,186.530,186.530,186.530,0,0
1518710520,186.460,186.220,186.180,186.460,0,0
1518710580,186.230,186.000,185.920,186.230,0,0
1518710640,185.800,185.740,185.740,185.800,0,0
1518710700,186.000,185.920,185.920,186.000,19701,223199
1518710760,186.160,185.990,185.990,186.160,0,0
1518710820,186.000,186.060,186.000,186.170,0,0
1518710880,185.990,186.040,185.980,186.040,0,0
1518710940,186.080,186.150,186.080,186.150,0,0
1518711000,186.200,186.230,186.200,186.230,9898,242900
1518711060,186.110,186.280,186.110,186.280,0,0
1518711120,186.250,186.150,186.150,186.250,0,0
1518711240,186.340,186.290,186.290,186.340,0,0
1518711300,186.380,186.440,186.380,186.440,9169,252798
1518711360,186.540,186.540,186.540,186.540,0,0
1518711420,186.590,186.590,186.590,186.590,0,0
1518711480,186.840,186.700,186.700,186.840,0,0
1518711540,186.890,186.760,186.760,186.890,0,0
1518711600,187.530,187.530,187.530,187.530,8444,261967
1518711660,187.300,187.100,187.090,187.300,0,0
1518711720,187.080,186.740,186.740,187.080,0,0
1518711780,186.760,186.590,186.590,186.760,0,0
1518711840,186.490,186.480,186.480,186.490,0,0
1518711900,186.480,186.480,186.480,186.480,6663,270411
1518711960,186.370,186.400,186.370,186.590,0,0
1518712020,186.350,186.340,186.260,186.350,0,0
1518712080,186.450,186.500,186.450,186.500,0,0
1518712140,186.600,186.710,186.600,186.710,0,0
1518712200,186.570,186.590,186.570,186.590,8034,277074
1518712260,186.590,186.370,186.370,186.590,0,0
1518712320,186.290,186.340,186.290,186.340,0,0
1518712380,186.330,186.130,186.130,186.330,0,0
1518712440,186.250,186.250,186.250,186.250,0,0
1518712500,186.250,186.250,186.250,186.250,7573,285108
1518712560,186.250,186.150,186.150,186.250,0,0
1518712620,186.060,186.040,186.040,186.090,0,0
1518712680,186.060,186.040,186.040,186.060,0,0
1518712800,186.160,186.160,186.160,186.160,9520,292681
1518712860,186.220,186.250,186.220,186.320,0,0
1518712920,186.340,186.280,186.280,186.340,0,0
1518712980,186.310,186.140,186.140,186.310,0,0
1518713040,186.140,186.230,186.140,186.230,0,0
1518713100,186.250,186.310,186.250,186.310,10861,302201
1518713160,186.250,186.310,186.250,186.310,0,0
1518713220,186.250,186.250,186.250,186.250,0,0
1518713280,186.130,185.800,185.800,186.130,0,0
1518713340,185.890,185.860,185.860,185.890,0,0
1518713400,185.880,185.980,185.880,185.980,11415,313062
1518713460,186.050,186.000,186.000,186.050,0,0
1518713520,185.940,186.070,185.910,186.070,0,0
1518713580,185.960,185.960,185.960,185.960,0,0
1518713640,185.890,185.970,185.890,185.970,0,0
1518713700,186.130,185.670,185.670,186.130,6132,324477
1518713760,185.650,185.610,185.610,185.650,0,0
1518713820,185.620,185.710,185.620,185.710,0,0
1518713880,185.840,185.840,185.840,185.840,0,0
1518713940,185.720,185.680,185.680,185.720,0,0
1518714000,185.690,185.700,185.690,185.710,10260,330609
1518714060,185.680,185.630,185.630,185.690,0,0
1518714120,185.860,185.980,185.860,185.980,0,0
1518714180,185.980,185.510,185.510,185.980,0,0
1518714240,185.510,185.460,185.460,185.510,0,0
1518714300,185.440,185.480,185.370,185.480,9817,340869
1518714360,185.460,185.460,185.460,185.460,0,0
1518714420,185.580,185.530,185.530,185.650,0,0
1518714480,185.800,185.800,185.800,185.800,0,0
1518714540,186.160,185.940,185.880,186.160,0,0
1518714600,186.060,186.100,186.060,186.100,10798,350686
1518714660,186.110,186.090,186.090,186.110,0,0
1518714720,186.160,186.160,186.160,186.160,0,0
1518714780,186.350,186.350,186.350,186.350,0,0
1518714840,186.370,186.150,186.150,186.370,0,0
1518714900,186.220,186.220,186.220,186.220,12916,361484
1518714960,186.280,186.280,186.280,186.280,0,0
1518715020,186.380,186.380,186.380,186.380,0,0
1518715080,186.270,186.380,186.270,186.380,0,0
1518715140,186.380,186.320,186.230,186.390,0,0
1518715200,186.330,186.330,186.330,186.330,5099,374400
1518715260,186.330,186.330,186.330,186.330,0,0
1518715320,186.320,186.320,186.320,186.320,0,0
1518715380,186.320,186.320,186.320,186.320,0,0
1518715440,186.190,186.260,186.180,186.260,0,0
1518715500,186.260,186.260,186.260,186.260,7925,379499
1518715560,186.300,186.180,186.180,186.300,0,0
1518715620,186.090,186.010,186.010,186.090,0,0
1518715680,185.970,185.970,185.970,185.970,0,0
1518715740,185.960,185.960,185.960,185.960,0,0
1518715800,185.960,186.100,185.960,186.100,9356,387424
1518715860,186.040,186.160,186.040,186.190,0,0
1518715920,186.270,186.280,186.270,186.280,0,0
1518715980,186.270,186.270,186.270,186.270,0,0
1518716040,186.350,186.420,186.350,186.420,0,0
1518716100,186.410,186.370,186.370,186.410,3522,396780
1518716160,186.410,186.370,186.370,186.410,0,0
1518716220,186.410,186.370,186.370,186.410,0,0
1518716280,186.410,186.430,186.410,186.500,0,0
1518716340,186.390,186.390,186.390,186.390,0,0
1518716400,186.500,186.470,186.450,186.500,6734,400302
1518716460,186.430,186.330,186.330,186.430,0,0
1518716520,186.320,186.380,186.320,186.380,0,0
1518716640,186.290,186.350,186.290,186.350,0,0
1518716700,186.310,186.350,186.310,186.350,924,407036
1518716880,186.340,186.350,186.340,186.350,0,0
1518717000,186.500,186.320,186.320,186.530,15060,407960
1518717060,186.500,186.320,186.320,186.530,0,0
1518717120,186.310,186.310,186.310,186.310,0,0
1518717180,186.390,186.360,186.360,186.420,0,0
1518717240,186.340,186.280,186.280,186.340,0,0
1518717300,186.250,186.200,186.200,186.250,6017,423020
1518717360,186.250,186.280,186.250,186.280,0,0
1518717420,186.520,186.520,186.520,186.520,0,0
1518717480,186.660,186.610,186.610,186.660,0,0
1518717540,186.700,186.700,186.700,186.700,0,0
1518717600,186.790,186.890,186.790,186.890,4115,429037
1518717660,186.980,186.840,186.840,186.980,0,0
1518717720,186.850,186.850,186.850,186.850,0,0
1518717780,186.910,186.840,186.840,186.910,0,0
1518717840,186.880,186.880,186.880,186.880,0,0
1518717900,186.930,186.930,186.930,186.930,3019,433152
1518718020,186.930,186.930,186.930,186.930,0,0
1518718080,187.020,187.020,187.020,187.020,0,0
1518718140,186.890,186.890,186.890,186.890,0,0
1518718200,186.900,186.980,186.900,186.980,3201,436171
1518718260,187.030,187.220,187.030,187.220,0,0
1518718380,187.130,187.060,187.060,187.130,0,0
1518718440,187.140,187.070,187.070,187.140,0,0
1518718500,187.150,187.150,187.150,187.150,6836,439372
1518718560,187.130,187.150,187.100,187.190,0,0
1518718620,187.030,187.030,187.030,187.030,0,0
1518718680,187.150,187.060,187.060,187.150,0,0
1518718740,186.990,186.990,186.990,186.990,0,0
1518718800,186.820,186.850,186.820,186.850,4399,446208
1518718860,186.820,186.850,186.820,186.850,0,0
1518718920,186.790,186.790,186.790,186.790,0,0
1518718980,186.740,186.740,186.740,186.740,0,0
1518719100,186.740,186.840,186.740,186.840,6116,450607
1518719160,186.840,186.840,186.840,186.840,0,0
1518719340,186.670,186.740,186.670,186.770,0,0
1518719400,186.620,186.550,186.550,186.620,4693,456723
1518719460,186.650,186.650,186.650,186.650,0,0
1518719520,186.620,186.630,186.620,186.630,0,0
1518719580,186.660,186.660,186.660,186.660,0,0
1518719640,186.570,186.570,186.570,186.570,0,0
1518719700,186.740,186.860,186.740,186.860,9574,461416
1518719760,186.860,186.720,186.720,186.860,0,0
1518719820,186.740,186.750,186.660,186.750,0,0
1518719880,186.840,186.840,186.840,186.840,0,0
1518719940,186.820,186.820,186.820,186.820,0,0
1518720000,186.910,186.910,186.910,186.910,5557,470990
1518720060,186.930,187.010,186.930,187.010,0,0
1518720120,187.000,187.040,187.000,187.040,0,0
1518720180,186.940,186.770,186.770,186.940,0,0
1518720240,186.840,186.930,186.840,186.930,0,0
1518720300,187.000,186.940,186.890,187.000,7498,476547
1518720360,186.860,186.860,186.860,186.860,0,0
1518720420,186.850,186.850,186.850,186.850,0,0
1518720480,186.910,187.040,186.910,187.040,0,0
1518720540,187.010,187.010,187.010,187.010,0,0
1518720600,187.000,186.880,186.880,187.000,8106,484045
1518720660,187.000,186.880,186.880,187.000,0,0
1518720720,186.950,186.850,186.850,186.950,0,0
1518720780,186.850,186.910,186.850,186.910,0,0
1518720840,186.850,186.910,186.830,186.910,0,0
1518720900,186.940,187.270,186.940,187.270,7253,492151
1518720960,187.040,187.040,187.040,187.040,0,0
1518721020,187.170,187.170,187.170,187.170,0,0
1518721080,187.190,187.040,187.000,187.190,0,0
1518721140,187.080,187.310,187.080,187.310,0,0
1518721200,187.210,187.210,187.210,187.210,4334,499404
1518721320,187.440,187.240,187.240,187.440,0,0
1518721380,187.410,187.360,187.360,187.450,0,0
1518721440,187.360,187.360,187.360,187.360,0,0
1518721500,187.470,187.360,187.350,187.500,6576,503738
1518721560,187.470,187.360,187.350,187.500,0,0
1518721620,187.430,187.430,187.430,187.430,0,0
1518721680,187.430,187.360,187.360,187.430,0,0
1518721740,187.420,187.390,187.360,187.420,0,0
1518721800,187.280,187.150,187.150,187.280,9018,510314
1518721860,187.220,187.250,187.220,187.250,0,0
1518721920,187.290,187.180,187.180,187.290,0,0
1518721980,187.190,187.100,187.100,187.190,0,0
1518722040,187.180,187.090,187.090,187.180,0,0
1518722100,187.090,187.140,187.090,187.140,6033,519332
1518722160,187.180,187.230,187.180,187.230,0,0
1518722220,187.180,187.080,187.080,187.180,0,0
1518722340,187.140,187.070,187.070,187.140,0,0
1518722400,187.070,187.060,186.990,187.070,12587,525365
1518722460,186.990,186.910,186.910,187.070,0,0
1518722520,186.930,186.930,186.930,186.930,0,0
1518722580,186.930,187.040,186.930,187.140,0,0
1518722640,187.090,187.190,187.090,187.190,0,0
1518722700,187.250,187.260,187.250,187.260,15805,537952
1518722760,187.260,187.410,187.260,187.410,0,0
1518722820,187.360,187.390,187.360,187.390,0,0
1518722880,187.360,187.340,187.340,187.360,0,0
1518722940,187.420,187.420,187.420,187.420,0,0
1518723000,187.420,187.380,187.380,187.500,27255,553757
1518723060,187.420,187.470,187.420,187.490,0,0
1518723120,187.430,187.410,187.410,187.430,0,0
1518723180,187.390,187.480,187.390,187.480,0,0
1518723240,187.400,187.400,187.400,187.400,0,0
1518723300,187.460,187.530,187.460,187.620,6685,581012
1518723360,187.380,187.470,187.380,187.470,0,0
1518723420,187.420,187.440,187.420,187.440,0,0
1518723480,187.430,187.450,187.430,187.450,0,0
1518723540,187.460,187.470,187.460,187.470,0,0
1518723600,187.500,187.530,187.500,187.530,7790,587697
1518723660,187.500,187.510,187.430,187.510,0,0
1518723720,187.510,187.530,187.370,187.530,0,0
1518723780,187.350,187.410,187.350,187.410,0,0
1518723840,187.410,187.420,187.410,187.420,0,0
1518723900,187.440,187.440,187.440,187.440,9903,595487
1518723960,187.440,187.500,187.440,187.500,0,0
1518724020,187.440,187.500,187.440,187.500,0,0
1518724080,187.400,187.450,187.400,187.500,0,0
1518724140,187.490,187.530,187.450,187.530,0,0
1518724200,187.530,187.500,187.500,187.530,13207,605390
1518724260,187.490,187.500,187.490,187.500,0,0
1518724320,187.530,187.600,187.530,187.600,0,0
1518724380,187.500,187.440,187.440,187.510,0,0
1518724440,187.440,187.440,187.440,187.440,0,0
1518724500,187.460,187.550,187.440,187.550,6466,618597
1518724620,187.460,187.550,187.440,187.550,0,0
1518724740,187.540,187.600,187.540,187.600,0,0
1518724800,187.690,187.500,187.500,187.690,10138,625063
1518724860,187.530,187.830,187.530,187.830,0,0
1518724920,187.750,187.750,187.750,187.750,0,0
1518724980,187.770,187.790,187.770,187.790,0,0
1518725040,187.760,187.750,187.710,187.760,0,0
1518725100,187.850,187.870,187.850,187.870,10934,635201
1518725160,187.810,187.750,187.750,187.830,0,0
1518725220,187.740,187.740,187.740,187.740,0,0
1518725280,187.750,187.660,187.660,187.750,0,0
1518725340,187.630,187.480,187.480,187.660,0,0
1518725400,187.500,187.500,187.500,187.500,7016,646135
1518725460,187.480,187.480,187.480,187.480,0,0
1518725520,187.340,187.480,187.310,187.480,0,0
1518725580,187.480,187.480,187.480,187.480,0,0
1518725640,187.570,187.640,187.530,187.640,0,0
1518725700,187.570,187.640,187.570,187.640,9627,653151
1518725760,187.570,187.630,187.570,187.630,0,0
1518725820,187.640,187.600,187.600,187.660,0,0
1518725880,187.640,187.500,187.500,187.690,0,0
1518725940,187.490,187.550,187.440,187.550,0,0
1518726000,187.560,187.560,187.560,187.560,14000,662778
1518726060,187.520,187.530,187.520,187.570,0,0
1518726120,187.590,187.530,187.500,187.590,0,0
1518726180,187.500,187.540,187.500,187.540,0,0
1518726240,187.530,187.530,187.530,187.530,0,0
1518726300,187.600,187.760,187.600,187.760,12570,676778
1518726360,187.710,187.760,187.680,187.840,0,0
1518726420,187.750,187.680,187.680,187.750,0,0
1518726480,187.570,187.570,187.570,187.570,0,0
1518726540,187.530,187.460,187.460,187.530,0,0
1518726600,187.570,187.660,187.470,187.660,10183,689348
1518726660,187.610,187.570,187.520,187.610,0,0
1518726720,187.510,187.440,187.440,187.510,0,0
1518726780,187.380,187.380,187.380,187.380,0,0
1518726840,187.370,187.350,187.350,187.370,0,0
1518726900,187.260,187.170,187.160,187.260,15505,699531
1518727020,187.260,187.160,187.160,187.320,0,0
1518727080,187.280,187.320,187.280,187.320,0,0
1518727140,187.440,187.310,187.310,187.450,0,0
1518727200,187.300,187.290,187.190,187.300,17049,715036
1518727260,187.300,187.390,187.300,187.390,0,0
1518727320,187.390,187.370,187.340,187.430,0,0
1518727380,187.400,187.420,187.340,187.420,0,0
1518727440,187.300,187.140,187.140,187.300,0,0
1518727500,187.090,187.230,187.090,187.250,40916,732085
1518727560,187.230,187.210,187.190,187.230,0,0
1518727620,187.230,187.320,187.230,187.370,0,0
1518727680,187.370,187.220,187.220,187.370,0,0
1518727740,187.290,187.230,187.220,187.310,0,0
1518727800,187.250,187.330,187.250,187.340,22775,773001
1518727860,187.370,187.290,187.280,187.370,0,0
1518727920,187.300,187.290,187.250,187.320,0,0
1518727980,187.320,187.340,187.290,187.360,0,0
1518728040,187.290,187.240,187.230,187.300,0,0
1518728100,187.280,187.300,187.270,187.320,189177,795776
1518728160,187.320,187.250,187.190,187.320,0,0
1518728220,187.250,187.230,187.210,187.270,0,0
1518728280,187.250,187.300,187.220,187.300,0,0
1518728340,187.320,187.580,187.130,187.580,0,0
1518791400,186.310,186.310,186.310,186.310,35226,0
1518791460,186.600,186.600,186.600,186.600,0,0
1518791520,186.960,186.960,186.960,186.960,0,0
1518791580,187.030,187.030,187.030,187.030,0,0
1518791640,186.860,186.860,186.860,186.860,0,0
1518791700,187.080,187.080,187.080,187.080,3570,35226
1518791760,187.080,187.080,187.080,187.080,0,0
1518791880,187.330,187.420,187.330,187.420,0,0
1518791940,187.750,187.910,187.750,187.910,0,0
1518792000,187.840,187.800,187.680,187.840,6540,38796
1518792060,187.840,187.800,187.680,187.840,0,0
1518792180,187.350,187.120,187.120,187.350,0,0
1518792240,187.280,187.280,187.280,187.280,0,0
1518792300,187.000,187.000,187.000,187.000,4849,45336
1518792360,187.130,187.210,187.130,187.210,0,0
1518792420,187.190,187.190,187.190,187.190,0,0
1518792540,187.340,187.180,187.180,187.340,0,0
1518792600,187.310,187.160,187.160,187.310,3639,50185
1518792720,187.490,187.490,187.490,187.490,0,0
1518792840,187.430,187.430,187.430,187.430,0,0
1518792900,187.540,187.540,187.540,187.540,6186,53824
1518792960,187.290,187.340,187.290,187.340,0,0
1518793080,187.250,187.250,187.250,187.250,0,0
1518793140,187.060,186.890,186.800,187.060,0,0
1518793200,186.680,186.680,186.680,186.680,1837,60010
1518793260,186.680,186.680,186.680,186.680,0,0
1518793320,186.810,186.810,186.810,186.810,0,0
1518793500,186.580,186.600,186.580,186.600,6679,61847
1518793560,186.720,186.720,186.720,186.720,0,0
1518793620,186.570,186.680,186.570,186.680,0,0
1518793680,186.650,186.820,186.650,186.820,0,0
1518793740,186.750,187.110,186.750,187.110,0,0
1518793800,186.930,186.930,186.930,186.930,8554,68526
1518793860,186.590,186.590,186.590,186.590,0,0
1518793920,186.590,186.740,186.560,186.740,0,0
1518793980,186.570,186.330,186.330,186.570,0,0
1518794040,186.470,186.320,186.320,186.470,0,0
1518794100,186.320,186.560,186.240,186.560,9109,77080
1518794160,186.820,186.670,186.630,186.820,0,0
1518794220,186.730,186.660,186.650,186.730,0,0
1518794340,186.470,186.330,186.330,186.560,0,0
1518794400,186.340,186.460,186.340,186.520,7058,86189
1518794460,186.540,186.480,186.480,186.550,0,0
1518794520,186.310,186.300,186.140,186.310,0,0
1518794580,186.090,185.990,185.990,186.090,0,0
1518794640,186.310,186.310,186.310,186.310,0,0
1518794700,186.380,186.420,186.380,186.450,8981,93247
1518794760,186.300,186.300,186.300,186.300,0,0
1518794880,186.470,186.470,186.470,186.470,0,0
1518794940,186.630,186.670,186.630,186.670,0,0
1518795000,186.640,186.640,186.640,186.640,20257,102228
1518795120,187.090,186.860,186.860,187.090,0,0
1518795180,186.970,186.970,186.970,186.970,0,0
1518795240,186.970,186.970,186.970,186.970,0,0
1518795300,187.230,187.230,187.230,187.230,5583,122485
1518795360,187.230,187.230,187.230,187.230,0,0
1518795420,187.220,187.120,187.120,187.220,0,0
1518795480,187.060,187.060,187.060,187.060,0,0
1518795600,187.030,187.030,187.030,187.030,7021,128068
1518795660,186.880,186.880,186.880,186.880,0,0
1518795720,186.930,186.860,186.860,186.970,0,0
1518795780,186.890,186.890,186.890,186.890,0,0
1518795840,186.870,186.820,186.820,186.870,0,0
1518795900,186.750,186.940,186.750,186.940,8444,135089
1518795960,186.940,186.940,186.940,186.940,0,0
1518796080,186.980,186.980,186.980,186.980,0,0
1518796140,186.900,187.080,186.900,187.080,0,0
1518796200,186.930,186.930,186.930,186.930,6937,143533
1518796260,187.050,186.930,186.930,187.050,0,0
1518796320,186.870,186.870,186.870,186.870,0,0
1518796440,187.010,187.090,187.010,187.090,0,0
1518796500,187.010,187.010,187.010,187.010,7557,150470
1518796560,187.140,187.010,187.010,187.140,0,0
1518796620,186.990,186.990,186.990,186.990,0,0
1518796680,186.870,186.860,186.860,186.870,0,0
1518796740,186.870,186.760,186.760,186.870,0,0
1518796800,186.900,186.900,186.900,186.900,5847,158027
1518796860,186.890,186.890,186.890,186.890,0,0
1518796920,186.910,186.910,186.910,186.910,0,0
1518796980,186.930,186.810,186.810,186.930,0,0
1518797040,186.930,186.790,186.790,187.020,0,0
1518797100,186.900,186.900,186.900,186.900,4482,163874
1518797220,186.900,186.900,186.900,186.900,0,0
1518797280,187.030,187.270,187.000,187.270,0,0
1518797340,187.250,187.310,187.160,187.310,0,0
1518797400,187.230,187.230,187.230,187.230,9972,168356
1518797460,187.390,187.380,187.380,187.390,0,0
1518797520,187.440,187.380,187.380,187.440,0,0
1518797580,187.270,187.270,187.270,187.270,0,0
1518797640,187.240,187.350,187.240,187.350,0,0
1518797700,187.260,187.260,187.260,187.260,4836,178328
1518797760,187.250,187.250,187.250,187.250,0,0
1518797820,187.270,187.270,187.270,187.270,0,0
1518797880,187.330,187.350,187.250,187.350,0,0
1518797940,187.250,187.310,187.250,187.310,0,0
1518798000,187.250,187.280,187.210,187.280,6118,183164
1518798060,187.250,187.280,187.210,187.280,0,0
1518798180,187.220,187.220,187.220,187.220,0,0
1518798240,187.210,187.210,187.210,187.210,0,0
1518798300,187.210,187.130,187.130,187.210,11418,189282
1518798360,186.700,186.960,186.700,186.960,0,0
1518798540,187.040,186.840,186.840,187.040,0,0
1518798600,187.010,187.040,187.010,187.040,3886,200700
1518798720,187.010,187.040,187.010,187.040,0,0
1518798780,187.090,187.010,187.010,187.090,0,0
1518798840,187.180,187.090,187.090,187.180,0,0
1518798900,186.990,187.080,186.950,187.080,6000,204586
1518799020,187.070,187.070,187.070,187.070,0,0
1518799080,187.030,187.030,187.030,187.030,0,0
1518799140,187.070,187.210,187.070,187.210,0,0
1518799200,187.290,187.270,187.270,187.290,3245,210586
1518799260,187.310,187.310,187.310,187.310,0,0
1518799380,187.300,187.350,187.300,187.350,0,0
1518799500,187.350,187.380,187.350,187.380,4988,213831
1518799620,187.430,187.430,187.430,187.430,0,0
1518799740,187.440,187.280,187.280,187.440,0,0
1518799800,187.280,187.320,187.280,187.340,6217,218819
1518799860,187.330,187.390,187.330,187.390,0,0
1518799920,187.350,187.350,187.350,187.350,0,0
1518799980,187.390,187.390,187.390,187.390,0,0
1518800040,187.240,187.240,187.240,187.240,0,0
1518800100,187.280,187.240,187.240,187.280,5807,225036
1518800160,187.230,187.230,187.230,187.230,0,0
1518800220,187.150,187.150,187.150,187.150,0,0
1518800400,187.320,187.320,187.320,187.320,7482,230843
1518800460,187.330,187.330,187.330,187.330,0,0
1518800640,187.430,187.590,187.430,187.590,0,0
1518800700,187.660,187.590,187.590,187.660,1948,238325
1518800760,187.660,187.590,187.590,187.660,0,0
1518800820,187.730,187.730,187.730,187.730,0,0
1518800880,187.710,187.660,187.660,187.710,0,0
1518801000,187.680,187.830,187.680,187.830,1432,240273
1518801120,187.680,187.830,187.680,187.830,0,0
1518801240,187.700,187.700,187.700,187.700,0,0
1518801300,187.710,187.710,187.710,187.710,3367,241705
1518801360,187.700,187.740,187.670,187.740,0,0
1518801420,187.650,187.650,187.650,187.650,0,0
1518801480,187.700,187.700,187.700,187.700,0,0
1518801540,187.750,187.750,187.750,187.750,0,0
1518801600,187.760,187.760,187.760,187.760,5469,245072
1518801660,187.820,187.770,187.770,187.820,0,0
1518801720,187.770,187.740,187.740,187.770,0,0
1518801780,187.700,187.700,187.700,187.700,0,0
1518801840,187.650,187.570,187.570,187.650,0,0
1518801900,187.650,187.650,187.650,187.650,5039,250541
1518801960,187.760,187.700,187.700,187.760,0,0
1518802020,187.740,187.640,187.640,187.740,0,0
1518802080,187.770,187.650,187.650,187.770,0,0
1518802140,187.740,187.740,187.740,187.740,0,0
1518802200,187.870,187.940,187.870,187.940,5784,255580
1518802260,187.870,187.940,187.870,187.940,0,0
1518802320,188.000,188.000,188.000,188.000,0,0
1518802380,188.050,188.080,188.050,188.080,0,0
1518802440,188.340,188.340,188.340,188.340,0,0
1518802500,188.370,188.430,188.370,188.430,4858,261364
1518802560,188.370,188.430,188.370,188.430,0,0
1518802620,188.590,188.590,188.590,188.590,0,0
1518802680,188.500,188.490,188.490,188.500,0,0
1518802800,188.460,188.390,188.390,188.460,4036,266222
1518802920,188.460,188.390,188.390,188.460,0,0
1518802980,188.140,188.140,188.140,188.140,0,0
1518803040,187.970,187.970,187.970,187.970,0,0
1518803100,187.990,187.990,187.990,187.990,2165,270258
1518803160,187.860,187.860,187.860,187.860,0,0
1518803220,187.850,187.670,187.670,187.850,0,0
1518803400,187.600,187.600,187.600,187.600,9392,272423
1518803460,187.320,187.030,187.030,187.320,0,0
1518803520,187.000,186.840,186.840,187.000,0,0
1518803580,186.760,186.650,186.650,186.760,0,0
1518803640,186.700,186.650,186.650,186.700,0,0
1518803700,186.620,186.620,186.620,186.620,6435,281815
1518803760,186.840,186.940,186.840,186.940,0,0
1518803820,186.640,187.000,186.640,187.000,0,0
1518803880,186.940,186.980,186.940,186.980,0,0
1518804000,187.120,187.460,187.120,187.460,7628,288250
1518804060,187.600,187.600,187.600,187.600,0,0
1518804180,187.640,187.480,187.480,187.640,0,0
1518804240,187.340,187.370,187.340,187.370,0,0
1518804300,187.110,187.120,187.110,187.330,2397,295878
1518804360,187.110,187.120,187.110,187.330,0,0
1518804480,187.320,187.460,187.320,187.460,0,0
1518804540,187.300,187.200,187.200,187.300,0,0
1518804600,187.290,186.820,186.820,187.290,5923,298275
1518804660,186.830,187.230,186.830,187.230,0,0
1518804780,186.890,186.810,186.810,186.890,0,0
1518804840,187.000,187.000,187.000,187.000,0,0
1518804900,186.900,186.900,186.900,186.900,3226,304198
1518804960,187.120,187.070,187.070,187.120,0,0
1518805020,186.950,186.950,186.950,186.950,0,0
1518805080,186.580,186.580,186.580,186.580,0,0
1518805140,186.560,186.640,186.560,186.640,0,0
1518805200,186.900,186.900,186.900,186.900,12286,307424
1518805260,186.780,186.910,186.780,186.910,0,0
1518805320,186.560,186.720,186.560,186.720,0,0
1518805380,186.800,186.710,186.650,186.800,0,0
1518805440,186.530,186.710,186.530,186.710,0,0
1518805500,186.530,186.530,186.530,186.530,2090,319710
1518805560,186.210,186.210,186.210,186.210,0,0
1518805620,186.460,186.710,186.460,186.710,0,0
1518805800,186.440,186.250,186.250,186.440,10681,321800
1518805860,186.290,186.150,186.150,186.290,0,0
1518805920,186.320,186.320,186.320,186.320,0,0
1518805980,186.290,186.300,186.180,186.300,0,0
1518806040,186.320,186.310,186.160,186.320,0,0
1518806100,186.460,186.630,186.460,186.630,7535,332481
1518806220,186.660,186.660,186.660,186.660,0,0
1518806280,186.610,186.510,186.510,186.610,0,0
1518806340,186.500,186.360,186.360,186.500,0,0
1518806400,186.530,186.560,186.530,186.580,12428,340016
1518806460,186.620,186.430,186.430,186.620,0,0
1518806520,186.430,186.370,186.340,186.510,0,0
1518806580,186.200,186.200,186.200,186.200,0,0
1518806700,186.320,186.410,186.320,186.410,3455,352444
1518806760,186.360,186.360,186.360,186.360,0,0
1518806820,186.450,186.450,186.450,186.450,0,0
1518806880,186.280,186.150,186.150,186.280,0,0
1518807000,186.300,186.300,186.300,186.300,3277,355899
1518807120,186.290,186.220,186.220,186.290,0,0
1518807180,186.280,186.280,186.280,186.280,0,0
1518807240,186.220,186.160,186.160,186.220,0,0
1518807300,186.060,186.120,186.060,186.120,7167,359176
1518807420,186.060,186.120,186.060,186.120,0,0
1518807480,186.160,186.460,186.160,186.460,0,0
1518807600,186.270,186.590,186.270,186.590,5513,366343
1518807660,186.630,186.650,186.630,186.650,0,0
1518807720,186.740,186.550,186.550,186.740,0,0
1518807840,186.470,186.470,186.470,186.470,0,0
1518807900,186.290,186.290,186.290,186.290,6036,371856
1518808020,186.280,186.220,186.220,186.310,0,0
1518808140,186.100,186.080,186.080,186.100,0,0
1518808200,186.040,186.140,186.040,186.140,17371,377892
1518808260,185.900,185.900,185.900,185.900,0,0
1518808320,185.990,185.990,185.990,185.990,0,0
1518808380,185.800,185.720,185.690,185.800,0,0
1518808440,185.890,185.800,185.800,185.890,0,0
1518808500,185.800,185.800,185.800,185.800,18956,395263
1518808560,185.800,185.880,185.800,185.880,0,0
1518808620,185.800,185.860,185.800,185.860,0,0
1518808680,185.550,185.720,185.550,185.720,0,0
1518808740,185.600,186.010,185.600,186.010,0,0
1518808800,185.860,185.860,185.860,185.860,10337,414219
1518808860,185.900,185.900,185.900,185.900,0,0
1518808920,185.690,185.690,185.690,185.690,0,0
1518808980,185.750,185.810,185.620,185.810,0,0
1518809100,185.800,185.800,185.800,185.800,9344,424556
1518809160,185.800,185.800,185.800,185.800,0,0
1518809220,185.800,185.800,185.800,185.800,0,0
1518809280,185.880,185.810,185.780,185.880,0,0
1518809340,185.910,185.870,185.870,185.910,0,0
1518809400,185.870,185.760,185.740,185.870,6104,433900
1518809460,185.940,185.910,185.910,185.940,0,0
1518809580,186.060,186.060,186.060,186.060,0,0
1518809640,185.990,185.980,185.980,185.990,0,0
1518809700,186.090,186.090,186.090,186.090,4760,440004
1518809760,186.090,186.090,186.090,186.090,0,0
1518809880,186.170,186.160,186.100,186.170,0,0
1518810000,186.350,186.350,186.350,186.350,6649,444764
1518810060,186.120,186.150,186.120,186.150,0,0
1518810120,186.310,186.240,186.240,186.310,0,0
1518810180,186.160,186.160,186.160,186.160,0,0
1518810240,186.120,185.900,185.900,186.120,0,0
1518810300,185.830,185.830,185.830,185.830,13592,451413
1518810360,185.760,185.760,185.760,185.760,0,0
1518810420,185.660,185.560,185.450,185.660,0,0
1518810480,185.670,185.770,185.670,185.770,0,0
1518810540,185.850,185.850,185.850,185.850,0,0
1518810600,185.800,185.790,185.790,185.800,4317,465005
1518810720,185.570,185.630,185.570,185.630,0,0
1518810780,185.730,185.730,185.730,185.730,0,0
1518810840,185.910,185.980,185.910,185.980,0,0
1518810900,186.000,186.120,185.900,186.120,9886,469322
1518811020,186.160,186.020,186.020,186.160,0,0
1518811080,185.970,186.000,185.970,186.000,0,0
1518811140,186.060,186.040,186.010,186.070,0,0
1518811200,186.060,186.020,186.020,186.080,23259,479208
1518811260,186.020,186.080,186.020,186.180,0,0
1518811320,186.120,186.110,186.110,186.190,0,0
1518811380,186.160,186.230,186.160,186.230,0,0
1518811440,186.120,186.110,186.110,186.120,0,0
1518811500,186.100,186.290,186.100,186.290,14066,502467
1518811560,186.230,186.250,186.230,186.250,0,0
1518811620,186.220,186.250,186.220,186.250,0,0
1518811680,186.230,186.190,186.190,186.230,0,0
1518811740,186.240,186.210,186.210,186.240,0,0
1518811800,186.230,186.160,186.160,186.330,10715,516533
1518811860,186.190,186.290,186.170,186.390,0,0
1518811920,186.260,186.260,186.260,186.260,0,0
1518811980,186.130,186.070,186.070,186.130,0,0
1518812040,186.030,186.030,186.030,186.030,0,0
1518812100,185.930,185.950,185.930,186.020,6340,527248
1518812160,186.090,186.020,186.020,186.090,0,0
1518812220,186.090,185.910,185.910,186.090,0,0
1518812280,185.970,185.970,185.970,185.970,0,0
1518812340,186.060,185.980,185.980,186.060,0,0
1518812400,186.010,186.000,186.000,186.090,9208,533588
1518812460,185.940,185.880,185.880,185.940,0,0
1518812520,186.000,186.000,186.000,186.000,0,0
1518812580,185.980,185.970,185.970,186.040,0,0
1518812640,186.030,185.970,185.970,186.030,0,0
1518812700,186.010,186.190,186.010,186.190,10912,542796
1518812760,186.310,186.280,186.280,186.370,0,0
1518812820,186.370,186.370,186.370,186.370,0,0
1518812880,186.310,186.310,186.310,186.310,0,0
1518812940,186.340,186.340,186.340,186.340,0,0
1518813000,186.430,186.510,186.430,186.510,12341,553708
1518813060,186.600,186.320,186.320,186.600,0,0
1518813120,186.320,186.320,186.320,186.320,0,0
1518813180,186.280,186.160,186.160,186.280,0,0
1518813240,186.190,186.200,186.190,186.250,0,0
1518813300,186.150,186.030,186.030,186.150,24701,566049
1518813360,186.060,186.080,186.010,186.120,0,0
1518813420,186.090,186.010,186.010,186.090,0,0
1518813480,186.030,186.000,185.980,186.040,0,0
1518813540,185.910,185.800,185.800,185.910,0,0
1518813600,185.850,185.770,185.770,185.910,17388,590750
1518813660,185.770,185.840,185.760,185.840,0,0
1518813720,185.820,185.870,185.820,185.870,0,0
1518813780,185.940,186.000,185.940,186.030,0,0
1518813840,186.000,186.010,185.940,186.010,0,0
1518813900,186.000,186.010,186.000,186.010,30935,608138
1518813960,186.010,186.040,186.010,186.050,0,0
1518814020,186.120,186.250,186.120,186.250,0,0
1518814080,186.350,186.510,186.350,186.510,0,0
1518814140,186.480,186.440,186.440,186.480,0,0
1518814200,186.380,186.430,186.380,186.470,26883,639073
1518814260,186.410,186.450,186.360,186.480,0,0
1518814320,186.420,186.340,186.340,186.430,0,0
1518814380,186.350,186.360,186.350,186.410,0,0
1518814440,186.360,186.150,186.150,186.360,0,0
1518814500,186.210,186.050,186.050,186.210,161529,665956
1518814560,186.040,185.870,185.850,186.040,0,0
1518814620,185.870,185.860,185.850,186.020,0,0
1518814680,185.850,185.770,185.700,185.850,0,0
1518814740,185.850,185.560,185.560,185.890,0,0
1519137000,184.010,184.700,184.010,184.700,12776,0
1519137120,184.320,184.320,184.320,184.320,0,0
1519137180,184.900,184.900,184.900,184.900,0,0
1519137240,184.450,184.450,184.450,184.450,0,0
1519137300,184.760,185.560,184.760,185.560,7904,12776
1519137420,185.560,185.560,185.560,185.560,0,0
1519137480,185.460,185.460,185.460,185.460,0,0
1519137540,185.660,185.650,185.650,185.660,0,0
1519137600,185.510,185.800,185.510,185.800,11302,20680
1519137720,185.510,185.510,185.510,185.510,0,0
1519137780,185.470,185.470,185.470,185.470,0,0
1519137840,185.560,185.510,185.510,185.610,0,0
1519137900,185.570,185.410,185.410,185.570,5696,31982
1519137960,185.560,185.560,185.560,185.560,0,0
1519138080,185.820,185.980,185.820,185.990,0,0
1519138140,186.080,186.080,186.080,186.080,0,0
1519138200,186.110,185.960,185.960,186.110,11220,37678
1519138260,185.880,185.980,185.880,185.980,0,0
1519138320,185.480,185.460,185.290,185.560,0,0
1519138380,185.470,185.470,185.470,185.470,0,0
1519138440,185.380,185.600,185.090,185.600,0,0
1519138500,185.240,185.240,185.240,185.240,7654,48898
1519138560,185.340,185.340,185.340,185.340,0,0
1519138620,185.000,185.000,185.000,185.000,0,0
1519138680,185.240,185.000,185.000,185.240,0,0
1519138740,184.990,184.940,184.940,184.990,0,0
1519138800,184.850,184.530,184.530,184.850,13682,56552
1519138860,184.430,184.430,184.430,184.430,0,0
1519138920,184.530,184.580,184.530,184.670,0,0
1519138980,184.860,184.840,184.840,184.860,0,0
1519139040,184.710,184.800,184.710,184.800,0,0
1519139100,185.010,184.850,184.850,185.100,9838,70234
1519139160,184.840,184.660,184.660,184.840,0,0
1519139220,184.530,184.530,184.530,184.530,0,0
1519139280,184.500,184.560,184.500,184.560,0,0
1519139400,184.720,184.800,184.720,184.800,23759,80072
1519139460,184.750,184.850,184.660,184.850,0,0
1519139520,184.800,184.580,184.560,184.800,0,0
1519139580,184.590,184.450,184.330,184.590,0,0
1519139640,184.420,184.260,184.150,184.420,0,0
1519139700,184.010,183.820,183.820,184.040,17901,103831
1519139760,183.830,183.750,183.750,183.830,0,0
1519139820,183.860,183.960,183.860,183.960,0,0
1519139880,183.970,183.880,183.880,183.970,0,0
1519139940,183.870,183.840,183.840,183.970,0,0
1519140000,183.720,183.720,183.720,183.720,14820,121732
1519140060,183.840,183.780,183.780,183.920,0,0
1519140120,183.700,183.780,183.700,183.780,0,0
1519140180,183.670,183.670,183.670,183.670,0,0
1519140240,183.730,183.650,183.630,183.730,0,0
1519140300,183.660,183.660,183.660,183.660,8597,136552
1519140360,183.590,183.590,183.590,183.590,0,0
1519140420,183.610,183.760,183.610,183.760,0,0
1519140480,183.580,183.580,183.580,183.580,0,0
1519140540,183.500,183.470,183.470,183.500,0,0
1519140600,183.570,183.430,183.310,183.570,11892,145149
1519140660,183.340,183.340,183.340,183.340,0,0
1519140720,183.440,183.390,183.360,183.540,0,0
1519140780,183.320,183.320,183.320,183.320,0,0
1519140840,183.400,183.560,183.400,183.560,0,0
1519140900,183.460,183.560,183.460,183.560,9619,157041
1519140960,183.460,183.560,183.460,183.560,0,0
1519141020,183.480,183.310,183.310,183.550,0,0
1519141080,183.340,183.200,183.200,183.340,0,0
1519141140,183.220,183.320,183.220,183.320,0,0
1519141200,183.200,183.280,183.200,183.280,11569,166660
1519141260,183.350,183.490,183.350,183.490,0,0
1519141320,183.490,183.490,183.490,183.490,0,0
1519141380,183.240,183.310,183.240,183.340,0,0
1519141440,183.310,183.240,183.240,183.310,0,0
1519141500,183.310,183.120,183.120,183.310,14934,178229
1519141560,183.050,183.420,183.050,183.420,0,0
1519141620,183.360,183.360,183.360,183.360,0,0
1519141680,183.480,183.410,183.410,183.480,0,0
1519141740,183.440,183.210,183.210,183.440,0,0
1519141800,183.140,183.160,183.140,183.160,11249,193163
1519141860,183.270,183.360,183.270,183.360,0,0
1519141980,183.100,183.100,183.100,183.100,0,0
1519142040,183.210,183.090,183.090,183.210,0,0
1519142100,183.430,183.480,183.430,183.480,6025,204412
1519142160,183.300,183.300,183.300,183.300,0,0
1519142220,183.270,183.270,183.270,183.270,0,0
1519142280,183.100,183.100,183.100,183.100,0,0
1519142340,183.330,183.330,183.330,183.330,0,0
1519142400,183.410,183.290,183.290,183.410,4593,210437
1519142460,183.490,183.450,183.450,183.490,0,0
1519142520,183.360,183.360,183.360,183.360,0,0
1519142580,183.390,183.390,183.390,183.390,0,0
1519142640,183.730,183.730,183.730,183.730,0,0
1519142700,183.870,183.870,183.870,183.870,4478,215030
1519142760,184.000,184.000,184.000,184.000,0,0
1519142820,184.100,184.180,184.100,184.180,0,0
1519142940,184.390,184.390,184.390,184.390,0,0
1519143000,184.300,184.310,184.300,184.310,4707,219508
1519143060,184.340,184.110,184.110,184.340,0,0
1519143120,184.240,184.320,184.240,184.340,0,0
1519143180,184.290,184.290,184.290,184.290,0,0
1519143240,184.390,184.400,184.390,184.400,0,0
1519143300,184.270,184.210,184.180,184.270,14394,224215
1519143360,184.210,184.290,184.200,184.290,0,0
1519143420,184.170,184.170,184.170,184.170,0,0
1519143480,184.070,183.850,183.850,184.120,0,0
1519143540,184.160,184.160,184.160,184.160,0,0
1519143600,184.430,184.450,184.430,184.450,5069,238609
1519143660,184.290,184.570,184.290,184.570,0,0
1519143720,184.630,184.600,184.600,184.740,0,0
1519143780,184.550,184.560,184.550,184.560,0,0
1519143900,184.620,184.520,184.520,184.620,2857,243678
1519143960,184.730,184.730,184.730,184.730,0,0
1519144020,184.710,184.710,184.710,184.710,0,0
1519144080,184.720,184.720,184.720,184.720,0,0
1519144200,184.800,184.800,184.800,184.800,5600,246535
1519144260,184.790,184.680,184.680,184.800,0,0
1519144320,184.620,184.620,184.620,184.620,0,0
1519144380,184.680,184.580,184.580,184.680,0,0
1519144500,184.650,184.650,184.650,184.650,4440,252135
1519144560,184.650,184.650,184.650,184.650,0,0
1519144620,184.810,184.750,184.750,184.810,0,0
1519144680,184.750,184.600,184.600,184.750,0,0
1519144740,184.620,184.620,184.620,184.620,0,0
1519144800,184.470,184.530,184.470,184.690,5367,256575
1519144860,184.470,184.530,184.470,184.690,0,0
1519144920,184.690,184.690,184.690,184.690,0,0
1519144980,184.680,184.680,184.680,184.680,0,0
1519145040,184.580,184.580,184.580,184.580,0,0
1519145100,184.630,184.630,184.630,184.630,2830,261942
1519145160,184.620,184.620,184.620,184.620,0,0
1519145220,184.500,184.510,184.500,184.510,0,0
1519145280,184.610,184.610,184.610,184.610,0,0
1519145340,184.660,184.660,184.660,184.660,0,0
1519145400,184.700,184.810,184.700,184.810,9438,264772
1519145460,184.900,184.900,184.900,184.900,0,0
1519145520,185.020,185.010,185.010,185.020,0,0
1519145580,184.850,184.850,184.850,184.850,0,0
1519145640,184.900,184.970,184.900,184.970,0,0
1519145700,185.090,185.090,185.090,185.090,3545,274210
1519145760,185.010,184.960,184.960,185.010,0,0
1519145820,184.830,184.830,184.830,184.830,0,0
1519145880,184.820,184.900,184.820,184.900,0,0
1519145940,184.900,184.900,184.900,184.900,0,0
1519146000,185.150,185.150,185.150,185.150,5879,277755
1519146060,185.250,185.120,185.120,185.250,0,0
1519146120,185.180,185.250,185.170,185.250,0,0
1519146180,185.200,185.200,185.200,185.200,0,0
1519146300,185.200,185.130,185.130,185.240,3418,283634
1519146480,185.040,185.040,185.040,185.040,0,0
1519146600,185.120,185.070,185.070,185.120,5191,287052
1519146660,185.120,185.070,185.070,185.120,0,0
1519146720,185.040,185.040,185.040,185.040,0,0
1519146780,185.010,185.010,185.010,185.010,0,0
1519146840,185.000,185.010,185.000,185.120,0,0
1519146900,184.950,184.850,184.850,184.950,5517,292243
1519146960,184.730,184.730,184.730,184.730,0,0
1519147020,184.830,184.830,184.830,184.830,0,0
1519147080,184.860,184.720,184.720,184.860,0,0
1519147140,184.780,184.780,184.780,184.780,0,0
1519147200,184.800,184.800,184.800,184.800,1766,297760
1519147380,184.800,184.800,184.800,184.800,0,0
1519147440,184.980,185.050,184.980,185.050,0,0
1519147500,185.090,185.090,185.090,185.090,2838,299526
1519147620,184.880,184.880,184.880,184.880,0,0
1519147680,184.880,184.880,184.880,184.880,0,0
1519147800,185.020,185.070,185.020,185.070,4003,302364
1519147980,184.800,184.790,184.790,184.800,0,0
1519148040,184.830,184.830,184.830,184.830,0,0
1519148100,184.830,184.830,184.830,184.830,3743,306367
1519148160,184.840,184.760,184.760,184.840,0,0
1519148280,184.930,184.930,184.930,184.930,0,0
1519148340,184.940,184.920,184.920,184.940,0,0
1519148400,184.860,184.860,184.860,184.860,4431,310110
1519148460,184.860,184.860,184.860,184.860,0,0
1519148520,184.960,184.840,184.750,184.960,0,0
1519148580,184.680,184.680,184.680,184.680,0,0
1519148640,184.680,184.680,184.680,184.680,0,0
1519148700,184.670,184.670,184.670,184.670,2511,314541
1519148760,184.670,184.670,184.670,184.670,0,0
1519148820,184.730,184.730,184.730,184.730,0,0
1519148880,184.830,184.830,184.830,184.830,0,0
1519148940,184.760,184.760,184.760,184.760,0,0
1519149000,184.780,184.780,184.780,184.780,1120,317052
1519149180,184.840,184.840,184.840,184.840,0,0
1519149240,184.840,184.840,184.840,184.840,0,0
1519149300,184.850,184.850,184.850,184.850,3498,318172
1519149480,185.030,185.030,185.030,185.030,0,0
1519149540,185.190,185.190,185.190,185.190,0,0
1519149600,185.180,185.180,185.180,185.180,5816,321670
1519149660,185.310,185.310,185.310,185.310,0,0
1519149720,185.180,185.250,185.100,185.250,0,0
1519149780,185.180,185.180,185.180,185.180,0,0
1519149900,185.270,185.200,185.200,185.270,8895,327486
1519149960,185.170,185.110,185.070,185.170,0,0
1519150020,185.020,185.020,185.020,185.020,0,0
1519150080,185.180,185.020,185.020,185.180,0,0
1519150200,184.870,184.970,184.870,184.970,5712,336381
1519150260,184.970,184.970,184.970,184.970,0,0
1519150440,184.960,184.960,184.960,184.960,0,0
1519150500,184.910,184.900,184.900,184.910,1672,342093
1519150620,184.900,184.900,184.900,184.900,0,0
1519150800,184.900,184.900,184.900,184.900,2683,343765
1519150860,184.900,184.900,184.900,184.900,0,0
1519150920,185.010,185.010,185.010,185.010,0,0
1519150980,185.150,185.150,185.150,185.150,0,0
1519151100,185.020,184.940,184.940,185.020,3843,346448
1519151280,185.050,185.050,185.050,185.050,0,0
1519151340,185.050,185.070,185.050,185.070,0,0
1519151400,185.020,185.110,185.020,185.110,2872,350291
1519151460,185.100,185.100,185.100,185.100,0,0
1519151520,185.110,185.110,185.110,185.110,0,0
1519151640,185.130,185.130,185.130,185.130,0,0
1519151700,185.150,185.250,185.130,185.250,2903,353163
1519151760,185.260,185.260,185.260,185.260,0,0
1519151880,185.270,185.270,185.270,185.270,0,0
1519151940,185.190,185.190,185.190,185.190,0,0
1519152000,185.240,185.230,185.230,185.240,1480,356066
1519152120,185.200,185.200,185.200,185.200,0,0
1519152240,185.130,185.130,185.130,185.130,0,0
1519152300,185.280,185.330,185.280,185.330,3373,357546
1519152360,185.280,185.330,185.280,185.330,0,0
1519152420,185.400,185.430,185.400,185.430,0,0
1519152480,185.350,185.430,185.350,185.430,0,0
1519152540,185.640,185.640,185.640,185.640,0,0
1519152600,185.520,185.520,185.520,185.520,4581,360919
1519152660,185.570,185.590,185.570,185.630,0,0
1519152720,185.620,185.620,185.620,185.620,0,0
1519152840,185.700,185.700,185.700,185.700,0,0
1519152900,185.560,185.560,185.560,185.560,2841,365500
1519152960,185.430,185.430,185.430,185.430,0,0
1519153020,185.500,185.500,185.500,185.500,0,0
1519153080,185.430,185.430,185.430,185.430,0,0
1519153140,185.540,185.540,185.540,185.540,0,0
1519153200,185.540,185.570,185.540,185.570,5391,368341
1519153260,185.500,185.500,185.500,185.500,0,0
1519153320,185.590,185.590,185.590,185.590,0,0
1519153380,185.470,185.380,185.380,185.470,0,0
1519153440,185.300,185.400,185.300,185.400,0,0
1519153500,185.320,185.320,185.320,185.320,2042,373732
1519153560,185.320,185.320,185.320,185.320,0,0
1519153620,185.230,185.230,185.230,185.230,0,0
1519153680,185.150,185.150,185.150,185.150,0,0
1519153740,185.120,185.120,185.120,185.120,0,0
1519153800,185.050,185.050,185.050,185.050,4706,375774
1519153860,185.050,184.920,184.920,185.110,0,0
1519153980,185.070,185.060,184.930,185.070,0,0
1519154040,184.960,184.880,184.880,184.960,0,0
1519154100,184.870,185.000,184.870,185.000,2281,380480
1519154160,184.870,185.000,184.870,185.000,0,0
1519154220,185.070,185.070,185.070,185.070,0,0
1519154280,185.040,185.040,185.040,185.040,0,0
1519154340,184.950,185.040,184.950,185.040,0,0
1519154400,185.090,185.090,185.090,185.090,2080,382761
1519154520,185.110,185.160,185.110,185.160,0,0
1519154580,185.160,185.190,185.160,185.190,0,0
1519154640,185.090,185.090,185.090,185.090,0,0
1519154700,185.130,185.130,185.130,185.130,4232,384841
1519154760,185.260,185.340,185.260,185.340,0,0
1519154820,185.320,185.230,185.230,185.320,0,0
1519154880,185.170,185.170,185.170,185.170,0,0
1519154940,185.130,185.130,185.130,185.130,0,0
1519155000,185.030,185.250,185.030,185.250,5543,389073
1519155060,185.310,185.310,185.310,185.310,0,0
1519155180,185.230,185.290,185.230,185.290,0,0
1519155240,185.130,185.270,185.130,185.270,0,0
1519155300,185.280,185.280,185.280,185.280,2721,394616
1519155360,185.240,185.300,185.240,185.300,0,0
1519155480,185.310,185.370,185.310,185.370,0,0
1519155540,185.370,185.410,185.370,185.410,0,0
1519155600,185.280,185.280,185.280,185.280,3121,397337
1519155660,185.410,185.410,185.410,185.410,0,0
1519155720,185.210,185.210,185.210,185.210,0,0
1519155780,185.140,185.140,185.140,185.140,0,0
1519155840,185.270,185.190,185.190,185.270,0,0
1519155900,185.200,185.200,185.200,185.200,4197,400458
1519155960,185.190,185.140,185.140,185.190,0,0
1519156020,185.020,185.020,185.020,185.020,0,0
1519156080,185.170,185.170,185.170,185.170,0,0
1519156140,185.160,185.150,185.150,185.160,0,0
1519156200,185.040,185.040,185.040,185.040,6451,404655
1519156260,185.090,185.080,184.950,185.090,0,0
1519156320,185.040,185.040,185.040,185.040,0,0
1519156380,184.870,184.870,184.870,184.870,0,0
1519156440,184.790,184.680,184.680,184.790,0,0
1519156500,184.760,184.760,184.760,184.760,3250,411106
1519156560,184.760,184.760,184.760,184.760,0,0
1519156620,184.820,184.720,184.720,184.820,0,0
1519156740,184.520,184.690,184.520,184.690,0,0
1519156800,184.700,184.700,184.700,184.700,3365,414356
1519156980,184.740,184.900,184.680,184.900,0,0
1519157040,184.880,184.880,184.880,184.880,0,0
1519157100,184.570,184.410,184.410,184.570,5844,417721
1519157220,184.570,184.410,184.410,184.570,0,0
1519157280,184.380,184.560,184.380,184.560,0,0
1519157340,184.280,184.410,184.280,184.410,0,0
1519157400,184.160,184.320,184.160,184.320,8249,423565
1519157460,184.400,184.530,184.400,184.530,0,0
1519157640,184.380,184.190,184.190,184.420,0,0
1519157700,184.350,184.430,184.350,184.430,3648,431814
1519157820,184.370,184.350,184.350,184.370,0,0
1519157880,184.360,184.270,184.270,184.470,0,0
1519158000,184.210,184.280,184.130,184.350,9712,435462
1519158060,184.160,183.920,183.920,184.160,0,0
1519158120,184.010,183.980,183.980,184.010,0,0
1519158180,184.000,183.850,183.850,184.000,0,0
1519158240,183.930,184.050,183.930,184.050,0,0
1519158300,184.100,184.120,184.020,184.250,11328,445174
1519158360,183.990,183.890,183.890,184.050,0,0
1519158420,183.960,184.130,183.840,184.130,0,0
1519158480,184.210,184.120,184.120,184.300,0,0
1519158540,184.190,184.310,184.190,184.310,0,0
1519158600,184.440,184.480,184.440,184.480,14118,456502
1519158660,184.530,184.440,184.440,184.530,0,0
1519158720,184.350,184.500,184.350,184.500,0,0
1519158780,184.530,184.340,184.340,184.540,0,0
1519158840,184.470,184.570,184.450,184.570,0,0
1519158900,184.690,184.510,184.510,184.690,7775,470620
1519158960,184.500,184.490,184.490,184.500,0,0
1519159080,184.600,184.670,184.570,184.670,0,0
1519159140,184.640,184.590,184.590,184.690,0,0
1519159200,184.400,184.250,184.250,184.400,12109,478395
1519159260,184.200,184.080,184.080,184.200,0,0
1519159320,184.240,184.240,184.240,184.240,0,0
1519159380,184.280,184.250,184.170,184.280,0,0
1519159440,184.260,184.140,184.140,184.260,0,0
1519159500,184.110,184.180,184.080,184.190,15543,490504
1519159560,184.160,184.280,184.160,184.280,0,0
1519159620,184.380,184.430,184.360,184.450,0,0
1519159680,184.470,184.420,184.420,184.550,0,0
1519159740,184.530,184.680,184.530,184.680,0,0
1519159800,184.710,184.880,184.710,184.880,17938,506047
1519159860,184.790,184.580,184.580,184.790,0,0
1519159920,184.670,184.680,184.610,184.800,0,0
1519159980,184.750,184.790,184.750,184.790,0,0
1519160040,184.930,184.870,184.870,184.990,0,0
1519160100,184.970,184.990,184.970,185.050,147456,523985
1519160160,184.870,184.830,184.730,184.870,0,0
1519160220,184.840,184.890,184.810,184.950,0,0
1519160280,184.830,184.820,184.750,184.890,0,0
1519160340,184.750,184.670,184.650,184.840,0,0
1519223400,184.670,184.670,184.670,184.670,10459,0
1519223460,184.650,184.650,184.650,184.650,0,0
1519223520,184.750,184.750,184.750,184.750,0,0
1519223580,184.650,184.990,184.650,184.990,0,0
1519223640,185.000,185.190,185.000,185.190,0,0
1519223700,185.520,185.520,185.520,185.520,5062,10459
1519223760,185.670,185.520,185.520,185.670,0,0
1519223820,185.540,185.540,185.540,185.540,0,0
1519223880,185.670,185.830,185.670,185.830,0,0
1519223940,186.020,186.020,186.020,186.020,0,0
1519224000,185.680,185.790,185.680,185.790,9881,15521
1519224060,185.630,185.630,185.630,185.630,0,0
1519224180,185.650,185.700,185.650,185.700,0,0
1519224240,185.840,185.880,185.750,185.880,0,0
1519224300,185.810,185.810,185.810,185.810,3981,25402
1519224360,185.820,185.950,185.820,185.950,0,0
1519224420,186.000,186.010,186.000,186.010,0,0
1519224480,186.110,186.110,186.110,186.110,0,0
1519224540,186.230,186.170,186.170,186.230,0,0
1519224600,186.110,186.220,186.100,186.220,3615,29383
1519224660,185.940,185.910,185.870,185.940,0,0
1519224720,185.960,185.960,185.960,185.960,0,0
1519224840,185.960,185.960,185.960,185.960,0,0
1519224900,185.980,185.790,185.790,185.980,8789,32998
1519224960,185.850,185.850,185.850,185.850,0,0
1519225020,185.790,185.910,185.790,185.910,0,0
1519225080,185.920,185.920,185.920,185.920,0,0
1519225140,185.850,185.500,185.500,185.850,0,0
1519225200,185.550,185.690,185.550,185.690,7880,41787
1519225260,185.690,185.530,185.530,185.690,0,0
1519225320,185.620,185.620,185.620,185.620,0,0
1519225440,185.500,185.500,185.500,185.500,0,0
1519225500,185.500,185.500,185.500,185.500,9762,49667
1519225560,185.600,185.600,185.600,185.600,0,0
1519225620,185.640,185.740,185.640,185.740,0,0
1519225680,185.730,185.730,185.730,185.730,0,0
1519225740,185.490,185.490,185.490,185.490,0,0
1519225800,185.430,185.650,185.430,185.650,3696,59429
1519225920,185.620,185.620,185.620,185.620,0,0
1519225980,185.720,185.810,185.720,185.810,0,0
1519226040,185.720,185.720,185.720,185.720,0,0
1519226100,185.700,185.700,185.700,185.700,6837,63125
1519226160,185.760,185.760,185.760,185.760,0,0
1519226220,185.880,186.000,185.880,186.110,0,0
1519226280,186.060,186.000,186.000,186.060,0,0
1519226340,186.200,186.280,186.200,186.410,0,0
1519226400,186.340,186.250,186.180,186.340,21776,69962
1519226580,186.440,186.810,186.440,186.840,0,0
1519226640,186.500,186.500,186.500,186.500,0,0
1519226700,186.540,186.470,186.470,186.540,7133,91738
1519226760,186.410,186.410,186.410,186.410,0,0
1519226880,186.560,186.560,186.560,186.560,0,0
1519226940,186.440,186.530,186.440,186.530,0,0
1519227000,186.540,186.650,186.540,186.650,8754,98871
1519227060,186.600,186.540,186.540,186.600,0,0
1519227120,186.620,186.620,186.620,186.620,0,0
1519227180,186.650,186.580,186.580,186.650,0,0
1519227240,186.640,186.640,186.640,186.640,0,0
1519227300,186.680,186.850,186.680,186.910,12449,107625
1519227420,186.750,187.060,186.750,187.060,0,0
1519227480,187.160,187.040,186.880,187.160,0,0
1519227540,186.910,187.030,186.910,187.030,0,0
1519227600,187.080,187.400,187.080,187.420,6863,120074
1519227660,187.310,187.380,187.310,187.380,0,0
1519227720,187.240,187.240,187.240,187.240,0,0
1519227840,187.390,187.380,187.380,187.390,0,0
1519227900,187.300,187.390,187.300,187.390,2782,126937
1519228020,187.370,187.360,187.360,187.470,0,0
1519228080,187.360,187.360,187.360,187.360,0,0
1519228140,187.350,187.350,187.350,187.350,0,0
1519228200,187.350,187.350,187.350,187.350,4596,129719
1519228260,187.450,187.190,187.190,187.450,0,0
1519228380,187.290,187.380,187.290,187.380,0,0
1519228500,187.340,187.480,187.290,187.480,6893,134315
1519228620,187.520,187.520,187.520,187.520,0,0
1519228680,187.330,187.310,187.310,187.340,0,0
1519228740,187.410,187.410,187.410,187.410,0,0
1519228800,187.520,187.490,187.490,187.520,4921,141208
1519228980,187.560,187.430,187.430,187.560,0,0
1519229040,187.590,187.590,187.590,187.590,0,0
1519229100,187.560,187.560,187.560,187.560,5249,146129
1519229160,187.560,187.560,187.560,187.560,0,0
1519229220,187.570,187.570,187.570,187.570,0,0
1519229280,187.570,187.560,187.560,187.570,0,0
1519229340,187.540,187.470,187.470,187.540,0,0
1519229400,187.480,187.300,187.300,187.530,6318,151378
1519229460,187.370,187.210,187.210,187.370,0,0
1519229640,187.210,187.160,187.160,187.210,0,0
1519229700,187.080,187.120,187.080,187.170,7839,157696
1519229760,187.120,187.120,187.120,187.120,0,0
1519229820,186.910,186.840,186.840,186.910,0,0
1519229880,186.910,186.910,186.910,186.910,0,0
1519230000,186.770,186.790,186.770,186.790,2837,165535
1519230120,186.680,186.790,186.680,186.790,0,0
1519230180,186.800,186.800,186.800,186.800,0,0
1519230240,186.980,186.980,186.980,186.980,0,0
1519230300,187.070,187.250,187.070,187.250,4880,168372
1519230420,187.320,187.280,187.280,187.320,0,0
1519230480,187.250,187.300,187.250,187.300,0,0
1519230540,187.300,187.300,187.300,187.300,0,0
1519230600,187.290,187.300,187.290,187.300,3509,173252
1519230660,187.290,187.300,187.290,187.300,0,0
1519230720,187.450,187.420,187.420,187.450,0,0
1519230780,187.470,187.470,187.470,187.470,0,0
1519230900,187.480,187.490,187.480,187.490,4299,176761
1519230960,187.260,187.260,187.260,187.260,0,0
1519231080,187.270,187.200,187.200,187.270,0,0
1519231140,187.130,187.130,187.130,187.130,0,0
1519231200,187.140,187.140,187.140,187.140,3901,181060
1519231260,187.240,187.240,187.240,187.240,0,0
1519231320,187.180,187.270,187.180,187.270,0,0
1519231380,187.280,187.280,187.280,187.280,0,0
1519231440,187.080,187.080,187.080,187.080,0,0
1519231500,187.150,187.120,187.120,187.180,4227,184961
1519231680,187.140,187.220,187.140,187.220,0,0
1519231800,187.290,187.220,187.220,187.290,11055,189188
1519231860,187.260,187.260,187.260,187.260,0,0
1519231920,187.350,187.230,187.230,187.350,0,0
1519231980,187.090,187.220,187.090,187.220,0,0
1519232040,187.250,187.100,187.100,187.250,0,0
1519232100,187.140,186.870,186.870,187.140,6644,200243
1519232160,187.060,187.060,187.060,187.060,0,0
1519232220,186.950,186.840,186.840,186.970,0,0
1519232280,186.830,186.830,186.830,186.830,0,0
1519232340,186.910,186.830,186.810,186.910,0,0
1519232400,186.930,186.930,186.930,186.930,4546,206887
1519232640,186.810,186.770,186.770,186.880,0,0
1519232700,186.810,186.930,186.810,186.930,2557,211433
1519232880,186.910,186.910,186.910,186.910,0,0
1519232940,186.890,186.890,186.890,186.890,0,0
1519233000,186.910,186.970,186.910,186.970,689,213990
1519233120,186.910,186.970,186.910,186.970,0,0
1519233300,186.890,186.780,186.780,186.890,4365,214679
1519233360,186.910,186.930,186.910,186.930,0,0
1519233480,186.910,186.910,186.910,186.910,0,0
1519233600,186.890,186.890,186.890,186.890,7611,219044
1519233660,187.060,187.060,187.060,187.060,0,0
1519233720,186.960,186.960,186.960,186.960,0,0
1519233780,186.860,186.730,186.730,186.860,0,0
1519233840,186.850,186.690,186.690,186.850,0,0
1519233900,186.690,186.690,186.690,186.690,2761,226655
1519233960,186.690,186.690,186.690,186.690,0,0
1519234080,186.690,186.770,186.690,186.770,0,0
1519234140,186.800,186.780,186.780,186.800,0,0
1519234200,186.690,186.690,186.690,186.690,2867,229416
1519234260,186.690,186.690,186.690,186.690,0,0
1519234320,186.690,186.690,186.690,186.690,0,0
1519234380,186.660,186.660,186.660,186.660,0,0
1519234440,186.790,186.790,186.790,186.790,0,0
1519234500,186.810,186.810,186.810,186.810,3463,232283
1519234560,187.020,187.020,187.020,187.020,0,0
1519234680,186.870,186.870,186.870,186.870,0,0
1519234800,186.800,186.770,186.770,186.800,3849,235746
1519234860,186.880,186.880,186.880,186.880,0,0
1519234920,186.800,186.690,186.690,186.800,0,0
1519234980,186.700,186.700,186.700,186.700,0,0
1519235040,186.690,186.690,186.690,186.690,0,0
1519235100,186.710,186.620,186.540,186.710,2584,239595
1519235160,186.710,186.620,186.540,186.710,0,0
1519235280,186.610,186.610,186.610,186.610,0,0
1519235340,186.560,186.550,186.550,186.560,0,0
1519235400,186.510,186.450,186.450,186.600,5424,242179
1519235520,186.450,186.450,186.450,186.450,0,0
1519235640,186.620,186.710,186.620,186.710,0,0
1519235700,186.700,186.650,186.650,186.700,2802,247603
1519235760,186.700,186.650,186.650,186.700,0,0
1519235820,186.610,186.610,186.610,186.610,0,0
1519236000,186.450,186.450,186.450,186.450,5339,250405
1519236060,186.390,186.500,186.390,186.500,0,0
1519236120,186.430,186.430,186.430,186.430,0,0
1519236180,186.300,186.300,186.300,186.300,0,0
1519236300,186.260,186.250,186.240,186.260,4296,255744
1519236360,186.260,186.250,186.240,186.260,0,0
1519236420,186.310,186.310,186.310,186.310,0,0
1519236480,186.250,186.250,186.250,186.250,0,0
1519236600,186.300,186.230,186.190,186.300,18010,260040
1519236660,186.020,185.990,185.890,186.020,0,0
1519236720,186.020,186.020,186.020,186.020,0,0
1519236780,186.090,185.850,185.850,186.090,0,0
1519236840,185.770,185.730,185.730,185.770,0,0
1519236900,186.000,186.000,186.000,186.000,2312,278050
1519237020,186.010,186.010,186.010,186.010,0,0
1519237140,186.110,186.120,186.110,186.210,0,0
1519237200,186.120,186.120,186.120,186.120,4046,280362
1519237260,186.140,186.140,186.140,186.140,0,0
1519237320,186.220,186.220,186.220,186.220,0,0
1519237440,186.200,186.200,186.200,186.200,0,0
1519237500,186.150,186.110,186.110,186.150,3624,284408
1519237680,186.090,186.090,186.090,186.090,0,0
1519237800,186.160,186.170,186.160,186.170,1985,288032
1519237980,186.100,186.100,186.100,186.100,0,0
1519238100,186.240,186.240,186.240,186.240,2703,290017
1519238160,186.240,186.240,186.240,186.240,0,0
1519238280,186.220,186.170,186.170,186.220,0,0
1519238340,186.170,186.170,186.170,186.170,0,0
1519238400,186.190,186.070,186.070,186.190,2312,292720
1519238460,186.080,186.080,186.080,186.080,0,0
1519238580,186.020,186.020,186.020,186.020,0,0
1519238640,185.960,186.130,185.960,186.130,0,0
1519238700,186.060,186.060,186.060,186.060,3825,295032
1519238760,186.250,186.250,186.250,186.250,0,0
1519238820,186.310,186.310,186.310,186.310,0,0
1519238880,186.520,186.520,186.520,186.520,0,0
1519238940,186.370,186.370,186.370,186.370,0,0
1519239000,186.490,186.540,186.490,186.540,3210,298857
1519239060,186.490,186.540,186.490,186.540,0,0
1519239120,186.580,186.580,186.580,186.580,0,0
1519239240,186.550,186.550,186.550,186.550,0,0
1519239300,186.360,186.380,186.360,186.380,6194,302067
1519239360,186.380,186.380,186.380,186.380,0,0
1519239420,186.530,186.450,186.450,186.530,0,0
1519239480,186.470,186.400,186.400,186.470,0,0
1519239540,186.360,186.360,186.360,186.360,0,0
1519239600,186.310,186.530,186.170,186.530,9083,308261
1519239660,186.620,186.620,186.620,186.620,0,0
1519239780,186.700,186.700,186.700,186.700,0,0
1519239840,186.790,186.830,186.790,186.830,0,0
1519239900,186.950,186.810,186.810,186.950,5522,317344
1519239960,186.950,186.810,186.810,186.950,0,0
1519240020,187.120,187.070,187.070,187.120,0,0
1519240080,187.020,187.020,187.020,187.020,0,0
1519240140,186.910,186.700,186.700,186.960,0,0
1519240200,186.990,186.970,186.970,186.990,4681,322866
1519240260,186.990,186.970,186.970,186.990,0,0
1519240320,187.190,187.190,187.190,187.190,0,0
1519240380,186.990,186.980,186.980,186.990,0,0
1519240440,186.900,186.900,186.900,186.900,0,0
1519240500,187.080,186.910,186.910,187.080,3301,327547
1519240620,187.080,186.910,186.910,187.080,0,0
1519240680,186.890,187.110,186.890,187.110,0,0
1519240740,187.000,187.000,187.000,187.000,0,0
1519240800,187.210,187.210,187.210,187.210,4349,330848
1519240860,187.240,187.240,187.240,187.240,0,0
1519240980,187.250,187.250,187.250,187.250,0,0
1519241040,187.350,187.300,187.190,187.350,0,0
1519241100,187.390,187.240,187.240,187.390,6334,335197
1519241160,187.220,187.140,187.140,187.220,0,0
1519241220,187.230,187.230,187.230,187.230,0,0
1519241280,187.110,187.110,187.110,187.110,0,0
1519241340,187.000,186.770,186.770,187.000,0,0
1519241400,186.760,186.760,186.760,186.760,5416,341531
1519241460,186.760,186.760,186.760,186.760,0,0
1519241520,186.870,186.860,186.780,186.870,0,0
1519241580,186.860,186.900,186.860,186.900,0,0
1519241640,186.780,186.780,186.780,186.780,0,0
1519241700,186.730,186.730,186.730,186.730,2254,346947
1519241760,186.770,186.860,186.770,186.860,0,0
1519241880,186.840,186.840,186.840,186.840,0,0
1519242000,186.730,186.730,186.730,186.730,3844,349201
1519242060,186.730,186.730,186.730,186.730,0,0
1519242120,186.980,186.980,186.980,186.980,0,0
1519242180,186.780,186.780,186.780,186.780,0,0
1519242240,186.860,186.900,186.860,186.900,0,0
1519242300,186.820,186.730,186.730,186.840,8093,353045
1519242360,186.800,186.610,186.610,186.800,0,0
1519242420,186.550,186.550,186.550,186.550,0,0
1519242540,186.530,186.320,186.320,186.530,0,0
1519242600,186.330,185.990,185.990,186.400,4355,361138
1519242660,186.330,185.990,185.990,186.400,0,0
1519242720,186.260,186.260,186.260,186.260,0,0
1519242780,186.130,186.130,186.130,186.130,0,0
1519242900,186.370,186.270,186.270,186.380,4902,365493
1519242960,186.370,186.270,186.270,186.380,0,0
1519243020,186.500,186.620,186.500,186.620,0,0
1519243140,186.440,186.470,186.440,186.570,0,0
1519243200,186.270,186.110,186.110,186.270,6055,370395
1519243260,185.990,186.110,185.990,186.110,0,0
1519243320,186.190,185.760,185.750,186.190,0,0
1519243380,185.750,185.980,185.750,185.980,0,0
1519243440,185.830,185.830,185.830,185.830,0,0
1519243500,185.650,185.720,185.650,185.720,4579,376450
1519243560,185.650,185.720,185.650,185.720,0,0
1519243620,185.730,185.660,185.660,185.730,0,0
1519243680,185.630,185.630,185.630,185.630,0,0
1519243740,185.560,185.300,185.300,185.560,0,0
1519243800,185.270,185.300,185.270,185.310,7157,381029
1519243860,185.210,185.370,185.210,185.370,0,0
1519243920,185.520,185.520,185.520,185.520,0,0
1519243980,185.590,185.590,185.590,185.590,0,0
1519244040,185.560,185.500,185.500,185.560,0,0
1519244100,185.430,185.430,185.430,185.430,8471,388186
1519244160,185.460,185.460,185.460,185.460,0,0
1519244220,185.530,185.490,185.490,185.530,0,0
1519244280,185.520,185.520,185.520,185.520,0,0
1519244340,185.470,185.470,185.470,185.470,0,0
1519244400,185.430,185.340,185.340,185.430,7355,396657
1519244460,185.360,185.200,185.200,185.360,0,0
1519244520,185.480,185.440,185.440,185.480,0,0
1519244580,185.530,185.530,185.530,185.530,0,0
1519244640,185.420,185.320,185.320,185.420,0,0
1519244700,185.320,185.320,185.320,185.320,5686,404012
1519244760,185.480,185.640,185.480,185.640,0,0
1519244820,185.690,185.710,185.690,185.710,0,0
1519244880,185.830,185.830,185.830,185.830,0,0
1519244940,185.870,185.670,185.620,185.870,0,0
1519245000,185.890,185.910,185.890,185.910,8924,409698
1519245060,185.840,185.790,185.790,185.840,0,0
1519245120,185.930,185.740,185.740,185.950,0,0
1519245240,185.780,185.980,185.780,185.980,0,0
1519245300,186.030,185.880,185.880,186.030,10458,418622
1519245360,185.690,185.690,185.690,185.690,0,0
1519245420,185.800,185.710,185.670,185.800,0,0
1519245480,185.750,185.560,185.560,185.770,0,0
1519245540,185.510,185.500,185.500,185.510,0,0
1519245600,185.490,185.450,185.450,185.500,9764,429080
1519245660,185.510,185.510,185.510,185.510,0,0
1519245720,185.460,185.130,185.130,185.460,0,0
1519245780,185.330,185.140,185.140,185.330,0,0
1519245840,185.260,185.250,185.050,185.260,0,0
1519245900,185.010,185.260,185.010,185.260,25389,438844
1519245960,185.240,185.140,185.140,185.240,0,0
1519246020,184.960,185.090,184.960,185.160,0,0
1519246080,185.080,184.920,184.920,185.080,0,0
1519246140,184.870,184.900,184.870,184.900,0,0
1519246200,184.930,184.910,184.800,184.930,22217,464233
1519246260,184.820,184.900,184.820,184.900,0,0
1519246320,184.760,184.680,184.680,184.910,0,0
1519246380,184.580,184.500,184.390,184.580,0,0
1519246440,184.440,184.340,184.280,184.440,0,0
1519246500,184.500,184.350,184.350,184.500,116147,486450
1519246560,184.270,184.300,184.130,184.390,0,0
1519246620,184.170,184.290,184.160,184.290,0,0
1519246680,184.210,184.090,184.090,184.230,0,0
1519246740,184.170,183.950,183.840,184.180,0,0
1519309800,184.450,184.450,184.450,184.450,9855,0
1519309920,184.790,184.980,184.790,184.980,0,0
1519309980,185.030,185.030,185.030,185.030,0,0
1519310040,185.070,185.720,185.070,185.720,0,0
1519310100,185.600,185.600,185.600,185.600,5461,9855
1519310160,185.620,186.090,185.620,186.090,0,0
1519310220,185.870,185.870,185.870,185.870,0,0
1519310280,185.920,185.920,185.920,185.920,0,0
1519310340,185.520,185.520,185.520,185.520,0,0
1519310400,185.680,185.680,185.680,185.680,10455,15316
1519310460,185.780,185.680,185.430,185.780,0,0
1519310520,185.300,185.300,185.300,185.300,0,0
1519310580,184.980,184.610,184.610,184.980,0,0
1519310640,184.760,184.840,184.760,184.840,0,0
1519310700,184.850,184.830,184.810,184.850,4122,25771
1519310760,184.770,184.820,184.770,184.960,0,0
1519310820,184.860,184.860,184.860,184.860,0,0
1519311000,184.840,184.840,184.840,184.840,7992,29893
1519311060,184.430,184.430,184.430,184.430,0,0
1519311120,184.240,184.240,184.240,184.240,0,0
1519311180,184.340,184.340,184.340,184.340,0,0
1519311240,184.370,184.370,184.370,184.370,0,0
1519311300,184.280,184.310,184.280,184.310,19924,37885
1519311360,184.460,184.480,184.460,184.480,0,0
1519311420,184.380,184.060,184.060,184.380,0,0
1519311480,183.870,183.830,183.830,183.890,0,0
1519311540,183.660,184.320,183.660,184.320,0,0
1519311600,184.180,184.320,184.180,184.320,8505,57809
1519311720,184.330,184.150,184.150,184.330,0,0
1519311780,184.430,184.430,184.430,184.430,0,0
1519311840,184.410,184.570,184.410,184.570,0,0
1519311900,184.470,184.470,184.470,184.470,4518,66314
1519311960,184.490,184.750,184.490,184.750,0,0
1519312020,184.700,184.660,184.660,184.700,0,0
1519312200,184.940,184.890,184.890,184.940,7892,70832
1519312260,184.760,184.760,184.760,184.760,0,0
1519312320,184.850,184.980,184.830,184.980,0,0
1519312380,184.830,184.750,184.750,184.830,0,0
1519312440,184.700,184.700,184.700,184.700,0,0
1519312500,184.830,184.830,184.830,184.830,3710,78724
1519312680,184.880,184.880,184.880,184.880,0,0
1519312740,184.870,184.770,184.770,184.870,0,0
1519312800,184.710,184.700,184.700,184.710,11098,82434
1519312920,184.710,184.700,184.700,184.710,0,0
1519312980,184.860,185.020,184.790,185.020,0,0
1519313040,184.800,184.780,184.780,185.030,0,0
1519313100,184.870,184.870,184.870,184.870,3076,93532
1519313280,185.030,185.030,185.030,185.030,0,0
1519313340,185.090,185.160,185.090,185.160,0,0
1519313400,185.070,185.060,185.060,185.070,4615,96608
1519313460,185.090,185.090,185.090,185.090,0,0
1519313520,184.990,184.990,184.990,184.990,0,0
1519313640,184.640,184.640,184.640,184.640,0,0
1519313700,184.810,184.810,184.810,184.810,5978,101223
1519313820,184.910,184.910,184.910,184.910,0,0
1519313880,184.910,185.170,184.910,185.170,0,0
1519314000,185.440,185.220,185.170,185.440,10009,107201
1519314060,185.280,185.500,185.280,185.570,0,0
1519314180,185.530,185.320,185.320,185.530,0,0
1519314240,185.380,185.440,185.380,185.440,0,0
1519314300,185.430,185.570,185.430,185.570,6232,117210
1519314360,185.530,185.710,185.530,185.710,0,0
1519314420,185.790,185.830,185.670,185.830,0,0
1519314480,185.940,185.950,185.940,185.950,0,0
1519314600,186.130,186.150,186.030,186.150,8871,123442
1519314660,186.000,185.960,185.900,186.000,0,0
1519314720,186.070,185.920,185.920,186.070,0,0
1519314780,185.900,185.790,185.790,185.900,0,0
1519314840,185.700,185.760,185.700,185.760,0,0
1519314900,185.880,185.880,185.880,185.880,6246,132313
1519315020,185.640,185.510,185.510,185.640,0,0
1519315080,185.670,186.000,185.670,186.000,0,0
1519315200,185.780,185.710,185.710,185.820,4126,138559
1519315260,185.690,185.690,185.690,185.690,0,0
1519315380,185.910,186.060,185.910,186.060,0,0
1519315440,186.280,186.210,186.210,186.280,0,0
1519315500,186.270,186.270,186.270,186.270,5437,142685
1519315560,186.340,186.340,186.340,186.340,0,0
1519315680,186.180,186.180,186.180,186.180,0,0
1519315740,186.040,186.170,186.040,186.250,0,0
1519315800,186.140,186.060,186.060,186.190,13806,148122
1519315920,186.280,186.280,186.280,186.280,0,0
1519315980,186.500,186.500,186.500,186.500,0,0
1519316040,186.410,186.450,186.410,186.450,0,0
1519316100,186.490,186.500,186.490,186.500,9410,161928
1519316160,186.510,186.510,186.510,186.510,0,0
1519316220,186.400,186.410,186.280,186.410,0,0
1519316280,186.400,186.400,186.400,186.400,0,0
1519316340,186.400,186.390,186.390,186.400,0,0
1519316400,186.440,186.500,186.440,186.500,8424,171338
1519316460,186.400,186.530,186.400,186.530,0,0
1519316520,186.430,186.530,186.430,186.530,0,0
1519316580,186.570,186.570,186.570,186.570,0,0
1519316640,186.520,186.520,186.520,186.520,0,0
1519316700,186.430,186.430,186.430,186.430,10497,179762
1519316760,186.470,186.510,186.470,186.510,0,0
1519316820,186.670,186.650,186.650,186.670,0,0
1519316880,186.750,186.680,186.680,186.750,0,0
1519316940,186.750,186.800,186.750,186.950,0,0
1519317000,186.720,186.710,186.710,186.740,6320,190259
1519317120,186.680,186.810,186.660,186.810,0,0
1519317180,186.800,186.800,186.800,186.800,0,0
1519317240,186.770,186.770,186.770,186.770,0,0
1519317300,186.740,186.580,186.580,186.760,10013,196579
1519317360,186.610,186.610,186.610,186.610,0,0
1519317480,186.780,186.780,186.780,186.780,0,0
1519317540,186.770,186.980,186.770,186.980,0,0
1519317600,187.070,186.920,186.860,187.070,7283,206592
1519317720,187.140,187.180,187.140,187.180,0,0
1519317780,187.030,187.180,187.030,187.230,0,0
1519317840,187.070,187.240,187.070,187.250,0,0
1519317900,187.290,187.240,187.240,187.290,7607,213875
1519318020,187.290,187.280,187.280,187.290,0,0
1519318080,187.100,187.220,187.100,187.220,0,0
1519318200,186.930,186.930,186.930,186.930,12439,221482
1519318260,186.800,187.030,186.800,187.030,0,0
1519318320,187.100,187.100,187.100,187.100,0,0
1519318380,187.400,187.440,187.400,187.460,0,0
1519318440,187.440,187.360,187.240,187.440,0,0
1519318500,187.380,187.470,187.380,187.470,4968,233921
1519318560,187.360,187.280,187.280,187.360,0,0
1519318620,187.230,187.230,187.230,187.230,0,0
1519318740,187.090,187.090,187.090,187.090,0,0
1519318800,187.280,187.280,187.280,187.280,10551,238889
1519318860,187.290,187.280,187.280,187.290,0,0
1519318920,187.220,187.220,187.220,187.220,0,0
1519318980,187.200,187.180,187.180,187.200,0,0
1519319040,187.030,186.930,186.890,187.030,0,0
1519319100,186.650,187.040,186.650,187.180,8731,249440
1519319160,186.810,186.810,186.810,186.810,0,0
1519319280,186.850,186.790,186.790,186.850,0,0
1519319340,186.830,186.990,186.830,186.990,0,0
1519319400,187.060,187.060,187.060,187.060,7475,258171
1519319520,187.080,187.080,187.080,187.080,0,0
1519319580,187.120,187.180,187.120,187.190,0,0
1519319640,187.230,187.110,187.110,187.230,0,0
1519319700,187.290,187.340,187.290,187.340,3730,265646
1519319820,187.380,187.290,187.290,187.390,0,0
1519319880,187.250,187.100,187.100,187.250,0,0
1519320000,187.140,187.140,187.140,187.140,2480,269376
1519320120,187.190,187.190,187.190,187.190,0,0
1519320240,187.170,187.310,187.170,187.310,0,0
1519320300,187.400,187.350,187.330,187.400,2934,271856
1519320360,187.180,187.180,187.180,187.180,0,0
1519320600,186.880,187.070,186.880,187.180,13310,274790
1519320660,186.880,187.070,186.880,187.180,0,0
1519320720,187.090,186.980,186.980,187.090,0,0
1519320780,187.050,187.090,186.940,187.090,0,0
1519320840,187.070,187.050,187.020,187.070,0,0
1519320900,186.990,186.990,186.990,186.990,3450,288100
1519320960,187.050,187.050,187.050,187.050,0,0
1519321020,187.140,187.060,187.060,187.140,0,0
1519321080,187.090,187.090,187.090,187.090,0,0
1519321140,187.060,187.060,187.060,187.060,0,0
1519321200,187.050,187.080,186.990,187.080,5159,291550
1519321260,186.950,186.970,186.950,186.970,0,0
1519321440,186.880,186.880,186.880,186.880,0,0
1519321500,187.000,186.750,186.750,187.000,5025,296709
1519321680,186.900,186.900,186.900,186.900,0,0
1519321740,186.690,186.450,186.450,186.690,0,0
1519321800,186.250,186.330,186.250,186.480,3566,301734
1519321980,186.640,186.640,186.640,186.640,0,0
1519322040,186.630,186.560,186.560,186.630,0,0
1519322100,186.310,186.430,186.310,186.430,8573,305300
1519322220,186.390,186.400,186.390,186.400,0,0
1519322280,186.410,186.520,186.410,186.520,0,0
1519322340,186.290,186.390,186.170,186.390,0,0
1519322400,186.390,186.450,186.390,186.450,5179,313873
1519322460,186.400,186.400,186.400,186.400,0,0
1519322520,186.460,186.460,186.460,186.460,0,0
1519322580,186.520,186.500,186.500,186.520,0,0
1519322700,186.400,186.400,186.400,186.400,1564,319052
1519322820,186.400,186.400,186.400,186.400,0,0
1519322880,186.370,186.370,186.370,186.370,0,0
1519322940,186.350,186.350,186.350,186.350,0,0
1519323000,186.160,186.290,186.160,186.290,2414,320616
1519323060,186.100,186.100,186.100,186.100,0,0
1519323120,185.960,185.960,185.960,185.960,0,0
1519323240,185.830,185.830,185.830,185.830,0,0
1519323300,185.640,185.890,185.640,185.890,3683,323030
1519323360,185.940,185.940,185.940,185.940,0,0
1519323420,185.940,185.940,185.940,185.940,0,0
1519323480,186.020,185.990,185.990,186.020,0,0
1519323600,185.850,185.850,185.850,185.850,3324,326713
1519323660,185.940,185.940,185.940,185.940,0,0
1519323720,186.180,186.060,186.060,186.180,0,0
1519323780,186.180,186.180,186.180,186.180,0,0
1519323900,186.120,186.120,186.120,186.120,6901,330037
1519323960,186.190,186.270,186.190,186.270,0,0
1519324020,186.250,186.250,186.250,186.250,0,0
1519324140,185.900,186.060,185.900,186.060,0,0
1519324200,185.940,186.000,185.910,186.000,6083,336938
1519324260,185.940,186.000,185.910,186.000,0,0
1519324320,185.920,185.790,185.790,185.920,0,0
1519324380,185.640,185.630,185.630,185.640,0,0
1519324440,185.720,185.470,185.460,185.720,0,0
1519324500,185.570,185.570,185.570,185.570,7015,343021
1519324560,185.640,185.760,185.640,185.760,0,0
1519324620,185.540,185.540,185.540,185.540,0,0
1519324680,185.540,185.490,185.490,185.540,0,0
1519324740,185.460,185.570,185.460,185.570,0,0
1519324800,185.540,185.470,185.470,185.540,14007,350036
1519324860,185.560,185.550,185.550,185.560,0,0
1519324920,185.660,185.710,185.650,185.730,0,0
1519324980,185.700,185.690,185.680,185.700,0,0
1519325040,185.690,185.690,185.690,185.690,0,0
1519325100,185.840,185.450,185.450,185.840,10458,364043
1519325160,185.640,185.670,185.640,185.670,0,0
1519325220,185.820,185.820,185.820,185.820,0,0
1519325340,185.510,185.430,185.430,185.510,0,0
1519325400,185.460,185.370,185.370,185.460,7664,374501
1519325460,185.570,185.620,185.570,185.620,0,0
1519325580,185.680,185.770,185.680,185.770,0,0
1519325640,185.620,185.800,185.620,185.850,0,0
1519325700,185.960,185.880,185.630,185.960,7249,382165
1519325760,185.870,185.740,185.740,185.870,0,0
1519325880,185.850,185.850,185.850,185.850,0,0
1519325940,185.820,185.540,185.540,185.840,0,0
1519326000,185.840,185.840,185.840,185.840,3248,389414
1519326060,185.720,185.720,185.720,185.720,0,0
1519326120,185.840,186.030,185.840,186.030,0,0
1519326180,185.950,186.040,185.950,186.040,0,0
1519326240,185.980,185.980,185.980,185.980,0,0
1519326300,186.070,186.100,186.060,186.100,6795,392662
1519326360,186.070,186.100,186.060,186.100,0,0
1519326420,186.100,186.150,186.100,186.150,0,0
1519326480,186.330,186.240,186.240,186.330,0,0
1519326540,186.090,186.090,186.090,186.090,0,0
1519326600,185.990,185.990,185.990,185.990,1052,399457
1519326840,185.990,185.990,185.990,185.990,0,0
1519326900,186.120,185.810,185.810,186.120,6543,400509
1519326960,185.820,185.820,185.820,185.820,0,0
1519327020,185.930,186.010,185.910,186.010,0,0
1519327080,185.820,185.910,185.820,185.910,0,0
1519327140,185.820,185.980,185.820,185.980,0,0
1519327200,186.010,185.920,185.920,186.010,4506,407052
1519327260,185.750,185.410,185.410,185.750,0,0
1519327320,185.520,185.400,185.400,185.520,0,0
1519327380,185.500,185.640,185.450,185.640,0,0
1519327440,185.740,185.650,185.650,185.740,0,0
1519327500,185.600,185.590,185.590,185.600,8216,411558
1519327560,185.740,185.610,185.610,185.740,0,0
1519327620,185.710,185.710,185.710,185.710,0,0
1519327680,185.780,185.780,185.780,185.780,0,0
1519327740,185.800,185.840,185.800,185.900,0,0
1519327800,185.910,185.910,185.910,185.910,3180,419774
1519327920,186.070,186.090,186.070,186.090,0,0
1519327980,186.070,186.070,186.070,186.070,0,0
1519328040,186.180,186.180,186.180,186.180,0,0
1519328100,186.180,186.180,186.180,186.180,5178,422954
1519328160,186.160,186.090,186.090,186.160,0,0
1519328220,186.170,186.190,186.170,186.190,0,0
1519328400,185.930,185.950,185.910,185.950,2372,428132
1519328460,185.940,185.940,185.940,185.940,0,0
1519328640,186.010,186.010,186.010,186.010,0,0
1519328700,185.890,185.890,185.890,185.890,2755,430504
1519328820,185.750,185.860,185.750,185.860,0,0
1519328880,185.790,185.790,185.790,185.790,0,0
1519329000,185.730,185.730,185.730,185.730,3724,433259
1519329060,185.740,185.820,185.740,185.820,0,0
1519329120,185.710,185.710,185.710,185.710,0,0
1519329240,185.660,185.660,185.660,185.660,0,0
1519329300,185.620,185.780,185.620,185.780,2711,436983
1519329420,185.540,185.540,185.540,185.540,0,0
1519329480,185.490,185.200,185.200,185.490,0,0
1519329600,185.260,185.260,185.260,185.260,9101,439694
1519329660,185.120,185.120,185.120,185.120,0,0
1519329720,185.390,185.140,185.140,185.390,0,0
1519329780,185.120,185.160,185.040,185.160,0,0
1519329840,185.270,185.150,185.150,185.270,0,0
1519329900,185.450,185.450,185.450,185.450,5765,448795
1519329960,185.450,185.450,185.450,185.450,0,0
1519330080,185.150,185.130,185.120,185.150,0,0
1519330140,185.130,185.120,185.120,185.130,0,0
1519330200,185.130,185.290,185.130,185.290,7224,454560
1519330320,185.300,185.300,185.300,185.300,0,0
1519330380,185.220,185.310,185.220,185.310,0,0
1519330440,185.370,185.500,185.370,185.500,0,0
1519330500,185.430,185.430,185.430,185.430,5372,461784
1519330560,185.430,185.440,185.430,185.440,0,0
1519330620,185.260,185.170,185.170,185.290,0,0
1519330680,185.160,185.250,185.120,185.250,0,0
1519330740,185.300,185.300,185.300,185.300,0,0
1519330800,185.340,185.370,185.340,185.370,6669,467156
1519330860,185.250,185.200,185.200,185.250,0,0
1519330920,185.230,185.210,185.210,185.240,0,0
1519330980,185.310,185.220,185.120,185.310,0,0
1519331040,185.360,185.360,185.360,185.360,0,0
1519331100,185.280,185.220,185.220,185.280,7714,473825
1519331160,185.150,185.420,185.150,185.420,0,0
1519331220,185.430,185.390,185.390,185.430,0,0
1519331280,185.310,185.170,185.140,185.310,0,0
1519331340,185.090,185.090,185.090,185.090,0,0
1519331400,185.050,184.980,184.980,185.050,8151,481539
1519331520,184.840,184.960,184.840,184.960,0,0
1519331580,185.010,185.070,185.010,185.070,0,0
1519331640,185.060,185.030,184.960,185.060,0,0
1519331700,185.130,185.090,184.990,185.130,15419,489690
1519331760,185.310,185.310,185.310,185.310,0,0
1519331820,185.280,185.220,185.220,185.280,0,0
1519331880,185.310,185.200,185.090,185.310,0,0
1519331940,185.310,185.340,185.310,185.340,0,0
1519332000,185.180,185.220,185.180,185.220,13244,505109
1519332060,185.490,185.500,185.480,185.500,0,0
1519332120,185.550,185.530,185.530,185.550,0,0
1519332180,185.480,185.440,185.440,185.600,0,0
1519332240,185.500,185.440,185.440,185.550,0,0
1519332300,185.510,185.300,185.280,185.510,20637,518353
1519332360,185.220,185.030,184.870,185.220,0,0
1519332420,185.020,185.010,184.910,185.050,0,0
1519332480,184.960,185.100,184.960,185.100,0,0
1519332540,185.150,184.830,184.830,185.200,0,0
1519332600,184.810,185.440,184.810,185.440,15967,538990
1519332660,185.500,185.370,185.370,185.500,0,0
1519332720,185.360,185.240,185.240,185.360,0,0
1519332780,185.240,185.420,185.240,185.450,0,0
1519332840,185.350,185.250,185.230,185.390,0,0
1519332900,185.140,185.050,185.050,185.300,79100,554957
1519332960,185.140,185.200,184.960,185.200,0,0
1519333020,185.070,185.190,185.070,185.260,0,0
1519333080,185.210,185.280,185.210,185.290,0,0
1519333140,185.310,185.290,185.290,185.440,0,0
1519396200,186.700,185.710,185.710,186.700,14292,0
1519396260,186.370,186.370,186.370,186.370,0,0
1519396320,186.050,186.050,186.050,186.050,0,0
1519396500,186.130,185.950,185.950,186.130,11991,14292
1519396560,185.600,185.730,185.600,185.730,0,0
1519396680,185.410,185.410,185.410,185.410,0,0
1519396740,185.170,185.260,185.120,185.260,0,0
1519396800,185.220,185.050,185.050,185.220,14484,26283
1519396860,185.140,185.050,185.050,185.140,0,0
1519396920,184.770,184.770,184.770,184.770,0,0
1519396980,185.060,184.840,184.840,185.060,0,0
1519397040,184.780,184.780,184.780,184.780,0,0
1519397100,184.770,184.770,184.770,184.770,3165,40767
1519397160,184.690,184.640,184.640,184.690,0,0
1519397340,184.250,184.250,184.250,184.250,0,0
1519397400,184.360,184.500,184.360,184.500,18947,43932
1519397460,184.490,184.620,184.490,184.620,0,0
1519397520,184.700,184.590,184.590,184.780,0,0
1519397580,184.740,184.860,184.740,184.860,0,0
1519397640,185.000,184.840,184.840,185.000,0,0
1519397700,185.000,185.000,185.000,185.000,9624,62879
1519397760,185.000,185.000,185.000,185.000,0,0
1519397820,184.790,184.790,184.790,184.790,0,0
1519397880,184.590,184.810,184.590,184.810,0,0
1519397940,184.850,184.910,184.850,184.920,0,0
1519398000,184.880,184.880,184.880,184.880,13238,72503
1519398120,184.880,184.880,184.880,184.880,0,0
1519398180,184.890,184.860,184.860,184.990,0,0
1519398240,184.750,184.660,184.650,184.750,0,0
1519398300,184.750,184.940,184.750,184.940,2902,85741
1519398360,184.770,184.770,184.770,184.770,0,0
1519398480,184.860,184.860,184.860,184.860,0,0
1519398600,184.830,184.830,184.830,184.830,4027,88643
1519398660,184.910,184.780,184.780,184.910,0,0
1519398720,184.860,184.860,184.860,184.860,0,0
1519398840,184.910,184.710,184.710,184.910,0,0
1519398900,184.690,184.690,184.690,184.690,3561,92670
1519398960,184.660,184.660,184.660,184.660,0,0
1519399080,184.410,184.410,184.410,184.410,0,0
1519399140,184.310,184.390,184.310,184.390,0,0
1519399200,184.580,184.550,184.450,184.580,3678,96231
1519399320,184.580,184.550,184.450,184.580,0,0
1519399500,184.480,184.430,184.430,184.480,3206,99909
1519399620,184.460,184.460,184.460,184.460,0,0
1519399680,184.340,184.260,184.260,184.340,0,0
1519399800,184.380,184.380,184.380,184.380,1780,103115
1519399860,184.500,184.500,184.500,184.500,0,0
1519399920,184.460,184.460,184.460,184.460,0,0
1519400100,184.370,184.370,184.370,184.370,9297,104895
1519400160,184.530,184.370,184.370,184.530,0,0
1519400220,184.450,184.410,184.380,184.450,0,0
1519400280,184.440,184.440,184.440,184.440,0,0
1519400340,184.460,184.410,184.410,184.460,0,0
1519400400,184.520,184.680,184.520,184.680,2802,114192
1519400460,184.600,184.730,184.600,184.730,0,0
1519400580,184.800,184.800,184.800,184.800,0,0
1519400700,184.870,184.870,184.870,184.870,5168,116994
1519400760,184.880,184.880,184.880,184.880,0,0
1519400880,184.780,184.720,184.720,184.780,0,0
1519401000,184.850,184.850,184.850,184.850,5633,122162
1519401120,184.850,184.850,184.850,184.850,0,0
1519401180,184.800,184.800,184.800,184.800,0,0
1519401240,184.760,184.510,184.510,184.770,0,0
1519401300,184.660,184.660,184.660,184.660,2497,127795
1519401420,184.660,184.660,184.660,184.660,0,0
1519401540,184.470,184.470,184.470,184.470,0,0
1519401600,184.540,184.540,184.540,184.540,13802,130292
1519401660,184.590,184.560,184.560,184.660,0,0
1519401720,184.680,184.500,184.500,184.680,0,0
1519401780,184.590,184.590,184.590,184.590,0,0
1519401840,184.480,184.570,184.380,184.570,0,0
1519401900,184.460,184.300,184.300,184.500,10065,144094
1519401960,184.290,184.200,184.180,184.290,0,0
1519402020,184.110,184.110,184.110,184.110,0,0
1519402140,184.300,184.300,184.300,184.300,0,0
1519402200,184.190,184.140,184.130,184.190,4644,154159
1519402260,184.040,184.040,184.040,184.040,0,0
1519402380,183.920,183.920,183.920,183.920,0,0
1519402440,184.170,184.270,184.120,184.270,0,0
1519402500,184.280,184.280,184.280,184.280,3525,158803
1519402560,184.340,184.390,184.340,184.390,0,0
1519402680,184.500,184.290,184.290,184.500,0,0
1519402740,184.200,184.200,184.200,184.200,0,0
1519402800,184.440,184.440,184.440,184.440,2969,162328
1519402920,184.440,184.440,184.440,184.440,0,0
1519403040,184.310,184.360,184.310,184.380,0,0
1519403100,184.270,184.260,184.260,184.270,2096,165297
1519403220,184.270,184.260,184.260,184.270,0,0
1519403400,184.280,184.360,184.280,184.360,3790,167393
1519403460,184.280,184.360,184.280,184.360,0,0
1519403520,184.460,184.370,184.340,184.460,0,0
1519403700,184.460,184.450,184.450,184.460,3645,171183
1519403760,184.500,184.580,184.500,184.580,0,0
1519404000,184.750,184.750,184.750,184.750,1667,174828
1519404300,184.550,184.640,184.550,184.650,6876,176495
1519404360,184.610,184.690,184.610,184.690,0,0
1519404420,184.550,184.530,184.530,184.550,0,0
1519404540,184.420,184.360,184.360,184.420,0,0
1519404600,184.460,184.460,184.460,184.460,2778,183371
1519404660,184.460,184.460,184.460,184.460,0,0
1519404840,184.290,184.290,184.290,184.290,0,0
1519404900,184.370,184.370,184.370,184.370,1989,186149
1519405080,184.320,184.380,184.320,184.380,0,0
1519405200,184.400,184.400,184.400,184.400,3397,188138
1519405260,184.400,184.400,184.400,184.400,0,0
1519405320,184.480,184.480,184.480,184.480,0,0
1519405380,184.440,184.440,184.440,184.440,0,0
1519405500,184.430,184.420,184.420,184.430,5888,191535
1519405620,184.430,184.420,184.420,184.430,0,0
1519405680,184.430,184.380,184.350,184.430,0,0
1519405800,184.270,184.290,184.270,184.290,2093,197423
1519405980,184.270,184.290,184.270,184.290,0,0
1519406040,184.230,184.230,184.230,184.230,0,0
1519406100,184.310,184.290,184.290,184.330,4579,199516
1519406160,184.310,184.310,184.310,184.310,0,0
1519406340,184.270,184.270,184.270,184.270,0,0
1519406400,184.230,184.230,184.230,184.230,3159,204095
1519406460,184.210,184.210,184.210,184.210,0,0
1519406580,184.060,184.060,184.060,184.060,0,0
1519406640,184.200,184.200,184.200,184.200,0,0
1519406700,183.990,183.870,183.870,183.990,2675,207254
1519406760,183.760,183.760,183.760,183.760,0,0
1519406820,183.610,183.610,183.610,183.610,0,0
1519406880,183.610,183.610,183.610,183.610,0,0
1519407000,183.530,183.530,183.530,183.530,6873,209929
1519407060,183.550,183.550,183.550,183.550,0,0
1519407120,183.560,183.560,183.560,183.560,0,0
1519407180,183.560,183.720,183.560,183.720,0,0
1519407300,183.510,183.410,183.410,183.510,4283,216802
1519407420,183.510,183.410,183.410,183.510,0,0
1519407480,183.480,183.480,183.480,183.480,0,0
1519407540,183.400,183.400,183.400,183.400,0,0
1519407600,183.470,183.470,183.470,183.470,7942,221085
1519407660,183.490,183.530,183.490,183.530,0,0
1519407720,183.570,183.580,183.570,183.580,0,0
1519407780,183.590,183.600,183.570,183.600,0,0
1519407840,183.540,183.540,183.540,183.540,0,0
1519407900,183.500,183.500,183.500,183.500,5934,229027
1519408020,183.610,183.540,183.540,183.610,0,0
1519408080,183.580,183.540,183.540,183.580,0,0
1519408140,183.620,183.620,183.620,183.620,0,0
1519408200,183.560,183.560,183.560,183.560,4369,234961
1519408260,183.560,183.560,183.560,183.560,0,0
1519408320,183.570,183.550,183.470,183.570,0,0
1519408380,183.500,183.500,183.500,183.500,0,0
1519408440,183.500,183.500,183.500,183.500,0,0
1519408500,183.510,183.510,183.510,183.510,2787,239330
1519408560,183.430,183.430,183.430,183.430,0,0
1519408620,183.590,183.420,183.420,183.590,0,0
1519408680,183.420,183.460,183.420,183.460,0,0
1519408740,183.460,183.420,183.420,183.460,0,0
1519408800,183.510,183.510,183.510,183.510,3805,242117
1519408860,183.540,183.540,183.540,183.540,0,0
1519408920,183.430,183.430,183.430,183.430,0,0
1519408980,183.380,183.370,183.370,183.380,0,0
1519409040,183.370,183.350,183.350,183.370,0,0
1519409100,183.320,183.320,183.320,183.320,6012,245922
1519409160,183.320,183.290,183.290,183.320,0,0
1519409220,183.380,183.430,183.380,183.430,0,0
1519409280,183.470,183.470,183.470,183.470,0,0
1519409340,183.430,183.430,183.430,183.430,0,0
1519409400,183.360,183.400,183.360,183.410,3805,251934
1519409520,183.360,183.400,183.360,183.410,0,0
1519409580,183.580,183.580,183.580,183.580,0,0
1519409640,183.600,183.600,183.600,183.600,0,0
1519409700,183.600,183.650,183.600,183.650,2112,255739
1519409760,183.570,183.570,183.570,183.570,0,0
1519409940,183.780,183.780,183.780,183.780,0,0
1519410000,183.840,183.850,183.840,183.850,4622,257851
1519410060,183.800,183.750,183.750,183.800,0,0
1519410180,183.750,183.830,183.750,183.830,0,0
1519410240,183.920,183.920,183.920,183.920,0,0
1519410600,183.690,183.690,183.690,183.690,5599,262473
1519410660,183.690,183.690,183.690,183.690,0,0
1519410720,183.880,183.930,183.880,183.930,0,0
1519410780,184.000,184.000,184.000,184.000,0,0
1519410840,184.060,183.960,183.960,184.060,0,0
1519410900,183.980,183.980,183.980,183.980,2609,268072
1519411020,183.930,183.930,183.930,183.930,0,0
1519411080,183.900,183.900,183.900,183.900,0,0
1519411200,184.000,184.000,184.000,184.000,1838,270681
1519411320,184.000,184.000,184.000,184.000,0,0
1519411380,183.930,183.930,183.930,183.930,0,0
1519411500,183.840,183.840,183.840,183.840,5466,272519
1519411680,183.640,183.640,183.640,183.640,0,0
1519411740,183.550,183.720,183.550,183.720,0,0
1519411800,183.830,183.830,183.830,183.830,17652,277985
1519411920,183.830,183.830,183.830,183.830,0,0
1519411980,183.830,183.880,183.830,183.880,0,0
1519412040,183.840,183.760,183.760,183.840,0,0
1519412100,183.480,183.480,183.480,183.480,16379,295637
1519412220,183.540,183.620,183.540,183.620,0,0
1519412280,183.610,183.610,183.610,183.610,0,0
1519412340,183.730,183.750,183.730,183.790,0,0
1519412400,183.760,183.760,183.760,183.760,6139,312016
1519412460,183.760,183.760,183.760,183.760,0,0
1519412520,183.670,183.610,183.610,183.670,0,0
1519412580,183.670,183.660,183.660,183.670,0,0
1519412640,183.570,183.570,183.570,183.570,0,0
1519412700,183.570,183.600,183.570,183.600,10698,318155
1519412760,183.550,183.460,183.460,183.550,0,0
1519412820,183.470,183.560,183.470,183.560,0,0
1519412880,183.590,183.590,183.590,183.590,0,0
1519412940,183.630,183.680,183.630,183.680,0,0
1519413000,183.670,183.660,183.600,183.670,5051,328853
1519413060,183.670,183.660,183.600,183.670,0,0
1519413120,183.670,183.650,183.650,183.670,0,0
1519413300,183.610,183.610,183.610,183.610,5706,333904
1519413360,183.610,183.610,183.610,183.610,0,0
1519413420,183.610,183.700,183.610,183.700,0,0
1519413480,183.640,183.590,183.590,183.640,0,0
1519413540,183.550,183.550,183.550,183.550,0,0
1519413600,183.530,183.600,183.530,183.600,2870,339610
1519413660,183.530,183.600,183.530,183.600,0,0
1519413720,183.630,183.820,183.630,183.820,0,0
1519413900,183.800,183.780,183.780,183.800,2128,342480
1519413960,183.800,183.780,183.780,183.800,0,0
1519414200,183.810,183.810,183.810,183.810,2911,344608
1519414440,183.870,183.880,183.870,183.880,0,0
1519414500,183.910,183.880,183.880,184.010,7275,347519
1519414560,183.800,183.780,183.740,183.800,0,0
1519414620,183.640,183.590,183.590,183.640,0,0
1519414680,183.650,183.720,183.650,183.720,0,0
1519414800,183.720,183.720,183.720,183.720,2469,354794
1519414860,183.720,183.720,183.720,183.720,0,0
1519414980,183.870,183.730,183.730,183.870,0,0
1519415100,183.980,183.980,183.980,183.980,8253,357263
1519415160,183.930,183.890,183.890,183.930,0,0
1519415220,183.900,183.900,183.900,183.900,0,0
1519415280,183.950,183.980,183.950,184.010,0,0
1519415340,183.920,184.000,183.920,184.000,0,0
1519415400,184.050,184.050,184.050,184.050,6806,365516
1519415460,184.050,184.050,184.050,184.050,0,0
1519415520,184.130,184.030,184.030,184.140,0,0
1519415640,183.920,183.930,183.920,183.930,0,0
1519415700,184.030,183.990,183.990,184.030,1118,372322
1519415760,183.980,183.980,183.980,183.980,0,0
1519415820,183.980,183.980,183.980,183.980,0,0
1519416000,184.130,184.060,184.060,184.130,9706,373440
1519416060,184.100,184.100,184.100,184.100,0,0
1519416120,184.180,184.180,184.180,184.180,0,0
1519416180,184.150,184.230,184.100,184.230,0,0
1519416240,184.250,184.280,184.250,184.330,0,0
1519416300,184.290,184.290,184.290,184.290,4538,383146
1519416360,184.400,184.400,184.400,184.400,0,0
1519416420,184.330,184.450,184.330,184.470,0,0
1519416480,184.560,184.560,184.560,184.560,0,0
1519416540,184.470,184.470,184.470,184.470,0,0
1519416600,184.610,184.610,184.610,184.610,5229,387684
1519416660,184.690,184.510,184.510,184.690,0,0
1519416720,184.470,184.470,184.470,184.470,0,0
1519416900,184.530,184.600,184.490,184.600,5328,392913
1519416960,184.530,184.600,184.490,184.600,0,0
1519417080,184.590,184.590,184.590,184.590,0,0
1519417140,184.720,184.750,184.720,184.750,0,0
1519417200,184.720,184.730,184.720,184.730,9782,398241
1519417260,184.850,184.900,184.850,184.920,0,0
1519417380,185.000,185.000,185.000,185.000,0,0
1519417440,184.950,185.020,184.950,185.020,0,0
1519417500,185.060,185.090,185.060,185.090,8593,408023
1519417560,185.170,185.070,185.070,185.170,0,0
1519417620,185.060,184.980,184.980,185.060,0,0
1519417680,185.010,185.010,185.010,185.010,0,0
1519417740,185.040,185.020,184.960,185.040,0,0
1519417800,185.030,185.030,185.030,185.030,6537,416616
1519417860,185.000,184.950,184.950,185.100,0,0
1519417920,184.920,184.740,184.740,184.920,0,0
1519417980,184.740,184.740,184.740,184.740,0,0
1519418040,184.740,184.740,184.740,184.740,0,0
1519418100,184.900,184.900,184.900,184.900,8731,423153
1519418160,184.900,184.900,184.900,184.900,0,0
1519418220,184.900,184.770,184.770,184.900,0,0
1519418280,184.720,184.810,184.710,184.810,0,0
1519418340,184.860,184.860,184.860,184.860,0,0
1519418400,184.900,184.900,184.900,184.900,10982,431884
1519418460,184.920,184.870,184.870,184.920,0,0
1519418520,184.780,184.560,184.560,184.780,0,0
1519418580,184.610,184.650,184.610,184.720,0,0
1519418640,184.680,184.830,184.680,184.860,0,0
1519418700,184.940,185.060,184.900,185.060,12381,442866
1519418760,185.020,185.000,185.000,185.020,0,0
1519418820,185.050,184.880,184.880,185.050,0,0
1519418880,184.900,184.900,184.900,184.900,0,0
1519418940,184.920,184.790,184.790,184.920,0,0
1519419000,184.960,185.010,184.960,185.020,14760,455247
1519419060,185.050,185.020,185.020,185.100,0,0
1519419120,184.830,185.000,184.830,185.000,0,0
1519419180,185.010,184.950,184.950,185.010,0,0
1519419240,184.980,185.120,184.980,185.120,0,0
1519419300,185.120,185.140,185.040,185.140,125570,470007
1519419360,185.090,185.220,185.090,185.250,0,0
1519419420,185.120,185.190,185.120,185.220,0,0
1519419480,185.250,185.370,185.250,185.460,0,0
1519419540,185.370,185.470,185.370,185.480,0,0
1519655400,185.480,186.250,185.480,186.250,18853,0
1519655520,186.230,186.420,186.230,186.420,0,0
1519655580,186.630,186.570,186.570,186.780,0,0
1519655640,186.290,186.280,186.280,186.290,0,0
1519655700,186.290,186.320,186.290,186.320,9352,18853
1519655760,186.330,186.520,186.330,186.520,0,0
1519655820,186.630,186.400,186.400,186.630,0,0
1519655880,186.460,186.410,186.410,186.460,0,0
1519655940,186.430,186.430,186.430,186.430,0,0
1519656000,186.390,186.390,186.390,186.390,12174,28205
1519656060,186.630,186.400,186.380,186.630,0,0
1519656120,186.380,186.190,186.190,186.380,0,0
1519656180,186.240,186.240,186.240,186.240,0,0
1519656300,186.240,186.240,186.240,186.240,12014,40379
1519656360,186.210,186.020,185.850,186.210,0,0
1519656420,186.050,186.050,186.050,186.050,0,0
1519656480,186.170,186.170,186.170,186.170,0,0
1519656600,186.140,186.280,186.140,186.280,5282,52393
1519656780,186.210,186.210,186.210,186.210,0,0
1519656840,186.300,186.120,186.120,186.300,0,0
1519656900,186.040,185.960,185.960,186.040,5507,57675
1519657020,186.040,185.960,185.960,186.040,0,0
1519657080,185.950,185.910,185.910,186.020,0,0
1519657140,186.010,186.000,186.000,186.010,0,0
1519657200,185.920,185.950,185.920,185.950,7281,63182
1519657260,186.020,186.020,186.020,186.020,0,0
1519657320,185.940,185.940,185.940,185.940,0,0
1519657380,186.000,185.860,185.860,186.000,0,0
1519657440,185.870,185.800,185.800,185.870,0,0
1519657500,185.770,185.770,185.770,185.770,9329,70463
1519657560,185.970,185.920,185.920,185.990,0,0
1519657680,185.860,185.860,185.860,185.860,0,0
1519657800,185.980,185.900,185.900,185.980,6025,79792
1519657920,185.920,185.920,185.920,185.920,0,0
1519657980,185.830,185.770,185.770,185.830,0,0
1519658040,185.690,185.690,185.690,185.690,0,0
1519658100,185.520,185.520,185.520,185.520,6607,85817
1519658160,185.520,185.520,185.520,185.520,0,0
1519658220,185.640,185.730,185.640,185.730,0,0
1519658280,185.640,185.640,185.640,185.640,0,0
1519658340,185.570,185.570,185.570,185.570,0,0
1519658400,185.520,185.520,185.520,185.520,4320,92424
1519658520,185.590,185.520,185.520,185.590,0,0
1519658580,185.490,185.490,185.490,185.490,0,0
1519658640,185.550,185.550,185.550,185.550,0,0
1519658700,185.580,185.520,185.470,185.580,8525,96744
1519658760,185.420,185.400,185.400,185.450,0,0
1519658820,185.410,185.410,185.410,185.410,0,0
1519658880,185.340,185.340,185.340,185.340,0,0
1519659000,185.310,185.310,185.310,185.310,14651,105269
1519659060,185.330,185.470,185.330,185.570,0,0
1519659120,185.460,185.460,185.460,185.460,0,0
1519659180,185.470,185.470,185.470,185.470,0,0
1519659240,185.380,185.380,185.380,185.380,0,0
1519659300,185.380,185.460,185.380,185.580,7125,119920
1519659360,185.310,185.310,185.310,185.310,0,0
1519659420,185.390,185.470,185.390,185.470,0,0
1519659480,185.580,185.580,185.580,185.580,0,0
1519659540,185.620,185.620,185.620,185.620,0,0
1519659600,185.670,185.670,185.670,185.670,5148,127045
1519659660,185.630,185.630,185.630,185.630,0,0
1519659720,185.680,185.680,185.680,185.680,0,0
1519659780,185.610,185.610,185.610,185.610,0,0
1519659840,185.750,185.750,185.750,185.750,0,0
1519659900,185.790,185.740,185.740,185.790,7119,132193
1519659960,185.790,185.790,185.790,185.790,0,0
1519660080,185.840,185.800,185.780,185.840,0,0
1519660140,185.880,185.880,185.880,185.880,0,0
1519660200,185.810,185.810,185.810,185.810,6632,139312
1519660260,185.790,185.790,185.790,185.790,0,0
1519660380,185.780,185.780,185.780,185.780,0,0
1519660440,185.770,185.770,185.770,185.770,0,0
1519660500,185.770,185.680,185.660,185.770,7486,145944
1519660740,185.810,185.810,185.810,185.810,0,0
1519660800,185.740,185.700,185.700,185.740,16825,153430
1519660860,185.810,185.810,185.810,185.810,0,0
1519660920,185.840,185.810,185.810,185.840,0,0
1519660980,185.820,185.790,185.790,185.820,0,0
1519661040,185.850,185.850,185.850,185.850,0,0
1519661100,185.870,185.770,185.770,185.870,5450,170255
1519661220,185.870,185.870,185.870,185.870,0,0
1519661340,186.080,186.220,186.080,186.220,0,0
1519661400,186.190,186.280,186.190,186.280,6577,175705
1519661460,186.250,186.290,186.250,186.290,0,0
1519661520,186.290,186.290,186.290,186.290,0,0
1519661640,186.360,186.420,186.360,186.480,0,0
1519661700,186.470,186.480,186.440,186.480,18250,182282
1519661760,186.410,186.410,186.410,186.410,0,0
1519661880,186.430,186.430,186.430,186.430,0,0
1519661940,186.650,186.690,186.650,186.690,0,0
1519662000,186.690,186.710,186.690,186.720,12404,200532
1519662060,186.660,186.640,186.640,186.660,0,0
1519662120,186.650,186.650,186.650,186.650,0,0
1519662180,186.660,186.600,186.600,186.660,0,0
1519662240,186.650,186.740,186.650,186.740,0,0
1519662300,186.740,186.630,186.630,186.740,13556,212936
1519662360,186.660,186.660,186.660,186.660,0,0
1519662420,186.680,186.680,186.680,186.680,0,0
1519662480,186.680,186.670,186.670,186.680,0,0
1519662540,186.700,186.690,186.650,186.710,0,0
1519662600,186.690,186.690,186.690,186.690,4871,226492
1519662660,186.730,186.690,186.690,186.730,0,0
1519662780,186.680,186.590,186.590,186.680,0,0
1519662840,186.540,186.540,186.540,186.540,0,0
1519662900,186.510,186.610,186.510,186.610,5005,231363
1519662960,186.450,186.450,186.450,186.450,0,0
1519663020,186.500,186.530,186.500,186.530,0,0
1519663140,186.620,186.510,186.510,186.620,0,0
1519663200,186.520,186.520,186.520,186.520,4300,236368
1519663320,186.520,186.520,186.520,186.520,0,0
1519663440,186.500,186.500,186.500,186.500,0,0
1519663500,186.570,186.570,186.570,186.570,1894,240668
1519663560,186.520,186.520,186.520,186.520,0,0
1519663620,186.520,186.520,186.520,186.520,0,0
1519663740,186.510,186.510,186.510,186.510,0,0
1519663800,186.510,186.550,186.510,186.550,17383,242562
1519663860,186.410,186.490,186.410,186.490,0,0
1519663920,186.380,186.380,186.380,186.380,0,0
1519663980,186.420,186.340,186.340,186.420,0,0
1519664040,186.290,186.340,186.290,186.340,0,0
1519664100,186.350,186.350,186.350,186.350,4389,259945
1519664160,186.350,186.350,186.350,186.350,0,0
1519664340,186.330,186.300,186.300,186.330,0,0
1519664400,186.330,186.330,186.330,186.330,4133,264334
1519664520,186.330,186.330,186.330,186.330,0,0
1519664580,186.410,186.300,186.300,186.410,0,0
1519664700,186.450,186.390,186.390,186.450,5179,268467
1519664760,186.460,186.460,186.460,186.460,0,0
1519664820,186.570,186.530,186.530,186.570,0,0
1519665000,186.680,186.730,186.680,186.730,7377,273646
1519665060,186.850,186.820,186.820,186.850,0,0
1519665120,186.830,186.830,186.830,186.830,0,0
1519665240,186.740,186.740,186.740,186.740,0,0
1519665300,186.740,186.740,186.740,186.740,3461,281023
1519665540,186.780,186.780,186.780,186.780,0,0
1519665600,186.900,186.900,186.900,186.900,6702,284484
1519665660,186.900,186.900,186.900,186.900,0,0
1519665720,186.880,186.880,186.880,186.880,0,0
1519665780,186.950,187.060,186.950,187.060,0,0
1519665840,187.020,187.020,187.020,187.020,0,0
1519665900,187.080,187.080,187.080,187.080,10271,291186
1519665960,187.210,187.210,187.210,187.210,0,0
1519666020,187.230,187.170,187.170,187.230,0,0
1519666080,187.010,187.010,187.010,187.010,0,0
1519666140,187.140,187.090,187.090,187.140,0,0
1519666200,187.230,187.230,187.230,187.230,2568,301457
1519666260,187.060,187.100,187.060,187.100,0,0
1519666500,187.040,187.070,187.040,187.070,3604,304025
1519666680,187.090,187.090,187.090,187.090,0,0
1519666740,187.100,187.100,187.100,187.100,0,0
1519666800,187.100,187.100,187.100,187.100,2923,307629
1519666980,187.130,187.130,187.130,187.130,0,0
1519667040,187.130,187.210,187.130,187.210,0,0
1519667100,187.220,187.220,187.220,187.220,6203,310552
1519667340,187.510,187.440,187.440,187.580,0,0
1519667400,187.660,187.660,187.660,187.660,3260,316755
1519667520,187.660,187.660,187.660,187.660,0,0
1519667580,187.610,187.610,187.610,187.610,0,0
1519667700,187.710,187.710,187.710,187.710,4341,320015
1519667760,187.740,187.740,187.740,187.740,0,0
1519667820,187.840,187.840,187.840,187.840,0,0
1519667880,187.840,187.880,187.840,187.880,0,0
1519667940,187.940,187.940,187.940,187.940,0,0
1519668000,187.860,187.860,187.860,187.860,3951,324356
1519668180,187.940,187.890,187.890,187.940,0,0
1519668240,187.990,187.990,187.990,187.990,0,0
1519668300,187.900,187.840,187.840,187.900,6943,328307
1519668360,187.900,187.840,187.840,187.900,0,0
1519668420,187.790,187.860,187.780,187.860,0,0
1519668480,187.910,187.840,187.840,187.910,0,0
1519668600,187.850,187.850,187.850,187.850,11405,335250
1519668660,187.870,187.870,187.870,187.870,0,0
1519668720,187.840,187.860,187.840,187.860,0,0
1519668780,187.910,187.920,187.880,187.920,0,0
1519668840,187.860,187.860,187.860,187.860,0,0
1519668900,187.860,187.860,187.860,187.860,7435,346655
1519669080,187.750,187.720,187.680,187.750,0,0
1519669140,187.690,187.750,187.680,187.750,0,0
1519669200,187.780,187.750,187.750,187.780,5349,354090
1519669260,187.780,187.750,187.750,187.780,0,0
1519669320,187.730,187.720,187.720,187.730,0,0
1519669500,187.700,187.850,187.700,187.850,3440,359439
1519669560,187.700,187.850,187.700,187.850,0,0
1519669620,187.710,187.710,187.710,187.710,0,0
1519669740,187.840,187.840,187.840,187.840,0,0
1519669800,187.850,187.920,187.850,187.920,3233,362879
1519669860,187.840,187.820,187.820,187.840,0,0
1519669980,187.800,187.800,187.800,187.800,0,0
1519670040,187.750,187.750,187.750,187.750,0,0
1519670100,187.830,187.810,187.810,187.830,5440,366112
1519670160,187.830,187.810,187.810,187.830,0,0
1519670220,187.730,187.760,187.730,187.760,0,0
1519670280,187.940,187.940,187.940,187.940,0,0
1519670400,187.990,188.070,187.990,188.070,2787,371552
1519670580,187.990,188.070,187.990,188.070,0,0
1519670640,188.060,188.060,188.060,188.060,0,0
1519670700,188.100,188.110,188.100,188.110,6474,374339
1519670760,188.100,188.110,188.100,188.110,0,0
1519670820,188.120,188.120,188.120,188.120,0,0
1519670880,188.170,188.170,188.170,188.170,0,0
1519670940,188.160,188.120,188.120,188.160,0,0
1519671000,188.030,188.030,188.030,188.030,5705,380813
1519671060,188.070,188.080,188.070,188.080,0,0
1519671120,187.970,188.020,187.970,188.020,0,0
1519671180,187.960,187.960,187.960,187.960,0,0
1519671240,188.030,188.030,188.030,188.030,0,0
1519671300,188.040,188.250,188.040,188.250,2988,386518
1519671360,188.040,188.250,188.040,188.250,0,0
1519671420,188.160,188.160,188.160,188.160,0,0
1519671600,188.180,188.120,188.120,188.180,7850,389506
1519671660,188.180,188.180,188.180,188.180,0,0
1519671720,188.060,188.060,188.060,188.060,0,0
1519671780,188.130,188.050,188.050,188.130,0,0
1519671900,188.040,188.020,188.020,188.040,5096,397356
1519671960,188.040,188.020,188.020,188.040,0,0
1519672020,187.950,187.950,187.950,187.950,0,0
1519672080,187.940,187.940,187.940,187.940,0,0
1519672140,187.940,187.940,187.940,187.940,0,0
1519672200,187.900,187.920,187.900,187.920,8077,402452
1519672260,187.950,187.970,187.950,187.970,0,0
1519672380,187.950,187.950,187.950,187.950,0,0
1519672440,187.930,187.930,187.930,187.930,0,0
1519672500,187.950,187.830,187.830,187.950,6316,410529
1519672560,187.780,187.780,187.780,187.780,0,0
1519672620,187.830,187.870,187.830,187.870,0,0
1519672680,187.860,187.860,187.860,187.860,0,0
1519672740,187.800,187.790,187.790,187.800,0,0
1519672800,187.850,187.770,187.770,187.850,2881,416845
1519672860,187.810,187.810,187.810,187.810,0,0
1519672980,187.790,187.790,187.790,187.790,0,0
1519673040,187.790,187.750,187.750,187.790,0,0
1519673100,187.830,187.790,187.790,187.830,6329,419726
1519673160,187.810,187.760,187.730,187.810,0,0
1519673220,187.760,187.720,187.720,187.760,0,0
1519673280,187.700,187.700,187.700,187.700,0,0
1519673340,187.640,187.610,187.610,187.640,0,0
1519673400,187.590,187.590,187.590,187.590,5779,426055
1519673460,187.640,187.590,187.590,187.640,0,0
1519673520,187.650,187.630,187.630,187.650,0,0
1519673580,187.670,187.690,187.670,187.690,0,0
1519673640,187.670,187.670,187.670,187.670,0,0
1519673700,187.760,187.760,187.760,187.760,6063,431834
1519673760,187.790,187.790,187.790,187.790,0,0
1519673820,187.760,187.760,187.760,187.760,0,0
1519673880,187.850,187.720,187.720,187.850,0,0
1519673940,187.710,187.710,187.710,187.710,0,0
1519674000,187.690,187.710,187.690,187.710,4906,437897
1519674060,187.670,187.660,187.660,187.700,0,0
1519674120,187.740,187.770,187.740,187.770,0,0
1519674180,187.780,187.780,187.780,187.780,0,0
1519674240,187.790,187.790,187.790,187.790,0,0
1519674300,187.730,187.720,187.720,187.730,4134,442803
1519674360,187.820,187.880,187.820,187.880,0,0
1519674420,187.960,187.900,187.900,187.960,0,0
1519674480,187.850,187.800,187.800,187.850,0,0
1519674600,187.730,187.730,187.730,187.730,4179,446937
1519674660,187.800,187.850,187.800,187.850,0,0
1519674780,187.940,187.940,187.940,187.940,0,0
1519674840,188.020,188.100,188.020,188.100,0,0
1519674900,188.070,188.070,188.070,188.070,4183,451116
1519674960,188.060,188.060,188.060,188.060,0,0
1519675080,188.070,188.070,188.070,188.070,0,0
1519675140,188.070,188.140,188.070,188.140,0,0
1519675200,188.120,188.180,188.120,188.220,14112,455299
1519675260,188.130,188.060,188.060,188.150,0,0
1519675320,188.100,188.100,188.100,188.100,0,0
1519675380,188.100,188.100,188.100,188.100,0,0
1519675440,188.200,188.160,188.150,188.200,0,0
1519675500,188.200,188.170,188.170,188.200,8110,469411
1519675560,188.110,188.010,188.010,188.110,0,0
1519675620,188.040,188.080,188.030,188.080,0,0
1519675680,188.150,188.150,188.150,188.150,0,0
1519675740,188.160,188.170,188.160,188.170,0,0
1519675800,188.240,188.240,188.240,188.240,6756,477521
1519675860,188.290,188.250,188.240,188.290,0,0
1519675920,188.200,188.200,188.200,188.200,0,0
1519675980,188.210,188.250,188.210,188.250,0,0
1519676040,188.300,188.220,188.220,188.300,0,0
1519676100,188.240,188.190,188.190,188.240,6260,484277
1519676160,188.230,188.230,188.230,188.230,0,0
1519676220,188.190,188.190,188.190,188.190,0,0
1519676280,188.260,188.310,188.260,188.310,0,0
1519676340,188.340,188.330,188.330,188.340,0,0
1519676400,188.400,188.560,188.400,188.560,10472,490537
1519676460,188.450,188.450,188.450,188.450,0,0
1519676520,188.540,188.540,188.540,188.540,0,0
1519676580,188.590,188.600,188.590,188.600,0,0
1519676640,188.690,188.620,188.620,188.690,0,0
1519676700,188.570,188.530,188.530,188.570,10532,501009
1519676760,188.540,188.490,188.490,188.540,0,0
1519676820,188.470,188.530,188.470,188.530,0,0
1519676880,188.530,188.510,188.500,188.530,0,0
1519676940,188.500,188.560,188.500,188.570,0,0
1519677000,188.520,188.370,188.370,188.520,9956,511541
1519677060,188.360,188.370,188.360,188.410,0,0
1519677180,188.410,188.440,188.410,188.440,0,0
1519677240,188.480,188.480,188.480,188.480,0,0
1519677300,188.410,188.410,188.410,188.410,12762,521497
1519677360,188.410,188.410,188.410,188.410,0,0
1519677420,188.380,188.460,188.360,188.460,0,0
1519677480,188.480,188.480,188.480,188.480,0,0
1519677540,188.470,188.620,188.470,188.620,0,0
1519677600,188.620,188.610,188.590,188.620,12496,534259
1519677660,188.540,188.560,188.540,188.560,0,0
1519677720,188.530,188.460,188.460,188.540,0,0
1519677780,188.500,188.500,188.500,188.500,0,0
1519677840,188.440,188.480,188.410,188.480,0,0
1519677900,188.430,188.410,188.370,188.460,16612,546755
1519678020,188.480,188.420,188.390,188.480,0,0
1519678080,188.450,188.410,188.410,188.490,0,0
1519678140,188.410,188.280,188.280,188.410,0,0
1519678200,188.260,188.250,188.250,188.290,21100,563367
1519678260,188.270,188.250,188.250,188.290,0,0
1519678320,188.220,188.170,188.170,188.220,0,0
1519678380,188.080,188.060,188.050,188.100,0,0
1519678440,188.060,187.970,187.970,188.060,0,0
1519678500,188.030,188.140,188.030,188.140,344029,584467
1519678560,188.200,188.190,188.160,188.200,0,0
1519678620,188.170,188.090,188.090,188.170,0,0
1519678680,188.120,188.170,188.120,188.210,0,0
1519678740,188.150,188.370,188.120,188.370,0,0
1519741800,187.920,188.520,187.920,188.520,16718,0
1519741860,188.700,187.650,187.650,188.700,0,0
1519741980,188.100,188.100,188.100,188.100,0,0
1519742100,188.280,188.520,188.280,188.590,8895,16718
1519742160,188.600,188.620,188.600,188.700,0,0
1519742400,188.170,188.170,188.170,188.170,6003,25613
1519742520,188.190,188.190,188.190,188.190,0,0
1519742580,188.340,188.340,188.340,188.340,0,0
1519742640,188.120,188.120,188.120,188.120,0,0
1519742700,188.380,188.380,188.380,188.380,3173,31616
1519742760,188.400,188.440,188.400,188.440,0,0
1519742820,188.380,188.570,188.380,188.570,0,0
1519742880,188.470,188.470,188.470,188.470,0,0
1519743000,188.640,188.630,188.630,188.640,7233,34789
1519743060,188.400,188.400,188.400,188.400,0,0
1519743120,188.420,188.420,188.420,188.420,0,0
1519743180,188.100,188.100,188.100,188.100,0,0
1519743240,188.050,188.050,188.050,188.050,0,0
1519743300,188.000,188.000,188.000,188.000,13751,42022
1519743420,187.970,187.970,187.970,187.970,0,0
1519743480,187.870,187.870,187.870,187.870,0,0
1519743540,187.690,187.860,187.690,187.900,0,0
1519743600,188.130,188.280,188.130,188.280,3020,55773
1519743660,188.130,188.130,188.130,188.130,0,0
1519743720,188.280,188.270,188.270,188.280,0,0
1519743780,188.150,188.150,188.150,188.150,0,0
1519743900,187.940,187.940,187.940,187.940,6578,58793
1519744020,188.050,188.050,188.050,188.050,0,0
1519744140,188.040,187.970,187.890,188.040,0,0
1519744200,187.790,187.960,187.790,187.960,11584,65371
1519744260,187.870,187.720,187.720,187.870,0,0
1519744320,187.820,187.740,187.740,187.840,0,0
1519744380,187.840,187.930,187.840,187.930,0,0
1519744440,188.020,187.950,187.950,188.020,0,0
1519744500,188.070,188.120,188.070,188.120,9733,76955
1519744620,188.070,188.120,188.070,188.120,0,0
1519744680,188.100,188.100,188.100,188.100,0,0
1519744740,188.190,188.170,188.170,188.190,0,0
1519744800,188.180,188.180,188.180,188.180,6701,86688
1519744860,188.250,188.560,188.250,188.560,0,0
1519744980,188.600,188.600,188.600,188.600,0,0
1519745040,188.530,188.600,188.530,188.700,0,0
1519745100,188.530,188.530,188.530,188.530,2604,93389
1519745220,188.600,188.600,188.600,188.600,0,0
1519745280,188.530,188.530,188.530,188.530,0,0
1519745400,188.410,188.190,188.190,188.410,3427,95993
1519745460,188.410,188.190,188.190,188.410,0,0
1519745640,187.900,187.900,187.900,187.900,0,0
1519745700,187.780,187.740,187.740,187.780,8576,99420
1519745760,187.880,187.920,187.880,187.920,0,0
1519745820,187.810,187.550,187.550,187.880,0,0
1519745940,187.090,187.270,187.090,187.270,0,0
1519746000,187.360,187.360,187.360,187.360,18159,107996
1519746060,187.400,187.090,187.090,187.400,0,0
1519746120,187.010,187.010,187.010,187.010,0,0
1519746180,186.950,186.950,186.950,186.950,0,0
1519746240,186.820,186.670,186.670,186.820,0,0
1519746300,186.790,186.820,186.690,186.900,9445,126155
1519746360,186.570,186.750,186.570,186.750,0,0
1519746480,186.820,186.820,186.820,186.820,0,0
1519746540,186.590,186.590,186.590,186.590,0,0
1519746600,186.690,186.790,186.690,186.800,4379,135600
1519746720,186.790,186.740,186.610,186.790,0,0
1519746780,186.730,186.730,186.730,186.730,0,0
1519746900,186.230,186.280,186.230,186.280,10458,139979
1519746960,186.290,186.520,186.290,186.530,0,0
1519747020,186.690,186.810,186.690,186.810,0,0
1519747080,186.730,186.970,186.730,186.970,0,0
1519747140,186.940,186.940,186.940,186.940,0,0
1519747200,186.850,186.850,186.850,186.850,4957,150437
1519747260,186.870,186.870,186.870,186.870,0,0
1519747380,187.250,187.250,187.250,187.250,0,0
1519747440,187.150,187.190,187.150,187.280,0,0
1519747500,187.200,187.280,187.180,187.280,4738,155394
1519747620,187.250,187.250,187.250,187.250,0,0
1519747740,187.590,187.590,187.590,187.590,0,0
1519747800,188.080,188.080,188.080,188.080,6790,160132
1519747860,188.080,188.080,188.080,188.080,0,0
1519747920,187.930,187.970,187.830,187.970,0,0
1519747980,187.660,187.900,187.660,187.900,0,0
1519748040,187.710,187.800,187.710,187.800,0,0
1519748100,188.010,187.890,187.890,188.010,6150,166922
1519748220,187.900,187.900,187.900,187.900,0,0
1519748280,187.880,187.790,187.690,187.880,0,0
1519748340,187.810,188.010,187.780,188.010,0,0
1519748400,187.800,187.940,187.800,187.940,4811,173072
1519748460,187.920,188.000,187.920,188.000,0,0
1519748520,187.810,187.810,187.810,187.810,0,0
1519748580,187.700,187.820,187.550,187.820,0,0
1519748640,187.730,187.690,187.690,187.730,0,0
1519748700,187.820,187.580,187.580,187.820,4073,177883
1519748940,187.660,187.910,187.660,187.910,0,0
1519749000,187.670,187.670,187.670,187.670,7176,181956
1519749120,188.170,188.170,188.170,188.170,0,0
1519749180,188.190,188.220,188.190,188.220,0,0
1519749240,188.130,188.040,188.040,188.130,0,0
1519749300,187.900,187.670,187.670,187.900,24084,189132
1519749360,187.780,187.990,187.780,187.990,0,0
1519749480,187.770,187.770,187.770,187.770,0,0
1519749540,187.400,187.480,187.400,187.540,0,0
1519749600,187.340,187.100,187.050,187.340,36076,213216
1519749660,187.340,187.100,187.050,187.340,0,0
1519749720,187.300,187.260,187.260,187.330,0,0
1519749780,187.180,187.180,187.180,187.180,0,0
1519749840,187.230,187.240,187.230,187.260,0,0
1519749900,187.370,187.370,187.370,187.370,5055,249292
1519749960,187.520,187.520,187.520,187.520,0,0
1519750020,187.660,187.560,187.560,187.660,0,0
1519750080,187.380,187.380,187.380,187.380,0,0
1519750140,187.810,187.810,187.810,187.810,0,0
1519750200,187.520,187.350,187.350,187.520,13682,254347
1519750260,187.300,187.300,187.300,187.300,0,0
1519750320,187.120,187.120,187.120,187.120,0,0
1519750380,187.200,187.030,187.030,187.280,0,0
1519750440,186.990,186.980,186.980,186.990,0,0
1519750500,186.880,186.970,186.880,186.970,9996,268029
1519750560,186.680,186.630,186.570,186.680,0,0
1519750620,186.650,186.650,186.650,186.650,0,0
1519750680,186.540,186.540,186.540,186.540,0,0
1519750740,186.570,186.570,186.570,186.570,0,0
1519750800,186.750,186.780,186.750,186.780,7522,278025
1519750860,186.820,186.910,186.820,186.910,0,0
1519750920,187.140,187.140,187.140,187.140,0,0
1519750980,187.100,187.100,187.100,187.100,0,0
1519751040,187.060,187.060,187.060,187.060,0,0
1519751100,187.170,187.170,187.170,187.170,4560,285547
1519751220,187.060,187.060,187.060,187.060,0,0
1519751280,187.130,187.130,187.130,187.130,0,0
1519751400,187.160,187.110,187.110,187.160,4416,290107
1519751580,187.180,187.100,187.100,187.180,0,0
1519751640,186.940,186.980,186.940,186.980,0,0
1519751700,186.990,186.990,186.990,186.990,2865,294523
1519751760,186.980,186.980,186.980,186.980,0,0
1519751820,186.990,186.920,186.890,186.990,0,0
1519751880,186.760,186.760,186.760,186.760,0,0
1519751940,186.760,186.760,186.760,186.760,0,0
1519752000,186.670,186.540,186.540,186.670,3531,297388
1519752180,186.670,186.540,186.540,186.670,0,0
1519752240,186.790,186.790,186.790,186.790,0,0
1519752300,186.740,186.800,186.700,186.800,3762,300919
1519752360,186.740,186.800,186.700,186.800,0,0
1519752420,186.890,186.890,186.890,186.890,0,0
1519752600,187.310,187.310,187.310,187.310,4488,304681
1519752720,187.310,187.310,187.310,187.310,0,0
1519752780,187.250,187.240,187.240,187.250,0,0
1519752900,187.210,187.210,187.210,187.210,9788,309169
1519753020,187.440,187.500,187.440,187.500,0,0
1519753140,187.440,187.370,187.370,187.440,0,0
1519753200,187.470,187.460,187.410,187.470,2479,318957
1519753500,187.410,187.500,187.410,187.500,7572,321436
1519753560,187.340,187.340,187.340,187.340,0,0
1519753620,187.420,187.420,187.420,187.420,0,0
1519753680,187.420,187.470,187.420,187.470,0,0
1519753800,187.520,187.470,187.400,187.520,4316,329008
1519753860,187.530,187.530,187.530,187.530,0,0
1519753920,187.720,187.720,187.720,187.720,0,0
1519754040,187.750,187.750,187.750,187.750,0,0
1519754100,187.670,187.670,187.670,187.670,2940,333324
1519754280,187.670,187.670,187.670,187.670,0,0
1519754340,187.810,187.840,187.810,187.970,0,0
1519754400,187.970,187.970,187.970,187.970,2696,336264
1519754460,187.820,187.770,187.770,187.820,0,0
1519754580,187.720,187.720,187.720,187.720,0,0
1519754640,187.730,187.730,187.730,187.730,0,0
1519754700,187.610,187.610,187.610,187.610,5829,338960
1519754760,187.620,187.650,187.620,187.650,0,0
1519754820,187.620,187.620,187.620,187.620,0,0
1519754880,187.590,187.590,187.590,187.590,0,0
1519754940,187.590,187.650,187.590,187.650,0,0
1519755000,187.520,187.520,187.520,187.520,3128,344789
1519755060,187.520,187.520,187.520,187.520,0,0
1519755120,187.520,187.440,187.440,187.520,0,0
1519755300,187.310,187.310,187.310,187.310,5999,347917
1519755360,187.310,187.310,187.310,187.310,0,0
1519755480,187.430,187.480,187.430,187.480,0,0
1519755540,187.450,187.450,187.450,187.450,0,0
1519755600,187.540,187.540,187.540,187.540,3410,353916
1519755660,187.480,187.560,187.450,187.560,0,0
1519755840,187.570,187.500,187.500,187.570,0,0
1519755900,187.480,187.480,187.480,187.480,7503,357326
1519756020,187.480,187.480,187.480,187.480,0,0
1519756080,187.590,187.400,187.400,187.590,0,0
1519756140,187.400,187.410,187.400,187.410,0,0
1519756200,187.290,187.290,187.290,187.290,1206,364829
1519756320,187.290,187.290,187.290,187.290,0,0
1519756500,187.140,187.140,187.140,187.140,3338,366035
1519756560,187.240,187.290,187.240,187.290,0,0
1519756800,187.390,187.270,187.270,187.390,5032,369373
1519756920,187.270,187.270,187.270,187.270,0,0
1519756980,187.440,187.440,187.440,187.440,0,0
1519757040,187.470,187.250,187.250,187.470,0,0
1519757100,187.480,187.480,187.480,187.480,3920,374405
1519757160,187.400,187.410,187.400,187.410,0,0
1519757220,187.400,187.400,187.400,187.400,0,0
1519757280,187.250,187.250,187.250,187.250,0,0
1519757400,186.890,186.980,186.890,186.980,4809,378325
1519757460,186.890,186.980,186.890,186.980,0,0
1519757520,186.850,186.850,186.850,186.850,0,0
1519757640,187.160,187.160,187.160,187.160,0,0
1519757700,186.990,186.990,186.990,186.990,4176,383134
1519757760,186.990,186.990,186.990,186.990,0,0
1519757820,186.980,187.070,186.980,187.070,0,0
1519757880,186.900,186.900,186.900,186.900,0,0
1519758000,186.920,187.010,186.920,187.010,8295,387310
1519758060,186.810,186.840,186.810,186.840,0,0
1519758180,186.830,186.830,186.830,186.830,0,0
1519758240,186.820,186.820,186.820,186.820,0,0
1519758300,186.600,186.580,186.580,186.600,4058,395605
1519758360,186.600,186.580,186.580,186.600,0,0
1519758420,186.690,186.690,186.690,186.690,0,0
1519758480,186.900,186.900,186.900,186.900,0,0
1519758600,186.820,186.820,186.820,186.820,4035,399663
1519758660,186.860,186.860,186.860,186.860,0,0
1519758720,186.710,186.710,186.710,186.710,0,0
1519758780,186.610,186.610,186.610,186.610,0,0
1519758840,186.660,186.660,186.660,186.660,0,0
1519758900,186.690,186.690,186.690,186.690,5693,403698
1519758960,186.540,186.540,186.540,186.540,0,0
1519759020,186.730,186.730,186.730,186.730,0,0
1519759080,186.760,186.740,186.740,186.760,0,0
1519759140,186.840,186.840,186.840,186.840,0,0
1519759200,186.810,186.550,186.550,186.810,3611,409391
1519759260,186.660,186.720,186.660,186.720,0,0
1519759320,186.540,186.540,186.540,186.540,0,0
1519759440,186.490,186.490,186.490,186.490,0,0
1519759500,186.520,186.520,186.520,186.520,4469,413002
1519759620,186.560,186.610,186.560,186.610,0,0
1519759740,186.720,186.720,186.720,186.720,0,0
1519759800,186.780,186.710,186.710,186.780,6077,417471
1519759860,186.660,186.590,186.590,186.680,0,0
1519759920,186.750,186.750,186.750,186.750,0,0
1519759980,186.780,186.780,186.780,186.780,0,0
1519760040,186.940,186.940,186.940,186.940,0,0
1519760100,186.910,186.940,186.910,186.940,4053,423548
1519760220,186.910,186.940,186.910,186.940,0,0
1519760340,186.760,186.760,186.760,186.760,0,0
1519760400,186.640,186.640,186.640,186.640,4638,427601
1519760520,186.640,186.640,186.640,186.640,0,0
1519760580,186.600,186.600,186.600,186.600,0,0
1519760640,186.620,186.560,186.560,186.620,0,0
1519760700,186.500,186.500,186.500,186.500,4947,432239
1519760760,186.390,186.240,186.240,186.390,0,0
1519760880,186.250,186.250,186.250,186.250,0,0
1519760940,186.300,186.300,186.300,186.300,0,0
1519761000,186.190,186.270,186.190,186.270,8093,437186
1519761060,186.370,186.380,186.370,186.380,0,0
1519761120,186.380,186.320,186.320,186.380,0,0
1519761180,186.390,186.420,186.380,186.420,0,0
1519761300,186.440,186.500,186.440,186.500,14438,445279
1519761360,186.610,186.470,186.470,186.610,0,0
1519761420,186.650,186.590,186.590,186.650,0,0
1519761480,186.600,186.560,186.440,186.600,0,0
1519761540,186.490,186.490,186.490,186.490,0,0
1519761600,186.400,186.400,186.400,186.400,10517,459717
1519761660,186.460,186.460,186.460,186.460,0,0
1519761720,186.590,186.590,186.590,186.590,0,0
1519761780,186.520,186.380,186.380,186.530,0,0
1519761840,186.340,186.280,186.220,186.340,0,0
1519761900,186.240,186.280,186.240,186.280,6320,470234
1519761960,186.260,186.160,186.160,186.340,0,0
1519762080,186.090,186.180,186.090,186.180,0,0
1519762140,186.050,186.050,186.050,186.050,0,0
1519762200,185.960,185.990,185.920,185.990,9408,476554
1519762260,186.010,186.010,186.010,186.010,0,0
1519762320,186.080,186.080,186.080,186.080,0,0
1519762380,186.110,186.070,186.070,186.220,0,0
1519762500,186.020,186.020,186.020,186.020,8465,485962
1519762560,186.180,186.220,186.180,186.220,0,0
1519762620,186.110,186.140,186.080,186.140,0,0
1519762680,185.960,185.990,185.960,186.070,0,0
1519762800,185.960,186.000,185.960,186.010,9793,494427
1519762860,186.030,186.070,186.030,186.070,0,0
1519762920,185.950,185.950,185.950,185.950,0,0
1519763040,185.960,186.010,185.960,186.010,0,0
1519763100,185.880,185.870,185.870,185.960,9916,504220
1519763160,185.860,185.860,185.860,185.860,0,0
1519763280,185.970,186.050,185.940,186.050,0,0
1519763340,185.980,186.050,185.970,186.050,0,0
1519763400,186.050,186.120,186.050,186.120,8495,514136
1519763460,186.120,186.210,186.120,186.210,0,0
1519763520,186.120,186.130,186.120,186.130,0,0
1519763640,185.820,185.650,185.650,185.820,0,0
1519763700,185.580,185.350,185.350,185.580,13871,522631
1519763760,185.580,185.350,185.350,185.580,0,0
1519763820,185.300,185.410,185.240,185.410,0,0
1519763880,185.400,185.530,185.400,185.560,0,0
1519763940,185.560,185.530,185.530,185.560,0,0
1519764000,185.480,185.400,185.400,185.500,19170,536502
1519764060,185.380,185.410,185.380,185.410,0,0
1519764120,185.490,185.450,185.450,185.510,0,0
1519764180,185.460,185.270,185.270,185.460,0,0
1519764240,185.290,185.280,185.280,185.290,0,0
1519764300,185.280,185.230,185.230,185.340,29104,555672
1519764360,185.310,185.380,185.260,185.380,0,0
1519764420,185.400,185.490,185.400,185.530,0,0
1519764480,185.460,185.540,185.460,185.540,0,0
1519764540,185.560,185.600,185.550,185.690,0,0
1519764600,185.490,185.410,185.210,185.490,33387,584776
1519764660,185.310,185.230,185.230,185.350,0,0
1519764720,185.060,185.080,185.060,185.150,0,0
1519764780,185.120,185.000,185.000,185.150,0,0
1519764840,184.930,184.910,184.910,185.000,0,0
1519764900,184.970,184.800,184.800,184.970,53488,618163
1519764960,184.840,184.950,184.840,185.010,0,0
1519765020,184.910,184.790,184.790,184.930,0,0
1519765080,184.790,184.800,184.770,184.890,0,0
1519765140,184.780,184.590,184.590,184.780,0,0
1519828200,185.470,185.470,185.470,185.470,90021,0
1519828260,185.470,185.170,185.170,185.470,0,0
1519828320,185.460,185.460,185.460,185.460,0,0
1519828380,185.440,185.690,185.440,185.690,0,0
1519828440,185.110,185.270,185.110,185.440,0,0
1519828500,185.040,184.340,184.340,185.040,11083,90021
1519828560,184.340,184.490,184.340,184.660,0,0
1519828620,184.560,184.430,184.420,184.560,0,0
1519828680,184.440,184.410,184.410,184.440,0,0
1519828740,184.320,184.470,184.320,184.470,0,0
1519828800,184.360,184.280,184.280,184.360,13570,101104
1519828860,184.370,184.380,184.260,184.430,0,0
1519828920,184.420,184.320,184.320,184.440,0,0
1519829040,184.310,184.350,184.310,184.500,0,0
1519829100,184.500,184.320,184.320,184.500,14792,114674
1519829160,184.330,184.140,184.140,184.330,0,0
1519829220,184.370,184.200,184.180,184.370,0,0
1519829280,184.500,184.400,184.260,184.500,0,0
1519829340,184.410,184.140,184.140,184.410,0,0
1519829400,184.320,184.160,184.160,184.320,35562,129466
1519829520,184.270,184.220,184.220,184.380,0,0
1519829580,184.270,184.380,184.270,184.500,0,0
1519829640,184.490,184.880,184.450,184.880,0,0
1519829700,184.630,184.660,184.630,184.660,11123,165028
1519829760,184.580,184.730,184.560,184.730,0,0
1519829820,184.730,184.710,184.620,184.730,0,0
1519829880,184.720,184.720,184.720,184.720,0,0
1519829940,184.800,184.800,184.800,184.800,0,0
1519830000,184.770,184.860,184.770,184.860,10707,176151
1519830120,184.850,184.800,184.800,184.890,0,0
1519830240,184.610,184.590,184.590,184.610,0,0
1519830300,184.680,184.730,184.660,184.730,6533,186858
1519830360,184.690,184.560,184.560,184.690,0,0
1519830420,184.500,184.560,184.500,184.560,0,0
1519830480,184.660,184.660,184.660,184.660,0,0
1519830540,184.690,184.690,184.690,184.690,0,0
1519830600,184.710,184.790,184.710,184.830,22388,193391
1519830660,184.790,184.790,184.790,184.790,0,0
1519830720,184.800,184.720,184.660,184.800,0,0
1519830780,184.770,184.740,184.740,184.790,0,0
1519830840,184.800,184.770,184.750,184.800,0,0
1519830900,184.790,184.920,184.790,184.920,8889,215779
1519830960,184.870,184.920,184.870,184.920,0,0
1519831020,184.920,184.910,184.910,184.920,0,0
1519831080,184.940,185.180,184.940,185.180,0,0
1519831140,185.150,185.150,185.150,185.150,0,0
1519831200,185.190,185.190,185.190,185.190,2501,224668
1519831320,185.240,185.260,185.240,185.260,0,0
1519831440,185.190,185.260,185.190,185.260,0,0
1519831500,185.350,185.350,185.350,185.350,11811,227169
1519831560,185.430,185.480,185.350,185.480,0,0
1519831620,185.410,185.250,185.250,185.410,0,0
1519831680,185.280,185.350,185.280,185.350,0,0
1519831740,185.500,185.460,185.460,185.500,0,0
1519831800,185.500,185.530,185.500,185.530,34667,238980
1519831860,185.500,185.220,185.220,185.500,0,0
1519831920,185.230,185.320,185.230,185.320,0,0
1519831980,185.250,185.260,185.250,185.350,0,0
1519832040,185.260,184.990,184.970,185.260,0,0
1519832100,185.120,185.150,185.120,185.400,6700,273647
1519832160,185.210,185.080,185.080,185.220,0,0
1519832220,185.230,185.230,185.230,185.230,0,0
1519832280,185.250,185.220,185.220,185.250,0,0
1519832340,185.260,185.200,185.200,185.260,0,0
1519832400,185.090,184.940,184.940,185.090,11652,280347
1519832460,185.000,185.000,185.000,185.000,0,0
1519832520,184.930,184.870,184.870,184.930,0,0
1519832580,184.910,184.660,184.660,184.910,0,0
1519832640,184.790,184.770,184.710,184.790,0,0
1519832700,184.770,184.870,184.710,185.010,5998,291999
1519832760,184.750,184.580,184.580,184.750,0,0
1519832820,184.630,184.480,184.480,184.630,0,0
1519832880,184.330,184.530,184.320,184.530,0,0
1519832940,184.540,184.240,184.240,184.540,0,0
1519833000,184.340,184.390,184.340,184.390,9776,297997
1519833060,184.300,184.300,184.300,184.300,0,0
1519833120,184.160,184.160,184.160,184.160,0,0
1519833180,184.080,184.000,183.950,184.080,0,0
1519833240,183.790,183.880,183.790,183.880,0,0
1519833300,183.760,183.670,183.670,183.760,6020,307773
1519833360,183.770,183.770,183.770,183.770,0,0
1519833420,183.500,183.490,183.490,183.500,0,0
1519833480,183.560,183.560,183.560,183.560,0,0
1519833600,183.860,183.770,183.770,183.860,6817,313793
1519833660,183.860,183.770,183.770,183.860,0,0
1519833780,183.820,183.810,183.810,183.840,0,0
1519833840,183.790,183.790,183.790,183.790,0,0
1519833900,183.770,183.770,183.770,183.770,1688,320610
1519834080,183.630,183.630,183.630,183.630,0,0
1519834140,183.430,183.430,183.430,183.430,0,0
1519834200,183.250,183.040,183.040,183.260,59236,322298
1519834260,183.250,183.040,183.040,183.260,0,0
1519834320,183.010,183.060,182.990,183.060,0,0
1519834380,183.010,183.030,182.910,183.030,0,0
1519834440,183.090,183.100,182.960,183.130,0,0
1519834500,183.110,183.050,183.050,183.110,5420,381534
1519834560,183.150,183.250,183.050,183.250,0,0
1519834680,183.530,183.470,183.470,183.530,0,0
1519834740,183.640,183.640,183.640,183.640,0,0
1519834800,183.760,183.760,183.760,183.760,4940,386954
1519834920,183.760,183.760,183.760,183.760,0,0
1519834980,183.770,183.820,183.770,183.820,0,0
1519835040,183.810,183.870,183.810,183.870,0,0
1519835100,183.720,183.720,183.720,183.720,10976,391894
1519835160,183.760,183.590,183.590,183.760,0,0
1519835220,183.650,183.780,183.650,183.780,0,0
1519835280,183.820,183.830,183.750,183.870,0,0
1519835340,183.630,183.770,183.630,183.790,0,0
1519835400,183.680,183.560,183.560,183.680,3637,402870
1519835520,183.680,183.560,183.560,183.680,0,0
1519835640,183.560,183.500,183.500,183.560,0,0
1519835700,183.490,183.470,183.470,183.490,6285,406507
1519835760,183.570,183.520,183.490,183.570,0,0
1519835820,183.560,183.560,183.560,183.560,0,0
1519835880,183.630,183.540,183.540,183.630,0,0
1519835940,183.390,183.390,183.390,183.390,0,0
1519836000,183.440,183.440,183.440,183.440,7191,412792
1519836060,183.440,183.440,183.440,183.440,0,0
1519836120,183.330,183.330,183.330,183.330,0,0
1519836180,183.370,183.350,183.350,183.370,0,0
1519836240,183.350,183.430,183.350,183.430,0,0
1519836300,183.350,183.180,183.180,183.350,6376,419983
1519836420,183.090,183.090,183.090,183.090,0,0
1519836480,182.840,182.840,182.840,182.840,0,0
1519836540,182.770,182.990,182.770,182.990,0,0
1519836600,183.250,183.250,183.250,183.250,3742,426359
1519836660,183.300,183.250,183.250,183.300,0,0
1519836780,183.020,183.010,183.010,183.020,0,0
1519836840,183.160,183.100,183.100,183.160,0,0
1519836900,183.450,183.550,183.450,183.550,4587,430101
1519837020,183.450,183.550,183.450,183.550,0,0
1519837080,183.380,183.380,183.380,183.380,0,0
1519837140,183.310,183.320,183.310,183.320,0,0
1519837200,183.410,183.440,183.410,183.440,4584,434688
1519837260,183.640,183.640,183.640,183.640,0,0
1519837320,183.720,183.720,183.720,183.720,0,0
1519837380,183.650,183.540,183.540,183.650,0,0
1519837500,183.600,183.600,183.600,183.600,3452,439272
1519837620,183.600,183.600,183.600,183.600,0,0
1519837680,183.620,183.620,183.620,183.620,0,0
1519837800,183.860,183.860,183.860,183.860,3710,442724
1519837920,183.860,183.860,183.860,183.860,0,0
1519837980,183.850,183.740,183.740,183.850,0,0
1519838040,183.700,183.700,183.700,183.700,0,0
1519838100,183.740,183.780,183.740,183.780,7528,446434
1519838160,183.770,183.770,183.770,183.770,0,0
1519838220,183.720,183.580,183.580,183.720,0,0
1519838280,183.550,183.680,183.550,183.680,0,0
1519838400,183.460,183.460,183.460,183.460,3487,453962
1519838460,183.460,183.460,183.460,183.460,0,0
1519838580,183.570,183.500,183.500,183.570,0,0
1519838700,183.820,183.820,183.820,183.820,2557,457449
1519838760,183.820,183.820,183.820,183.820,0,0
1519838880,183.800,183.800,183.800,183.800,0,0
1519839000,183.570,183.570,183.570,183.570,7650,460006
1519839060,183.550,183.550,183.550,183.550,0,0
1519839120,183.540,183.660,183.490,183.660,0,0
1519839180,183.660,183.690,183.660,183.690,0,0
1519839240,183.700,183.540,183.540,183.700,0,0
1519839300,183.690,183.760,183.690,183.760,8729,467656
1519839360,183.660,183.760,183.660,183.760,0,0
1519839420,183.810,183.820,183.810,183.820,0,0
1519839480,183.740,183.810,183.720,183.820,0,0
1519839540,183.860,183.860,183.860,183.860,0,0
1519839600,183.720,183.720,183.720,183.720,6613,476385
1519839720,183.970,183.830,183.830,183.970,0,0
1519839780,183.830,183.940,183.830,183.940,0,0
1519839840,183.930,183.930,183.930,183.930,0,0
1519839900,184.170,184.180,184.170,184.180,7062,482998
1519839960,184.170,184.180,184.170,184.180,0,0
1519840020,184.170,184.180,184.170,184.180,0,0
1519840080,184.370,184.370,184.370,184.370,0,0
1519840140,184.390,184.390,184.390,184.390,0,0
1519840200,184.350,184.350,184.350,184.350,4960,490060
1519840260,184.320,184.320,184.320,184.320,0,0
1519840320,184.290,184.310,184.290,184.310,0,0
1519840380,184.240,184.240,184.240,184.240,0,0
1519840440,184.410,184.410,184.410,184.410,0,0
1519840500,184.500,184.410,184.410,184.500,7707,495020
1519840560,184.400,184.280,184.280,184.450,0,0
1519840680,184.150,184.200,184.150,184.200,0,0
1519840740,184.030,184.050,184.030,184.050,0,0
1519840800,184.050,184.050,184.050,184.050,3404,502727
1519840860,184.050,184.050,184.050,184.050,0,0
1519840920,183.960,183.960,183.960,183.960,0,0
1519841040,183.860,183.850,183.810,183.860,0,0
1519841100,183.720,183.720,183.720,183.720,532,506131
1519841220,183.870,183.870,183.870,183.870,0,0
1519841400,183.980,183.980,183.980,183.980,5331,506663
1519841520,183.980,183.980,183.980,183.980,0,0
1519841640,183.900,183.780,183.780,183.900,0,0
1519841700,183.780,183.780,183.780,183.780,2019,511994
1519841820,183.770,183.770,183.770,183.770,0,0
1519842000,183.810,183.810,183.810,183.810,2709,514013
1519842060,183.810,183.810,183.810,183.810,0,0
1519842240,183.840,183.840,183.840,183.840,0,0
1519842300,184.060,184.150,184.060,184.150,3629,516722
1519842540,184.170,184.170,184.170,184.170,0,0
1519842600,184.100,184.440,184.100,184.440,2651,520351
1519842780,184.100,184.440,184.100,184.440,0,0
1519842840,184.240,184.240,184.240,184.240,0,0
1519842900,184.340,184.390,184.340,184.390,7322,523002
1519842960,184.310,184.430,184.310,184.430,0,0
1519843080,184.500,184.500,184.500,184.500,0,0
1519843140,184.410,184.410,184.410,184.410,0,0
1519843200,184.400,184.360,184.360,184.400,8708,530324
1519843260,184.440,184.440,184.440,184.440,0,0
1519843440,184.410,184.310,184.250,184.410,0,0
1519843500,184.340,184.340,184.340,184.340,2437,539032
1519843620,184.280,184.280,184.280,184.280,0,0
1519843740,184.170,184.170,184.170,184.170,0,0
1519843800,184.170,184.090,184.090,184.170,4630,541469
1519843860,184.230,184.230,184.230,184.230,0,0
1519844040,184.490,184.490,184.490,184.490,0,0
1519844100,184.540,184.450,184.450,184.550,4379,546099
1519844220,184.530,184.680,184.530,184.680,0,0
1519844400,184.690,184.900,184.690,184.900,6652,550478
1519844460,184.950,184.950,184.950,184.950,0,0
1519844520,185.040,185.040,185.040,185.040,0,0
1519844580,185.110,185.040,185.040,185.110,0,0
1519844700,184.700,184.690,184.690,184.700,8570,557130
1519844760,184.700,184.690,184.690,184.700,0,0
1519844820,184.810,184.810,184.810,184.810,0,0
1519844880,184.700,184.710,184.700,184.810,0,0
1519844940,184.720,184.720,184.720,184.720,0,0
1519845000,184.740,184.730,184.730,184.740,4885,565700
1519845060,184.740,184.730,184.730,184.740,0,0
1519845120,184.890,184.690,184.670,184.890,0,0
1519845180,184.780,184.780,184.780,184.780,0,0
1519845300,184.890,184.860,184.860,184.890,6322,570585
1519845420,184.890,184.860,184.860,184.890,0,0
1519845480,184.830,184.800,184.800,184.830,0,0
1519845540,184.760,184.720,184.720,184.760,0,0
1519845600,184.830,184.730,184.730,184.830,7633,576907
1519845660,184.720,184.720,184.720,184.720,0,0
1519845720,184.660,184.760,184.660,184.760,0,0
1519845840,184.690,184.630,184.590,184.690,0,0
1519845900,184.690,184.690,184.690,184.690,4134,584540
1519845960,184.640,184.640,184.640,184.640,0,0
1519846020,184.700,184.700,184.700,184.700,0,0
1519846080,184.490,184.490,184.490,184.490,0,0
1519846200,184.470,184.470,184.470,184.470,6389,588674
1519846320,184.290,184.290,184.290,184.290,0,0
1519846380,184.120,184.120,184.120,184.120,0,0
1519846440,184.120,183.980,183.880,184.120,0,0
1519846500,184.090,184.140,184.090,184.140,6031,595063
1519846560,184.090,184.140,184.090,184.140,0,0
1519846680,184.040,183.950,183.950,184.040,0,0
1519846740,183.870,183.910,183.770,183.910,0,0
1519846800,183.720,183.720,183.720,183.720,4752,601094
1519846860,183.750,183.750,183.750,183.750,0,0
1519846920,183.780,183.830,183.780,183.830,0,0
1519847040,183.760,183.590,183.590,183.760,0,0
1519847100,183.660,183.660,183.660,183.660,1686,605846
1519847220,183.660,183.660,183.660,183.660,0,0
1519847280,183.690,183.690,183.690,183.690,0,0
1519847340,183.640,183.550,183.550,183.640,0,0
1519847400,183.580,183.520,183.520,183.620,7510,607532
1519847460,183.520,183.520,183.520,183.520,0,0
1519847520,183.520,183.430,183.380,183.520,0,0
1519847580,183.410,183.360,183.360,183.410,0,0
1519847640,183.370,183.370,183.370,183.370,0,0
1519847700,183.600,183.510,183.510,183.620,6659,615042
1519847760,183.620,183.620,183.620,183.620,0,0
1519847820,183.500,183.500,183.500,183.500,0,0
1519847880,183.300,183.230,183.230,183.330,0,0
1519848000,183.300,183.300,183.300,183.300,8195,621701
1519848120,183.190,183.190,183.190,183.190,0,0
1519848180,183.150,183.040,183.040,183.150,0,0
1519848240,183.040,183.030,182.980,183.040,0,0
1519848300,183.140,183.000,183.000,183.180,16853,629896
1519848360,183.060,183.120,183.060,183.120,0,0
1519848420,183.070,182.860,182.860,183.070,0,0
1519848540,183.140,183.250,183.090,183.250,0,0
1519848600,183.120,183.120,183.120,183.120,7871,646749
1519848660,182.870,182.870,182.870,182.870,0,0
1519848720,183.040,182.960,182.960,183.040,0,0
1519848780,182.900,182.910,182.900,182.910,0,0
1519848840,182.860,183.110,182.860,183.110,0,0
1519848900,183.080,182.900,182.900,183.080,5173,654620
1519848960,182.970,182.970,182.970,182.970,0,0
1519849020,182.990,182.990,182.990,182.990,0,0
1519849080,183.060,183.060,183.060,183.060,0,0
1519849200,182.840,182.790,182.790,182.840,11653,659793
1519849260,182.880,182.880,182.880,182.880,0,0
1519849320,182.760,182.760,182.760,182.760,0,0
1519849380,182.560,182.610,182.410,182.610,0,0
1519849440,182.500,182.460,182.370,182.500,0,0
1519849500,182.480,182.360,182.360,182.480,10427,671446
1519849560,182.370,182.440,182.370,182.500,0,0
1519849620,182.460,182.460,182.460,182.460,0,0
1519849680,182.720,182.720,182.720,182.720,0,0
1519849740,182.770,182.680,182.640,182.770,0,0
1519849800,182.720,182.640,182.640,182.720,9435,681873
1519849860,182.630,182.580,182.580,182.710,0,0
1519849920,182.580,182.490,182.490,182.600,0,0
1519849980,182.500,182.400,182.400,182.500,0,0
1519850040,182.570,182.480,182.480,182.570,0,0
1519850100,182.530,182.530,182.530,182.530,12200,691308
1519850160,182.620,182.670,182.620,182.680,0,0
1519850220,182.720,182.590,182.590,182.730,0,0
1519850280,182.650,182.810,182.650,182.810,0,0
1519850340,182.830,182.830,182.830,182.830,0,0
1519850400,182.830,182.810,182.810,182.830,14888,703508
1519850460,182.800,182.770,182.770,182.870,0,0
1519850520,182.640,182.570,182.570,182.640,0,0
1519850580,182.470,182.500,182.460,182.500,0,0
1519850640,182.530,182.610,182.490,182.610,0,0
1519850700,182.410,181.920,181.920,182.410,27307,718396
1519850760,181.960,182.030,181.930,182.120,0,0
1519850820,182.060,181.910,181.910,182.060,0,0
1519850880,182.010,181.800,181.800,182.010,0,0
1519850940,181.720,181.690,181.640,181.720,0,0
1519851000,181.540,181.420,181.360,181.570,34154,745703
1519851060,181.590,181.360,181.340,181.590,0,0
1519851120,181.410,181.320,181.320,181.410,0,0
1519851180,181.320,181.330,181.320,181.410,0,0
1519851240,181.170,181.210,181.170,181.330,0,0
1519851300,181.170,181.400,181.170,181.410,83538,779857
1519851360,181.400,181.320,181.150,181.440,0,0
1519851420,181.360,181.440,181.210,181.440,0,0
1519851480,181.230,181.140,181.120,181.250,0,0
1519851540,181.120,180.830,180.830,181.220,0,0
