1522675800,20.340,20.320,20.260,20.360,29732,0
1522675860,20.330,20.320,20.320,20.330,0,0
1522675920,20.360,20.360,20.360,20.360,0,0
1522675980,20.290,20.370,20.290,20.370,0,0
1522676040,20.360,20.380,20.360,20.380,0,0
1522676100,20.340,20.300,20.300,20.370,12106,29732
1522676160,20.320,20.340,20.320,20.340,0,0
1522676220,20.320,20.350,20.320,20.360,0,0
1522676280,20.380,20.440,20.380,20.440,0,0
1522676340,20.480,20.430,20.430,20.480,0,0
1522676400,20.460,20.480,20.430,20.480,5900,41838
1522676460,20.510,20.480,20.480,20.510,0,0
1522676520,20.490,20.470,20.450,20.490,0,0
1522676580,20.450,20.450,20.450,20.450,0,0
1522676700,20.390,20.320,20.320,20.390,7598,47738
1522676760,20.310,20.320,20.300,20.320,0,0
1522676820,20.300,20.300,20.300,20.300,0,0
1522676880,20.250,20.300,20.250,20.300,0,0
1522676940,20.290,20.290,20.290,20.290,0,0
1522677000,20.310,20.280,20.280,20.310,7860,55336
1522677060,20.230,20.230,20.230,20.230,0,0
1522677120,20.230,20.230,20.230,20.230,0,0
1522677180,20.200,20.210,20.200,20.210,0,0
1522677240,20.220,20.170,20.170,20.220,0,0
1522677300,20.190,20.200,20.180,20.200,7358,63196
1522677360,20.230,20.250,20.230,20.260,0,0
1522677420,20.260,20.300,20.260,20.300,0,0
1522677480,20.260,20.270,20.260,20.270,0,0
1522677600,20.200,20.240,20.200,20.240,9353,70554
1522677660,20.230,20.210,20.210,20.230,0,0
1522677720,20.190,20.180,20.180,20.200,0,0
1522677780,20.170,20.200,20.170,20.200,0,0
1522677840,20.240,20.210,20.210,20.240,0,0
1522677900,20.200,20.190,20.190,20.200,9779,79907
1522677960,20.180,20.190,20.180,20.190,0,0
1522678020,20.180,20.170,20.170,20.200,0,0
1522678140,20.140,20.160,20.140,20.160,0,0
1522678200,20.150,20.140,20.140,20.170,13446,89686
1522678260,20.140,20.140,20.140,20.140,0,0
1522678320,20.100,20.100,20.100,20.100,0,0
1522678380,20.080,20.090,20.080,20.090,0,0
1522678440,20.100,20.100,20.100,20.100,0,0
1522678500,20.080,20.090,20.080,20.090,11786,103132
1522678560,20.090,20.080,20.080,20.090,0,0
1522678620,20.080,20.090,20.080,20.090,0,0
1522678680,20.110,20.120,20.080,20.120,0,0
1522678740,20.130,20.130,20.130,20.130,0,0
1522678800,20.130,20.130,20.130,20.130,8592,114918
1522678860,20.120,20.140,20.100,20.140,0,0
1522678920,20.160,20.150,20.150,20.160,0,0
1522678980,20.160,20.160,20.160,20.160,0,0
1522679040,20.160,20.160,20.160,20.160,0,0
1522679100,20.140,20.100,20.100,20.140,10682,123510
1522679160,20.110,20.120,20.110,20.130,0,0
1522679220,20.120,20.100,20.100,20.130,0,0
1522679280,20.090,20.070,20.070,20.090,0,0
1522679340,20.080,20.050,20.050,20.080,0,0
1522679400,20.050,20.050,20.050,20.050,6386,134192
1522679460,20.060,20.060,20.060,20.060,0,0
1522679520,20.060,20.050,20.040,20.060,0,0
1522679580,20.050,20.050,20.050,20.050,0,0
1522679640,20.030,20.030,20.030,20.030,0,0
1522679700,20.000,20.000,20.000,20.000,13336,140578
1522679760,20.000,20.010,20.000,20.010,0,0
1522679820,20.000,20.010,20.000,20.010,0,0
1522679880,20.020,20.060,20.020,20.060,0,0
1522679940,20.070,20.070,20.070,20.070,0,0
1522680000,20.070,20.080,20.070,20.080,9278,153914
1522680060,20.070,20.070,20.070,20.070,0,0
1522680120,20.090,20.090,20.090,20.090,0,0
1522680180,20.080,20.080,20.080,20.080,0,0
1522680240,20.060,20.040,20.040,20.060,0,0
1522680300,20.030,20.030,20.030,20.030,43984,163192
1522680360,20.020,20.010,20.010,20.020,0,0
1522680420,20.010,20.020,20.010,20.020,0,0
1522680480,20.010,20.030,20.010,20.030,0,0
1522680540,20.040,20.020,20.000,20.040,0,0
1522680600,20.020,20.000,20.000,20.030,28942,207176
1522680660,20.030,20.020,20.010,20.030,0,0
1522680720,20.020,20.050,20.010,20.050,0,0
1522680780,20.050,20.020,20.020,20.050,0,0
1522680840,20.000,20.030,20.000,20.030,0,0
1522680900,20.030,20.040,20.030,20.050,19170,236118
1522680960,20.050,20.050,20.050,20.050,0,0
1522681020,20.020,20.050,20.020,20.050,0,0
1522681080,20.050,20.040,20.030,20.050,0,0
1522681140,20.050,20.060,20.050,20.060,0,0
1522681200,20.040,20.050,20.040,20.050,31673,255288
1522681260,20.070,20.080,20.070,20.090,0,0
1522681320,20.100,20.090,20.080,20.100,0,0
1522681380,20.100,20.080,20.080,20.110,0,0
1522681440,20.080,20.040,20.040,20.080,0,0
1522681500,20.050,20.060,20.050,20.070,19075,286961
1522681560,20.050,20.060,20.050,20.060,0,0
1522681620,20.050,20.040,20.040,20.050,0,0
1522681680,20.050,20.060,20.050,20.060,0,0
1522681740,20.050,20.070,20.050,20.070,0,0
1522681800,20.070,20.040,20.040,20.070,12284,306036
1522681860,20.030,20.080,20.030,20.080,0,0
1522681920,20.080,20.060,20.060,20.080,0,0
1522681980,20.070,20.080,20.060,20.080,0,0
1522682040,20.100,20.100,20.100,20.100,0,0
1522682100,20.090,20.070,20.070,20.090,10322,318320
1522682160,20.100,20.090,20.090,20.100,0,0
1522682220,20.060,20.070,20.060,20.070,0,0
1522682280,20.060,20.030,20.030,20.060,0,0
1522682340,20.020,20.040,20.020,20.040,0,0
1522682400,20.030,20.020,20.020,20.030,5788,328642
1522682460,20.010,19.970,19.970,20.010,0,0
1522682520,19.990,20.000,19.990,20.000,0,0
1522682580,19.990,19.980,19.980,19.990,0,0
1522682640,19.990,19.980,19.980,19.990,0,0
1522682700,19.970,19.970,19.970,19.970,18088,334430
1522682760,19.970,19.960,19.950,19.970,0,0
1522682820,19.950,19.930,19.910,19.950,0,0
1522682880,19.940,19.950,19.940,19.950,0,0
1522682940,19.960,19.980,19.950,19.980,0,0
1522683000,19.980,19.980,19.980,19.980,4960,352518
1522683120,19.930,19.940,19.930,19.950,0,0
1522683180,19.930,19.930,19.930,19.930,0,0
1522683240,19.920,19.910,19.910,19.920,0,0
1522683300,19.900,19.880,19.880,19.900,23140,357478
1522683360,19.870,19.880,19.870,19.890,0,0
1522683420,19.880,19.890,19.870,19.890,0,0
1522683480,19.880,19.910,19.880,19.910,0,0
1522683540,19.900,19.900,19.900,19.900,0,0
1522683600,19.900,19.880,19.880,19.900,6504,380618
1522683660,19.900,19.900,19.900,19.900,0,0
1522683780,19.890,19.930,19.890,19.930,0,0
1522683840,19.930,19.930,19.930,19.930,0,0
1522683900,19.900,19.890,19.890,19.900,8042,387122
1522683960,19.920,19.920,19.920,19.920,0,0
1522684020,19.900,19.900,19.900,19.900,0,0
1522684080,19.920,19.930,19.920,19.930,0,0
1522684140,19.910,19.910,19.910,19.910,0,0
1522684200,19.900,19.890,19.890,19.900,14456,395164
1522684260,19.900,19.910,19.900,19.930,0,0
1522684320,19.910,19.900,19.900,19.910,0,0
1522684440,19.880,19.890,19.880,19.890,0,0
1522684500,19.860,19.870,19.860,19.870,10941,409620
1522684560,19.870,19.880,19.870,19.890,0,0
1522684620,19.880,19.930,19.880,19.930,0,0
1522684680,19.930,19.900,19.900,19.930,0,0
1522684740,19.870,19.880,19.870,19.880,0,0
1522684800,19.880,19.870,19.870,19.880,8400,420561
1522684860,19.890,19.890,19.890,19.890,0,0
1522684920,19.870,19.870,19.870,19.870,0,0
1522684980,19.860,19.890,19.860,19.890,0,0
1522685040,19.890,19.900,19.890,19.900,0,0
1522685100,19.870,19.870,19.870,19.870,9042,428961
1522685160,19.870,19.870,19.870,19.870,0,0
1522685220,19.890,19.880,19.880,19.890,0,0
1522685280,19.860,19.860,19.860,19.860,0,0
1522685340,19.860,19.850,19.850,19.860,0,0
1522685400,19.840,19.820,19.820,19.840,18666,438003
1522685460,19.820,19.840,19.810,19.840,0,0
1522685520,19.840,19.890,19.840,19.890,0,0
1522685580,19.890,19.880,19.880,19.900,0,0
1522685640,19.860,19.850,19.850,19.870,0,0
1522685700,19.840,19.830,19.830,19.840,17537,456669
1522685760,19.830,19.820,19.800,19.830,0,0
1522685820,19.850,19.840,19.840,19.850,0,0
1522685880,19.860,19.860,19.860,19.860,0,0
1522685940,19.860,19.860,19.860,19.860,0,0
1522686000,19.850,19.870,19.850,19.870,4882,474206
1522686060,19.870,19.860,19.860,19.880,0,0
1522686120,19.870,19.860,19.860,19.870,0,0
1522686180,19.870,19.860,19.850,19.870,0,0
1522686300,19.840,19.850,19.840,19.850,6031,479088
1522686360,19.870,19.870,19.870,19.870,0,0
1522686420,19.870,19.880,19.870,19.880,0,0
1522686540,19.890,19.880,19.880,19.890,0,0
1522686600,19.880,19.900,19.880,19.900,5894,485119
1522686660,19.900,19.910,19.900,19.910,0,0
1522686720,19.910,19.920,19.910,19.920,0,0
1522686780,19.910,19.920,19.910,19.920,0,0
1522686900,19.920,19.940,19.920,19.940,9222,491013
1522686960,19.940,19.960,19.940,19.960,0,0
1522687020,19.960,19.950,19.950,19.960,0,0
1522687080,19.940,19.930,19.930,19.940,0,0
1522687140,19.910,19.920,19.910,19.920,0,0
1522687200,19.930,19.940,19.930,19.940,7451,500235
1522687260,19.930,19.920,19.920,19.930,0,0
1522687320,19.930,19.960,19.930,19.960,0,0
1522687380,19.960,19.980,19.960,19.980,0,0
1522687440,19.990,19.980,19.980,19.990,0,0
1522687500,19.980,19.980,19.980,19.980,5062,507686
1522687560,19.970,19.970,19.970,19.970,0,0
1522687680,19.960,19.970,19.950,19.970,0,0
1522687800,19.950,19.960,19.950,19.960,4066,512748
1522687860,19.950,19.960,19.950,19.960,0,0
1522687920,19.960,19.960,19.960,19.960,0,0
1522687980,19.960,19.960,19.960,19.960,0,0
1522688040,19.960,19.960,19.960,19.960,0,0
1522688100,19.970,19.950,19.950,19.970,17680,516814
1522688160,19.960,19.950,19.950,19.960,0,0
1522688220,19.950,19.940,19.940,19.960,0,0
1522688280,19.950,19.960,19.950,19.960,0,0
1522688340,19.950,19.970,19.940,19.970,0,0
1522688400,19.980,19.990,19.980,19.990,31590,534494
1522688460,19.970,19.950,19.950,19.980,0,0
1522688520,19.960,19.950,19.950,19.960,0,0
1522688580,19.930,19.930,19.930,19.930,0,0
1522688640,19.930,19.940,19.920,19.940,0,0
1522688700,19.930,19.940,19.930,19.940,12696,566084
1522688760,19.950,19.950,19.950,19.950,0,0
1522688820,19.950,19.940,19.940,19.950,0,0
1522688880,19.950,19.950,19.950,19.950,0,0
1522688940,19.950,19.960,19.950,19.960,0,0
1522689000,19.950,19.970,19.950,19.970,10459,578780
1522689060,19.960,19.970,19.960,19.970,0,0
1522689120,19.970,19.970,19.970,19.970,0,0
1522689180,19.980,19.970,19.970,19.980,0,0
1522689240,19.960,19.960,19.960,19.960,0,0
1522689300,19.950,19.950,19.950,19.950,12191,589239
1522689360,19.950,19.950,19.950,19.950,0,0
1522689420,19.950,19.940,19.940,19.950,0,0
1522689480,19.960,19.950,19.950,19.960,0,0
1522689540,19.950,19.930,19.930,19.950,0,0
1522689600,19.920,19.920,19.920,19.920,8214,601430
1522689660,19.900,19.880,19.880,19.900,0,0
1522689720,19.880,19.880,19.880,19.880,0,0
1522689780,19.880,19.890,19.880,19.890,0,0
1522689840,19.870,19.870,19.870,19.870,0,0
1522689900,19.880,19.860,19.860,19.880,8737,609644
1522689960,19.850,19.840,19.840,19.850,0,0
1522690020,19.850,19.840,19.840,19.850,0,0
1522690080,19.840,19.830,19.830,19.840,0,0
1522690140,19.830,19.830,19.830,19.830,0,0
1522690200,19.830,19.830,19.830,19.830,7093,618381
1522690260,19.830,19.830,19.830,19.830,0,0
1522690320,19.820,19.850,19.820,19.850,0,0
1522690380,19.850,19.850,19.850,19.850,0,0
1522690440,19.850,19.870,19.850,19.870,0,0
1522690500,19.900,19.900,19.900,19.900,16664,625474
1522690620,19.890,19.870,19.870,19.890,0,0
1522690680,19.900,19.880,19.880,19.900,0,0
1522690740,19.890,19.880,19.880,19.890,0,0
1522690800,19.900,19.870,19.860,19.900,11732,642138
1522690860,19.870,19.880,19.870,19.880,0,0
1522690920,19.860,19.840,19.840,19.860,0,0
1522690980,19.840,19.840,19.840,19.840,0,0
1522691040,19.840,19.840,19.840,19.840,0,0
1522691100,19.840,19.820,19.820,19.840,7414,653870
1522691220,19.820,19.830,19.820,19.850,0,0
1522691280,19.820,19.820,19.820,19.820,0,0
1522691340,19.820,19.820,19.820,19.820,0,0
1522691400,19.820,19.820,19.820,19.820,7477,661284
1522691460,19.800,19.810,19.800,19.810,0,0
1522691520,19.820,19.830,19.820,19.830,0,0
1522691580,19.820,19.830,19.810,19.830,0,0
1522691640,19.820,19.820,19.820,19.820,0,0
1522691700,19.800,19.790,19.770,19.800,11721,668761
1522691760,19.780,19.800,19.780,19.800,0,0
1522691820,19.790,19.790,19.790,19.790,0,0
1522691880,19.770,19.770,19.770,19.770,0,0
1522691940,19.770,19.750,19.750,19.770,0,0
1522692000,19.730,19.720,19.720,19.730,25899,680482
1522692060,19.730,19.720,19.720,19.740,0,0
1522692120,19.710,19.690,19.690,19.710,0,0
1522692180,19.710,19.720,19.710,19.720,0,0
1522692240,19.690,19.710,19.690,19.720,0,0
1522692300,19.700,19.680,19.680,19.700,17643,706381
1522692360,19.680,19.710,19.680,19.710,0,0
1522692420,19.710,19.700,19.700,19.710,0,0
1522692480,19.710,19.760,19.710,19.760,0,0
1522692540,19.750,19.750,19.750,19.750,0,0
1522692600,19.730,19.750,19.730,19.750,23395,724024
1522692660,19.750,19.740,19.730,19.750,0,0
1522692720,19.750,19.740,19.740,19.750,0,0
1522692780,19.740,19.730,19.730,19.740,0,0
1522692840,19.740,19.760,19.740,19.760,0,0
1522692900,19.770,19.800,19.770,19.800,19458,747419
1522692960,19.800,19.800,19.800,19.800,0,0
1522693020,19.800,19.810,19.790,19.810,0,0
1522693080,19.810,19.820,19.810,19.820,0,0
1522693140,19.820,19.830,19.820,19.850,0,0
1522693200,19.840,19.850,19.840,19.850,18463,766877
1522693260,19.850,19.880,19.850,19.880,0,0
1522693320,19.900,19.910,19.900,19.920,0,0
1522693380,19.910,19.900,19.900,19.910,0,0
1522693440,19.890,19.900,19.890,19.900,0,0
1522693500,19.890,19.870,19.870,19.890,17295,785340
1522693560,19.850,19.870,19.850,19.870,0,0
1522693620,19.860,19.840,19.840,19.860,0,0
1522693680,19.830,19.830,19.830,19.830,0,0
1522693740,19.830,19.850,19.820,19.850,0,0
1522693800,19.840,19.840,19.840,19.840,20425,802635
1522693860,19.870,19.890,19.870,19.890,0,0
1522693920,19.900,19.910,19.900,19.910,0,0
1522693980,19.890,19.910,19.890,19.930,0,0
1522694040,19.910,19.900,19.900,19.910,0,0
1522694100,19.900,19.890,19.880,19.900,24834,823060
1522694160,19.890,19.870,19.870,19.910,0,0
1522694220,19.860,19.850,19.840,19.860,0,0
1522694280,19.840,19.850,19.830,19.850,0,0
1522694340,19.850,19.840,19.840,19.850,0,0
1522694400,19.840,19.830,19.830,19.840,15556,847894
1522694460,19.840,19.830,19.830,19.840,0,0
1522694520,19.820,19.840,19.820,19.840,0,0
1522694580,19.810,19.810,19.810,19.810,0,0
1522694640,19.810,19.820,19.810,19.820,0,0
1522694700,19.810,19.800,19.800,19.810,7042,863450
1522694760,19.810,19.820,19.810,19.820,0,0
1522694820,19.830,19.820,19.820,19.830,0,0
1522694880,19.830,19.830,19.830,19.830,0,0
1522694940,19.850,19.860,19.850,19.860,0,0
1522695000,19.860,19.880,19.860,19.880,10023,870492
1522695060,19.880,19.880,19.880,19.880,0,0
1522695120,19.890,19.880,19.880,19.900,0,0
1522695180,19.890,19.910,19.890,19.910,0,0
1522695240,19.900,19.920,19.900,19.920,0,0
1522695300,19.910,19.920,19.910,19.930,8217,880515
1522695360,19.910,19.910,19.910,19.910,0,0
1522695420,19.890,19.900,19.890,19.900,0,0
1522695480,19.900,19.890,19.890,19.910,0,0
1522695540,19.890,19.890,19.890,19.890,0,0
1522695600,19.900,19.900,19.900,19.900,10416,888732
1522695660,19.890,19.880,19.880,19.890,0,0
1522695720,19.860,19.850,19.850,19.860,0,0
1522695780,19.870,19.890,19.870,19.890,0,0
1522695840,19.900,19.870,19.870,19.900,0,0
1522695900,19.870,19.860,19.860,19.870,12205,899148
1522695960,19.850,19.840,19.840,19.850,0,0
1522696020,19.840,19.850,19.840,19.850,0,0
1522696080,19.840,19.850,19.840,19.850,0,0
1522696140,19.840,19.830,19.830,19.840,0,0
1522696200,19.840,19.820,19.820,19.840,22018,911353
1522696260,19.830,19.810,19.810,19.840,0,0
1522696320,19.820,19.820,19.820,19.820,0,0
1522696380,19.820,19.830,19.820,19.830,0,0
1522696440,19.840,19.850,19.840,19.860,0,0
1522696500,19.860,19.850,19.840,19.860,11064,933371
1522696560,19.860,19.860,19.860,19.860,0,0
1522696620,19.860,19.870,19.860,19.870,0,0
1522696680,19.860,19.870,19.860,19.870,0,0
1522696740,19.860,19.880,19.860,19.880,0,0
1522696800,19.890,19.870,19.870,19.890,19725,944435
1522696860,19.860,19.860,19.860,19.860,0,0
1522696920,19.850,19.850,19.850,19.850,0,0
1522696980,19.850,19.830,19.820,19.850,0,0
1522697040,19.830,19.810,19.810,19.830,0,0
1522697100,19.810,19.820,19.810,19.820,19812,964160
1522697160,19.810,19.800,19.800,19.820,0,0
1522697220,19.810,19.800,19.800,19.820,0,0
1522697280,19.810,19.810,19.810,19.810,0,0
1522697340,19.820,19.810,19.810,19.820,0,0
1522697400,19.820,19.830,19.810,19.830,26761,983972
1522697460,19.830,19.800,19.800,19.830,0,0
1522697520,19.800,19.810,19.800,19.810,0,0
1522697580,19.800,19.770,19.770,19.800,0,0
1522697640,19.770,19.760,19.760,19.770,0,0
1522697700,19.770,19.780,19.770,19.790,23175,1010733
1522697760,19.770,19.760,19.760,19.770,0,0
1522697820,19.770,19.780,19.770,19.780,0,0
1522697880,19.750,19.760,19.750,19.760,0,0
1522697940,19.740,19.750,19.740,19.750,0,0
1522698000,19.750,19.770,19.750,19.770,41320,1033908
1522698060,19.780,19.790,19.780,19.800,0,0
1522698120,19.800,19.810,19.800,19.820,0,0
1522698180,19.820,19.830,19.820,19.830,0,0
1522698240,19.820,19.830,19.810,19.830,0,0
1522698300,19.870,19.900,19.870,19.900,81536,1075228
1522698360,19.900,19.940,19.900,19.950,0,0
1522698420,19.950,19.930,19.930,19.950,0,0
1522698480,19.930,19.940,19.930,19.940,0,0
1522698540,19.950,19.970,19.950,19.970,0,0
1522698600,20.000,19.990,19.990,20.010,88722,1156764
1522698660,20.000,19.960,19.960,20.000,0,0
1522698720,19.960,19.970,19.950,19.980,0,0
1522698780,19.980,20.000,19.980,20.010,0,0
1522698840,20.000,20.010,20.000,20.010,0,0
1522698900,20.000,19.970,19.970,20.000,257054,1245486
1522698960,19.980,19.960,19.960,19.990,0,0
1522699020,19.960,19.930,19.930,19.960,0,0
1522699080,19.920,19.940,19.920,19.950,0,0
1522699140,19.930,19.920,19.900,19.930,0,0
1522762200,19.770,19.770,19.770,19.770,79822,0
1522762260,19.800,19.800,19.800,19.800,0,0
1522762320,19.800,19.820,19.780,19.840,0,0
1522762380,19.820,19.780,19.770,19.820,0,0
1522762440,19.750,19.880,19.750,19.880,0,0
1522762500,19.890,19.770,19.770,19.890,33209,79822
1522762560,19.740,19.750,19.740,19.790,0,0
1522762620,19.770,19.750,19.740,19.770,0,0
1522762680,19.750,19.770,19.740,19.770,0,0
1522762740,19.790,19.790,19.790,19.790,0,0
1522762800,19.830,19.790,19.770,19.830,21717,113031
1522762860,19.800,19.740,19.740,19.830,0,0
1522762920,19.750,19.750,19.750,19.750,0,0
1522762980,19.750,19.770,19.750,19.770,0,0
1522763040,19.730,19.650,19.650,19.730,0,0
1522763100,19.650,19.660,19.650,19.660,25963,134748
1522763160,19.620,19.660,19.620,19.700,0,0
1522763220,19.700,19.710,19.700,19.720,0,0
1522763280,19.730,19.700,19.700,19.760,0,0
1522763340,19.710,19.730,19.710,19.750,0,0
1522763400,19.730,19.750,19.720,19.750,63639,160711
1522763460,19.740,19.700,19.700,19.750,0,0
1522763520,19.690,19.710,19.690,19.710,0,0
1522763580,19.700,19.710,19.700,19.710,0,0
1522763640,19.680,19.620,19.620,19.680,0,0
1522763700,19.610,19.630,19.600,19.630,22709,224350
1522763760,19.580,19.570,19.550,19.590,0,0
1522763820,19.580,19.610,19.580,19.610,0,0
1522763880,19.620,19.670,19.620,19.670,0,0
1522763940,19.650,19.630,19.630,19.650,0,0
1522764000,19.640,19.570,19.570,19.640,22185,247059
1522764060,19.560,19.550,19.550,19.560,0,0
1522764120,19.540,19.550,19.530,19.550,0,0
1522764180,19.560,19.560,19.560,19.560,0,0
1522764240,19.560,19.550,19.540,19.560,0,0
1522764300,19.550,19.490,19.490,19.550,29249,269244
1522764360,19.500,19.500,19.500,19.500,0,0
1522764420,19.480,19.430,19.430,19.480,0,0
1522764480,19.420,19.410,19.410,19.420,0,0
1522764540,19.420,19.470,19.420,19.500,0,0
1522764600,19.460,19.470,19.440,19.470,17627,298493
1522764660,19.470,19.450,19.450,19.470,0,0
1522764720,19.460,19.490,19.460,19.490,0,0
1522764780,19.470,19.460,19.460,19.490,0,0
1522764840,19.450,19.440,19.440,19.450,0,0
1522764900,19.450,19.500,19.450,19.500,27091,316120
1522764960,19.480,19.470,19.460,19.480,0,0
1522765020,19.480,19.560,19.480,19.560,0,0
1522765080,19.550,19.520,19.520,19.550,0,0
1522765140,19.520,19.490,19.490,19.520,0,0
1522765200,19.470,19.480,19.470,19.480,20384,343211
1522765260,19.490,19.520,19.480,19.520,0,0
1522765320,19.520,19.500,19.500,19.530,0,0
1522765380,19.500,19.510,19.500,19.510,0,0
1522765440,19.500,19.490,19.480,19.500,0,0
1522765500,19.450,19.430,19.430,19.450,34836,363595
1522765560,19.430,19.470,19.430,19.470,0,0
1522765620,19.450,19.430,19.430,19.450,0,0
1522765680,19.430,19.460,19.430,19.460,0,0
1522765740,19.460,19.480,19.460,19.480,0,0
1522765800,19.470,19.480,19.470,19.490,19821,398431
1522765860,19.460,19.470,19.460,19.470,0,0
1522765920,19.470,19.500,19.470,19.510,0,0
1522765980,19.500,19.460,19.460,19.500,0,0
1522766040,19.480,19.490,19.480,19.510,0,0
1522766100,19.500,19.490,19.490,19.510,19109,418252
1522766160,19.490,19.470,19.470,19.490,0,0
1522766220,19.460,19.450,19.450,19.460,0,0
1522766280,19.450,19.470,19.450,19.470,0,0
1522766340,19.470,19.450,19.450,19.480,0,0
1522766400,19.460,19.510,19.460,19.510,12255,437361
1522766460,19.490,19.500,19.490,19.500,0,0
1522766520,19.510,19.500,19.500,19.510,0,0
1522766580,19.500,19.490,19.490,19.500,0,0
1522766640,19.490,19.480,19.480,19.490,0,0
1522766700,19.470,19.510,19.470,19.510,17945,449616
1522766760,19.500,19.530,19.500,19.530,0,0
1522766820,19.530,19.530,19.530,19.530,0,0
1522766880,19.530,19.520,19.520,19.530,0,0
1522766940,19.520,19.520,19.520,19.520,0,0
1522767000,19.500,19.480,19.470,19.500,30035,467561
1522767060,19.480,19.520,19.480,19.520,0,0
1522767120,19.550,19.540,19.540,19.550,0,0
1522767180,19.550,19.560,19.550,19.560,0,0
1522767240,19.550,19.520,19.520,19.550,0,0
1522767300,19.520,19.530,19.520,19.530,24383,497596
1522767360,19.550,19.610,19.550,19.610,0,0
1522767420,19.600,19.590,19.590,19.600,0,0
1522767480,19.590,19.590,19.590,19.590,0,0
1522767540,19.590,19.610,19.590,19.620,0,0
1522767600,19.600,19.640,19.600,19.640,13975,521979
1522767660,19.630,19.620,19.620,19.630,0,0
1522767720,19.620,19.630,19.610,19.630,0,0
1522767780,19.620,19.640,19.620,19.640,0,0
1522767840,19.620,19.610,19.610,19.620,0,0
1522767900,19.610,19.610,19.610,19.610,19407,535954
1522767960,19.600,19.590,19.580,19.600,0,0
1522768020,19.600,19.630,19.600,19.630,0,0
1522768080,19.640,19.680,19.640,19.680,0,0
1522768140,19.680,19.670,19.670,19.700,0,0
1522768200,19.640,19.650,19.640,19.650,8799,555361
1522768260,19.640,19.650,19.640,19.650,0,0
1522768320,19.620,19.640,19.620,19.640,0,0
1522768380,19.670,19.650,19.650,19.670,0,0
1522768440,19.660,19.660,19.660,19.660,0,0
1522768500,19.640,19.640,19.640,19.640,9962,564160
1522768560,19.630,19.610,19.610,19.630,0,0
1522768620,19.610,19.610,19.610,19.610,0,0
1522768680,19.610,19.600,19.600,19.610,0,0
1522768740,19.610,19.620,19.610,19.620,0,0
1522768800,19.610,19.610,19.610,19.610,11565,574122
1522768860,19.610,19.570,19.570,19.610,0,0
1522768920,19.560,19.570,19.560,19.570,0,0
1522768980,19.580,19.590,19.580,19.590,0,0
1522769040,19.570,19.580,19.570,19.580,0,0
1522769100,19.570,19.600,19.570,19.600,12429,585687
1522769160,19.600,19.630,19.600,19.630,0,0
1522769220,19.640,19.640,19.640,19.640,0,0
1522769280,19.640,19.640,19.640,19.640,0,0
1522769340,19.620,19.630,19.620,19.630,0,0
1522769400,19.620,19.630,19.620,19.630,10871,598116
1522769460,19.620,19.620,19.620,19.620,0,0
1522769520,19.600,19.600,19.600,19.600,0,0
1522769580,19.590,19.590,19.590,19.590,0,0
1522769640,19.570,19.580,19.560,19.580,0,0
1522769700,19.580,19.560,19.560,19.580,20413,608987
1522769760,19.570,19.550,19.550,19.570,0,0
1522769820,19.560,19.540,19.540,19.560,0,0
1522769880,19.560,19.550,19.540,19.560,0,0
1522769940,19.550,19.560,19.550,19.560,0,0
1522770000,19.560,19.570,19.550,19.570,9617,629400
1522770060,19.570,19.590,19.570,19.590,0,0
1522770120,19.590,19.560,19.560,19.590,0,0
1522770180,19.560,19.530,19.530,19.560,0,0
1522770240,19.550,19.550,19.550,19.550,0,0
1522770300,19.580,19.570,19.570,19.580,7932,639017
1522770360,19.580,19.580,19.580,19.580,0,0
1522770420,19.600,19.610,19.590,19.610,0,0
1522770480,19.610,19.610,19.610,19.610,0,0
1522770540,19.610,19.600,19.600,19.610,0,0
1522770600,19.580,19.560,19.560,19.580,7617,646949
1522770660,19.550,19.550,19.550,19.550,0,0
1522770720,19.540,19.530,19.530,19.540,0,0
1522770780,19.540,19.540,19.540,19.540,0,0
1522770840,19.530,19.550,19.520,19.550,0,0
1522770900,19.540,19.550,19.540,19.550,11880,654566
1522770960,19.550,19.550,19.550,19.550,0,0
1522771020,19.550,19.550,19.550,19.550,0,0
1522771080,19.560,19.560,19.560,19.560,0,0
1522771140,19.550,19.550,19.550,19.550,0,0
1522771200,19.560,19.590,19.560,19.590,11093,666446
1522771260,19.600,19.620,19.600,19.620,0,0
1522771320,19.610,19.590,19.590,19.610,0,0
1522771380,19.580,19.580,19.580,19.580,0,0
1522771440,19.580,19.590,19.580,19.600,0,0
1522771500,19.590,19.610,19.590,19.620,9588,677539
1522771560,19.600,19.590,19.590,19.600,0,0
1522771620,19.590,19.570,19.570,19.590,0,0
1522771680,19.580,19.580,19.580,19.580,0,0
1522771740,19.570,19.580,19.570,19.580,0,0
1522771800,19.560,19.560,19.560,19.560,7138,687127
1522771860,19.540,19.550,19.540,19.570,0,0
1522771920,19.550,19.540,19.540,19.550,0,0
1522771980,19.540,19.550,19.540,19.550,0,0
1522772040,19.540,19.530,19.520,19.540,0,0
1522772100,19.530,19.520,19.520,19.530,11984,694265
1522772160,19.520,19.510,19.510,19.520,0,0
1522772220,19.500,19.490,19.490,19.500,0,0
1522772280,19.500,19.500,19.500,19.500,0,0
1522772340,19.500,19.510,19.500,19.520,0,0
1522772400,19.500,19.520,19.500,19.520,22977,706249
1522772460,19.520,19.490,19.490,19.520,0,0
1522772520,19.480,19.470,19.470,19.480,0,0
1522772580,19.460,19.460,19.460,19.460,0,0
1522772640,19.470,19.470,19.470,19.470,0,0
1522772700,19.470,19.470,19.470,19.470,18638,729226
1522772760,19.460,19.450,19.450,19.460,0,0
1522772820,19.450,19.460,19.450,19.460,0,0
1522772880,19.450,19.460,19.450,19.460,0,0
1522772940,19.450,19.450,19.450,19.450,0,0
1522773000,19.440,19.440,19.440,19.440,9609,747864
1522773060,19.440,19.450,19.440,19.450,0,0
1522773120,19.440,19.450,19.440,19.450,0,0
1522773180,19.450,19.460,19.450,19.470,0,0
1522773240,19.460,19.460,19.460,19.460,0,0
1522773300,19.460,19.440,19.440,19.460,13325,757473
1522773360,19.460,19.440,19.440,19.460,0,0
1522773420,19.440,19.460,19.440,19.460,0,0
1522773480,19.430,19.430,19.430,19.430,0,0
1522773540,19.430,19.450,19.430,19.450,0,0
1522773600,19.450,19.460,19.450,19.460,10372,770798
1522773660,19.460,19.460,19.460,19.460,0,0
1522773720,19.470,19.470,19.470,19.470,0,0
1522773780,19.470,19.460,19.460,19.470,0,0
1522773840,19.460,19.450,19.450,19.460,0,0
1522773900,19.450,19.450,19.450,19.450,21851,781170
1522773960,19.450,19.450,19.450,19.450,0,0
1522774020,19.450,19.440,19.440,19.450,0,0
1522774080,19.430,19.400,19.400,19.430,0,0
1522774140,19.410,19.380,19.380,19.420,0,0
1522774200,19.380,19.360,19.360,19.390,56634,803021
1522774260,19.360,19.340,19.340,19.360,0,0
1522774320,19.340,19.390,19.330,19.390,0,0
1522774380,19.400,19.410,19.400,19.410,0,0
1522774440,19.410,19.430,19.400,19.430,0,0
1522774500,19.440,19.450,19.430,19.450,17375,859655
1522774560,19.450,19.450,19.450,19.450,0,0
1522774620,19.450,19.450,19.450,19.450,0,0
1522774680,19.450,19.480,19.450,19.490,0,0
1522774740,19.480,19.480,19.480,19.480,0,0
1522774800,19.480,19.490,19.470,19.490,39091,877030
1522774860,19.500,19.490,19.490,19.500,0,0
1522774920,19.500,19.490,19.490,19.510,0,0
1522774980,19.490,19.510,19.490,19.510,0,0
1522775040,19.520,19.550,19.520,19.550,0,0
1522775100,19.540,19.550,19.530,19.550,9904,916121
1522775160,19.550,19.530,19.530,19.550,0,0
1522775220,19.530,19.530,19.530,19.530,0,0
1522775280,19.510,19.520,19.510,19.520,0,0
1522775400,19.530,19.530,19.530,19.530,8775,926025
1522775460,19.520,19.520,19.520,19.520,0,0
1522775520,19.530,19.520,19.520,19.530,0,0
1522775580,19.510,19.500,19.500,19.510,0,0
1522775640,19.490,19.500,19.490,19.500,0,0
1522775700,19.500,19.520,19.500,19.520,18286,934800
1522775760,19.500,19.520,19.500,19.520,0,0
1522775820,19.550,19.530,19.530,19.550,0,0
1522775880,19.540,19.550,19.540,19.550,0,0
1522775940,19.550,19.550,19.550,19.550,0,0
1522776000,19.560,19.550,19.550,19.560,12320,953086
1522776060,19.550,19.550,19.550,19.550,0,0
1522776120,19.550,19.550,19.550,19.550,0,0
1522776180,19.570,19.590,19.570,19.590,0,0
1522776240,19.590,19.600,19.590,19.600,0,0
1522776300,19.590,19.590,19.590,19.590,8622,965406
1522776360,19.590,19.600,19.580,19.600,0,0
1522776420,19.600,19.590,19.590,19.600,0,0
1522776480,19.570,19.560,19.560,19.570,0,0
1522776540,19.570,19.560,19.560,19.570,0,0
1522776600,19.570,19.570,19.570,19.570,80676,974028
1522776720,19.550,19.520,19.520,19.550,0,0
1522776780,19.460,19.490,19.460,19.490,0,0
1522776840,19.470,19.470,19.470,19.470,0,0
1522776900,19.460,19.450,19.450,19.460,18524,1054704
1522776960,19.450,19.450,19.450,19.450,0,0
1522777020,19.440,19.450,19.440,19.450,0,0
1522777080,19.470,19.450,19.450,19.470,0,0
1522777140,19.470,19.480,19.470,19.480,0,0
1522777200,19.480,19.490,19.480,19.490,8363,1073228
1522777260,19.490,19.510,19.490,19.510,0,0
1522777320,19.540,19.540,19.540,19.540,0,0
1522777380,19.530,19.530,19.530,19.530,0,0
1522777440,19.520,19.520,19.520,19.520,0,0
1522777500,19.530,19.520,19.520,19.530,19004,1081591
1522777560,19.520,19.520,19.520,19.520,0,0
1522777620,19.520,19.510,19.510,19.520,0,0
1522777680,19.490,19.490,19.490,19.490,0,0
1522777740,19.480,19.460,19.460,19.480,0,0
1522777800,19.460,19.470,19.460,19.470,9656,1100595
1522777860,19.470,19.470,19.470,19.470,0,0
1522777920,19.470,19.470,19.470,19.470,0,0
1522777980,19.490,19.490,19.490,19.490,0,0
1522778040,19.490,19.490,19.490,19.490,0,0
1522778100,19.510,19.520,19.510,19.520,10902,1110251
1522778160,19.530,19.540,19.530,19.540,0,0
1522778220,19.520,19.520,19.520,19.520,0,0
1522778280,19.510,19.510,19.510,19.510,0,0
1522778340,19.520,19.530,19.520,19.530,0,0
1522778400,19.530,19.540,19.530,19.540,9688,1121153
1522778460,19.540,19.530,19.520,19.540,0,0
1522778520,19.530,19.540,19.530,19.550,0,0
1522778580,19.530,19.530,19.530,19.530,0,0
1522778640,19.530,19.530,19.530,19.530,0,0
1522778700,19.530,19.520,19.520,19.530,13796,1130841
1522778760,19.540,19.520,19.520,19.540,0,0
1522778820,19.520,19.520,19.520,19.520,0,0
1522778880,19.530,19.530,19.530,19.530,0,0
1522778940,19.530,19.540,19.530,19.540,0,0
1522779000,19.530,19.530,19.530,19.530,11012,1144637
1522779060,19.530,19.530,19.530,19.530,0,0
1522779120,19.530,19.520,19.520,19.530,0,0
1522779180,19.520,19.520,19.520,19.520,0,0
1522779240,19.520,19.520,19.520,19.520,0,0
1522779300,19.520,19.510,19.510,19.520,16545,1155649
1522779360,19.510,19.500,19.500,19.510,0,0
1522779420,19.500,19.510,19.500,19.510,0,0
1522779540,19.510,19.530,19.510,19.530,0,0
1522779600,19.520,19.520,19.520,19.520,11822,1172194
1522779660,19.520,19.530,19.520,19.530,0,0
1522779720,19.540,19.540,19.540,19.540,0,0
1522779780,19.540,19.550,19.540,19.550,0,0
1522779840,19.540,19.550,19.540,19.550,0,0
1522779900,19.550,19.530,19.530,19.550,8195,1184016
1522779960,19.540,19.540,19.540,19.540,0,0
1522780020,19.540,19.530,19.530,19.540,0,0
1522780080,19.530,19.520,19.520,19.530,0,0
1522780140,19.530,19.540,19.530,19.540,0,0
1522780200,19.540,19.540,19.540,19.540,21853,1192211
1522780260,19.520,19.520,19.520,19.520,0,0
1522780320,19.520,19.510,19.500,19.520,0,0
1522780380,19.500,19.500,19.500,19.500,0,0
1522780440,19.500,19.490,19.490,19.500,0,0
1522780500,19.500,19.500,19.500,19.500,11964,1214064
1522780560,19.500,19.500,19.500,19.500,0,0
1522780620,19.500,19.510,19.500,19.510,0,0
1522780680,19.500,19.510,19.500,19.510,0,0
1522780740,19.520,19.550,19.520,19.550,0,0
1522780800,19.550,19.540,19.540,19.550,57337,1226028
1522780860,19.540,19.570,19.540,19.570,0,0
1522780920,19.560,19.540,19.540,19.560,0,0
1522781040,19.540,19.530,19.530,19.540,0,0
1522781100,19.530,19.560,19.530,19.560,24747,1283365
1522781160,19.560,19.590,19.550,19.590,0,0
1522781220,19.610,19.620,19.610,19.620,0,0
1522781280,19.630,19.650,19.630,19.670,0,0
1522781340,19.660,19.670,19.650,19.670,0,0
1522781400,19.650,19.640,19.640,19.650,18135,1308112
1522781460,19.630,19.610,19.610,19.630,0,0
1522781520,19.600,19.610,19.600,19.610,0,0
1522781580,19.630,19.620,19.620,19.630,0,0
1522781640,19.610,19.610,19.610,19.610,0,0
1522781700,19.620,19.640,19.620,19.660,19478,1326247
1522781760,19.640,19.650,19.640,19.650,0,0
1522781820,19.650,19.660,19.640,19.660,0,0
1522781880,19.660,19.650,19.650,19.660,0,0
1522781940,19.650,19.660,19.650,19.660,0,0
1522782000,19.660,19.670,19.640,19.670,18861,1345725
1522782060,19.670,19.680,19.670,19.680,0,0
1522782120,19.670,19.680,19.670,19.680,0,0
1522782180,19.680,19.690,19.670,19.690,0,0
1522782240,19.680,19.690,19.680,19.690,0,0
1522782300,19.680,19.690,19.680,19.690,24520,1364586
1522782360,19.690,19.710,19.690,19.710,0,0
1522782420,19.710,19.700,19.690,19.710,0,0
1522782480,19.700,19.730,19.700,19.730,0,0
1522782540,19.730,19.740,19.730,19.740,0,0
1522782600,19.720,19.740,19.720,19.750,25607,1389106
1522782660,19.750,19.740,19.740,19.750,0,0
1522782720,19.740,19.730,19.730,19.750,0,0
1522782780,19.730,19.700,19.700,19.730,0,0
1522782840,19.700,19.700,19.700,19.700,0,0
1522782900,19.700,19.690,19.690,19.700,23707,1414713
1522782960,19.700,19.690,19.680,19.700,0,0
1522783020,19.690,19.700,19.690,19.700,0,0
1522783080,19.710,19.700,19.700,19.710,0,0
1522783140,19.730,19.750,19.730,19.750,0,0
1522783200,19.740,19.720,19.720,19.740,21695,1438420
1522783260,19.710,19.740,19.710,19.750,0,0
1522783320,19.750,19.760,19.750,19.760,0,0
1522783380,19.750,19.770,19.750,19.770,0,0
1522783440,19.750,19.740,19.740,19.760,0,0
1522783500,19.750,19.740,19.740,19.750,22082,1460115
1522783560,19.740,19.750,19.730,19.750,0,0
1522783620,19.750,19.740,19.740,19.750,0,0
1522783680,19.760,19.770,19.760,19.770,0,0
1522783740,19.770,19.760,19.750,19.770,0,0
1522783800,19.760,19.740,19.740,19.760,41123,1482197
1522783860,19.750,19.740,19.730,19.750,0,0
1522783920,19.750,19.710,19.710,19.750,0,0
1522783980,19.710,19.700,19.700,19.720,0,0
1522784040,19.700,19.710,19.700,19.710,0,0
1522784100,19.700,19.670,19.670,19.700,64514,1523320
1522784160,19.680,19.670,19.670,19.690,0,0
1522784220,19.670,19.700,19.670,19.700,0,0
1522784280,19.710,19.700,19.700,19.710,0,0
1522784340,19.700,19.690,19.690,19.710,0,0
1522784400,19.690,19.680,19.680,19.690,47233,1587834
1522784460,19.690,19.700,19.690,19.710,0,0
1522784520,19.690,19.700,19.690,19.700,0,0
1522784580,19.700,19.690,19.690,19.700,0,0
1522784640,19.700,19.680,19.680,19.700,0,0
1522784700,19.680,19.690,19.680,19.700,88377,1635067
1522784760,19.700,19.670,19.670,19.700,0,0
1522784820,19.660,19.630,19.630,19.660,0,0
1522784880,19.630,19.620,19.620,19.630,0,0
1522784940,19.630,19.640,19.630,19.640,0,0
1522785000,19.640,19.660,19.640,19.660,97986,1723444
1522785060,19.660,19.620,19.620,19.660,0,0
1522785120,19.620,19.640,19.620,19.640,0,0
1522785180,19.640,19.660,19.640,19.660,0,0
1522785240,19.670,19.650,19.650,19.670,0,0
1522785300,19.640,19.680,19.640,19.680,156861,1821430
1522785360,19.680,19.670,19.670,19.690,0,0
1522785420,19.680,19.710,19.680,19.710,0,0
1522785480,19.710,19.720,19.710,19.730,0,0
1522785540,19.720,19.700,19.700,19.720,0,0
1522848600,19.250,19.190,19.190,19.260,37287,0
1522848660,19.120,19.220,19.120,19.220,0,0
1522848720,19.230,19.230,19.230,19.230,0,0
1522848780,19.330,19.300,19.300,19.460,0,0
1522848840,19.300,19.270,19.270,19.300,0,0
1522848900,19.350,19.280,19.280,19.350,33601,37287
1522848960,19.310,19.240,19.240,19.310,0,0
1522849020,19.270,19.290,19.270,19.290,0,0
1522849080,19.300,19.280,19.280,19.300,0,0
1522849140,19.240,19.260,19.240,19.260,0,0
1522849200,19.290,19.240,19.240,19.290,9109,70888
1522849260,19.160,19.200,19.160,19.200,0,0
1522849320,19.160,19.210,19.160,19.210,0,0
1522849380,19.210,19.200,19.200,19.220,0,0
1522849440,19.240,19.240,19.240,19.240,0,0
1522849500,19.190,19.160,19.160,19.190,24416,79997
1522849560,19.210,19.230,19.180,19.230,0,0
1522849620,19.260,19.250,19.250,19.270,0,0
1522849680,19.240,19.290,19.240,19.290,0,0
1522849740,19.320,19.280,19.280,19.320,0,0
1522849800,19.270,19.240,19.230,19.290,29159,104413
1522849860,19.220,19.240,19.210,19.240,0,0
1522849920,19.290,19.290,19.290,19.290,0,0
1522849980,19.290,19.310,19.290,19.310,0,0
1522850040,19.320,19.370,19.310,19.370,0,0
1522850100,19.390,19.370,19.370,19.390,16593,133572
1522850160,19.380,19.330,19.330,19.400,0,0
1522850220,19.330,19.290,19.290,19.330,0,0
1522850280,19.280,19.330,19.280,19.330,0,0
1522850340,19.310,19.290,19.290,19.310,0,0
1522850400,19.270,19.230,19.230,19.270,15214,150165
1522850460,19.270,19.230,19.230,19.270,0,0
1522850520,19.230,19.240,19.230,19.250,0,0
1522850580,19.220,19.270,19.220,19.300,0,0
1522850640,19.310,19.320,19.310,19.320,0,0
1522850700,19.330,19.260,19.260,19.330,20661,165379
1522850760,19.250,19.280,19.250,19.290,0,0
1522850820,19.270,19.280,19.270,19.280,0,0
1522850880,19.310,19.250,19.250,19.330,0,0
1522850940,19.280,19.250,19.250,19.280,0,0
1522851000,19.260,19.330,19.260,19.330,38587,186040
1522851060,19.300,19.320,19.300,19.320,0,0
1522851120,19.390,19.350,19.340,19.390,0,0
1522851180,19.340,19.300,19.300,19.340,0,0
1522851240,19.290,19.280,19.270,19.300,0,0
1522851300,19.320,19.340,19.320,19.340,24204,224627
1522851360,19.360,19.330,19.320,19.360,0,0
1522851420,19.340,19.280,19.280,19.340,0,0
1522851480,19.290,19.330,19.290,19.330,0,0
1522851540,19.330,19.350,19.330,19.350,0,0
1522851600,19.340,19.340,19.340,19.340,33707,248831
1522851660,19.350,19.360,19.350,19.360,0,0
1522851720,19.380,19.360,19.360,19.380,0,0
1522851780,19.370,19.390,19.360,19.390,0,0
1522851840,19.390,19.400,19.390,19.410,0,0
1522851900,19.390,19.420,19.390,19.420,12445,282538
1522851960,19.400,19.410,19.400,19.410,0,0
1522852020,19.400,19.450,19.400,19.450,0,0
1522852140,19.440,19.430,19.430,19.460,0,0
1522852200,19.440,19.410,19.410,19.450,40189,294983
1522852260,19.400,19.390,19.380,19.400,0,0
1522852320,19.400,19.390,19.390,19.400,0,0
1522852380,19.390,19.370,19.370,19.400,0,0
1522852440,19.360,19.400,19.350,19.400,0,0
1522852500,19.410,19.390,19.390,19.410,44362,335172
1522852560,19.380,19.370,19.370,19.390,0,0
1522852620,19.390,19.350,19.350,19.390,0,0
1522852680,19.340,19.350,19.340,19.350,0,0
1522852740,19.350,19.350,19.350,19.350,0,0
1522852800,19.350,19.350,19.350,19.350,17571,379534
1522852860,19.340,19.320,19.320,19.340,0,0
1522852920,19.300,19.330,19.300,19.330,0,0
1522852980,19.320,19.330,19.310,19.330,0,0
1522853040,19.340,19.360,19.340,19.360,0,0
1522853100,19.370,19.380,19.370,19.380,15199,397105
1522853160,19.380,19.410,19.380,19.430,0,0
1522853220,19.400,19.420,19.400,19.430,0,0
1522853280,19.390,19.390,19.390,19.390,0,0
1522853340,19.430,19.450,19.430,19.450,0,0
1522853400,19.460,19.470,19.460,19.470,8924,412304
1522853460,19.490,19.430,19.430,19.490,0,0
1522853520,19.430,19.430,19.430,19.430,0,0
1522853580,19.430,19.420,19.420,19.430,0,0
1522853640,19.420,19.420,19.420,19.420,0,0
1522853700,19.440,19.440,19.440,19.440,16184,421228
1522853760,19.430,19.440,19.430,19.440,0,0
1522853820,19.440,19.430,19.430,19.440,0,0
1522853880,19.430,19.450,19.430,19.450,0,0
1522853940,19.450,19.460,19.450,19.460,0,0
1522854000,19.450,19.430,19.430,19.450,14911,437412
1522854060,19.440,19.440,19.440,19.440,0,0
1522854120,19.450,19.440,19.440,19.450,0,0
1522854180,19.440,19.440,19.440,19.440,0,0
1522854240,19.440,19.430,19.430,19.440,0,0
1522854300,19.430,19.420,19.420,19.430,17801,452323
1522854360,19.400,19.390,19.390,19.400,0,0
1522854420,19.400,19.400,19.400,19.400,0,0
1522854480,19.400,19.390,19.390,19.400,0,0
1522854540,19.410,19.390,19.390,19.410,0,0
1522854600,19.410,19.400,19.390,19.410,31904,470124
1522854660,19.390,19.400,19.390,19.410,0,0
1522854720,19.390,19.390,19.390,19.390,0,0
1522854780,19.390,19.400,19.390,19.400,0,0
1522854840,19.380,19.390,19.380,19.390,0,0
1522854900,19.390,19.380,19.380,19.400,25475,502028
1522854960,19.390,19.400,19.390,19.400,0,0
1522855020,19.390,19.390,19.390,19.390,0,0
1522855080,19.400,19.440,19.400,19.440,0,0
1522855140,19.440,19.430,19.430,19.450,0,0
1522855200,19.430,19.430,19.430,19.430,10931,527503
1522855260,19.440,19.450,19.430,19.450,0,0
1522855320,19.460,19.490,19.460,19.490,0,0
1522855380,19.500,19.490,19.490,19.500,0,0
1522855440,19.510,19.530,19.510,19.530,0,0
1522855500,19.520,19.510,19.510,19.520,6550,538434
1522855560,19.500,19.480,19.480,19.500,0,0
1522855620,19.470,19.470,19.470,19.470,0,0
1522855680,19.450,19.450,19.450,19.450,0,0
1522855740,19.450,19.450,19.450,19.450,0,0
1522855800,19.440,19.430,19.430,19.440,16622,544984
1522855860,19.430,19.460,19.430,19.470,0,0
1522855920,19.460,19.450,19.450,19.460,0,0
1522855980,19.440,19.440,19.440,19.440,0,0
1522856040,19.440,19.440,19.440,19.440,0,0
1522856100,19.430,19.430,19.430,19.430,7683,561606
1522856160,19.400,19.400,19.400,19.400,0,0
1522856220,19.400,19.390,19.390,19.400,0,0
1522856280,19.400,19.400,19.400,19.400,0,0
1522856340,19.410,19.390,19.390,19.410,0,0
1522856400,19.390,19.400,19.390,19.400,12190,569289
1522856460,19.390,19.400,19.390,19.400,0,0
1522856520,19.390,19.400,19.390,19.400,0,0
1522856580,19.400,19.400,19.400,19.400,0,0
1522856640,19.400,19.400,19.400,19.400,0,0
1522856700,19.410,19.400,19.400,19.410,18555,581479
1522856760,19.390,19.400,19.390,19.400,0,0
1522856820,19.390,19.410,19.390,19.410,0,0
1522856880,19.390,19.400,19.390,19.400,0,0
1522856940,19.390,19.400,19.380,19.400,0,0
1522857000,19.390,19.380,19.380,19.390,24414,600034
1522857060,19.370,19.380,19.370,19.380,0,0
1522857120,19.380,19.380,19.380,19.380,0,0
1522857180,19.380,19.400,19.380,19.400,0,0
1522857300,19.390,19.400,19.390,19.400,5807,624448
1522857360,19.400,19.400,19.400,19.400,0,0
1522857420,19.400,19.400,19.400,19.400,0,0
1522857480,19.400,19.410,19.400,19.410,0,0
1522857540,19.410,19.410,19.410,19.410,0,0
1522857600,19.410,19.410,19.410,19.410,2944,630255
1522857660,19.410,19.410,19.410,19.410,0,0
1522857720,19.390,19.390,19.390,19.390,0,0
1522857780,19.390,19.400,19.390,19.400,0,0
1522857840,19.410,19.410,19.410,19.410,0,0
1522857900,19.410,19.410,19.410,19.410,6111,633199
1522858020,19.410,19.410,19.410,19.410,0,0
1522858080,19.410,19.410,19.410,19.410,0,0
1522858140,19.420,19.420,19.420,19.420,0,0
1522858200,19.440,19.440,19.440,19.440,8527,639310
1522858260,19.450,19.450,19.450,19.450,0,0
1522858320,19.450,19.450,19.450,19.450,0,0
1522858380,19.450,19.430,19.430,19.450,0,0
1522858440,19.440,19.440,19.440,19.440,0,0
1522858500,19.430,19.430,19.430,19.430,6620,647837
1522858560,19.420,19.430,19.420,19.430,0,0
1522858620,19.420,19.420,19.420,19.420,0,0
1522858680,19.410,19.440,19.410,19.440,0,0
1522858740,19.430,19.430,19.430,19.430,0,0
1522858800,19.420,19.410,19.400,19.420,6924,654457
1522858860,19.420,19.420,19.420,19.420,0,0
1522858920,19.420,19.440,19.420,19.440,0,0
1522858980,19.430,19.440,19.430,19.450,0,0
1522859040,19.430,19.430,19.430,19.430,0,0
1522859100,19.440,19.440,19.440,19.440,10789,661381
1522859160,19.440,19.440,19.440,19.440,0,0
1522859220,19.450,19.450,19.450,19.450,0,0
1522859280,19.450,19.430,19.430,19.450,0,0
1522859340,19.440,19.450,19.440,19.450,0,0
1522859400,19.460,19.450,19.450,19.460,6165,672170
1522859520,19.430,19.440,19.430,19.440,0,0
1522859640,19.430,19.430,19.430,19.430,0,0
1522859700,19.470,19.470,19.470,19.470,8625,678335
1522859760,19.460,19.460,19.460,19.460,0,0
1522859820,19.450,19.450,19.450,19.450,0,0
1522859880,19.450,19.450,19.450,19.450,0,0
1522859940,19.460,19.490,19.460,19.490,0,0
1522860000,19.510,19.490,19.490,19.510,6209,686960
1522860060,19.500,19.500,19.500,19.500,0,0
1522860180,19.510,19.510,19.510,19.510,0,0
1522860240,19.500,19.500,19.500,19.500,0,0
1522860300,19.520,19.520,19.520,19.520,5928,693169
1522860360,19.520,19.510,19.510,19.520,0,0
1522860420,19.510,19.510,19.510,19.510,0,0
1522860480,19.520,19.530,19.520,19.530,0,0
1522860540,19.510,19.510,19.510,19.510,0,0
1522860600,19.500,19.490,19.490,19.500,6598,699097
1522860720,19.480,19.460,19.460,19.480,0,0
1522860780,19.450,19.450,19.450,19.450,0,0
1522860840,19.450,19.450,19.450,19.450,0,0
1522860900,19.450,19.450,19.450,19.450,3662,705695
1522861020,19.450,19.440,19.440,19.450,0,0
1522861080,19.450,19.460,19.450,19.460,0,0
1522861200,19.440,19.450,19.440,19.450,6178,709357
1522861260,19.450,19.440,19.440,19.450,0,0
1522861320,19.440,19.440,19.440,19.440,0,0
1522861380,19.440,19.420,19.420,19.440,0,0
1522861440,19.420,19.420,19.420,19.420,0,0
1522861500,19.420,19.420,19.420,19.420,10967,715535
1522861560,19.420,19.420,19.420,19.420,0,0
1522861620,19.420,19.410,19.410,19.420,0,0
1522861680,19.420,19.410,19.400,19.420,0,0
1522861740,19.410,19.420,19.410,19.420,0,0
1522861800,19.410,19.410,19.410,19.410,205,726502
1522861980,19.410,19.410,19.410,19.410,0,0
1522862040,19.410,19.410,19.410,19.410,0,0
1522862100,19.410,19.410,19.410,19.410,12223,726707
1522862160,19.410,19.410,19.410,19.410,0,0
1522862220,19.410,19.410,19.410,19.410,0,0
1522862340,19.400,19.400,19.400,19.400,0,0
1522862400,19.390,19.400,19.390,19.400,15353,738930
1522862460,19.390,19.380,19.380,19.390,0,0
1522862520,19.390,19.380,19.380,19.390,0,0
1522862580,19.390,19.400,19.390,19.410,0,0
1522862640,19.400,19.400,19.400,19.400,0,0
1522862700,19.400,19.390,19.390,19.400,8193,754283
1522862760,19.390,19.390,19.390,19.390,0,0
1522862820,19.400,19.400,19.400,19.400,0,0
1522862880,19.400,19.390,19.390,19.400,0,0
1522862940,19.400,19.390,19.380,19.400,0,0
1522863000,19.390,19.380,19.380,19.390,13237,762476
1522863060,19.390,19.390,19.390,19.390,0,0
1522863120,19.380,19.390,19.380,19.390,0,0
1522863180,19.380,19.380,19.380,19.380,0,0
1522863240,19.380,19.390,19.380,19.390,0,0
1522863300,19.390,19.400,19.390,19.400,8772,775713
1522863360,19.390,19.410,19.390,19.410,0,0
1522863420,19.410,19.410,19.410,19.410,0,0
1522863540,19.410,19.400,19.400,19.410,0,0
1522863600,19.410,19.410,19.410,19.410,9100,784485
1522863660,19.430,19.420,19.420,19.430,0,0
1522863720,19.410,19.410,19.410,19.410,0,0
1522863780,19.410,19.410,19.410,19.410,0,0
1522863840,19.410,19.410,19.410,19.410,0,0
1522863900,19.410,19.410,19.410,19.410,9746,793585
1522863960,19.410,19.410,19.410,19.410,0,0
1522864020,19.400,19.380,19.380,19.400,0,0
1522864140,19.360,19.360,19.360,19.360,0,0
1522864200,19.360,19.350,19.350,19.360,13330,803331
1522864260,19.350,19.350,19.350,19.350,0,0
1522864320,19.340,19.330,19.330,19.340,0,0
1522864380,19.330,19.320,19.320,19.330,0,0
1522864440,19.320,19.310,19.310,19.320,0,0
1522864500,19.320,19.310,19.310,19.320,8373,816661
1522864560,19.320,19.330,19.320,19.330,0,0
1522864620,19.340,19.340,19.340,19.340,0,0
1522864680,19.330,19.340,19.330,19.340,0,0
1522864740,19.340,19.340,19.340,19.340,0,0
1522864800,19.360,19.360,19.360,19.360,4592,825034
1522864860,19.360,19.370,19.360,19.370,0,0
1522864920,19.360,19.360,19.360,19.360,0,0
1522864980,19.360,19.350,19.350,19.360,0,0
1522865100,19.360,19.370,19.360,19.370,11613,829626
1522865220,19.370,19.360,19.360,19.370,0,0
1522865280,19.370,19.370,19.370,19.370,0,0
1522865340,19.370,19.360,19.350,19.370,0,0
1522865400,19.360,19.360,19.360,19.360,23148,841239
1522865460,19.360,19.360,19.360,19.360,0,0
1522865520,19.380,19.390,19.380,19.390,0,0
1522865580,19.380,19.380,19.380,19.380,0,0
1522865640,19.390,19.410,19.390,19.410,0,0
1522865700,19.410,19.420,19.410,19.420,18513,864387
1522865760,19.430,19.420,19.420,19.430,0,0
1522865820,19.420,19.420,19.420,19.420,0,0
1522865880,19.440,19.460,19.440,19.460,0,0
1522865940,19.450,19.440,19.440,19.450,0,0
1522866000,19.450,19.440,19.440,19.450,13723,882900
1522866060,19.450,19.460,19.450,19.460,0,0
1522866120,19.450,19.470,19.450,19.470,0,0
1522866180,19.470,19.460,19.460,19.470,0,0
1522866240,19.460,19.450,19.450,19.470,0,0
1522866300,19.450,19.430,19.430,19.450,10755,896623
1522866360,19.440,19.440,19.440,19.440,0,0
1522866420,19.440,19.430,19.430,19.440,0,0
1522866480,19.440,19.450,19.440,19.450,0,0
1522866540,19.460,19.460,19.460,19.460,0,0
1522866600,19.450,19.450,19.450,19.450,19992,907378
1522866660,19.440,19.440,19.440,19.440,0,0
1522866720,19.440,19.440,19.440,19.440,0,0
1522866780,19.430,19.420,19.420,19.430,0,0
1522866840,19.440,19.440,19.440,19.440,0,0
1522866900,19.440,19.430,19.430,19.440,30626,927370
1522866960,19.430,19.430,19.430,19.430,0,0
1522867020,19.440,19.440,19.440,19.440,0,0
1522867080,19.430,19.430,19.430,19.430,0,0
1522867140,19.430,19.420,19.420,19.430,0,0
1522867200,19.430,19.430,19.430,19.430,16723,957996
1522867260,19.450,19.450,19.450,19.450,0,0
1522867320,19.450,19.480,19.450,19.480,0,0
1522867380,19.490,19.500,19.490,19.500,0,0
1522867440,19.500,19.510,19.500,19.510,0,0
1522867500,19.510,19.510,19.510,19.510,9886,974719
1522867560,19.500,19.500,19.500,19.500,0,0
1522867620,19.500,19.490,19.490,19.500,0,0
1522867680,19.490,19.480,19.470,19.490,0,0
1522867740,19.490,19.490,19.490,19.490,0,0
1522867800,19.480,19.480,19.480,19.480,13443,984605
1522867860,19.490,19.510,19.480,19.510,0,0
1522867920,19.510,19.500,19.500,19.510,0,0
1522867980,19.490,19.500,19.490,19.500,0,0
1522868040,19.500,19.480,19.480,19.500,0,0
1522868100,19.480,19.480,19.480,19.480,11469,998048
1522868160,19.490,19.500,19.490,19.500,0,0
1522868220,19.490,19.490,19.490,19.490,0,0
1522868280,19.490,19.510,19.490,19.510,0,0
1522868340,19.510,19.510,19.510,19.510,0,0
1522868400,19.510,19.510,19.510,19.510,19060,1009517
1522868460,19.520,19.520,19.520,19.520,0,0
1522868520,19.520,19.510,19.510,19.520,0,0
1522868580,19.510,19.530,19.510,19.540,0,0
1522868640,19.530,19.530,19.530,19.530,0,0
1522868700,19.540,19.520,19.520,19.540,6923,1028577
1522868760,19.520,19.520,19.520,19.520,0,0
1522868820,19.520,19.510,19.510,19.520,0,0
1522868880,19.520,19.520,19.520,19.520,0,0
1522868940,19.520,19.530,19.520,19.530,0,0
1522869000,19.530,19.510,19.510,19.530,18397,1035500
1522869060,19.520,19.520,19.520,19.520,0,0
1522869120,19.520,19.510,19.510,19.520,0,0
1522869180,19.510,19.520,19.510,19.520,0,0
1522869240,19.520,19.510,19.510,19.520,0,0
1522869300,19.520,19.510,19.510,19.520,9973,1053897
1522869360,19.520,19.520,19.520,19.520,0,0
1522869420,19.520,19.510,19.510,19.520,0,0
1522869480,19.500,19.490,19.490,19.500,0,0
1522869540,19.490,19.500,19.490,19.500,0,0
1522869600,19.500,19.510,19.500,19.510,22655,1063870
1522869660,19.500,19.520,19.500,19.520,0,0
1522869720,19.530,19.520,19.520,19.530,0,0
1522869780,19.520,19.520,19.520,19.520,0,0
1522869840,19.520,19.540,19.520,19.540,0,0
1522869900,19.540,19.530,19.530,19.540,18709,1086525
1522869960,19.530,19.580,19.530,19.590,0,0
1522870020,19.580,19.570,19.570,19.580,0,0
1522870080,19.570,19.560,19.560,19.570,0,0
1522870140,19.560,19.560,19.560,19.560,0,0
1522870200,19.560,19.570,19.560,19.570,25083,1105234
1522870260,19.570,19.590,19.570,19.590,0,0
1522870320,19.590,19.570,19.570,19.590,0,0
1522870380,19.570,19.570,19.570,19.570,0,0
1522870440,19.570,19.570,19.570,19.570,0,0
1522870500,19.570,19.580,19.560,19.580,18689,1130317
1522870560,19.580,19.600,19.580,19.600,0,0
1522870620,19.590,19.600,19.590,19.600,0,0
1522870680,19.600,19.590,19.590,19.600,0,0
1522870740,19.590,19.600,19.590,19.600,0,0
1522870800,19.600,19.590,19.590,19.600,77839,1149006
1522870860,19.580,19.590,19.580,19.590,0,0
1522870920,19.590,19.570,19.570,19.590,0,0
1522870980,19.570,19.570,19.570,19.570,0,0
1522871040,19.570,19.570,19.570,19.570,0,0
1522871100,19.580,19.570,19.570,19.590,75445,1226845
1522871160,19.580,19.570,19.570,19.580,0,0
1522871220,19.570,19.590,19.570,19.590,0,0
1522871280,19.600,19.630,19.600,19.640,0,0
1522871340,19.640,19.650,19.640,19.650,0,0
1522871400,19.650,19.660,19.650,19.670,47249,1302290
1522871460,19.660,19.660,19.660,19.660,0,0
1522871520,19.660,19.650,19.650,19.660,0,0
1522871580,19.660,19.670,19.650,19.670,0,0
1522871640,19.670,19.660,19.660,19.670,0,0
1522871700,19.670,19.680,19.660,19.680,95139,1349539
1522871760,19.680,19.700,19.680,19.700,0,0
1522871820,19.720,19.710,19.710,19.720,0,0
1522871880,19.710,19.690,19.680,19.710,0,0
1522871940,19.680,19.650,19.650,19.680,0,0
1522935000,19.900,19.900,19.900,19.900,24739,0
1522935060,20.010,20.010,20.010,20.010,0,0
1522935120,19.980,19.980,19.980,19.980,0,0
1522935180,20.050,20.050,20.050,20.050,0,0
1522935240,20.030,20.030,20.030,20.030,0,0
1522935300,20.050,20.010,20.010,20.050,13151,24739
1522935360,19.980,19.940,19.940,19.980,0,0
1522935420,19.950,19.940,19.920,19.950,0,0
1522935480,19.960,19.990,19.960,19.990,0,0
1522935540,20.000,19.920,19.920,20.000,0,0
1522935600,19.940,19.990,19.940,19.990,8939,37890
1522935660,19.990,19.960,19.960,19.990,0,0
1522935720,19.930,19.970,19.930,19.980,0,0
1522935780,19.960,19.950,19.950,19.970,0,0
1522935840,19.930,19.910,19.910,19.930,0,0
1522935900,19.910,19.880,19.880,19.910,10489,46829
1522935960,19.850,19.860,19.850,19.860,0,0
1522936020,19.850,19.840,19.830,19.850,0,0
1522936080,19.830,19.840,19.830,19.840,0,0
1522936140,19.850,19.850,19.850,19.850,0,0
1522936200,19.860,19.850,19.850,19.860,25036,57318
1522936260,19.870,19.900,19.870,19.910,0,0
1522936320,19.920,19.900,19.890,19.920,0,0
1522936380,19.930,19.940,19.930,19.940,0,0
1522936440,19.920,19.930,19.910,19.930,0,0
1522936500,19.930,19.950,19.930,19.950,19092,82354
1522936560,19.950,19.900,19.900,19.950,0,0
1522936620,19.930,19.910,19.900,19.930,0,0
1522936680,19.930,19.950,19.930,19.950,0,0
1522936740,19.910,19.940,19.910,19.940,0,0
1522936800,19.940,19.950,19.920,19.950,53063,101446
1522936860,19.950,19.930,19.920,19.950,0,0
1522936920,19.930,19.950,19.930,19.960,0,0
1522936980,19.950,19.930,19.910,19.950,0,0
1522937040,19.950,19.960,19.950,19.960,0,0
1522937100,19.950,19.960,19.950,19.960,32198,154509
1522937160,19.950,19.900,19.900,19.950,0,0
1522937220,19.890,19.940,19.890,19.950,0,0
1522937280,19.960,19.940,19.930,19.960,0,0
1522937340,19.940,19.930,19.910,19.950,0,0
1522937400,19.920,19.930,19.920,19.950,22007,186707
1522937460,19.950,19.940,19.940,19.950,0,0
1522937520,19.930,19.940,19.930,19.940,0,0
1522937580,19.950,20.000,19.950,20.030,0,0
1522937640,20.000,20.010,20.000,20.010,0,0
1522937700,20.020,19.960,19.960,20.020,47761,208714
1522937760,19.960,19.970,19.960,19.990,0,0
1522937820,19.970,19.980,19.960,19.980,0,0
1522937880,19.960,19.920,19.920,19.960,0,0
1522937940,19.920,19.910,19.910,19.920,0,0
1522938000,19.910,19.900,19.900,19.910,18849,256475
1522938060,19.910,19.960,19.910,19.960,0,0
1522938120,19.960,19.950,19.950,19.960,0,0
1522938180,19.950,19.950,19.950,19.950,0,0
1522938240,19.940,19.890,19.890,19.940,0,0
1522938300,19.880,19.890,19.880,19.890,9367,275324
1522938360,19.890,19.870,19.870,19.890,0,0
1522938420,19.870,19.860,19.860,19.870,0,0
1522938480,19.870,19.870,19.870,19.870,0,0
1522938540,19.880,19.890,19.880,19.890,0,0
1522938600,19.880,19.890,19.870,19.890,12494,284691
1522938660,19.910,19.920,19.910,19.920,0,0
1522938720,19.910,19.900,19.900,19.910,0,0
1522938780,19.900,19.890,19.890,19.900,0,0
1522938840,19.890,19.910,19.890,19.920,0,0
1522938900,19.890,19.880,19.860,19.890,11877,297185
1522938960,19.870,19.860,19.860,19.870,0,0
1522939020,19.910,19.910,19.910,19.910,0,0
1522939080,19.890,19.880,19.880,19.890,0,0
1522939140,19.910,19.910,19.910,19.910,0,0
1522939200,19.910,19.900,19.900,19.910,16176,309062
1522939260,19.910,19.900,19.890,19.910,0,0
1522939320,19.930,19.950,19.930,19.950,0,0
1522939380,19.940,19.930,19.930,19.940,0,0
1522939440,19.940,19.940,19.940,19.940,0,0
1522939500,19.950,19.950,19.950,19.950,8158,325238
1522939560,19.960,19.970,19.960,19.980,0,0
1522939620,19.960,19.940,19.940,19.960,0,0
1522939680,19.930,19.940,19.930,19.940,0,0
1522939740,19.940,19.950,19.940,19.950,0,0
1522939800,19.960,19.930,19.930,19.960,8238,333396
1522939860,19.940,19.930,19.930,19.940,0,0
1522939920,19.930,19.940,19.930,19.940,0,0
1522939980,19.940,19.920,19.920,19.950,0,0
1522940040,19.950,19.950,19.950,19.950,0,0
1522940100,19.980,19.980,19.980,19.980,29360,341634
1522940160,19.980,19.980,19.980,19.980,0,0
1522940220,19.960,19.960,19.960,19.960,0,0
1522940280,19.950,19.950,19.950,19.950,0,0
1522940340,19.950,19.950,19.950,19.950,0,0
1522940400,19.970,19.970,19.970,19.970,13601,370994
1522940460,19.970,19.970,19.970,19.970,0,0
1522940520,19.970,19.970,19.970,19.970,0,0
1522940580,19.970,19.960,19.960,19.970,0,0
1522940640,19.980,20.000,19.980,20.000,0,0
1522940700,19.990,20.000,19.990,20.000,13403,384595
1522940760,20.010,20.020,20.010,20.030,0,0
1522940820,20.030,20.040,20.020,20.040,0,0
1522940880,20.040,20.040,20.040,20.040,0,0
1522940940,20.020,20.010,20.010,20.020,0,0
1522941000,20.010,20.010,20.010,20.010,16241,397998
1522941060,20.000,20.000,20.000,20.000,0,0
1522941120,20.000,20.010,20.000,20.020,0,0
1522941180,20.000,20.010,19.990,20.020,0,0
1522941240,20.000,19.990,19.990,20.000,0,0
1522941300,19.990,19.980,19.980,19.990,17553,414239
1522941360,19.990,20.000,19.980,20.000,0,0
1522941420,19.990,19.980,19.980,19.990,0,0
1522941480,19.980,19.980,19.980,19.980,0,0
1522941540,19.980,19.990,19.980,19.990,0,0
1522941600,19.980,20.000,19.980,20.000,24149,431792
1522941660,20.010,20.030,20.010,20.030,0,0
1522941720,20.020,20.020,20.020,20.020,0,0
1522941780,20.010,19.990,19.990,20.010,0,0
1522941840,19.970,19.970,19.970,19.970,0,0
1522941900,19.980,19.970,19.960,19.980,44385,455941
1522941960,19.960,19.940,19.940,19.960,0,0
1522942020,19.930,19.880,19.880,19.930,0,0
1522942080,19.870,19.840,19.830,19.870,0,0
1522942140,19.830,19.860,19.820,19.860,0,0
1522942200,19.870,19.890,19.870,19.890,17696,500326
1522942260,19.870,19.890,19.870,19.890,0,0
1522942320,19.880,19.910,19.880,19.910,0,0
1522942380,19.910,19.930,19.910,19.930,0,0
1522942440,19.930,19.940,19.930,19.940,0,0
1522942500,19.930,19.940,19.930,19.940,12067,518022
1522942560,19.930,19.940,19.930,19.940,0,0
1522942620,19.930,19.930,19.930,19.930,0,0
1522942680,19.950,19.960,19.950,19.960,0,0
1522942740,19.970,19.970,19.970,19.970,0,0
1522942800,19.980,19.980,19.980,19.980,11529,530089
1522942860,19.970,20.000,19.970,20.000,0,0
1522942920,20.010,20.010,20.010,20.010,0,0
1522942980,20.020,20.030,20.020,20.030,0,0
1522943040,20.020,20.040,20.020,20.040,0,0
1522943100,20.020,19.980,19.980,20.030,32415,541618
1522943160,19.960,19.960,19.960,19.960,0,0
1522943220,19.970,19.990,19.970,19.990,0,0
1522943280,20.020,20.030,20.020,20.030,0,0
1522943340,20.040,20.050,20.040,20.050,0,0
1522943400,20.040,20.030,20.030,20.040,7700,574033
1522943460,20.040,20.030,20.030,20.040,0,0
1522943520,20.040,20.040,20.040,20.040,0,0
1522943580,20.050,20.050,20.050,20.050,0,0
1522943640,20.050,20.070,20.050,20.070,0,0
1522943700,20.070,20.080,20.070,20.090,20413,581733
1522943760,20.080,20.070,20.070,20.080,0,0
1522943820,20.080,20.070,20.070,20.080,0,0
1522943880,20.080,20.090,20.080,20.090,0,0
1522943940,20.100,20.090,20.090,20.100,0,0
1522944000,20.080,20.070,20.070,20.080,11147,602146
1522944060,20.070,20.070,20.070,20.070,0,0
1522944120,20.070,20.060,20.060,20.070,0,0
1522944180,20.070,20.070,20.070,20.070,0,0
1522944300,20.070,20.070,20.070,20.070,6944,613293
1522944360,20.060,20.060,20.060,20.060,0,0
1522944420,20.050,20.050,20.050,20.050,0,0
1522944480,20.040,20.040,20.040,20.040,0,0
1522944540,20.020,20.020,20.020,20.020,0,0
1522944600,20.000,20.000,20.000,20.000,8172,620237
1522944720,20.010,20.010,20.010,20.010,0,0
1522944780,20.040,20.040,20.040,20.040,0,0
1522944840,20.040,20.030,20.030,20.040,0,0
1522944900,20.010,20.000,20.000,20.010,20779,628409
1522944960,20.000,19.990,19.970,20.000,0,0
1522945020,20.000,19.990,19.990,20.000,0,0
1522945080,19.990,19.990,19.990,19.990,0,0
1522945140,19.980,19.980,19.980,19.980,0,0
1522945200,19.980,19.990,19.980,19.990,8616,649188
1522945260,20.000,20.010,20.000,20.010,0,0
1522945320,20.020,20.000,20.000,20.020,0,0
1522945380,20.000,20.020,20.000,20.030,0,0
1522945440,20.020,20.010,20.010,20.020,0,0
1522945500,20.010,20.010,20.010,20.010,7103,657804
1522945560,20.010,20.010,20.010,20.010,0,0
1522945620,20.020,20.020,20.020,20.020,0,0
1522945680,20.040,20.050,20.040,20.050,0,0
1522945740,20.060,20.050,20.050,20.060,0,0
1522945800,20.060,20.060,20.060,20.060,8984,664907
1522945860,20.050,20.050,20.050,20.050,0,0
1522945920,20.060,20.050,20.040,20.060,0,0
1522945980,20.040,20.040,20.040,20.040,0,0
1522946040,20.050,20.050,20.050,20.050,0,0
1522946100,20.070,20.070,20.070,20.070,10702,673891
1522946160,20.070,20.050,20.050,20.070,0,0
1522946220,20.050,20.050,20.050,20.050,0,0
1522946280,20.050,20.040,20.040,20.050,0,0
1522946400,20.060,20.040,20.040,20.060,7719,684593
1522946460,20.060,20.040,20.040,20.060,0,0
1522946520,20.040,20.050,20.040,20.050,0,0
1522946580,20.040,20.040,20.040,20.040,0,0
1522946640,20.040,20.050,20.040,20.050,0,0
1522946700,20.050,20.050,20.050,20.050,6442,692312
1522946760,20.060,20.060,20.060,20.060,0,0
1522946820,20.080,20.090,20.080,20.090,0,0
1522946880,20.090,20.090,20.090,20.090,0,0
1522946940,20.080,20.070,20.070,20.080,0,0
1522947000,20.070,20.070,20.070,20.070,7637,698754
1522947060,20.070,20.070,20.070,20.070,0,0
1522947120,20.070,20.050,20.050,20.070,0,0
1522947180,20.050,20.040,20.040,20.050,0,0
1522947240,20.030,20.030,20.030,20.030,0,0
1522947300,20.070,20.090,20.070,20.090,8140,706391
1522947360,20.070,20.090,20.070,20.090,0,0
1522947420,20.090,20.090,20.090,20.090,0,0
1522947480,20.070,20.070,20.070,20.070,0,0
1522947540,20.060,20.050,20.050,20.060,0,0
1522947600,20.060,20.050,20.050,20.060,6281,714531
1522947660,20.060,20.060,20.060,20.060,0,0
1522947720,20.070,20.070,20.070,20.070,0,0
1522947780,20.070,20.070,20.070,20.070,0,0
1522947840,20.070,20.070,20.070,20.070,0,0
1522947900,20.060,20.050,20.050,20.060,8370,720812
1522947960,20.060,20.060,20.060,20.060,0,0
1522948020,20.050,20.040,20.040,20.050,0,0
1522948080,20.040,20.030,20.030,20.040,0,0
1522948140,20.030,20.030,20.030,20.030,0,0
1522948200,20.040,20.050,20.040,20.050,10619,729182
1522948260,20.020,20.020,20.020,20.020,0,0
1522948320,20.020,20.020,20.020,20.020,0,0
1522948380,20.000,20.010,20.000,20.010,0,0
1522948440,20.020,20.020,20.020,20.020,0,0
1522948500,20.010,20.010,20.010,20.010,16515,739801
1522948560,20.010,20.020,20.010,20.020,0,0
1522948620,20.010,20.000,20.000,20.010,0,0
1522948680,20.000,20.000,20.000,20.000,0,0
1522948800,20.010,20.020,20.010,20.020,27028,756316
1522948860,20.020,20.000,20.000,20.030,0,0
1522948920,20.000,19.980,19.980,20.000,0,0
1522948980,19.970,19.960,19.960,19.970,0,0
1522949040,19.970,19.960,19.960,19.970,0,0
1522949100,19.970,19.970,19.970,19.970,11334,783344
1522949160,19.970,20.010,19.970,20.010,0,0
1522949220,20.000,19.990,19.990,20.000,0,0
1522949340,20.000,20.010,20.000,20.010,0,0
1522949400,20.000,20.000,20.000,20.000,8534,794678
1522949460,20.000,20.000,20.000,20.000,0,0
1522949520,19.990,20.000,19.990,20.000,0,0
1522949580,20.020,20.020,20.020,20.020,0,0
1522949640,20.020,20.020,20.020,20.020,0,0
1522949700,20.020,20.020,20.020,20.020,10197,803212
1522949760,20.020,20.020,20.020,20.020,0,0
1522949820,20.010,20.040,20.010,20.040,0,0
1522949940,20.000,20.000,20.000,20.000,0,0
1522950000,19.980,19.980,19.980,19.980,7948,813409
1522950060,19.980,19.980,19.980,19.980,0,0
1522950120,19.970,19.970,19.970,19.970,0,0
1522950180,19.950,19.950,19.950,19.950,0,0
1522950240,19.950,19.960,19.950,19.970,0,0
1522950300,19.960,19.960,19.960,19.960,7226,821357
1522950360,19.960,19.960,19.960,19.960,0,0
1522950420,19.940,19.940,19.940,19.940,0,0
1522950540,19.950,19.950,19.950,19.950,0,0
1522950600,19.950,19.950,19.950,19.950,8340,828583
1522950660,19.970,19.970,19.970,19.970,0,0
1522950780,19.980,19.980,19.980,19.980,0,0
1522950840,19.980,19.980,19.980,19.980,0,0
1522950900,19.980,19.970,19.970,19.980,11775,836923
1522950960,19.970,19.970,19.970,19.970,0,0
1522951020,19.980,19.980,19.980,19.980,0,0
1522951080,19.970,19.970,19.970,19.970,0,0
1522951140,19.980,19.990,19.980,19.990,0,0
1522951200,19.990,19.990,19.990,19.990,16565,848698
1522951260,19.970,19.960,19.960,19.970,0,0
1522951320,19.950,19.960,19.950,19.960,0,0
1522951380,19.960,19.960,19.960,19.960,0,0
1522951440,19.950,19.950,19.950,19.950,0,0
1522951500,19.960,19.950,19.950,19.960,19766,865263
1522951620,19.950,19.950,19.950,19.950,0,0
1522951680,19.950,19.950,19.950,19.950,0,0
1522951740,19.940,19.940,19.940,19.940,0,0
1522951800,19.950,19.960,19.950,19.960,14556,885029
1522951860,19.960,19.970,19.960,19.970,0,0
1522951920,19.970,19.960,19.960,19.980,0,0
1522951980,19.960,19.950,19.950,19.960,0,0
1522952040,19.940,19.950,19.940,19.950,0,0
1522952100,19.940,19.950,19.940,19.950,9378,899585
1522952160,19.960,19.960,19.960,19.960,0,0
1522952220,19.970,19.970,19.970,19.970,0,0
1522952280,19.980,19.980,19.980,19.980,0,0
1522952340,19.990,19.980,19.980,19.990,0,0
1522952400,19.980,19.980,19.980,19.980,15272,908963
1522952460,19.980,19.980,19.980,19.980,0,0
1522952520,19.990,19.980,19.980,19.990,0,0
1522952580,19.980,19.970,19.970,19.980,0,0
1522952640,19.980,19.980,19.980,19.980,0,0
1522952700,19.970,19.970,19.970,19.970,17170,924235
1522952760,19.980,20.000,19.980,20.000,0,0
1522952880,20.000,20.000,20.000,20.000,0,0
1522952940,20.000,20.000,20.000,20.000,0,0
1522953000,20.010,20.020,20.010,20.020,15440,941405
1522953060,20.040,20.040,20.040,20.040,0,0
1522953120,20.050,20.050,20.050,20.050,0,0
1522953180,20.050,20.060,20.050,20.070,0,0
1522953300,20.070,20.070,20.070,20.070,9434,956845
1522953360,20.070,20.070,20.070,20.070,0,0
1522953420,20.060,20.060,20.060,20.060,0,0
1522953480,20.070,20.070,20.070,20.070,0,0
1522953540,20.070,20.070,20.070,20.070,0,0
1522953600,20.070,20.060,20.060,20.070,15019,966279
1522953660,20.070,20.060,20.060,20.070,0,0
1522953720,20.070,20.060,20.060,20.070,0,0
1522953780,20.070,20.080,20.070,20.080,0,0
1522953840,20.090,20.090,20.090,20.090,0,0
1522953900,20.090,20.080,20.080,20.090,23312,981298
1522953960,20.090,20.110,20.090,20.110,0,0
1522954020,20.120,20.160,20.120,20.160,0,0
1522954080,20.160,20.150,20.150,20.160,0,0
1522954140,20.150,20.150,20.150,20.150,0,0
1522954200,20.140,20.140,20.140,20.140,5133,1004610
1522954260,20.130,20.140,20.130,20.140,0,0
1522954320,20.140,20.140,20.140,20.140,0,0
1522954380,20.140,20.140,20.140,20.140,0,0
1522954440,20.140,20.140,20.140,20.140,0,0
1522954500,20.120,20.130,20.120,20.130,22773,1009743
1522954560,20.120,20.130,20.120,20.130,0,0
1522954620,20.130,20.140,20.130,20.140,0,0
1522954680,20.140,20.150,20.140,20.150,0,0
1522954740,20.140,20.150,20.140,20.150,0,0
1522954800,20.140,20.140,20.140,20.140,19106,1032516
1522954860,20.140,20.140,20.140,20.140,0,0
1522954920,20.150,20.150,20.150,20.150,0,0
1522955040,20.140,20.140,20.140,20.140,0,0
1522955100,20.150,20.140,20.140,20.150,16322,1051622
1522955160,20.140,20.150,20.140,20.150,0,0
1522955220,20.140,20.140,20.140,20.140,0,0
1522955280,20.140,20.170,20.140,20.170,0,0
1522955340,20.190,20.190,20.190,20.190,0,0
1522955400,20.180,20.180,20.180,20.180,22320,1067944
1522955460,20.180,20.190,20.180,20.190,0,0
1522955520,20.190,20.190,20.190,20.190,0,0
1522955580,20.190,20.200,20.190,20.200,0,0
1522955640,20.190,20.200,20.190,20.200,0,0
1522955700,20.190,20.200,20.190,20.200,31180,1090264
1522955760,20.200,20.210,20.200,20.210,0,0
1522955820,20.210,20.230,20.210,20.230,0,0
1522955880,20.230,20.230,20.230,20.230,0,0
1522955940,20.220,20.220,20.220,20.220,0,0
1522956000,20.210,20.220,20.210,20.220,15884,1121444
1522956060,20.230,20.240,20.230,20.240,0,0
1522956120,20.230,20.230,20.230,20.230,0,0
1522956180,20.230,20.230,20.230,20.230,0,0
1522956240,20.230,20.240,20.230,20.240,0,0
1522956300,20.240,20.200,20.200,20.240,36385,1137328
1522956360,20.200,20.200,20.200,20.200,0,0
1522956420,20.200,20.200,20.200,20.200,0,0
1522956480,20.200,20.210,20.200,20.210,0,0
1522956540,20.200,20.220,20.200,20.220,0,0
1522956600,20.230,20.220,20.220,20.230,35883,1173713
1522956660,20.200,20.210,20.200,20.210,0,0
1522956720,20.200,20.200,20.200,20.200,0,0
1522956780,20.200,20.190,20.190,20.200,0,0
1522956840,20.180,20.180,20.180,20.180,0,0
1522956900,20.180,20.170,20.160,20.180,35231,1209596
1522956960,20.160,20.170,20.160,20.170,0,0
1522957020,20.150,20.160,20.150,20.160,0,0
1522957080,20.160,20.160,20.160,20.160,0,0
1522957140,20.160,20.150,20.140,20.160,0,0
1522957200,20.140,20.160,20.140,20.160,32747,1244827
1522957260,20.160,20.170,20.160,20.170,0,0
1522957320,20.160,20.190,20.160,20.190,0,0
1522957380,20.200,20.200,20.200,20.200,0,0
1522957440,20.200,20.200,20.200,20.200,0,0
1522957500,20.210,20.220,20.210,20.220,51167,1277574
1522957560,20.220,20.230,20.210,20.230,0,0
1522957620,20.230,20.240,20.230,20.240,0,0
1522957680,20.230,20.250,20.230,20.250,0,0
1522957740,20.250,20.230,20.230,20.250,0,0
1522957800,20.240,20.200,20.200,20.240,76649,1328741
1522957860,20.200,20.210,20.200,20.210,0,0
1522957920,20.200,20.210,20.200,20.220,0,0
1522957980,20.220,20.250,20.220,20.250,0,0
1522958040,20.250,20.250,20.250,20.250,0,0
1522958100,20.250,20.240,20.230,20.250,183835,1405390
1522958160,20.230,20.240,20.230,20.240,0,0
1522958220,20.220,20.210,20.210,20.230,0,0
1522958280,20.210,20.190,20.190,20.220,0,0
1522958340,20.200,20.180,20.160,20.200,0,0
1523021400,20.170,20.170,20.170,20.170,65159,0
1523021460,20.180,20.200,20.170,20.200,0,0
1523021520,20.190,20.240,20.170,20.240,0,0
1523021580,20.230,20.190,20.190,20.280,0,0
1523021640,20.190,20.160,20.160,20.190,0,0
1523021700,20.130,20.150,20.130,20.200,11933,65159
1523021760,20.160,20.150,20.150,20.160,0,0
1523021820,20.140,20.160,20.140,20.160,0,0
1523021880,20.230,20.210,20.210,20.230,0,0
1523021940,20.230,20.290,20.230,20.290,0,0
1523022000,20.230,20.180,20.180,20.230,18356,77092
1523022060,20.160,20.140,20.140,20.160,0,0
1523022120,20.150,20.130,20.130,20.150,0,0
1523022180,20.120,20.070,20.070,20.120,0,0
1523022240,20.080,20.080,20.080,20.080,0,0
1523022300,20.110,20.070,20.070,20.110,17407,95448
1523022360,20.090,20.050,20.040,20.090,0,0
1523022420,20.010,19.980,19.980,20.010,0,0
1523022480,19.970,20.000,19.970,20.000,0,0
1523022540,20.040,20.040,20.040,20.040,0,0
1523022600,20.030,20.050,20.030,20.050,14847,112855
1523022660,20.050,20.030,20.010,20.050,0,0
1523022720,20.040,19.940,19.940,20.040,0,0
1523022780,19.990,19.990,19.990,19.990,0,0
1523022840,19.990,19.950,19.950,19.990,0,0
1523022900,19.960,19.950,19.950,19.970,19651,127702
1523022960,19.980,19.950,19.950,19.980,0,0
1523023020,19.960,19.970,19.960,19.980,0,0
1523023080,19.980,19.990,19.980,20.000,0,0
1523023140,19.960,19.920,19.920,19.960,0,0
1523023200,19.930,19.910,19.910,19.930,21575,147353
1523023260,19.920,19.910,19.910,19.920,0,0
1523023320,19.920,19.900,19.900,19.920,0,0
1523023380,19.900,19.920,19.900,19.920,0,0
1523023440,19.930,19.900,19.900,19.930,0,0
1523023500,19.890,19.850,19.850,19.890,27936,168928
1523023560,19.850,19.840,19.820,19.850,0,0
1523023620,19.860,19.880,19.850,19.880,0,0
1523023680,19.890,19.870,19.870,19.890,0,0
1523023740,19.860,19.780,19.780,19.860,0,0
1523023800,19.740,19.760,19.740,19.760,30697,196864
1523023860,19.750,19.730,19.730,19.750,0,0
1523023920,19.770,19.780,19.770,19.780,0,0
1523023980,19.790,19.800,19.790,19.800,0,0
1523024040,19.800,19.770,19.770,19.820,0,0
1523024100,19.770,19.780,19.760,19.780,22804,227561
1523024160,19.790,19.760,19.760,19.790,0,0
1523024220,19.760,19.750,19.740,19.770,0,0
1523024280,19.750,19.740,19.730,19.750,0,0
1523024340,19.730,19.700,19.670,19.730,0,0
1523024400,19.710,19.720,19.710,19.740,20199,250365
1523024460,19.710,19.700,19.690,19.710,0,0
1523024520,19.690,19.680,19.640,19.690,0,0
1523024580,19.700,19.730,19.700,19.730,0,0
1523024640,19.740,19.710,19.710,19.740,0,0
1523024700,19.730,19.750,19.730,19.750,16309,270564
1523024760,19.750,19.710,19.710,19.750,0,0
1523024820,19.730,19.670,19.670,19.730,0,0
1523024880,19.660,19.670,19.650,19.670,0,0
1523024940,19.660,19.640,19.640,19.660,0,0
1523025000,19.670,19.690,19.670,19.690,10069,286873
1523025060,19.700,19.710,19.690,19.740,0,0
1523025120,19.710,19.730,19.710,19.730,0,0
1523025180,19.740,19.740,19.740,19.740,0,0
1523025240,19.720,19.720,19.720,19.720,0,0
1523025300,19.680,19.720,19.680,19.720,22451,296942
1523025360,19.720,19.700,19.700,19.720,0,0
1523025420,19.700,19.700,19.700,19.700,0,0
1523025480,19.700,19.710,19.700,19.720,0,0
1523025540,19.700,19.690,19.690,19.700,0,0
1523025600,19.700,19.680,19.680,19.700,12341,319393
1523025660,19.700,19.690,19.690,19.700,0,0
1523025720,19.700,19.700,19.700,19.700,0,0
1523025780,19.720,19.730,19.720,19.730,0,0
1523025840,19.710,19.700,19.700,19.710,0,0
1523025900,19.670,19.620,19.620,19.670,21045,331734
1523025960,19.640,19.640,19.640,19.640,0,0
1523026020,19.650,19.640,19.640,19.650,0,0
1523026080,19.630,19.640,19.630,19.650,0,0
1523026140,19.640,19.630,19.630,19.640,0,0
1523026200,19.610,19.640,19.610,19.640,12459,352779
1523026260,19.640,19.650,19.640,19.650,0,0
1523026320,19.630,19.620,19.620,19.630,0,0
1523026380,19.640,19.650,19.640,19.650,0,0
1523026440,19.630,19.640,19.630,19.640,0,0
1523026500,19.640,19.640,19.640,19.640,10877,365238
1523026560,19.660,19.670,19.660,19.670,0,0
1523026620,19.680,19.670,19.670,19.680,0,0
1523026680,19.660,19.630,19.630,19.660,0,0
1523026740,19.640,19.640,19.640,19.640,0,0
1523026800,19.650,19.640,19.640,19.650,13586,376115
1523026860,19.640,19.650,19.640,19.650,0,0
1523026920,19.630,19.630,19.630,19.630,0,0
1523026980,19.660,19.650,19.650,19.660,0,0
1523027040,19.650,19.650,19.650,19.650,0,0
1523027100,19.660,19.650,19.650,19.660,8007,389701
1523027160,19.650,19.640,19.640,19.660,0,0
1523027220,19.650,19.650,19.650,19.650,0,0
1523027280,19.660,19.670,19.660,19.670,0,0
1523027340,19.660,19.660,19.660,19.660,0,0
1523027400,19.680,19.670,19.670,19.680,10843,397708
1523027460,19.700,19.700,19.700,19.700,0,0
1523027520,19.680,19.680,19.680,19.680,0,0
1523027580,19.660,19.680,19.660,19.690,0,0
1523027700,19.660,19.640,19.640,19.660,21520,408551
1523027760,19.650,19.660,19.640,19.660,0,0
1523027820,19.660,19.650,19.650,19.660,0,0
1523027880,19.640,19.610,19.610,19.640,0,0
1523027940,19.590,19.600,19.590,19.610,0,0
1523028000,19.610,19.610,19.610,19.610,16102,430071
1523028060,19.620,19.610,19.610,19.620,0,0
1523028120,19.600,19.570,19.570,19.600,0,0
1523028240,19.560,19.570,19.550,19.570,0,0
1523028300,19.590,19.580,19.580,19.590,8057,446173
1523028360,19.580,19.600,19.580,19.600,0,0
1523028420,19.620,19.610,19.610,19.620,0,0
1523028480,19.600,19.560,19.560,19.600,0,0
1523028540,19.570,19.570,19.570,19.570,0,0
1523028600,19.580,19.570,19.570,19.580,10915,454230
1523028660,19.570,19.610,19.570,19.610,0,0
1523028720,19.610,19.610,19.610,19.610,0,0
1523028780,19.620,19.620,19.620,19.620,0,0
1523028840,19.630,19.620,19.620,19.630,0,0
1523028900,19.600,19.600,19.600,19.600,12045,465145
1523028960,19.570,19.570,19.570,19.570,0,0
1523029020,19.600,19.610,19.600,19.610,0,0
1523029080,19.600,19.580,19.580,19.600,0,0
1523029140,19.610,19.640,19.610,19.640,0,0
1523029200,19.630,19.640,19.630,19.640,9108,477190
1523029260,19.650,19.620,19.620,19.650,0,0
1523029320,19.630,19.620,19.620,19.630,0,0
1523029380,19.610,19.610,19.610,19.610,0,0
1523029440,19.610,19.610,19.610,19.610,0,0
1523029500,19.590,19.600,19.590,19.600,9951,486298
1523029560,19.590,19.600,19.590,19.600,0,0
1523029620,19.610,19.610,19.610,19.610,0,0
1523029740,19.570,19.580,19.570,19.580,0,0
1523029800,19.560,19.580,19.560,19.580,10646,496249
1523029860,19.550,19.570,19.550,19.570,0,0
1523029920,19.570,19.580,19.570,19.580,0,0
1523029980,19.600,19.600,19.600,19.600,0,0
1523030040,19.610,19.600,19.600,19.610,0,0
1523030100,19.620,19.650,19.620,19.650,10367,506895
1523030160,19.650,19.640,19.640,19.650,0,0
1523030220,19.640,19.650,19.640,19.650,0,0
1523030280,19.660,19.670,19.650,19.670,0,0
1523030340,19.690,19.700,19.690,19.700,0,0
1523030400,19.690,19.710,19.690,19.710,6125,517262
1523030460,19.720,19.710,19.710,19.720,0,0
1523030520,19.700,19.700,19.700,19.700,0,0
1523030580,19.680,19.700,19.680,19.700,0,0
1523030640,19.700,19.710,19.700,19.710,0,0
1523030700,19.720,19.740,19.710,19.740,9259,523387
1523030760,19.750,19.770,19.750,19.770,0,0
1523030820,19.780,19.770,19.770,19.780,0,0
1523030880,19.770,19.760,19.760,19.770,0,0
1523030940,19.760,19.740,19.740,19.760,0,0
1523031000,19.730,19.730,19.730,19.730,7040,532646
1523031060,19.730,19.730,19.730,19.730,0,0
1523031120,19.720,19.740,19.720,19.740,0,0
1523031180,19.730,19.720,19.720,19.730,0,0
1523031240,19.710,19.710,19.710,19.710,0,0
1523031300,19.700,19.700,19.700,19.700,8554,539686
1523031360,19.700,19.690,19.690,19.700,0,0
1523031420,19.690,19.720,19.690,19.720,0,0
1523031480,19.720,19.720,19.720,19.720,0,0
1523031540,19.700,19.680,19.680,19.700,0,0
1523031600,19.670,19.690,19.670,19.690,10403,548240
1523031660,19.690,19.670,19.670,19.690,0,0
1523031780,19.680,19.690,19.680,19.690,0,0
1523031840,19.680,19.680,19.680,19.680,0,0
1523031900,19.670,19.680,19.670,19.680,8393,558643
1523031960,19.670,19.670,19.670,19.670,0,0
1523032020,19.680,19.670,19.670,19.700,0,0
1523032080,19.680,19.680,19.680,19.680,0,0
1523032140,19.680,19.660,19.660,19.680,0,0
1523032200,19.680,19.680,19.680,19.680,8596,567036
1523032260,19.680,19.670,19.670,19.680,0,0
1523032320,19.670,19.660,19.660,19.680,0,0
1523032380,19.660,19.640,19.640,19.660,0,0
1523032440,19.640,19.650,19.640,19.650,0,0
1523032500,19.670,19.670,19.670,19.670,9786,575632
1523032560,19.670,19.650,19.650,19.670,0,0
1523032620,19.680,19.690,19.670,19.690,0,0
1523032680,19.680,19.700,19.680,19.700,0,0
1523032740,19.690,19.700,19.690,19.700,0,0
1523032800,19.700,19.690,19.690,19.700,14280,585418
1523032860,19.690,19.710,19.690,19.710,0,0
1523032920,19.710,19.690,19.680,19.710,0,0
1523032980,19.690,19.690,19.690,19.690,0,0
1523033040,19.690,19.680,19.680,19.690,0,0
1523033100,19.680,19.670,19.670,19.680,5076,599698
1523033160,19.670,19.670,19.670,19.670,0,0
1523033220,19.670,19.670,19.670,19.670,0,0
1523033280,19.680,19.690,19.680,19.690,0,0
1523033340,19.680,19.680,19.680,19.680,0,0
1523033400,19.670,19.660,19.660,19.670,11872,604774
1523033460,19.660,19.660,19.660,19.660,0,0
1523033520,19.650,19.660,19.650,19.660,0,0
1523033580,19.660,19.670,19.660,19.680,0,0
1523033640,19.690,19.690,19.690,19.690,0,0
1523033700,19.690,19.680,19.680,19.700,26564,616646
1523033760,19.670,19.680,19.670,19.680,0,0
1523033820,19.660,19.650,19.640,19.660,0,0
1523033880,19.670,19.660,19.660,19.670,0,0
1523033940,19.660,19.650,19.650,19.660,0,0
1523034000,19.650,19.640,19.640,19.650,11131,643210
1523034060,19.640,19.640,19.640,19.640,0,0
1523034120,19.640,19.630,19.630,19.640,0,0
1523034180,19.640,19.640,19.640,19.640,0,0
1523034240,19.630,19.650,19.630,19.650,0,0
1523034300,19.670,19.680,19.660,19.680,12868,654341
1523034360,19.680,19.670,19.670,19.680,0,0
1523034420,19.690,19.690,19.690,19.690,0,0
1523034480,19.680,19.670,19.670,19.680,0,0
1523034540,19.670,19.670,19.670,19.670,0,0
1523034600,19.650,19.660,19.650,19.660,9474,667209
1523034660,19.640,19.640,19.640,19.640,0,0
1523034720,19.650,19.650,19.650,19.650,0,0
1523034780,19.650,19.650,19.650,19.650,0,0
1523034900,19.650,19.650,19.650,19.650,10649,676683
1523034960,19.640,19.640,19.640,19.640,0,0
1523035020,19.640,19.650,19.640,19.650,0,0
1523035080,19.660,19.660,19.660,19.660,0,0
1523035140,19.640,19.660,19.640,19.660,0,0
1523035200,19.670,19.670,19.670,19.670,5053,687332
1523035260,19.670,19.650,19.650,19.670,0,0
1523035320,19.660,19.650,19.650,19.660,0,0
1523035380,19.660,19.660,19.660,19.660,0,0
1523035440,19.660,19.660,19.660,19.660,0,0
1523035500,19.660,19.670,19.660,19.680,18997,692385
1523035560,19.660,19.670,19.650,19.670,0,0
1523035620,19.690,19.700,19.690,19.700,0,0
1523035680,19.690,19.690,19.690,19.690,0,0
1523035740,19.680,19.690,19.680,19.690,0,0
1523035800,19.690,19.680,19.680,19.690,7501,711382
1523035860,19.680,19.680,19.680,19.680,0,0
1523035920,19.690,19.700,19.690,19.700,0,0
1523035980,19.690,19.680,19.680,19.690,0,0
1523036040,19.680,19.670,19.670,19.680,0,0
1523036100,19.670,19.660,19.660,19.670,16820,718883
1523036160,19.670,19.660,19.660,19.670,0,0
1523036220,19.670,19.680,19.670,19.680,0,0
1523036280,19.660,19.630,19.630,19.660,0,0
1523036340,19.630,19.610,19.610,19.630,0,0
1523036400,19.610,19.610,19.610,19.610,13236,735703
1523036460,19.600,19.590,19.590,19.600,0,0
1523036520,19.590,19.600,19.590,19.600,0,0
1523036580,19.580,19.590,19.580,19.590,0,0
1523036640,19.590,19.580,19.580,19.590,0,0
1523036700,19.580,19.580,19.580,19.580,13566,748939
1523036760,19.560,19.570,19.560,19.570,0,0
1523036820,19.550,19.550,19.550,19.550,0,0
1523036880,19.550,19.560,19.550,19.560,0,0
1523036940,19.550,19.540,19.540,19.550,0,0
1523037000,19.520,19.520,19.520,19.520,12444,762505
1523037060,19.520,19.530,19.520,19.530,0,0
1523037120,19.520,19.510,19.510,19.520,0,0
1523037180,19.510,19.520,19.510,19.520,0,0
1523037240,19.510,19.490,19.490,19.510,0,0
1523037300,19.500,19.510,19.500,19.520,15858,774949
1523037360,19.510,19.520,19.510,19.520,0,0
1523037420,19.510,19.500,19.500,19.510,0,0
1523037480,19.480,19.500,19.480,19.500,0,0
1523037540,19.480,19.470,19.470,19.480,0,0
1523037600,19.470,19.490,19.470,19.500,14913,790807
1523037660,19.500,19.490,19.490,19.500,0,0
1523037720,19.490,19.470,19.460,19.490,0,0
1523037780,19.470,19.480,19.470,19.480,0,0
1523037840,19.500,19.510,19.490,19.510,0,0
1523037900,19.500,19.510,19.500,19.510,15259,805720
1523037960,19.490,19.470,19.470,19.490,0,0
1523038020,19.480,19.470,19.470,19.480,0,0
1523038080,19.470,19.460,19.460,19.480,0,0
1523038140,19.460,19.470,19.460,19.480,0,0
1523038200,19.480,19.490,19.480,19.490,11722,820979
1523038260,19.480,19.500,19.480,19.500,0,0
1523038320,19.500,19.510,19.500,19.510,0,0
1523038380,19.490,19.490,19.490,19.490,0,0
1523038440,19.490,19.500,19.490,19.500,0,0
1523038500,19.490,19.480,19.480,19.490,16354,832701
1523038560,19.470,19.470,19.470,19.470,0,0
1523038620,19.450,19.450,19.450,19.450,0,0
1523038680,19.440,19.420,19.420,19.440,0,0
1523038740,19.420,19.430,19.420,19.430,0,0
1523038800,19.440,19.450,19.440,19.450,7582,849055
1523038860,19.440,19.450,19.440,19.450,0,0
1523038980,19.450,19.430,19.430,19.450,0,0
1523039040,19.430,19.430,19.430,19.430,0,0
1523039100,19.430,19.410,19.410,19.430,22276,856637
1523039160,19.410,19.420,19.410,19.420,0,0
1523039220,19.420,19.430,19.420,19.430,0,0
1523039280,19.430,19.430,19.430,19.430,0,0
1523039340,19.430,19.440,19.430,19.440,0,0
1523039400,19.430,19.450,19.430,19.450,10532,878913
1523039460,19.450,19.450,19.450,19.450,0,0
1523039520,19.450,19.440,19.440,19.450,0,0
1523039580,19.430,19.430,19.430,19.430,0,0
1523039640,19.430,19.430,19.430,19.430,0,0
1523039700,19.440,19.430,19.430,19.440,24840,889445
1523039760,19.440,19.430,19.420,19.440,0,0
1523039820,19.440,19.440,19.440,19.440,0,0
1523039880,19.430,19.430,19.430,19.430,0,0
1523039940,19.440,19.430,19.430,19.440,0,0
1523040000,19.430,19.440,19.430,19.440,45187,914285
1523040060,19.450,19.470,19.450,19.470,0,0
1523040120,19.480,19.470,19.470,19.480,0,0
1523040180,19.470,19.490,19.470,19.490,0,0
1523040240,19.480,19.450,19.450,19.480,0,0
1523040300,19.440,19.450,19.440,19.450,36669,959472
1523040360,19.440,19.450,19.440,19.450,0,0
1523040420,19.450,19.450,19.450,19.450,0,0
1523040480,19.450,19.430,19.430,19.450,0,0
1523040540,19.420,19.410,19.410,19.420,0,0
1523040600,19.410,19.380,19.370,19.410,52471,996141
1523040660,19.380,19.390,19.380,19.390,0,0
1523040720,19.380,19.360,19.360,19.380,0,0
1523040780,19.370,19.390,19.360,19.390,0,0
1523040840,19.390,19.380,19.380,19.400,0,0
1523040900,19.390,19.370,19.370,19.390,27372,1048612
1523040960,19.360,19.350,19.350,19.360,0,0
1523041020,19.340,19.330,19.330,19.350,0,0
1523041080,19.320,19.330,19.300,19.330,0,0
1523041140,19.340,19.330,19.320,19.340,0,0
1523041200,19.340,19.370,19.340,19.370,51580,1075984
1523041260,19.360,19.350,19.350,19.360,0,0
1523041320,19.340,19.360,19.340,19.370,0,0
1523041380,19.350,19.340,19.340,19.350,0,0
1523041440,19.340,19.320,19.320,19.340,0,0
1523041500,19.300,19.310,19.300,19.310,52137,1127564
1523041560,19.300,19.290,19.290,19.300,0,0
1523041620,19.290,19.280,19.280,19.290,0,0
1523041680,19.290,19.280,19.280,19.290,0,0
1523041740,19.270,19.300,19.270,19.300,0,0
1523041800,19.300,19.320,19.290,19.320,43449,1179701
1523041860,19.320,19.310,19.310,19.320,0,0
1523041920,19.320,19.320,19.320,19.320,0,0
1523041980,19.320,19.340,19.320,19.340,0,0
1523042040,19.350,19.360,19.350,19.360,0,0
1523042100,19.360,19.380,19.360,19.380,27161,1223150
1523042160,19.380,19.370,19.370,19.380,0,0
1523042220,19.360,19.380,19.360,19.380,0,0
1523042280,19.380,19.370,19.370,19.380,0,0
1523042340,19.370,19.380,19.370,19.380,0,0
1523042400,19.370,19.380,19.370,19.380,38674,1250311
1523042460,19.370,19.360,19.360,19.370,0,0
1523042520,19.370,19.400,19.370,19.400,0,0
1523042580,19.410,19.430,19.410,19.430,0,0
1523042640,19.420,19.410,19.400,19.420,0,0
1523042700,19.420,19.430,19.420,19.430,24900,1288985
1523042760,19.420,19.420,19.420,19.420,0,0
1523042820,19.410,19.400,19.400,19.420,0,0
1523042880,19.400,19.400,19.400,19.400,0,0
1523042940,19.410,19.400,19.400,19.410,0,0
1523043000,19.390,19.410,19.390,19.410,32924,1313885
1523043060,19.400,19.390,19.390,19.400,0,0
1523043120,19.390,19.410,19.390,19.410,0,0
1523043180,19.410,19.410,19.410,19.410,0,0
1523043240,19.410,19.430,19.410,19.430,0,0
1523043300,19.430,19.420,19.410,19.430,42504,1346809
1523043360,19.430,19.440,19.430,19.440,0,0
1523043420,19.430,19.420,19.420,19.430,0,0
1523043480,19.420,19.430,19.420,19.440,0,0
1523043540,19.430,19.440,19.430,19.440,0,0
1523043600,19.430,19.440,19.430,19.460,43274,1389313
1523043660,19.450,19.460,19.450,19.460,0,0
1523043720,19.460,19.470,19.460,19.470,0,0
1523043780,19.480,19.460,19.460,19.480,0,0
1523043840,19.460,19.440,19.440,19.460,0,0
1523043900,19.440,19.450,19.430,19.460,61263,1432587
1523043960,19.440,19.430,19.430,19.440,0,0
1523044020,19.430,19.440,19.430,19.440,0,0
1523044080,19.440,19.420,19.420,19.440,0,0
1523044140,19.430,19.430,19.430,19.430,0,0
1523044200,19.430,19.460,19.430,19.460,90771,1493850
1523044260,19.460,19.480,19.460,19.480,0,0
1523044320,19.480,19.460,19.460,19.480,0,0
1523044380,19.450,19.440,19.440,19.460,0,0
1523044440,19.440,19.430,19.410,19.440,0,0
1523044500,19.420,19.410,19.410,19.420,226029,1584621
1523044560,19.410,19.430,19.410,19.430,0,0
1523044620,19.420,19.390,19.390,19.420,0,0
1523044680,19.390,19.380,19.380,19.390,0,0
1523044740,19.380,19.350,19.340,19.380,0,0
1523280600,19.530,19.590,19.530,19.590,37199,0
1523280660,19.590,19.590,19.590,19.590,0,0
1523280720,19.490,19.550,19.490,19.550,0,0
1523280780,19.510,19.630,19.500,19.630,0,0
1523280840,19.680,19.570,19.570,19.680,0,0
1523280900,19.540,19.470,19.470,19.540,13799,37199
1523280960,19.520,19.480,19.480,19.520,0,0
1523281020,19.480,19.480,19.480,19.480,0,0
1523281080,19.460,19.430,19.430,19.460,0,0
1523281140,19.430,19.430,19.430,19.430,0,0
1523281200,19.430,19.440,19.430,19.440,22641,50998
1523281260,19.440,19.410,19.410,19.440,0,0
1523281320,19.430,19.440,19.430,19.440,0,0
1523281380,19.440,19.420,19.420,19.440,0,0
1523281440,19.410,19.360,19.360,19.410,0,0
1523281500,19.390,19.390,19.390,19.390,2254,73639
1523282220,19.520,19.530,19.520,19.530,0,0
1523282280,19.570,19.550,19.550,19.570,0,0
1523282340,19.570,19.520,19.520,19.570,0,0
1523282400,19.520,19.520,19.520,19.520,20375,0
1523282460,19.560,19.570,19.560,19.570,0,0
1523282520,19.580,19.560,19.560,19.600,0,0
1523282580,19.540,19.560,19.540,19.560,0,0
1523282640,19.520,19.520,19.520,19.520,0,0
1523282700,19.530,19.510,19.510,19.550,12750,0
1523282760,19.500,19.500,19.500,19.500,0,0
1523282820,19.500,19.500,19.500,19.500,0,0
1523282880,19.480,19.480,19.480,19.480,0,0
1523282940,19.470,19.480,19.470,19.480,0,0
1523283000,19.480,19.470,19.470,19.480,11580,210772
1523283060,19.470,19.450,19.450,19.470,0,0
1523283120,19.450,19.470,19.450,19.470,0,0
1523283180,19.490,19.480,19.480,19.490,0,0
1523283240,19.480,19.500,19.480,19.500,0,0
1523283300,19.490,19.480,19.480,19.490,16190,222352
1523283360,19.490,19.500,19.490,19.500,0,0
1523283420,19.510,19.500,19.470,19.510,0,0
1523283480,19.490,19.490,19.490,19.490,0,0
1523283540,19.490,19.480,19.480,19.490,0,0
1523283600,19.460,19.480,19.460,19.480,15451,238542
1523283660,19.470,19.460,19.460,19.470,0,0
1523283720,19.450,19.430,19.430,19.470,0,0
1523283780,19.420,19.410,19.410,19.420,0,0
1523283840,19.410,19.420,19.400,19.420,0,0
1523283900,19.440,19.440,19.440,19.440,14955,253993
1523283960,19.430,19.440,19.420,19.440,0,0
1523284020,19.460,19.450,19.450,19.460,0,0
1523284080,19.470,19.460,19.460,19.470,0,0
1523284140,19.470,19.460,19.460,19.470,0,0
1523284200,19.470,19.490,19.470,19.490,17248,268948
1523284260,19.490,19.530,19.490,19.530,0,0
1523284320,19.540,19.530,19.530,19.550,0,0
1523284380,19.520,19.530,19.520,19.530,0,0
1523284440,19.520,19.540,19.510,19.540,0,0
1523284500,19.560,19.540,19.530,19.560,19280,286196
1523284560,19.550,19.540,19.540,19.550,0,0
1523284620,19.550,19.540,19.540,19.550,0,0
1523284680,19.540,19.570,19.540,19.580,0,0
1523284740,19.520,19.520,19.520,19.520,0,0
1523284800,19.520,19.490,19.480,19.520,20428,305476
1523284860,19.520,19.500,19.500,19.520,0,0
1523284920,19.510,19.500,19.500,19.510,0,0
1523284980,19.510,19.490,19.490,19.510,0,0
1523285040,19.480,19.490,19.480,19.490,0,0
1523285100,19.470,19.480,19.470,19.490,16238,325904
1523285160,19.490,19.480,19.480,19.490,0,0
1523285220,19.470,19.450,19.450,19.470,0,0
1523285280,19.450,19.430,19.430,19.450,0,0
1523285340,19.420,19.420,19.420,19.420,0,0
1523285400,19.430,19.450,19.430,19.450,12712,342142
1523285460,19.460,19.480,19.460,19.480,0,0
1523285520,19.450,19.460,19.450,19.460,0,0
1523285580,19.470,19.480,19.470,19.480,0,0
1523285640,19.470,19.450,19.450,19.470,0,0
1523285700,19.440,19.440,19.440,19.440,8692,354854
1523285760,19.440,19.430,19.430,19.440,0,0
1523285820,19.460,19.460,19.460,19.460,0,0
1523285880,19.450,19.470,19.450,19.470,0,0
1523285940,19.480,19.470,19.470,19.480,0,0
1523286000,19.480,19.460,19.460,19.480,11162,363546
1523286060,19.470,19.470,19.470,19.470,0,0
1523286120,19.470,19.470,19.470,19.470,0,0
1523286180,19.490,19.480,19.470,19.490,0,0
1523286240,19.490,19.490,19.490,19.490,0,0
1523286300,19.480,19.490,19.480,19.490,17825,374708
1523286360,19.480,19.490,19.480,19.500,0,0
1523286420,19.470,19.430,19.430,19.470,0,0
1523286480,19.450,19.440,19.440,19.450,0,0
1523286540,19.440,19.450,19.440,19.450,0,0
1523286600,19.450,19.470,19.450,19.470,17826,392533
1523286660,19.480,19.460,19.460,19.480,0,0
1523286720,19.470,19.470,19.470,19.470,0,0
1523286780,19.460,19.490,19.460,19.500,0,0
1523286840,19.500,19.500,19.500,19.500,0,0
1523286900,19.510,19.520,19.510,19.520,19900,410359
1523286960,19.520,19.570,19.520,19.570,0,0
1523287020,19.550,19.530,19.530,19.550,0,0
1523287080,19.530,19.530,19.530,19.530,0,0
1523287140,19.540,19.530,19.530,19.540,0,0
1523287200,19.520,19.540,19.520,19.540,18152,430259
1523287260,19.540,19.550,19.540,19.550,0,0
1523287320,19.550,19.560,19.550,19.570,0,0
1523287380,19.560,19.550,19.550,19.570,0,0
1523287440,19.560,19.570,19.560,19.570,0,0
1523287500,19.570,19.580,19.570,19.580,23882,448411
1523287560,19.590,19.590,19.590,19.590,0,0
1523287620,19.590,19.570,19.570,19.590,0,0
1523287680,19.580,19.590,19.580,19.590,0,0
1523287740,19.600,19.610,19.600,19.610,0,0
1523287800,19.620,19.630,19.620,19.640,11603,472293
1523287860,19.630,19.650,19.630,19.650,0,0
1523287920,19.660,19.660,19.660,19.660,0,0
1523287980,19.670,19.670,19.670,19.670,0,0
1523288040,19.680,19.670,19.670,19.680,0,0
1523288100,19.670,19.660,19.660,19.670,16123,483896
1523288160,19.660,19.660,19.660,19.660,0,0
1523288220,19.670,19.660,19.660,19.670,0,0
1523288280,19.650,19.640,19.640,19.650,0,0
1523288340,19.650,19.630,19.630,19.650,0,0
1523288400,19.620,19.610,19.610,19.620,28726,500019
1523288520,19.630,19.640,19.630,19.640,0,0
1523288580,19.640,19.630,19.630,19.640,0,0
1523288640,19.630,19.630,19.630,19.630,0,0
1523288700,19.640,19.640,19.640,19.640,16161,528745
1523288760,19.650,19.640,19.640,19.650,0,0
1523288820,19.650,19.660,19.650,19.660,0,0
1523288880,19.640,19.640,19.640,19.640,0,0
1523288940,19.630,19.630,19.630,19.630,0,0
1523289000,19.620,19.600,19.600,19.620,15554,544906
1523289060,19.590,19.580,19.580,19.590,0,0
1523289120,19.570,19.580,19.570,19.580,0,0
1523289180,19.590,19.590,19.590,19.590,0,0
1523289240,19.590,19.590,19.590,19.590,0,0
1523289300,19.540,19.530,19.530,19.540,7838,560460
1523289360,19.530,19.520,19.520,19.530,0,0
1523289420,19.510,19.510,19.510,19.510,0,0
1523289480,19.520,19.540,19.520,19.540,0,0
1523289540,19.540,19.540,19.540,19.540,0,0
1523289600,19.550,19.540,19.540,19.550,9223,568298
1523289720,19.530,19.530,19.530,19.530,0,0
1523289780,19.540,19.540,19.540,19.540,0,0
1523289840,19.550,19.570,19.550,19.570,0,0
1523289900,19.560,19.560,19.560,19.560,6363,577521
1523289960,19.590,19.570,19.570,19.590,0,0
1523290080,19.590,19.610,19.590,19.610,0,0
1523290140,19.590,19.590,19.590,19.590,0,0
1523290200,19.600,19.600,19.600,19.600,5340,583884
1523290260,19.590,19.590,19.590,19.590,0,0
1523290320,19.590,19.580,19.580,19.590,0,0
1523290380,19.590,19.590,19.590,19.590,0,0
1523290440,19.600,19.600,19.600,19.600,0,0
1523290500,19.600,19.600,19.600,19.600,7204,589224
1523290560,19.600,19.590,19.590,19.600,0,0
1523290620,19.600,19.610,19.600,19.610,0,0
1523290680,19.620,19.590,19.590,19.620,0,0
1523290740,19.590,19.590,19.590,19.590,0,0
1523290800,19.590,19.590,19.590,19.590,3962,596428
1523290860,19.590,19.580,19.580,19.590,0,0
1523290920,19.580,19.580,19.580,19.580,0,0
1523291040,19.580,19.570,19.570,19.580,0,0
1523291100,19.580,19.590,19.580,19.590,10156,600390
1523291160,19.580,19.560,19.560,19.580,0,0
1523291280,19.560,19.560,19.560,19.560,0,0
1523291340,19.560,19.560,19.560,19.560,0,0
1523291400,19.550,19.550,19.550,19.550,2966,610546
1523291460,19.540,19.540,19.540,19.540,0,0
1523291580,19.540,19.530,19.530,19.540,0,0
1523291700,19.550,19.550,19.550,19.550,11825,613512
1523291760,19.560,19.560,19.560,19.560,0,0
1523291820,19.560,19.580,19.560,19.580,0,0
1523291880,19.590,19.560,19.560,19.590,0,0
1523291940,19.560,19.550,19.550,19.560,0,0
1523292000,19.540,19.540,19.540,19.540,4399,625337
1523292180,19.560,19.560,19.560,19.560,0,0
1523292240,19.550,19.550,19.550,19.550,0,0
1523292300,19.550,19.560,19.550,19.560,10603,629736
1523292360,19.550,19.540,19.540,19.550,0,0
1523292420,19.560,19.560,19.560,19.560,0,0
1523292480,19.570,19.580,19.570,19.580,0,0
1523292540,19.570,19.570,19.570,19.570,0,0
1523292600,19.570,19.580,19.570,19.580,2742,640339
1523292660,19.580,19.570,19.570,19.580,0,0
1523292720,19.570,19.570,19.570,19.570,0,0
1523292780,19.570,19.570,19.570,19.570,0,0
1523292840,19.570,19.570,19.570,19.570,0,0
1523292900,19.580,19.560,19.560,19.580,8501,643081
1523292960,19.580,19.560,19.560,19.580,0,0
1523293020,19.570,19.560,19.560,19.570,0,0
1523293080,19.550,19.560,19.550,19.560,0,0
1523293200,19.570,19.580,19.570,19.580,10065,651582
1523293260,19.580,19.620,19.580,19.620,0,0
1523293320,19.620,19.600,19.600,19.620,0,0
1523293380,19.590,19.590,19.590,19.590,0,0
1523293500,19.580,19.590,19.580,19.590,12199,661647
1523293560,19.590,19.580,19.580,19.590,0,0
1523293620,19.580,19.590,19.580,19.600,0,0
1523293680,19.600,19.600,19.600,19.600,0,0
1523293740,19.600,19.600,19.600,19.600,0,0
1523293800,19.600,19.610,19.600,19.610,6152,673846
1523293920,19.610,19.600,19.600,19.610,0,0
1523293980,19.590,19.590,19.590,19.590,0,0
1523294040,19.590,19.580,19.580,19.590,0,0
1523294100,19.580,19.580,19.580,19.580,9314,679998
1523294160,19.580,19.590,19.580,19.590,0,0
1523294220,19.590,19.600,19.590,19.600,0,0
1523294340,19.590,19.590,19.590,19.590,0,0
1523294400,19.590,19.600,19.590,19.600,23438,689312
1523294520,19.590,19.600,19.590,19.600,0,0
1523294580,19.590,19.620,19.590,19.620,0,0
1523294640,19.620,19.640,19.620,19.650,0,0
1523294700,19.640,19.680,19.640,19.680,10670,712750
1523294760,19.670,19.670,19.670,19.670,0,0
1523294820,19.670,19.670,19.670,19.670,0,0
1523294880,19.680,19.690,19.680,19.690,0,0
1523294940,19.690,19.700,19.690,19.700,0,0
1523295000,19.700,19.700,19.700,19.700,8854,723420
1523295060,19.710,19.710,19.710,19.710,0,0
1523295120,19.700,19.710,19.700,19.710,0,0
1523295180,19.710,19.730,19.710,19.730,0,0
1523295300,19.730,19.730,19.730,19.730,10677,732274
1523295360,19.710,19.710,19.710,19.710,0,0
1523295420,19.710,19.720,19.710,19.720,0,0
1523295480,19.710,19.730,19.710,19.730,0,0
1523295540,19.730,19.750,19.730,19.750,0,0
1523295600,19.750,19.730,19.730,19.750,6947,742951
1523295660,19.740,19.740,19.740,19.740,0,0
1523295720,19.730,19.730,19.730,19.730,0,0
1523295780,19.730,19.730,19.730,19.730,0,0
1523295840,19.730,19.750,19.730,19.750,0,0
1523295900,19.750,19.760,19.750,19.760,15369,749898
1523295960,19.740,19.750,19.740,19.750,0,0
1523296080,19.750,19.760,19.750,19.760,0,0
1523296140,19.770,19.770,19.770,19.770,0,0
1523296200,19.780,19.780,19.780,19.780,8513,765267
1523296260,19.790,19.800,19.790,19.800,0,0
1523296320,19.800,19.790,19.790,19.810,0,0
1523296440,19.800,19.800,19.800,19.800,0,0
1523296500,19.800,19.790,19.790,19.800,3475,773780
1523296620,19.790,19.780,19.780,19.800,0,0
1523296740,19.780,19.780,19.780,19.780,0,0
1523296800,19.780,19.780,19.780,19.780,23234,777255
1523296860,19.780,19.780,19.780,19.780,0,0
1523296920,19.780,19.790,19.770,19.790,0,0
1523296980,19.780,19.720,19.720,19.780,0,0
1523297040,19.710,19.720,19.710,19.720,0,0
1523297100,19.710,19.700,19.700,19.710,12983,800489
1523297160,19.700,19.690,19.690,19.700,0,0
1523297220,19.690,19.670,19.670,19.690,0,0
1523297280,19.700,19.700,19.700,19.700,0,0
1523297340,19.700,19.690,19.690,19.700,0,0
1523297400,19.680,19.680,19.680,19.680,10534,813472
1523297460,19.690,19.700,19.690,19.700,0,0
1523297580,19.710,19.710,19.710,19.710,0,0
1523297640,19.720,19.720,19.720,19.720,0,0
1523297700,19.730,19.740,19.730,19.740,8460,824006
1523297760,19.740,19.730,19.730,19.740,0,0
1523297940,19.740,19.750,19.740,19.750,0,0
1523298000,19.740,19.740,19.740,19.740,10733,832466
1523298060,19.730,19.700,19.700,19.730,0,0
1523298120,19.700,19.700,19.700,19.700,0,0
1523298180,19.700,19.700,19.700,19.700,0,0
1523298300,19.700,19.700,19.700,19.700,11564,843199
1523298360,19.700,19.710,19.700,19.710,0,0
1523298420,19.720,19.720,19.720,19.720,0,0
1523298480,19.710,19.720,19.710,19.720,0,0
1523298540,19.720,19.730,19.720,19.730,0,0
1523298600,19.730,19.740,19.730,19.740,6728,854763
1523298660,19.750,19.760,19.750,19.760,0,0
1523298720,19.750,19.750,19.750,19.750,0,0
1523298780,19.750,19.750,19.750,19.750,0,0
1523298840,19.750,19.750,19.750,19.750,0,0
1523298900,19.750,19.720,19.720,19.750,15829,861491
1523299020,19.700,19.720,19.700,19.730,0,0
1523299140,19.700,19.690,19.690,19.700,0,0
1523299200,19.690,19.670,19.670,19.690,7381,877320
1523299260,19.680,19.680,19.680,19.680,0,0
1523299320,19.650,19.660,19.650,19.660,0,0
1523299380,19.640,19.640,19.640,19.640,0,0
1523299440,19.640,19.640,19.640,19.640,0,0
1523299500,19.650,19.670,19.650,19.670,11025,884701
1523299560,19.670,19.680,19.670,19.680,0,0
1523299620,19.680,19.680,19.680,19.680,0,0
1523299680,19.690,19.670,19.670,19.690,0,0
1523299740,19.670,19.670,19.670,19.670,0,0
1523299800,19.670,19.670,19.670,19.670,11871,895726
1523299860,19.680,19.680,19.680,19.680,0,0
1523299920,19.680,19.700,19.680,19.700,0,0
1523299980,19.700,19.710,19.700,19.710,0,0
1523300040,19.710,19.720,19.710,19.720,0,0
1523300100,19.720,19.730,19.710,19.730,16276,907597
1523300160,19.730,19.740,19.730,19.740,0,0
1523300220,19.740,19.740,19.740,19.740,0,0
1523300280,19.740,19.750,19.740,19.750,0,0
1523300340,19.750,19.750,19.750,19.750,0,0
1523300400,19.750,19.750,19.750,19.750,12906,923873
1523300460,19.750,19.770,19.750,19.770,0,0
1523300520,19.760,19.740,19.740,19.760,0,0
1523300580,19.750,19.750,19.750,19.750,0,0
1523300640,19.760,19.760,19.760,19.760,0,0
1523300700,19.750,19.740,19.740,19.750,14210,936779
1523300760,19.740,19.740,19.740,19.740,0,0
1523300820,19.750,19.750,19.750,19.750,0,0
1523300880,19.750,19.750,19.750,19.750,0,0
1523300940,19.740,19.720,19.720,19.740,0,0
1523301000,19.720,19.730,19.720,19.730,15749,950989
1523301060,19.730,19.730,19.730,19.730,0,0
1523301120,19.720,19.720,19.720,19.720,0,0
1523301180,19.710,19.700,19.700,19.710,0,0
1523301240,19.700,19.680,19.680,19.700,0,0
1523301300,19.670,19.660,19.660,19.680,13005,966738
1523301360,19.650,19.650,19.650,19.650,0,0
1523301420,19.640,19.630,19.630,19.640,0,0
1523301480,19.630,19.620,19.620,19.630,0,0
1523301540,19.620,19.620,19.620,19.620,0,0
1523301600,19.610,19.600,19.600,19.610,12932,979743
1523301660,19.620,19.620,19.620,19.620,0,0
1523301720,19.610,19.610,19.610,19.610,0,0
1523301780,19.610,19.600,19.600,19.610,0,0
1523301840,19.610,19.620,19.610,19.620,0,0
1523301900,19.610,19.610,19.610,19.610,20943,992675
1523301960,19.620,19.640,19.620,19.640,0,0
1523302020,19.630,19.640,19.630,19.640,0,0
1523302080,19.630,19.620,19.620,19.630,0,0
1523302140,19.630,19.640,19.630,19.640,0,0
1523302200,19.640,19.640,19.640,19.640,23866,1013618
1523302260,19.640,19.630,19.630,19.640,0,0
1523302320,19.610,19.620,19.610,19.620,0,0
1523302380,19.620,19.580,19.580,19.620,0,0
1523302440,19.570,19.570,19.570,19.570,0,0
1523302500,19.570,19.570,19.570,19.570,19886,1037484
1523302560,19.570,19.580,19.570,19.580,0,0
1523302620,19.570,19.570,19.570,19.570,0,0
1523302680,19.560,19.570,19.560,19.570,0,0
1523302740,19.560,19.540,19.540,19.560,0,0
1523302800,19.530,19.540,19.530,19.540,30522,1057370
1523302860,19.530,19.520,19.520,19.540,0,0
1523302920,19.520,19.510,19.510,19.520,0,0
1523302980,19.510,19.530,19.510,19.530,0,0
1523303040,19.520,19.530,19.520,19.540,0,0
1523303100,19.530,19.550,19.520,19.550,37903,1087892
1523303160,19.540,19.550,19.540,19.550,0,0
1523303220,19.550,19.520,19.520,19.550,0,0
1523303280,19.520,19.530,19.520,19.530,0,0
1523303340,19.530,19.520,19.510,19.530,0,0
1523303400,19.500,19.500,19.500,19.500,65837,1125795
1523303460,19.500,19.520,19.500,19.520,0,0
1523303520,19.520,19.530,19.520,19.530,0,0
1523303580,19.520,19.510,19.510,19.520,0,0
1523303640,19.520,19.540,19.520,19.540,0,0
1523303700,19.550,19.550,19.550,19.550,324428,1191632
1523303760,19.550,19.530,19.520,19.550,0,0
1523303820,19.530,19.520,19.520,19.530,0,0
1523303880,19.530,19.520,19.520,19.530,0,0
1523303940,19.530,19.500,19.500,19.540,0,0
1523367000,20.100,20.080,20.080,20.100,29037,0
1523367060,20.100,20.080,20.080,20.100,0,0
1523367120,20.080,20.060,20.060,20.080,0,0
1523367180,20.020,19.990,19.980,20.020,0,0
1523367240,20.000,20.010,19.960,20.010,0,0
1523367300,20.000,20.000,20.000,20.000,10662,29037
1523367360,19.990,20.000,19.990,20.000,0,0
1523367480,19.970,20.010,19.970,20.010,0,0
1523367540,20.050,20.050,20.050,20.050,0,0
1523367600,20.050,20.000,19.980,20.050,11992,39699
1523367660,20.000,20.020,20.000,20.020,0,0
1523367720,19.990,20.040,19.990,20.040,0,0
1523367780,20.020,20.020,20.020,20.020,0,0
1523367840,20.000,20.020,20.000,20.020,0,0
1523367900,20.000,19.990,19.990,20.000,13673,51691
1523367960,19.990,19.990,19.990,19.990,0,0
1523368020,19.990,19.980,19.980,19.990,0,0
1523368080,19.990,19.990,19.990,19.990,0,0
1523368140,20.000,20.020,20.000,20.020,0,0
1523368200,20.030,20.000,20.000,20.030,68950,65364
1523368260,19.990,20.010,19.990,20.010,0,0
1523368320,19.990,19.980,19.970,19.990,0,0
1523368380,19.980,19.990,19.980,19.990,0,0
1523368440,19.990,19.980,19.980,19.990,0,0
1523368500,19.960,19.960,19.960,19.960,14747,134314
1523368620,19.950,19.920,19.920,19.950,0,0
1523368680,19.880,19.880,19.880,19.880,0,0
1523368740,19.860,19.860,19.860,19.860,0,0
1523368800,19.850,19.840,19.840,19.850,8152,149061
1523368860,19.860,19.860,19.860,19.860,0,0
1523368920,19.850,19.850,19.850,19.850,0,0
1523368980,19.830,19.840,19.830,19.840,0,0
1523369040,19.850,19.850,19.850,19.850,0,0
1523369100,19.840,19.820,19.820,19.840,23980,157213
1523369160,19.810,19.820,19.810,19.820,0,0
1523369220,19.830,19.840,19.830,19.840,0,0
1523369280,19.850,19.840,19.840,19.850,0,0
1523369340,19.860,19.880,19.860,19.880,0,0
1523369400,19.880,19.880,19.880,19.880,8914,181193
1523369460,19.880,19.900,19.880,19.900,0,0
1523369520,19.900,19.910,19.900,19.910,0,0
1523369580,19.920,19.960,19.920,19.960,0,0
1523369700,19.960,19.980,19.960,19.980,29250,190107
1523369760,19.990,20.000,19.990,20.000,0,0
1523369820,19.980,19.990,19.970,19.990,0,0
1523369880,19.970,19.980,19.970,19.980,0,0
1523369940,19.980,19.970,19.970,19.980,0,0
1523370000,19.940,19.930,19.930,19.940,12064,219357
1523370060,19.920,19.940,19.920,19.940,0,0
1523370120,19.940,19.910,19.910,19.940,0,0
1523370180,19.930,19.950,19.930,19.950,0,0
1523370240,19.950,19.960,19.950,19.960,0,0
1523370300,19.950,19.950,19.950,19.950,9059,231421
1523370360,19.950,19.930,19.930,19.950,0,0
1523370420,19.940,19.940,19.940,19.940,0,0
1523370480,19.940,19.950,19.940,19.950,0,0
1523370540,19.950,19.930,19.930,19.950,0,0
1523370600,19.950,19.960,19.950,19.970,12171,240480
1523370660,19.950,19.940,19.940,19.950,0,0
1523370720,19.950,19.950,19.950,19.950,0,0
1523370780,19.960,19.980,19.960,19.980,0,0
1523370840,19.980,19.990,19.980,19.990,0,0
1523370900,19.990,19.990,19.990,19.990,9303,252651
1523370960,19.990,20.010,19.990,20.010,0,0
1523371020,20.020,20.020,20.020,20.020,0,0
1523371080,20.030,20.030,20.030,20.030,0,0
1523371140,20.020,20.030,20.020,20.030,0,0
1523371200,20.070,20.070,20.070,20.070,10520,261954
1523371260,20.070,20.070,20.070,20.070,0,0
1523371320,20.070,20.080,20.070,20.080,0,0
1523371380,20.090,20.090,20.090,20.090,0,0
1523371440,20.090,20.100,20.090,20.100,0,0
1523371500,20.100,20.080,20.070,20.100,11376,272474
1523371560,20.100,20.100,20.100,20.100,0,0
1523371620,20.110,20.150,20.110,20.150,0,0
1523371680,20.140,20.130,20.130,20.140,0,0
1523371740,20.130,20.110,20.110,20.130,0,0
1523371800,20.130,20.140,20.130,20.140,10161,283850
1523371860,20.130,20.160,20.130,20.160,0,0
1523371920,20.170,20.170,20.170,20.170,0,0
1523371980,20.180,20.190,20.180,20.200,0,0
1523372100,20.190,20.180,20.180,20.190,10524,294011
1523372160,20.160,20.140,20.140,20.160,0,0
1523372220,20.160,20.140,20.140,20.160,0,0
1523372280,20.140,20.130,20.130,20.140,0,0
1523372340,20.130,20.130,20.130,20.130,0,0
1523372400,20.160,20.170,20.150,20.170,10975,304535
1523372520,20.150,20.160,20.150,20.160,0,0
1523372580,20.150,20.170,20.150,20.170,0,0
1523372640,20.160,20.160,20.160,20.160,0,0
1523372700,20.150,20.160,20.150,20.160,10480,315510
1523372760,20.160,20.170,20.160,20.170,0,0
1523372880,20.150,20.150,20.150,20.150,0,0
1523372940,20.150,20.140,20.130,20.150,0,0
1523373000,20.120,20.110,20.110,20.120,25828,325990
1523373060,20.110,20.090,20.090,20.120,0,0
1523373120,20.080,20.090,20.080,20.100,0,0
1523373180,20.090,20.110,20.090,20.110,0,0
1523373240,20.100,20.130,20.100,20.130,0,0
1523373300,20.120,20.130,20.120,20.130,19619,351818
1523373360,20.120,20.130,20.120,20.130,0,0
1523373420,20.160,20.150,20.150,20.160,0,0
1523373480,20.150,20.140,20.140,20.150,0,0
1523373540,20.150,20.140,20.140,20.150,0,0
1523373600,20.140,20.150,20.140,20.150,17196,371437
1523373660,20.150,20.160,20.150,20.160,0,0
1523373720,20.170,20.180,20.170,20.180,0,0
1523373780,20.170,20.190,20.170,20.190,0,0
1523373840,20.170,20.190,20.170,20.190,0,0
1523373900,20.200,20.200,20.200,20.200,12834,388633
1523373960,20.200,20.170,20.170,20.200,0,0
1523374020,20.160,20.160,20.160,20.160,0,0
1523374080,20.170,20.160,20.160,20.170,0,0
1523374140,20.170,20.180,20.170,20.180,0,0
1523374200,20.180,20.180,20.180,20.180,10852,401467
1523374260,20.200,20.210,20.190,20.210,0,0
1523374320,20.210,20.220,20.210,20.220,0,0
1523374380,20.210,20.220,20.210,20.220,0,0
1523374440,20.210,20.220,20.210,20.220,0,0
1523374500,20.220,20.220,20.220,20.220,13630,412319
1523374560,20.210,20.210,20.210,20.210,0,0
1523374620,20.200,20.210,20.200,20.210,0,0
1523374680,20.180,20.180,20.180,20.180,0,0
1523374740,20.180,20.170,20.160,20.180,0,0
1523374800,20.180,20.170,20.170,20.180,9125,425949
1523374860,20.170,20.180,20.170,20.180,0,0
1523374920,20.190,20.180,20.180,20.190,0,0
1523374980,20.150,20.150,20.150,20.150,0,0
1523375040,20.130,20.110,20.110,20.130,0,0
1523375100,20.110,20.030,20.030,20.110,13947,435074
1523375160,20.030,20.050,20.030,20.050,0,0
1523375220,20.060,20.060,20.060,20.060,0,0
1523375280,20.050,20.070,20.050,20.080,0,0
1523375340,20.070,20.050,20.050,20.070,0,0
1523375400,20.050,20.060,20.050,20.060,16858,449021
1523375460,20.060,20.050,20.050,20.060,0,0
1523375520,20.100,20.100,20.100,20.100,0,0
1523375580,20.120,20.140,20.120,20.140,0,0
1523375640,20.160,20.130,20.130,20.160,0,0
1523375700,20.140,20.160,20.140,20.180,8431,465879
1523375760,20.150,20.160,20.150,20.160,0,0
1523375820,20.140,20.150,20.140,20.150,0,0
1523375880,20.160,20.160,20.160,20.160,0,0
1523375940,20.150,20.140,20.140,20.150,0,0
1523376000,20.140,20.140,20.140,20.140,8623,474310
1523376060,20.140,20.150,20.140,20.160,0,0
1523376120,20.140,20.130,20.130,20.140,0,0
1523376180,20.120,20.120,20.120,20.120,0,0
1523376240,20.130,20.130,20.130,20.130,0,0
1523376300,20.150,20.160,20.150,20.160,8560,482933
1523376360,20.150,20.150,20.150,20.150,0,0
1523376420,20.150,20.130,20.130,20.150,0,0
1523376480,20.140,20.140,20.140,20.140,0,0
1523376540,20.140,20.150,20.140,20.150,0,0
1523376600,20.140,20.140,20.140,20.140,23709,491493
1523376660,20.140,20.140,20.140,20.140,0,0
1523376720,20.120,20.120,20.120,20.120,0,0
1523376780,20.110,20.090,20.090,20.120,0,0
1523376840,20.080,20.080,20.080,20.080,0,0
1523376900,20.070,20.070,20.070,20.070,6579,515202
1523376960,20.080,20.080,20.080,20.080,0,0
1523377080,20.110,20.110,20.110,20.110,0,0
1523377200,20.100,20.080,20.080,20.100,12630,521781
1523377260,20.090,20.090,20.090,20.090,0,0
1523377320,20.090,20.100,20.090,20.100,0,0
1523377380,20.070,20.070,20.070,20.070,0,0
1523377440,20.070,20.070,20.070,20.070,0,0
1523377500,20.070,20.050,20.050,20.070,16809,534411
1523377560,20.030,20.010,20.000,20.030,0,0
1523377620,20.000,20.040,20.000,20.040,0,0
1523377680,20.050,20.060,20.050,20.060,0,0
1523377740,20.060,20.060,20.060,20.060,0,0
1523377800,20.060,20.060,20.060,20.060,15241,551220
1523377860,20.060,20.080,20.060,20.080,0,0
1523377920,20.090,20.110,20.090,20.110,0,0
1523377980,20.090,20.100,20.090,20.130,0,0
1523378040,20.100,20.080,20.080,20.100,0,0
1523378100,20.090,20.080,20.080,20.090,8551,566461
1523378160,20.090,20.080,20.080,20.100,0,0
1523378220,20.080,20.090,20.080,20.090,0,0
1523378280,20.080,20.080,20.080,20.080,0,0
1523378340,20.100,20.100,20.100,20.100,0,0
1523378400,20.100,20.090,20.080,20.100,10837,575012
1523378460,20.090,20.090,20.090,20.090,0,0
1523378520,20.100,20.100,20.100,20.100,0,0
1523378580,20.100,20.100,20.100,20.100,0,0
1523378640,20.110,20.120,20.110,20.130,0,0
1523378700,20.140,20.140,20.140,20.140,11687,585849
1523378760,20.140,20.130,20.130,20.140,0,0
1523378820,20.130,20.140,20.130,20.140,0,0
1523378880,20.160,20.170,20.160,20.180,0,0
1523378940,20.160,20.170,20.160,20.170,0,0
1523379000,20.160,20.170,20.160,20.170,8996,597536
1523379060,20.180,20.180,20.180,20.180,0,0
1523379120,20.150,20.150,20.150,20.150,0,0
1523379240,20.140,20.120,20.120,20.140,0,0
1523379300,20.110,20.130,20.110,20.130,7493,606532
1523379360,20.140,20.140,20.140,20.140,0,0
1523379420,20.150,20.140,20.140,20.150,0,0
1523379540,20.150,20.140,20.140,20.150,0,0
1523379600,20.150,20.130,20.130,20.150,19940,614025
1523379660,20.140,20.170,20.140,20.170,0,0
1523379720,20.170,20.160,20.160,20.170,0,0
1523379780,20.160,20.150,20.150,20.160,0,0
1523379840,20.170,20.160,20.160,20.170,0,0
1523379900,20.150,20.130,20.130,20.150,10255,633965
1523379960,20.120,20.120,20.120,20.120,0,0
1523380020,20.130,20.140,20.130,20.140,0,0
1523380080,20.130,20.130,20.130,20.130,0,0
1523380140,20.130,20.150,20.130,20.170,0,0
1523380200,20.140,20.170,20.140,20.170,12858,644220
1523380260,20.170,20.170,20.170,20.170,0,0
1523380320,20.200,20.190,20.190,20.200,0,0
1523380380,20.200,20.200,20.200,20.200,0,0
1523380440,20.200,20.180,20.180,20.200,0,0
1523380500,20.190,20.180,20.170,20.190,16822,657078
1523380560,20.180,20.190,20.180,20.190,0,0
1523380620,20.190,20.180,20.180,20.210,0,0
1523380680,20.190,20.180,20.180,20.190,0,0
1523380740,20.190,20.180,20.180,20.190,0,0
1523380800,20.170,20.170,20.170,20.170,12686,673900
1523380860,20.170,20.170,20.170,20.170,0,0
1523380920,20.190,20.190,20.190,20.190,0,0
1523380980,20.200,20.210,20.200,20.210,0,0
1523381040,20.200,20.220,20.200,20.220,0,0
1523381100,20.210,20.230,20.210,20.230,13206,686586
1523381160,20.220,20.210,20.210,20.220,0,0
1523381280,20.230,20.230,20.230,20.230,0,0
1523381340,20.230,20.210,20.200,20.230,0,0
1523381400,20.230,20.240,20.220,20.240,24879,699792
1523381460,20.230,20.220,20.220,20.230,0,0
1523381520,20.240,20.230,20.230,20.250,0,0
1523381580,20.230,20.240,20.230,20.240,0,0
1523381640,20.240,20.230,20.220,20.240,0,0
1523381700,20.220,20.180,20.180,20.220,7896,724671
1523381760,20.190,20.190,20.190,20.190,0,0
1523381820,20.200,20.200,20.200,20.200,0,0
1523381880,20.210,20.210,20.210,20.210,0,0
1523381940,20.220,20.210,20.210,20.220,0,0
1523382000,20.210,20.200,20.200,20.210,7578,732567
1523382060,20.200,20.190,20.190,20.200,0,0
1523382120,20.190,20.210,20.190,20.210,0,0
1523382240,20.210,20.200,20.200,20.210,0,0
1523382300,20.200,20.160,20.160,20.200,9212,740145
1523382360,20.160,20.160,20.160,20.160,0,0
1523382420,20.140,20.160,20.130,20.160,0,0
1523382480,20.170,20.150,20.150,20.170,0,0
1523382540,20.160,20.150,20.150,20.160,0,0
1523382600,20.160,20.140,20.140,20.160,9864,749357
1523382660,20.130,20.130,20.130,20.130,0,0
1523382720,20.140,20.150,20.140,20.150,0,0
1523382780,20.140,20.160,20.140,20.160,0,0
1523382840,20.170,20.170,20.170,20.170,0,0
1523382900,20.170,20.180,20.170,20.180,7332,759221
1523382960,20.180,20.190,20.180,20.190,0,0
1523383020,20.210,20.220,20.210,20.220,0,0
1523383140,20.210,20.220,20.210,20.220,0,0
1523383200,20.220,20.210,20.210,20.230,6715,766553
1523383260,20.210,20.220,20.210,20.220,0,0
1523383320,20.210,20.210,20.210,20.210,0,0
1523383380,20.210,20.210,20.210,20.210,0,0
1523383440,20.220,20.220,20.220,20.220,0,0
1523383500,20.220,20.200,20.190,20.220,21055,773268
1523383560,20.200,20.210,20.200,20.210,0,0
1523383620,20.220,20.220,20.220,20.220,0,0
1523383680,20.220,20.210,20.210,20.220,0,0
1523383740,20.230,20.240,20.230,20.240,0,0
1523383800,20.250,20.250,20.250,20.250,14726,794323
1523383860,20.260,20.260,20.260,20.260,0,0
1523383920,20.270,20.260,20.260,20.270,0,0
1523383980,20.240,20.230,20.220,20.240,0,0
1523384040,20.220,20.230,20.220,20.230,0,0
1523384100,20.220,20.230,20.220,20.230,9829,809049
1523384160,20.230,20.250,20.230,20.260,0,0
1523384220,20.250,20.240,20.240,20.250,0,0
1523384280,20.240,20.240,20.240,20.240,0,0
1523384340,20.240,20.250,20.240,20.250,0,0
1523384400,20.240,20.250,20.240,20.250,7861,818878
1523384460,20.250,20.250,20.250,20.250,0,0
1523384520,20.250,20.250,20.250,20.250,0,0
1523384580,20.250,20.260,20.250,20.260,0,0
1523384640,20.270,20.260,20.260,20.270,0,0
1523384700,20.250,20.260,20.250,20.270,7549,826739
1523384760,20.260,20.260,20.260,20.260,0,0
1523384820,20.260,20.260,20.260,20.260,0,0
1523384940,20.250,20.240,20.240,20.250,0,0
1523385000,20.230,20.220,20.220,20.230,13710,834288
1523385060,20.230,20.240,20.230,20.240,0,0
1523385120,20.250,20.250,20.250,20.250,0,0
1523385180,20.250,20.250,20.250,20.250,0,0
1523385240,20.240,20.270,20.240,20.270,0,0
1523385300,20.270,20.250,20.250,20.270,15017,847998
1523385360,20.240,20.220,20.220,20.240,0,0
1523385420,20.220,20.210,20.210,20.220,0,0
1523385480,20.210,20.220,20.210,20.220,0,0
1523385540,20.240,20.240,20.240,20.240,0,0
1523385600,20.250,20.180,20.180,20.250,11592,863015
1523385660,20.190,20.200,20.190,20.210,0,0
1523385780,20.200,20.200,20.200,20.200,0,0
1523385840,20.200,20.200,20.200,20.200,0,0
1523385900,20.220,20.230,20.220,20.230,20531,874607
1523385960,20.230,20.230,20.230,20.230,0,0
1523386020,20.210,20.200,20.200,20.210,0,0
1523386140,20.200,20.190,20.190,20.200,0,0
1523386200,20.190,20.190,20.190,20.190,25039,895138
1523386260,20.190,20.190,20.190,20.190,0,0
1523386320,20.210,20.220,20.210,20.220,0,0
1523386380,20.230,20.250,20.230,20.250,0,0
1523386440,20.250,20.280,20.250,20.280,0,0
1523386500,20.280,20.280,20.280,20.280,151426,920177
1523386560,20.280,20.270,20.270,20.280,0,0
1523386620,20.280,20.270,20.270,20.290,0,0
1523386680,20.270,20.270,20.270,20.270,0,0
1523386740,20.270,20.290,20.270,20.290,0,0
1523386800,20.270,20.300,20.270,20.300,35150,1071603
1523386860,20.310,20.320,20.310,20.330,0,0
1523386920,20.320,20.310,20.310,20.320,0,0
1523386980,20.300,20.290,20.290,20.300,0,0
1523387040,20.280,20.250,20.250,20.280,0,0
1523387100,20.250,20.250,20.250,20.250,24197,1106753
1523387160,20.270,20.280,20.270,20.280,0,0
1523387220,20.280,20.300,20.280,20.300,0,0
1523387280,20.300,20.310,20.300,20.310,0,0
1523387340,20.300,20.320,20.300,20.320,0,0
1523387400,20.320,20.330,20.320,20.340,17597,1130950
1523387460,20.330,20.320,20.320,20.330,0,0
1523387520,20.330,20.330,20.330,20.330,0,0
1523387580,20.320,20.310,20.310,20.320,0,0
1523387640,20.310,20.300,20.300,20.310,0,0
1523387700,20.300,20.300,20.300,20.300,13194,1148547
1523387760,20.300,20.300,20.300,20.300,0,0
1523387820,20.290,20.310,20.290,20.310,0,0
1523387880,20.320,20.310,20.310,20.320,0,0
1523387940,20.320,20.330,20.320,20.330,0,0
1523388000,20.320,20.330,20.320,20.330,18686,1161741
1523388060,20.320,20.310,20.310,20.320,0,0
1523388120,20.310,20.310,20.310,20.310,0,0
1523388180,20.310,20.290,20.290,20.310,0,0
1523388240,20.270,20.270,20.270,20.270,0,0
1523388300,20.270,20.260,20.250,20.270,32382,1180427
1523388360,20.250,20.260,20.240,20.260,0,0
1523388420,20.260,20.270,20.260,20.270,0,0
1523388480,20.270,20.270,20.270,20.270,0,0
1523388540,20.270,20.300,20.270,20.300,0,0
1523388600,20.280,20.270,20.270,20.280,35577,1212809
1523388660,20.280,20.270,20.270,20.290,0,0
1523388720,20.270,20.260,20.260,20.280,0,0
1523388780,20.250,20.250,20.250,20.250,0,0
1523388840,20.250,20.240,20.240,20.250,0,0
1523388900,20.250,20.270,20.250,20.280,41510,1248386
1523388960,20.270,20.270,20.270,20.270,0,0
1523389020,20.270,20.260,20.260,20.270,0,0
1523389080,20.270,20.290,20.270,20.290,0,0
1523389140,20.290,20.310,20.290,20.310,0,0
1523389200,20.310,20.320,20.300,20.330,43482,1289896
1523389260,20.320,20.320,20.320,20.320,0,0
1523389320,20.320,20.300,20.300,20.320,0,0
1523389380,20.300,20.310,20.300,20.320,0,0
1523389440,20.300,20.300,20.300,20.300,0,0
1523389500,20.300,20.310,20.300,20.320,103381,1333378
1523389560,20.300,20.310,20.300,20.310,0,0
1523389620,20.310,20.300,20.300,20.320,0,0
1523389680,20.300,20.320,20.300,20.320,0,0
1523389740,20.310,20.300,20.300,20.340,0,0
1523389800,20.320,20.320,20.320,20.320,88532,1436759
1523389860,20.320,20.300,20.300,20.320,0,0
1523389920,20.300,20.310,20.300,20.310,0,0
1523389980,20.300,20.300,20.300,20.300,0,0
1523390040,20.300,20.300,20.300,20.300,0,0
1523390100,20.300,20.300,20.300,20.300,204846,1525291
1523390160,20.300,20.260,20.260,20.300,0,0
1523390220,20.250,20.220,20.220,20.250,0,0
1523390280,20.210,20.220,20.210,20.240,0,0
1523390340,20.210,20.200,20.200,20.220,0,0
1523453400,20.060,20.060,20.060,20.060,19137,0
1523453460,20.060,20.060,20.060,20.060,0,0
1523453520,20.100,20.100,20.100,20.100,0,0
1523453580,20.160,20.160,20.160,20.160,0,0
1523453700,20.090,20.090,20.090,20.090,8384,19137
1523453760,20.090,20.090,20.090,20.090,0,0
1523453820,20.090,20.080,20.080,20.090,0,0
1523453880,20.060,20.060,20.060,20.060,0,0
1523453940,20.040,20.040,20.040,20.040,0,0
1523454000,20.040,20.040,20.040,20.040,4048,27521
1523454060,20.040,20.040,20.040,20.040,0,0
1523454120,20.090,20.090,20.090,20.090,0,0
1523454180,20.140,20.140,20.140,20.140,0,0
1523454240,20.140,20.120,20.120,20.140,0,0
1523454300,20.120,20.120,20.120,20.120,4250,31569
1523454360,20.140,20.120,20.120,20.140,0,0
1523454420,20.130,20.130,20.130,20.130,0,0
1523454480,20.140,20.140,20.140,20.140,0,0
1523454600,20.090,20.100,20.090,20.100,4421,35819
1523454660,20.140,20.120,20.120,20.140,0,0
1523454720,20.110,20.110,20.110,20.110,0,0
1523454840,20.090,20.090,20.090,20.090,0,0
1523454900,20.080,20.080,20.080,20.080,4108,40240
1523455080,20.130,20.130,20.130,20.130,0,0
1523455140,20.130,20.140,20.130,20.140,0,0
1523455200,20.170,20.160,20.160,20.170,8441,44348
1523455260,20.150,20.150,20.150,20.150,0,0
1523455320,20.140,20.090,20.090,20.140,0,0
1523455380,20.090,20.090,20.090,20.090,0,0
1523455440,20.090,20.090,20.090,20.090,0,0
1523455500,20.060,20.030,20.030,20.060,57448,52789
1523455560,20.020,19.990,19.990,20.020,0,0
1523455620,19.980,20.040,19.980,20.040,0,0
1523455680,20.050,20.040,20.040,20.060,0,0
1523455740,20.050,20.010,20.010,20.050,0,0
1523455800,20.020,20.030,20.020,20.040,70252,110237
1523455860,20.030,20.050,20.030,20.050,0,0
1523455920,20.050,20.040,20.020,20.060,0,0
1523455980,20.020,19.980,19.980,20.020,0,0
1523456040,19.980,19.960,19.960,19.980,0,0
1523456100,19.950,19.980,19.950,19.980,61183,180489
1523456160,19.980,19.970,19.970,19.980,0,0
1523456220,19.980,19.990,19.980,19.990,0,0
1523456280,19.990,20.030,19.990,20.030,0,0
1523456340,20.050,19.970,19.970,20.050,0,0
1523456400,19.970,20.050,19.970,20.050,42252,241672
1523456460,19.990,19.990,19.990,19.990,0,0
1523456520,19.940,19.960,19.940,19.960,0,0
1523456580,19.970,19.970,19.970,19.970,0,0
1523456640,19.980,19.980,19.980,19.980,0,0
1523456700,19.960,19.960,19.960,19.960,6550,283924
1523456760,19.970,19.970,19.970,19.970,0,0
1523456820,19.960,19.980,19.960,19.980,0,0
1523456880,19.980,19.980,19.980,19.980,0,0
1523456940,19.960,19.940,19.940,19.960,0,0
1523457000,19.930,19.910,19.910,19.930,10009,290474
1523457060,19.910,19.930,19.910,19.930,0,0
1523457120,19.950,19.960,19.950,19.960,0,0
1523457180,19.960,19.960,19.960,19.960,0,0
1523457240,19.970,19.970,19.970,19.970,0,0
1523457300,19.950,19.970,19.950,19.970,3760,300483
1523457360,19.950,19.970,19.950,19.970,0,0
1523457420,19.960,19.970,19.960,19.970,0,0
1523457540,19.960,19.980,19.960,19.980,0,0
1523457600,19.980,19.960,19.960,19.980,7935,304243
1523457660,19.950,19.950,19.950,19.950,0,0
1523457720,19.940,19.940,19.940,19.940,0,0
1523457780,19.940,19.950,19.940,19.950,0,0
1523457840,19.970,19.990,19.970,19.990,0,0
1523457900,19.990,19.980,19.980,20.000,6434,312178
1523457960,19.990,19.960,19.960,19.990,0,0
1523458020,19.950,19.950,19.950,19.950,0,0
1523458080,19.920,19.910,19.910,19.920,0,0
1523458140,19.930,19.910,19.900,19.930,0,0
1523458200,19.920,19.910,19.910,19.920,3403,318612
1523458260,19.900,19.910,19.900,19.910,0,0
1523458320,19.890,19.890,19.890,19.890,0,0
1523458380,19.910,19.900,19.900,19.910,0,0
1523458440,19.900,19.900,19.900,19.900,0,0
1523458500,19.900,19.900,19.900,19.900,6869,322015
1523458560,19.890,19.900,19.890,19.900,0,0
1523458620,19.890,19.890,19.890,19.890,0,0
1523458680,19.870,19.890,19.870,19.890,0,0
1523458740,19.860,19.870,19.860,19.870,0,0
1523458800,19.860,19.840,19.840,19.860,5241,328884
1523458860,19.860,19.840,19.840,19.860,0,0
1523458920,19.860,19.860,19.860,19.860,0,0
1523458980,19.870,19.880,19.870,19.880,0,0
1523459040,19.880,19.860,19.860,19.880,0,0
1523459100,19.850,19.850,19.850,19.850,7004,334125
1523459160,19.840,19.880,19.840,19.880,0,0
1523459340,19.840,19.840,19.840,19.840,0,0
1523459400,19.810,19.810,19.810,19.810,5449,341129
1523459460,19.810,19.810,19.810,19.810,0,0
1523459520,19.830,19.840,19.820,19.840,0,0
1523459580,19.840,19.830,19.830,19.850,0,0
1523459640,19.840,19.840,19.840,19.840,0,0
1523459700,19.840,19.820,19.820,19.840,5908,346578
1523459760,19.820,19.820,19.820,19.820,0,0
1523459880,19.810,19.810,19.810,19.810,0,0
1523459940,19.800,19.800,19.800,19.800,0,0
1523460000,19.800,19.780,19.780,19.800,5529,352486
1523460060,19.790,19.780,19.780,19.790,0,0
1523460120,19.810,19.800,19.800,19.810,0,0
1523460180,19.790,19.770,19.770,19.790,0,0
1523460240,19.790,19.800,19.790,19.800,0,0
1523460300,19.800,19.790,19.790,19.800,9720,358015
1523460360,19.810,19.830,19.810,19.830,0,0
1523460420,19.830,19.850,19.830,19.850,0,0
1523460480,19.850,19.850,19.850,19.850,0,0
1523460540,19.880,19.900,19.870,19.900,0,0
1523460600,19.890,19.870,19.870,19.890,8091,367735
1523460660,19.860,19.840,19.840,19.860,0,0
1523460720,19.880,19.880,19.880,19.880,0,0
1523460780,19.890,19.880,19.880,19.890,0,0
1523460840,19.890,19.900,19.870,19.900,0,0
1523460900,19.890,19.890,19.890,19.890,12505,375826
1523460960,19.880,19.890,19.880,19.890,0,0
1523461020,19.900,19.910,19.880,19.920,0,0
1523461140,19.930,19.950,19.930,19.950,0,0
1523461200,19.940,19.930,19.930,19.940,9416,388331
1523461260,19.940,19.930,19.930,19.940,0,0
1523461320,19.950,19.970,19.950,19.970,0,0
1523461380,19.960,19.960,19.960,19.960,0,0
1523461440,19.950,19.940,19.940,19.950,0,0
1523461500,19.950,19.950,19.950,19.950,6107,397747
1523461560,19.970,19.970,19.970,19.970,0,0
1523461620,19.960,19.970,19.960,19.970,0,0
1523461740,19.970,19.960,19.960,19.970,0,0
1523461800,19.950,19.950,19.950,19.950,5397,403854
1523461860,19.950,19.950,19.950,19.950,0,0
1523461920,19.950,19.960,19.950,19.960,0,0
1523461980,19.980,19.980,19.980,19.980,0,0
1523462040,19.980,19.960,19.960,19.980,0,0
1523462100,19.950,19.940,19.940,19.950,12546,409251
1523462160,19.950,19.940,19.940,19.950,0,0
1523462220,19.920,19.940,19.920,19.940,0,0
1523462280,19.940,19.960,19.940,19.960,0,0
1523462340,19.950,19.950,19.950,19.950,0,0
1523462400,19.940,19.940,19.940,19.940,3854,421797
1523462460,19.950,19.950,19.950,19.950,0,0
1523462520,19.950,19.950,19.950,19.950,0,0
1523462580,19.950,19.960,19.950,19.970,0,0
1523462640,19.960,19.960,19.960,19.960,0,0
1523462700,19.960,19.960,19.960,19.960,3228,425651
1523462760,19.950,19.920,19.920,19.950,0,0
1523462820,19.920,19.920,19.920,19.920,0,0
1523462940,19.910,19.910,19.910,19.910,0,0
1523463000,19.910,19.910,19.910,19.910,4372,428879
1523463060,19.920,19.920,19.920,19.920,0,0
1523463120,19.910,19.890,19.890,19.910,0,0
1523463180,19.890,19.890,19.890,19.890,0,0
1523463240,19.890,19.870,19.870,19.890,0,0
1523463300,19.860,19.860,19.860,19.860,7670,433251
1523463360,19.860,19.850,19.850,19.860,0,0
1523463420,19.860,19.830,19.830,19.860,0,0
1523463480,19.830,19.810,19.810,19.830,0,0
1523463540,19.810,19.820,19.810,19.820,0,0
1523463600,19.830,19.840,19.830,19.840,5552,440921
1523463660,19.840,19.840,19.840,19.840,0,0
1523463780,19.830,19.860,19.830,19.860,0,0
1523463840,19.890,19.880,19.880,19.890,0,0
1523463900,19.870,19.860,19.860,19.870,13878,446473
1523463960,19.860,19.840,19.840,19.880,0,0
1523464020,19.830,19.800,19.800,19.830,0,0
1523464080,19.800,19.800,19.800,19.800,0,0
1523464140,19.780,19.820,19.780,19.820,0,0
1523464200,19.810,19.820,19.810,19.820,7537,460351
1523464260,19.800,19.810,19.800,19.810,0,0
1523464320,19.820,19.780,19.780,19.820,0,0
1523464380,19.770,19.770,19.770,19.770,0,0
1523464440,19.780,19.780,19.780,19.780,0,0
1523464500,19.790,19.800,19.790,19.800,6284,467888
1523464560,19.780,19.770,19.770,19.780,0,0
1523464620,19.760,19.760,19.760,19.760,0,0
1523464740,19.760,19.760,19.760,19.760,0,0
1523464800,19.770,19.770,19.770,19.770,9010,474172
1523464860,19.770,19.780,19.770,19.780,0,0
1523464920,19.750,19.750,19.750,19.750,0,0
1523464980,19.750,19.750,19.750,19.750,0,0
1523465040,19.770,19.770,19.770,19.770,0,0
1523465100,19.790,19.790,19.790,19.790,5160,483182
1523465160,19.780,19.780,19.780,19.780,0,0
1523465220,19.780,19.780,19.780,19.780,0,0
1523465340,19.780,19.790,19.780,19.790,0,0
1523465400,19.770,19.780,19.770,19.780,3644,488342
1523465460,19.770,19.770,19.770,19.770,0,0
1523465520,19.760,19.740,19.740,19.760,0,0
1523465580,19.770,19.750,19.750,19.770,0,0
1523465700,19.790,19.770,19.770,19.790,10430,491986
1523465760,19.770,19.780,19.770,19.780,0,0
1523465880,19.780,19.780,19.780,19.780,0,0
1523465940,19.770,19.770,19.770,19.770,0,0
1523466000,19.780,19.790,19.780,19.790,2868,502416
1523466120,19.810,19.800,19.800,19.810,0,0
1523466180,19.810,19.800,19.800,19.810,0,0
1523466300,19.810,19.810,19.810,19.810,4007,505284
1523466420,19.840,19.840,19.840,19.840,0,0
1523466480,19.820,19.800,19.800,19.820,0,0
1523466540,19.820,19.820,19.820,19.820,0,0
1523466600,19.810,19.810,19.810,19.810,5961,509291
1523466660,19.780,19.790,19.780,19.790,0,0
1523466720,19.790,19.790,19.790,19.790,0,0
1523466780,19.790,19.800,19.790,19.800,0,0
1523466900,19.790,19.790,19.790,19.790,2323,515252
1523467020,19.790,19.790,19.790,19.790,0,0
1523467080,19.790,19.790,19.790,19.790,0,0
1523467140,19.800,19.810,19.800,19.810,0,0
1523467200,19.810,19.820,19.810,19.820,4926,517575
1523467260,19.820,19.820,19.820,19.820,0,0
1523467320,19.810,19.800,19.800,19.810,0,0
1523467440,19.810,19.810,19.810,19.810,0,0
1523467500,19.790,19.790,19.790,19.790,5648,522501
1523467620,19.790,19.800,19.790,19.800,0,0
1523467680,19.800,19.800,19.800,19.800,0,0
1523467740,19.780,19.790,19.780,19.790,0,0
1523467800,19.780,19.780,19.780,19.780,11375,528149
1523467860,19.770,19.770,19.770,19.770,0,0
1523467920,19.770,19.770,19.770,19.770,0,0
1523467980,19.760,19.760,19.760,19.760,0,0
1523468100,19.760,19.770,19.760,19.770,1848,539524
1523468220,19.760,19.760,19.760,19.760,0,0
1523468280,19.760,19.760,19.760,19.760,0,0
1523468340,19.760,19.760,19.760,19.760,0,0
1523468400,19.740,19.740,19.740,19.740,6625,541372
1523468460,19.740,19.740,19.740,19.740,0,0
1523468520,19.730,19.730,19.730,19.730,0,0
1523468580,19.730,19.740,19.730,19.740,0,0
1523468640,19.740,19.740,19.740,19.740,0,0
1523468700,19.730,19.740,19.730,19.740,5779,547997
1523468760,19.730,19.740,19.730,19.740,0,0
1523468820,19.730,19.720,19.720,19.730,0,0
1523468880,19.730,19.740,19.730,19.740,0,0
1523468940,19.750,19.760,19.750,19.760,0,0
1523469000,19.760,19.740,19.740,19.760,3727,553776
1523469060,19.730,19.750,19.730,19.750,0,0
1523469120,19.760,19.760,19.760,19.760,0,0
1523469240,19.750,19.750,19.750,19.750,0,0
1523469300,19.750,19.770,19.750,19.770,11593,557503
1523469360,19.780,19.790,19.780,19.790,0,0
1523469420,19.790,19.790,19.790,19.790,0,0
1523469480,19.790,19.790,19.790,19.790,0,0
1523469540,19.790,19.790,19.790,19.790,0,0
1523469600,19.800,19.820,19.800,19.830,11360,569096
1523469660,19.820,19.810,19.800,19.820,0,0
1523469720,19.800,19.800,19.800,19.800,0,0
1523469780,19.790,19.780,19.780,19.790,0,0
1523469900,19.770,19.780,19.770,19.780,7621,580456
1523469960,19.770,19.770,19.770,19.770,0,0
1523470020,19.740,19.730,19.730,19.740,0,0
1523470080,19.740,19.720,19.720,19.740,0,0
1523470140,19.710,19.700,19.700,19.710,0,0
1523470200,19.700,19.690,19.690,19.710,6433,588077
1523470260,19.670,19.670,19.670,19.670,0,0
1523470320,19.680,19.680,19.680,19.680,0,0
1523470440,19.700,19.720,19.700,19.720,0,0
1523470500,19.710,19.710,19.710,19.710,12010,594510
1523470560,19.720,19.750,19.720,19.750,0,0
1523470620,19.770,19.770,19.770,19.770,0,0
1523470680,19.770,19.790,19.770,19.790,0,0
1523470740,19.800,19.820,19.800,19.820,0,0
1523470800,19.810,19.830,19.810,19.830,14311,606520
1523470860,19.820,19.810,19.810,19.820,0,0
1523470920,19.870,19.870,19.870,19.870,0,0
1523470980,19.840,19.840,19.840,19.840,0,0
1523471040,19.850,19.860,19.850,19.860,0,0
1523471100,19.840,19.850,19.840,19.850,16757,620831
1523471160,19.870,19.840,19.840,19.870,0,0
1523471220,19.840,19.850,19.840,19.850,0,0
1523471280,19.850,19.850,19.850,19.850,0,0
1523471340,19.850,19.840,19.840,19.850,0,0
1523471400,19.860,19.860,19.860,19.860,20719,637588
1523471460,19.860,19.880,19.850,19.880,0,0
1523471520,19.870,19.890,19.870,19.890,0,0
1523471580,19.880,19.870,19.870,19.900,0,0
1523471640,19.880,19.880,19.880,19.880,0,0
1523471700,19.870,19.870,19.870,19.870,8680,658307
1523471760,19.860,19.860,19.860,19.860,0,0
1523471820,19.870,19.860,19.860,19.870,0,0
1523471880,19.860,19.860,19.860,19.860,0,0
1523471940,19.860,19.900,19.850,19.900,0,0
1523472000,19.900,19.920,19.900,19.920,11319,666987
1523472060,19.890,19.880,19.880,19.890,0,0
1523472120,19.900,19.890,19.890,19.900,0,0
1523472180,19.860,19.880,19.860,19.880,0,0
1523472240,19.900,19.900,19.900,19.900,0,0
1523472300,19.890,19.870,19.870,19.890,19570,678306
1523472360,19.870,19.880,19.870,19.880,0,0
1523472420,19.880,19.900,19.880,19.900,0,0
1523472480,19.910,19.910,19.910,19.910,0,0
1523472540,19.910,19.890,19.890,19.910,0,0
1523472600,19.880,19.880,19.880,19.880,7714,697876
1523472660,19.880,19.870,19.870,19.880,0,0
1523472720,19.870,19.870,19.870,19.870,0,0
1523472780,19.860,19.860,19.860,19.860,0,0
1523472840,19.860,19.850,19.850,19.860,0,0
1523472900,19.860,19.880,19.860,19.880,7218,705590
1523472960,19.880,19.870,19.870,19.880,0,0
1523473020,19.870,19.870,19.870,19.870,0,0
1523473080,19.870,19.880,19.870,19.880,0,0
1523473140,19.890,19.890,19.890,19.890,0,0
1523473200,19.890,19.880,19.880,19.890,9312,712808
1523473260,19.890,19.900,19.890,19.900,0,0
1523473380,19.880,19.880,19.880,19.880,0,0
1523473440,19.880,19.890,19.880,19.890,0,0
1523473500,19.880,19.880,19.880,19.880,24929,722120
1523473560,19.880,19.870,19.870,19.880,0,0
1523473680,19.850,19.860,19.850,19.860,0,0
1523473740,19.860,19.850,19.850,19.860,0,0
1523473800,19.870,19.850,19.850,19.870,14051,747049
1523473860,19.860,19.850,19.850,19.860,0,0
1523473920,19.860,19.850,19.850,19.860,0,0
1523473980,19.850,19.840,19.840,19.850,0,0
1523474040,19.840,19.860,19.840,19.860,0,0
1523474100,19.860,19.850,19.840,19.860,16179,761100
1523474160,19.850,19.830,19.830,19.850,0,0
1523474220,19.830,19.840,19.830,19.840,0,0
1523474280,19.830,19.830,19.830,19.830,0,0
1523474340,19.830,19.840,19.830,19.840,0,0
1523474400,19.840,19.820,19.820,19.840,9720,777279
1523474520,19.820,19.810,19.810,19.820,0,0
1523474580,19.810,19.820,19.810,19.820,0,0
1523474640,19.820,19.820,19.820,19.820,0,0
1523474700,19.830,19.830,19.830,19.830,7545,786999
1523474760,19.820,19.840,19.820,19.840,0,0
1523474820,19.850,19.850,19.850,19.850,0,0
1523474880,19.850,19.850,19.850,19.850,0,0
1523474940,19.840,19.850,19.840,19.850,0,0
1523475000,19.850,19.850,19.850,19.850,10399,794544
1523475060,19.860,19.850,19.850,19.860,0,0
1523475120,19.840,19.850,19.840,19.850,0,0
1523475180,19.850,19.860,19.850,19.860,0,0
1523475240,19.870,19.860,19.860,19.870,0,0
1523475300,19.860,19.850,19.850,19.860,7559,804943
1523475360,19.850,19.860,19.850,19.860,0,0
1523475420,19.840,19.860,19.840,19.860,0,0
1523475480,19.860,19.860,19.860,19.860,0,0
1523475540,19.850,19.850,19.850,19.850,0,0
1523475600,19.860,19.870,19.860,19.870,15660,812502
1523475660,19.870,19.870,19.870,19.870,0,0
1523475720,19.880,19.880,19.880,19.880,0,0
1523475780,19.880,19.870,19.870,19.880,0,0
1523475840,19.880,19.890,19.880,19.890,0,0
1523475900,19.880,19.880,19.880,19.880,12976,828162
1523475960,19.880,19.890,19.880,19.890,0,0
1523476020,19.890,19.900,19.890,19.900,0,0
1523476080,19.900,19.890,19.890,19.900,0,0
1523476140,19.900,19.900,19.900,19.900,0,0
1523476200,19.890,19.880,19.880,19.890,25561,841138
1523476260,19.880,19.890,19.880,19.890,0,0
1523476320,19.880,19.870,19.870,19.880,0,0
1523476380,19.880,19.860,19.860,19.880,0,0
1523476440,19.860,19.850,19.850,19.870,0,0
1523476500,19.850,19.860,19.850,19.860,98425,866699
1523476560,19.840,19.840,19.840,19.840,0,0
1523476620,19.840,19.840,19.840,19.840,0,0
1523476680,19.840,19.850,19.840,19.850,0,0
1523476740,19.840,19.850,19.840,19.850,0,0
1523539800,19.980,19.980,19.980,19.980,20222,0
1523539920,20.060,20.060,20.060,20.060,0,0
1523539980,20.060,20.100,20.060,20.160,0,0
1523540040,20.130,20.120,20.090,20.130,0,0
1523540100,20.110,20.100,20.100,20.110,4995,20222
1523540160,20.090,20.000,20.000,20.090,0,0
1523540220,20.010,20.040,20.010,20.040,0,0
1523540280,20.070,20.080,20.070,20.080,0,0
1523540340,20.110,20.110,20.110,20.110,0,0
1523540400,20.030,20.050,20.030,20.050,4333,25217
1523540460,20.040,20.030,20.030,20.040,0,0
1523540520,20.040,20.040,20.040,20.040,0,0
1523540580,20.040,20.040,20.040,20.040,0,0
1523540640,20.070,20.070,20.070,20.070,0,0
1523540700,20.070,20.080,20.070,20.090,13165,29550
1523540760,20.090,20.090,20.090,20.090,0,0
1523540820,20.080,20.060,20.040,20.080,0,0
1523540880,20.070,20.100,20.070,20.100,0,0
1523540940,20.110,20.150,20.110,20.150,0,0
1523541000,20.130,20.120,20.110,20.130,13911,42715
1523541060,20.100,20.100,20.100,20.100,0,0
1523541120,20.110,20.110,20.110,20.110,0,0
1523541180,20.100,20.130,20.090,20.130,0,0
1523541240,20.120,20.130,20.120,20.130,0,0
1523541300,20.130,20.090,20.090,20.130,11437,56626
1523541360,20.120,20.110,20.110,20.120,0,0
1523541420,20.110,20.120,20.110,20.120,0,0
1523541480,20.100,20.100,20.100,20.100,0,0
1523541540,20.090,20.100,20.090,20.100,0,0
1523541600,20.060,20.070,20.060,20.070,6752,68063
1523541720,20.070,20.080,20.070,20.090,0,0
1523541900,20.120,20.090,20.090,20.120,9952,74815
1523541960,20.100,20.100,20.100,20.100,0,0
1523542020,20.090,20.080,20.080,20.100,0,0
1523542080,20.100,20.120,20.100,20.120,0,0
1523542140,20.130,20.130,20.130,20.130,0,0
1523542200,20.140,20.150,20.140,20.150,8636,84767
1523542260,20.140,20.150,20.140,20.150,0,0
1523542320,20.130,20.130,20.130,20.130,0,0
1523542380,20.150,20.150,20.150,20.150,0,0
1523542440,20.150,20.150,20.150,20.150,0,0
1523542500,20.180,20.170,20.170,20.180,8842,93403
1523542560,20.180,20.180,20.180,20.180,0,0
1523542620,20.210,20.200,20.200,20.210,0,0
1523542680,20.210,20.210,20.210,20.210,0,0
1523542740,20.240,20.240,20.240,20.240,0,0
1523542800,20.250,20.270,20.250,20.270,18464,102245
1523542860,20.290,20.270,20.270,20.290,0,0
1523542920,20.280,20.270,20.270,20.280,0,0
1523542980,20.270,20.280,20.270,20.280,0,0
1523543040,20.290,20.290,20.290,20.290,0,0
1523543100,20.280,20.290,20.280,20.290,15133,120709
1523543160,20.290,20.300,20.290,20.300,0,0
1523543220,20.290,20.260,20.250,20.290,0,0
1523543280,20.260,20.290,20.260,20.290,0,0
1523543340,20.300,20.330,20.300,20.330,0,0
1523543400,20.330,20.330,20.330,20.330,12119,135842
1523543460,20.320,20.380,20.320,20.380,0,0
1523543520,20.340,20.340,20.340,20.340,0,0
1523543580,20.370,20.360,20.360,20.370,0,0
1523543640,20.360,20.370,20.360,20.370,0,0
1523543700,20.370,20.390,20.370,20.400,41779,147961
1523543760,20.380,20.360,20.360,20.390,0,0
1523543820,20.350,20.340,20.330,20.350,0,0
1523543880,20.330,20.320,20.320,20.330,0,0
1523543940,20.330,20.320,20.310,20.330,0,0
1523544000,20.340,20.310,20.310,20.340,11167,189740
1523544060,20.300,20.300,20.300,20.300,0,0
1523544120,20.270,20.290,20.270,20.290,0,0
1523544180,20.290,20.280,20.280,20.290,0,0
1523544240,20.270,20.270,20.270,20.270,0,0
1523544300,20.300,20.290,20.290,20.300,14404,200907
1523544360,20.280,20.300,20.280,20.300,0,0
1523544420,20.300,20.290,20.290,20.310,0,0
1523544480,20.300,20.280,20.280,20.300,0,0
1523544540,20.290,20.310,20.290,20.310,0,0
1523544600,20.320,20.330,20.320,20.330,19999,215311
1523544660,20.320,20.310,20.310,20.320,0,0
1523544720,20.320,20.320,20.320,20.320,0,0
1523544840,20.340,20.350,20.340,20.350,0,0
1523544900,20.350,20.360,20.350,20.360,29367,235310
1523544960,20.360,20.350,20.340,20.360,0,0
1523545020,20.360,20.380,20.360,20.380,0,0
1523545080,20.380,20.390,20.380,20.390,0,0
1523545140,20.360,20.360,20.360,20.360,0,0
1523545200,20.370,20.390,20.370,20.390,20048,264677
1523545260,20.400,20.400,20.400,20.400,0,0
1523545320,20.390,20.430,20.390,20.430,0,0
1523545380,20.430,20.440,20.430,20.440,0,0
1523545440,20.450,20.430,20.420,20.450,0,0
1523545500,20.440,20.450,20.440,20.450,13586,284725
1523545560,20.450,20.440,20.430,20.450,0,0
1523545620,20.440,20.450,20.440,20.450,0,0
1523545680,20.450,20.460,20.450,20.460,0,0
1523545740,20.450,20.460,20.450,20.460,0,0
1523545800,20.460,20.460,20.460,20.460,12678,298311
1523545860,20.460,20.470,20.460,20.470,0,0
1523545920,20.470,20.460,20.460,20.470,0,0
1523545980,20.460,20.470,20.460,20.470,0,0
1523546040,20.480,20.470,20.460,20.480,0,0
1523546100,20.470,20.460,20.450,20.470,22811,310989
1523546160,20.470,20.470,20.470,20.470,0,0
1523546220,20.490,20.500,20.490,20.500,0,0
1523546280,20.500,20.480,20.480,20.500,0,0
1523546340,20.480,20.490,20.480,20.490,0,0
1523546400,20.490,20.480,20.480,20.490,15894,333800
1523546460,20.500,20.500,20.500,20.500,0,0
1523546520,20.490,20.500,20.490,20.500,0,0
1523546580,20.500,20.500,20.500,20.500,0,0
1523546640,20.500,20.500,20.500,20.500,0,0
1523546700,20.490,20.480,20.480,20.490,12657,349694
1523546760,20.470,20.470,20.470,20.470,0,0
1523546820,20.470,20.450,20.450,20.470,0,0
1523546880,20.460,20.460,20.460,20.460,0,0
1523546940,20.460,20.460,20.460,20.460,0,0
1523547000,20.440,20.450,20.440,20.450,8074,362351
1523547120,20.460,20.470,20.460,20.470,0,0
1523547180,20.470,20.470,20.470,20.470,0,0
1523547240,20.450,20.430,20.430,20.450,0,0
1523547300,20.430,20.430,20.430,20.430,5319,370425
1523547360,20.430,20.430,20.430,20.430,0,0
1523547420,20.430,20.450,20.430,20.450,0,0
1523547540,20.460,20.460,20.460,20.460,0,0
1523547600,20.450,20.460,20.450,20.460,6197,375744
1523547660,20.460,20.460,20.460,20.460,0,0
1523547720,20.450,20.450,20.450,20.450,0,0
1523547900,20.450,20.460,20.450,20.460,17354,381941
1523547960,20.460,20.420,20.420,20.460,0,0
1523548020,20.420,20.430,20.420,20.430,0,0
1523548080,20.420,20.460,20.420,20.460,0,0
1523548140,20.440,20.420,20.420,20.440,0,0
1523548200,20.420,20.420,20.420,20.420,8583,399295
1523548320,20.410,20.390,20.390,20.410,0,0
1523548380,20.390,20.390,20.390,20.390,0,0
1523548440,20.360,20.360,20.360,20.360,0,0
1523548500,20.360,20.370,20.360,20.370,13124,407878
1523548560,20.370,20.370,20.370,20.370,0,0
1523548620,20.380,20.390,20.380,20.390,0,0
1523548680,20.390,20.400,20.390,20.400,0,0
1523548740,20.380,20.370,20.370,20.380,0,0
1523548800,20.380,20.380,20.380,20.380,9930,421002
1523548860,20.390,20.400,20.390,20.400,0,0
1523548920,20.390,20.410,20.390,20.410,0,0
1523548980,20.420,20.410,20.410,20.420,0,0
1523549040,20.410,20.410,20.410,20.410,0,0
1523549100,20.410,20.410,20.410,20.410,6217,430932
1523549160,20.400,20.380,20.380,20.400,0,0
1523549280,20.380,20.380,20.380,20.380,0,0
1523549340,20.380,20.380,20.380,20.380,0,0
1523549400,20.380,20.380,20.380,20.380,2964,437149
1523549520,20.360,20.350,20.350,20.360,0,0
1523549580,20.360,20.360,20.360,20.360,0,0
1523549640,20.350,20.360,20.350,20.360,0,0
1523549700,20.360,20.360,20.360,20.360,4122,440113
1523549760,20.370,20.370,20.370,20.370,0,0
1523549820,20.360,20.360,20.360,20.360,0,0
1523549880,20.360,20.360,20.360,20.360,0,0
1523549940,20.360,20.370,20.360,20.370,0,0
1523550000,20.370,20.360,20.360,20.370,9354,444235
1523550060,20.350,20.350,20.350,20.350,0,0
1523550120,20.340,20.340,20.340,20.340,0,0
1523550180,20.300,20.300,20.300,20.300,0,0
1523550240,20.290,20.280,20.280,20.290,0,0
1523550300,20.290,20.290,20.290,20.290,4228,453589
1523550360,20.280,20.290,20.280,20.290,0,0
1523550420,20.290,20.290,20.290,20.290,0,0
1523550540,20.300,20.300,20.300,20.300,0,0
1523550600,20.300,20.310,20.300,20.310,8189,457817
1523550660,20.310,20.310,20.310,20.310,0,0
1523550720,20.310,20.320,20.310,20.320,0,0
1523550780,20.320,20.320,20.320,20.320,0,0
1523550840,20.320,20.320,20.320,20.320,0,0
1523550900,20.320,20.350,20.320,20.350,9251,466006
1523550960,20.340,20.340,20.340,20.340,0,0
1523551020,20.340,20.340,20.340,20.340,0,0
1523551080,20.350,20.340,20.340,20.350,0,0
1523551140,20.330,20.330,20.330,20.330,0,0
1523551200,20.330,20.330,20.330,20.330,3683,475257
1523551260,20.330,20.330,20.330,20.330,0,0
1523551320,20.340,20.340,20.340,20.340,0,0
1523551440,20.340,20.350,20.340,20.350,0,0
1523551500,20.360,20.360,20.360,20.360,9866,478940
1523551560,20.360,20.360,20.360,20.360,0,0
1523551620,20.350,20.360,20.350,20.360,0,0
1523551680,20.350,20.360,20.350,20.360,0,0
1523551740,20.370,20.380,20.370,20.380,0,0
1523551800,20.390,20.390,20.390,20.390,6947,488806
1523551860,20.380,20.380,20.380,20.380,0,0
1523551920,20.370,20.380,20.370,20.380,0,0
1523551980,20.370,20.350,20.350,20.370,0,0
1523552100,20.350,20.350,20.350,20.350,2039,495753
1523552280,20.360,20.360,20.360,20.360,0,0
1523552400,20.370,20.370,20.370,20.370,4922,497792
1523552520,20.380,20.370,20.370,20.380,0,0
1523552640,20.360,20.380,20.360,20.380,0,0
1523552700,20.380,20.380,20.380,20.380,5407,502714
1523552760,20.380,20.380,20.380,20.380,0,0
1523552820,20.380,20.380,20.380,20.380,0,0
1523552880,20.400,20.400,20.400,20.400,0,0
1523552940,20.380,20.360,20.360,20.380,0,0
1523553000,20.370,20.380,20.370,20.380,1756,508121
1523553060,20.360,20.380,20.360,20.380,0,0
1523553120,20.370,20.370,20.370,20.370,0,0
1523553240,20.360,20.360,20.360,20.360,0,0
1523553300,20.350,20.340,20.340,20.350,5129,509877
1523553420,20.350,20.340,20.340,20.350,0,0
1523553480,20.340,20.350,20.340,20.350,0,0
1523553540,20.330,20.330,20.330,20.330,0,0
1523553600,20.330,20.330,20.330,20.330,4282,515006
1523553720,20.330,20.320,20.320,20.330,0,0
1523553780,20.320,20.320,20.320,20.320,0,0
1523553840,20.330,20.330,20.330,20.330,0,0
1523553900,20.330,20.330,20.330,20.330,5012,519288
1523553960,20.330,20.330,20.330,20.330,0,0
1523554020,20.280,20.270,20.270,20.280,0,0
1523554080,20.270,20.270,20.270,20.270,0,0
1523554140,20.280,20.280,20.280,20.280,0,0
1523554200,20.290,20.290,20.290,20.290,9702,524300
1523554260,20.310,20.300,20.300,20.310,0,0
1523554320,20.310,20.310,20.310,20.310,0,0
1523554380,20.320,20.330,20.320,20.330,0,0
1523554440,20.330,20.340,20.330,20.340,0,0
1523554500,20.330,20.330,20.330,20.330,10389,534002
1523554560,20.350,20.350,20.350,20.350,0,0
1523554620,20.340,20.320,20.320,20.340,0,0
1523554680,20.340,20.340,20.340,20.340,0,0
1523554740,20.330,20.320,20.320,20.330,0,0
1523554800,20.330,20.330,20.330,20.330,12437,544391
1523554860,20.330,20.330,20.330,20.330,0,0
1523554920,20.340,20.350,20.340,20.350,0,0
1523554980,20.360,20.360,20.360,20.360,0,0
1523555040,20.350,20.360,20.350,20.370,0,0
1523555100,20.360,20.340,20.340,20.360,8409,556828
1523555160,20.330,20.330,20.330,20.330,0,0
1523555220,20.350,20.360,20.350,20.360,0,0
1523555280,20.360,20.360,20.360,20.360,0,0
1523555340,20.350,20.330,20.330,20.350,0,0
1523555400,20.350,20.350,20.350,20.350,4726,565237
1523555460,20.370,20.370,20.370,20.370,0,0
1523555520,20.370,20.370,20.370,20.370,0,0
1523555580,20.350,20.350,20.350,20.350,0,0
1523555640,20.360,20.360,20.360,20.360,0,0
1523555700,20.370,20.350,20.350,20.370,8530,569963
1523555760,20.340,20.340,20.340,20.340,0,0
1523555820,20.330,20.320,20.320,20.330,0,0
1523555880,20.320,20.320,20.320,20.320,0,0
1523555940,20.300,20.300,20.300,20.300,0,0
1523556000,20.320,20.320,20.320,20.320,11105,578493
1523556060,20.330,20.320,20.320,20.330,0,0
1523556120,20.320,20.320,20.320,20.320,0,0
1523556180,20.310,20.300,20.300,20.310,0,0
1523556240,20.310,20.320,20.310,20.320,0,0
1523556300,20.320,20.310,20.310,20.320,18707,589598
1523556420,20.320,20.320,20.320,20.320,0,0
1523556480,20.330,20.340,20.330,20.340,0,0
1523556540,20.330,20.320,20.310,20.330,0,0
1523556600,20.340,20.340,20.340,20.340,3719,608305
1523556660,20.330,20.330,20.330,20.330,0,0
1523556720,20.340,20.340,20.340,20.340,0,0
1523556840,20.350,20.350,20.350,20.350,0,0
1523556900,20.340,20.350,20.340,20.350,7984,612024
1523556960,20.350,20.340,20.340,20.350,0,0
1523557020,20.340,20.350,20.340,20.350,0,0
1523557200,20.350,20.340,20.340,20.350,11349,620008
1523557260,20.330,20.320,20.320,20.330,0,0
1523557320,20.320,20.320,20.320,20.320,0,0
1523557380,20.310,20.300,20.300,20.310,0,0
1523557440,20.310,20.320,20.310,20.320,0,0
1523557500,20.320,20.320,20.320,20.320,301,631357
1523557560,20.320,20.320,20.320,20.320,0,0
1523557620,20.320,20.320,20.320,20.320,0,0
1523557680,20.320,20.320,20.320,20.320,0,0
1523557740,20.320,20.320,20.320,20.320,0,0
1523557800,20.330,20.320,20.320,20.330,8711,631658
1523557860,20.330,20.320,20.320,20.330,0,0
1523557920,20.330,20.330,20.330,20.330,0,0
1523558040,20.320,20.320,20.320,20.320,0,0
1523558100,20.330,20.330,20.330,20.330,5966,640369
1523558160,20.320,20.320,20.320,20.320,0,0
1523558220,20.310,20.310,20.310,20.310,0,0
1523558280,20.310,20.300,20.300,20.310,0,0
1523558400,20.320,20.320,20.320,20.320,7986,646335
1523558460,20.320,20.330,20.320,20.330,0,0
1523558580,20.320,20.310,20.310,20.320,0,0
1523558640,20.320,20.330,20.320,20.330,0,0
1523558700,20.330,20.330,20.330,20.330,6355,654321
1523558760,20.330,20.330,20.330,20.330,0,0
1523558820,20.320,20.300,20.300,20.320,0,0
1523558880,20.310,20.310,20.310,20.310,0,0
1523558940,20.320,20.320,20.320,20.320,0,0
1523559000,20.320,20.330,20.320,20.330,12596,660676
1523559060,20.340,20.330,20.330,20.340,0,0
1523559120,20.340,20.340,20.340,20.340,0,0
1523559180,20.340,20.330,20.330,20.340,0,0
1523559240,20.330,20.340,20.330,20.340,0,0
1523559300,20.340,20.340,20.340,20.340,11999,673272
1523559360,20.340,20.340,20.340,20.340,0,0
1523559420,20.360,20.360,20.360,20.360,0,0
1523559480,20.360,20.370,20.360,20.370,0,0
1523559540,20.370,20.370,20.370,20.370,0,0
1523559600,20.360,20.370,20.360,20.370,3356,685271
1523559660,20.370,20.370,20.370,20.370,0,0
1523559720,20.370,20.370,20.370,20.370,0,0
1523559780,20.370,20.370,20.370,20.370,0,0
1523559840,20.370,20.370,20.370,20.370,0,0
1523559900,20.360,20.370,20.360,20.370,18757,688627
1523559960,20.360,20.370,20.360,20.370,0,0
1523560020,20.380,20.360,20.360,20.380,0,0
1523560080,20.370,20.360,20.360,20.370,0,0
1523560140,20.370,20.360,20.360,20.370,0,0
1523560200,20.370,20.370,20.370,20.370,12966,707384
1523560260,20.380,20.380,20.380,20.380,0,0
1523560320,20.380,20.380,20.380,20.380,0,0
1523560380,20.390,20.380,20.380,20.390,0,0
1523560440,20.390,20.410,20.390,20.410,0,0
1523560500,20.410,20.410,20.410,20.410,16283,720350
1523560560,20.410,20.420,20.410,20.420,0,0
1523560620,20.410,20.410,20.410,20.410,0,0
1523560680,20.390,20.410,20.390,20.410,0,0
1523560740,20.420,20.410,20.410,20.420,0,0
1523560800,20.420,20.400,20.400,20.420,11444,736633
1523560860,20.430,20.430,20.430,20.430,0,0
1523560920,20.430,20.420,20.420,20.430,0,0
1523560980,20.430,20.420,20.420,20.430,0,0
1523561040,20.430,20.410,20.410,20.430,0,0
1523561100,20.420,20.420,20.420,20.420,14005,748077
1523561160,20.430,20.430,20.430,20.430,0,0
1523561220,20.430,20.430,20.430,20.430,0,0
1523561280,20.430,20.420,20.410,20.430,0,0
1523561340,20.420,20.420,20.420,20.420,0,0
1523561400,20.410,20.410,20.410,20.410,11652,762082
1523561460,20.410,20.400,20.390,20.410,0,0
1523561520,20.390,20.400,20.390,20.400,0,0
1523561580,20.390,20.390,20.390,20.390,0,0
1523561640,20.380,20.380,20.380,20.380,0,0
1523561700,20.390,20.380,20.380,20.390,15061,773734
1523561760,20.380,20.380,20.380,20.380,0,0
1523561820,20.380,20.370,20.370,20.380,0,0
1523561880,20.380,20.390,20.380,20.390,0,0
1523561940,20.390,20.390,20.390,20.390,0,0
1523562000,20.380,20.390,20.380,20.390,42958,788795
1523562060,20.370,20.380,20.370,20.380,0,0
1523562120,20.370,20.400,20.370,20.400,0,0
1523562180,20.400,20.410,20.400,20.410,0,0
1523562240,20.410,20.400,20.390,20.410,0,0
1523562300,20.410,20.380,20.380,20.410,43995,831753
1523562360,20.380,20.370,20.370,20.390,0,0
1523562420,20.370,20.360,20.350,20.380,0,0
1523562480,20.360,20.360,20.360,20.360,0,0
1523562540,20.370,20.360,20.360,20.370,0,0
1523562600,20.370,20.390,20.370,20.390,63592,875748
1523562660,20.390,20.390,20.390,20.390,0,0
1523562720,20.380,20.360,20.360,20.390,0,0
1523562780,20.360,20.360,20.360,20.360,0,0
1523562840,20.350,20.360,20.350,20.360,0,0
1523562900,20.350,20.340,20.340,20.360,221093,939340
1523562960,20.340,20.350,20.340,20.350,0,0
1523563020,20.330,20.320,20.320,20.340,0,0
1523563080,20.320,20.310,20.310,20.330,0,0
1523563140,20.320,20.330,20.310,20.330,0,0
1523626200,20.450,20.390,20.390,20.450,29088,0
1523626380,20.540,20.590,20.540,20.590,0,0
1523626440,20.590,20.690,20.590,20.690,0,0
1523626500,20.700,20.750,20.700,20.750,9935,29088
1523626560,20.660,20.640,20.620,20.660,0,0
1523626620,20.610,20.570,20.560,20.610,0,0
1523626680,20.570,20.560,20.560,20.570,0,0
1523626740,20.560,20.560,20.560,20.560,0,0
1523626800,20.550,20.550,20.550,20.550,2176,39023
1523626980,20.510,20.510,20.510,20.510,0,0
1523627040,20.480,20.510,20.480,20.510,0,0
1523627100,20.520,20.520,20.520,20.520,3622,41199
1523627160,20.530,20.530,20.530,20.530,0,0
1523627220,20.490,20.490,20.490,20.490,0,0
1523627280,20.460,20.460,20.460,20.460,0,0
1523627400,20.460,20.400,20.400,20.470,21773,44821
1523627460,20.380,20.360,20.360,20.380,0,0
1523627520,20.340,20.320,20.320,20.340,0,0
1523627580,20.320,20.320,20.320,20.320,0,0
1523627640,20.290,20.290,20.290,20.290,0,0
1523627700,20.310,20.300,20.300,20.310,4967,66594
1523627760,20.290,20.290,20.290,20.290,0,0
1523627820,20.280,20.240,20.240,20.280,0,0
1523628000,20.220,20.230,20.220,20.230,10159,71561
1523628060,20.220,20.230,20.220,20.230,0,0
1523628120,20.200,20.150,20.150,20.200,0,0
1523628180,20.170,20.180,20.170,20.190,0,0
1523628300,20.170,20.190,20.170,20.190,5408,81720
1523628360,20.170,20.190,20.170,20.190,0,0
1523628420,20.180,20.160,20.160,20.180,0,0
1523628480,20.140,20.140,20.140,20.140,0,0
1523628540,20.120,20.120,20.120,20.120,0,0
1523628600,20.120,20.120,20.120,20.120,23669,87128
1523628660,20.100,20.080,20.080,20.100,0,0
1523628720,20.070,20.080,20.060,20.080,0,0
1523628780,20.060,20.060,20.060,20.060,0,0
1523628840,20.070,20.070,20.070,20.070,0,0
1523628900,20.070,20.050,20.050,20.070,12765,110797
1523628960,20.040,20.020,20.020,20.040,0,0
1523629020,20.010,20.050,20.010,20.050,0,0
1523629080,20.080,20.120,20.080,20.120,0,0
1523629140,20.130,20.130,20.130,20.130,0,0
1523629200,20.140,20.120,20.120,20.140,10747,123562
1523629260,20.130,20.140,20.130,20.140,0,0
1523629320,20.130,20.130,20.130,20.130,0,0
1523629380,20.110,20.130,20.110,20.130,0,0
1523629440,20.130,20.140,20.130,20.140,0,0
1523629500,20.150,20.130,20.130,20.150,10594,134309
1523629560,20.110,20.090,20.090,20.110,0,0
1523629620,20.080,20.070,20.070,20.080,0,0
1523629680,20.060,20.050,20.050,20.060,0,0
1523629740,20.050,20.060,20.050,20.060,0,0
1523629800,20.050,20.060,20.050,20.060,9360,144903
1523629860,20.040,20.060,20.040,20.060,0,0
1523629980,20.100,20.110,20.100,20.110,0,0
1523630100,20.140,20.130,20.130,20.140,10819,154263
1523630160,20.140,20.150,20.140,20.150,0,0
1523630280,20.130,20.130,20.130,20.130,0,0
1523630340,20.120,20.090,20.090,20.120,0,0
1523630400,20.100,20.110,20.100,20.110,5920,165082
1523630520,20.070,20.090,20.070,20.090,0,0
1523630580,20.080,20.080,20.080,20.080,0,0
1523630700,20.080,20.080,20.080,20.080,4432,171002
1523630760,20.080,20.080,20.080,20.080,0,0
1523630820,20.090,20.090,20.090,20.090,0,0
1523630880,20.100,20.120,20.100,20.120,0,0
1523630940,20.120,20.120,20.120,20.120,0,0
1523631000,20.100,20.090,20.090,20.100,4747,175434
1523631060,20.100,20.090,20.090,20.100,0,0
1523631120,20.120,20.120,20.120,20.120,0,0
1523631180,20.110,20.110,20.110,20.110,0,0
1523631300,20.100,20.100,20.100,20.100,53889,180181
1523631360,20.100,20.110,20.100,20.110,0,0
1523631420,20.100,20.100,20.100,20.100,0,0
1523631480,20.090,20.100,20.090,20.100,0,0
1523631540,20.090,20.040,20.040,20.090,0,0
1523631600,20.020,20.020,20.020,20.020,6628,234070
1523631660,20.000,20.000,20.000,20.000,0,0
1523631720,20.000,20.000,20.000,20.000,0,0
1523631780,20.010,19.990,19.990,20.010,0,0
1523631840,20.000,20.000,20.000,20.000,0,0
1523631900,20.000,20.000,20.000,20.000,9029,240698
1523631960,20.010,20.020,20.010,20.020,0,0
1523632020,20.040,20.040,20.040,20.040,0,0
1523632080,20.040,20.040,20.040,20.040,0,0
1523632140,20.040,20.050,20.040,20.050,0,0
1523632200,20.060,20.060,20.060,20.060,3710,249727
1523632260,20.070,20.070,20.070,20.070,0,0
1523632380,20.030,20.030,20.030,20.030,0,0
1523632440,20.040,20.040,20.040,20.040,0,0
1523632500,20.040,20.040,20.040,20.040,5883,253437
1523632560,20.050,20.050,20.050,20.050,0,0
1523632620,20.030,20.020,20.020,20.030,0,0
1523632680,20.030,20.030,20.030,20.030,0,0
1523632740,20.030,20.020,20.020,20.030,0,0
1523632800,20.030,20.030,20.030,20.030,4730,259320
1523632860,20.020,20.010,20.010,20.020,0,0
1523632920,20.010,20.010,20.010,20.010,0,0
1523632980,20.030,20.030,20.030,20.030,0,0
1523633040,20.050,20.100,20.050,20.100,0,0
1523633100,20.100,20.110,20.100,20.110,6256,264050
1523633160,20.140,20.120,20.120,20.140,0,0
1523633220,20.110,20.100,20.100,20.110,0,0
1523633340,20.110,20.120,20.110,20.130,0,0
1523633400,20.130,20.130,20.130,20.130,9877,270306
1523633460,20.150,20.150,20.150,20.150,0,0
1523633520,20.180,20.180,20.180,20.180,0,0
1523633580,20.180,20.180,20.180,20.180,0,0
1523633640,20.170,20.180,20.170,20.180,0,0
1523633700,20.180,20.180,20.180,20.180,6140,280183
1523633760,20.170,20.170,20.170,20.170,0,0
1523633820,20.180,20.150,20.150,20.180,0,0
1523633880,20.130,20.130,20.130,20.130,0,0
1523634000,20.150,20.160,20.150,20.160,5765,286323
1523634060,20.150,20.150,20.150,20.150,0,0
1523634120,20.160,20.160,20.160,20.160,0,0
1523634180,20.160,20.140,20.140,20.160,0,0
1523634240,20.130,20.130,20.130,20.130,0,0
1523634300,20.140,20.130,20.130,20.140,2530,292088
1523634360,20.140,20.130,20.130,20.140,0,0
1523634420,20.140,20.130,20.130,20.140,0,0
1523634480,20.130,20.120,20.120,20.130,0,0
1523634600,20.080,20.090,20.080,20.090,3661,294618
1523634660,20.090,20.110,20.090,20.110,0,0
1523634720,20.120,20.120,20.120,20.120,0,0
1523634840,20.130,20.130,20.130,20.130,0,0
1523634900,20.120,20.130,20.120,20.130,2882,298279
1523634960,20.140,20.140,20.140,20.140,0,0
1523635020,20.140,20.140,20.140,20.140,0,0
1523635140,20.150,20.150,20.150,20.150,0,0
1523635200,20.180,20.180,20.180,20.180,2949,301161
1523635260,20.160,20.160,20.160,20.160,0,0
1523635320,20.150,20.150,20.150,20.150,0,0
1523635380,20.140,20.140,20.140,20.140,0,0
1523635500,20.140,20.150,20.140,20.150,16739,304110
1523635560,20.180,20.180,20.180,20.180,0,0
1523635620,20.160,20.140,20.140,20.160,0,0
1523635680,20.140,20.140,20.140,20.140,0,0
1523635740,20.140,20.150,20.140,20.150,0,0
1523635800,20.150,20.130,20.130,20.150,3165,320849
1523635860,20.150,20.130,20.130,20.150,0,0
1523635980,20.160,20.160,20.160,20.160,0,0
1523636040,20.180,20.180,20.180,20.180,0,0
1523636100,20.180,20.190,20.170,20.190,5232,324014
1523636160,20.180,20.190,20.180,20.190,0,0
1523636280,20.200,20.200,20.200,20.200,0,0
1523636340,20.190,20.190,20.190,20.190,0,0
1523636400,20.190,20.190,20.190,20.190,4942,329246
1523636460,20.200,20.200,20.200,20.200,0,0
1523636520,20.210,20.200,20.200,20.210,0,0
1523636580,20.200,20.190,20.190,20.200,0,0
1523636640,20.180,20.180,20.180,20.180,0,0
1523636700,20.190,20.200,20.190,20.200,11543,334188
1523636760,20.190,20.190,20.190,20.190,0,0
1523636820,20.190,20.190,20.190,20.190,0,0
1523636880,20.200,20.220,20.200,20.230,0,0
1523636940,20.220,20.220,20.220,20.220,0,0
1523637000,20.220,20.190,20.190,20.220,13350,345731
1523637060,20.190,20.190,20.190,20.190,0,0
1523637120,20.190,20.190,20.190,20.190,0,0
1523637180,20.190,20.220,20.190,20.220,0,0
1523637240,20.220,20.190,20.190,20.220,0,0
1523637300,20.190,20.190,20.190,20.190,3122,359081
1523637360,20.180,20.190,20.180,20.190,0,0
1523637420,20.180,20.160,20.160,20.180,0,0
1523637600,20.170,20.160,20.160,20.170,2727,362203
1523637660,20.170,20.170,20.170,20.170,0,0
1523637720,20.160,20.160,20.160,20.160,0,0
1523637900,20.150,20.150,20.150,20.150,4634,364930
1523638020,20.150,20.150,20.150,20.150,0,0
1523638080,20.140,20.140,20.140,20.140,0,0
1523638140,20.140,20.140,20.140,20.140,0,0
1523638200,20.140,20.140,20.140,20.140,3484,369564
1523638260,20.130,20.140,20.130,20.140,0,0
1523638320,20.140,20.140,20.140,20.140,0,0
1523638380,20.140,20.120,20.120,20.140,0,0
1523638440,20.120,20.120,20.120,20.120,0,0
1523638500,20.110,20.110,20.110,20.110,2720,373048
1523638560,20.110,20.110,20.110,20.110,0,0
1523638620,20.110,20.130,20.110,20.130,0,0
1523638680,20.120,20.130,20.120,20.130,0,0
1523638800,20.120,20.130,20.120,20.130,2640,375768
1523638860,20.140,20.150,20.140,20.150,0,0
1523638920,20.130,20.130,20.130,20.130,0,0
1523638980,20.120,20.120,20.120,20.120,0,0
1523639100,20.110,20.110,20.110,20.110,4508,378408
1523639220,20.100,20.100,20.100,20.100,0,0
1523639280,20.130,20.140,20.130,20.140,0,0
1523639400,20.120,20.120,20.120,20.120,3815,382916
1523639520,20.110,20.110,20.110,20.110,0,0
1523639640,20.110,20.120,20.110,20.120,0,0
1523639700,20.140,20.130,20.130,20.140,2016,386731
1523639760,20.140,20.130,20.130,20.140,0,0
1523639820,20.140,20.120,20.120,20.140,0,0
1523639940,20.120,20.120,20.120,20.120,0,0
1523640000,20.130,20.130,20.130,20.130,7205,388747
1523640060,20.130,20.130,20.130,20.130,0,0
1523640120,20.130,20.140,20.130,20.140,0,0
1523640240,20.140,20.160,20.140,20.160,0,0
1523640300,20.160,20.150,20.150,20.160,5247,395952
1523640420,20.160,20.160,20.160,20.160,0,0
1523640480,20.160,20.150,20.150,20.160,0,0
1523640540,20.140,20.140,20.140,20.140,0,0
1523640600,20.160,20.170,20.160,20.170,5255,401199
1523640660,20.160,20.160,20.160,20.160,0,0
1523640720,20.150,20.140,20.140,20.150,0,0
1523640780,20.130,20.130,20.130,20.130,0,0
1523640840,20.120,20.120,20.120,20.120,0,0
1523640900,20.120,20.120,20.120,20.120,4801,406454
1523640960,20.120,20.110,20.110,20.120,0,0
1523641020,20.120,20.130,20.120,20.130,0,0
1523641140,20.130,20.130,20.130,20.130,0,0
1523641200,20.140,20.140,20.140,20.140,4414,411255
1523641260,20.140,20.140,20.140,20.140,0,0
1523641320,20.120,20.120,20.120,20.120,0,0
1523641380,20.130,20.130,20.130,20.130,0,0
1523641440,20.130,20.130,20.130,20.130,0,0
1523641500,20.150,20.170,20.150,20.170,4160,415669
1523641680,20.160,20.150,20.150,20.160,0,0
1523641740,20.150,20.150,20.150,20.150,0,0
1523641800,20.150,20.150,20.150,20.150,6330,419829
1523641860,20.150,20.150,20.150,20.150,0,0
1523641920,20.150,20.150,20.150,20.150,0,0
1523641980,20.150,20.150,20.150,20.150,0,0
1523642040,20.160,20.170,20.160,20.170,0,0
1523642100,20.160,20.150,20.150,20.160,5962,426159
1523642160,20.150,20.140,20.140,20.150,0,0
1523642220,20.130,20.130,20.130,20.130,0,0
1523642280,20.130,20.130,20.130,20.130,0,0
1523642400,20.120,20.120,20.120,20.120,8861,432121
1523642460,20.110,20.130,20.110,20.130,0,0
1523642520,20.120,20.110,20.110,20.120,0,0
1523642580,20.110,20.120,20.110,20.120,0,0
1523642700,20.120,20.120,20.120,20.120,38781,440982
1523642760,20.120,20.120,20.120,20.120,0,0
1523642820,20.130,20.130,20.130,20.130,0,0
1523642880,20.140,20.140,20.140,20.140,0,0
1523642940,20.140,20.140,20.140,20.140,0,0
1523643000,20.130,20.130,20.130,20.130,20937,479763
1523643060,20.140,20.140,20.140,20.140,0,0
1523643120,20.140,20.180,20.140,20.180,0,0
1523643180,20.180,20.180,20.180,20.180,0,0
1523643240,20.180,20.180,20.180,20.180,0,0
1523643300,20.180,20.180,20.180,20.180,21515,500700
1523643360,20.180,20.170,20.170,20.180,0,0
1523643420,20.180,20.170,20.170,20.180,0,0
1523643480,20.180,20.180,20.180,20.180,0,0
1523643540,20.190,20.180,20.170,20.190,0,0
1523643600,20.180,20.170,20.160,20.180,81879,522215
1523643660,20.170,20.180,20.170,20.180,0,0
1523643720,20.190,20.180,20.180,20.200,0,0
1523643780,20.170,20.180,20.170,20.180,0,0
1523643840,20.190,20.200,20.190,20.200,0,0
1523643900,20.200,20.210,20.200,20.220,17574,604094
1523643960,20.210,20.200,20.200,20.220,0,0
1523644020,20.210,20.230,20.210,20.230,0,0
1523644080,20.240,20.230,20.230,20.240,0,0
1523644140,20.250,20.260,20.250,20.260,0,0
1523644200,20.260,20.250,20.250,20.260,31386,621668
1523644260,20.250,20.240,20.240,20.250,0,0
1523644320,20.240,20.230,20.220,20.240,0,0
1523644380,20.260,20.270,20.260,20.270,0,0
1523644440,20.250,20.230,20.230,20.250,0,0
1523644500,20.240,20.250,20.240,20.260,8146,653054
1523644560,20.250,20.240,20.240,20.250,0,0
1523644620,20.240,20.240,20.240,20.240,0,0
1523644740,20.250,20.250,20.250,20.250,0,0
1523644800,20.260,20.250,20.250,20.260,15243,661200
1523644860,20.240,20.240,20.240,20.240,0,0
1523644920,20.240,20.260,20.240,20.260,0,0
1523644980,20.260,20.260,20.260,20.260,0,0
1523645040,20.260,20.270,20.260,20.270,0,0
1523645100,20.280,20.290,20.280,20.290,11321,676443
1523645160,20.280,20.280,20.280,20.280,0,0
1523645220,20.270,20.250,20.250,20.270,0,0
1523645340,20.250,20.250,20.250,20.250,0,0
1523645400,20.250,20.230,20.230,20.250,16735,687764
1523645460,20.240,20.240,20.240,20.240,0,0
1523645520,20.250,20.240,20.240,20.250,0,0
1523645580,20.250,20.250,20.250,20.250,0,0
1523645640,20.240,20.250,20.240,20.250,0,0
1523645700,20.250,20.230,20.230,20.250,26793,704499
1523645760,20.230,20.230,20.230,20.230,0,0
1523645820,20.230,20.230,20.230,20.230,0,0
1523645880,20.230,20.230,20.230,20.230,0,0
1523645940,20.240,20.250,20.240,20.250,0,0
1523646000,20.250,20.230,20.230,20.250,39767,731292
1523646060,20.230,20.230,20.230,20.230,0,0
1523646120,20.230,20.240,20.230,20.240,0,0
1523646180,20.230,20.210,20.210,20.230,0,0
1523646240,20.220,20.230,20.220,20.230,0,0
1523646300,20.210,20.210,20.210,20.210,9996,771059
1523646360,20.200,20.200,20.200,20.200,0,0
1523646420,20.200,20.200,20.200,20.200,0,0
1523646480,20.210,20.210,20.210,20.210,0,0
1523646540,20.230,20.230,20.230,20.230,0,0
1523646600,20.230,20.230,20.230,20.230,37471,781055
1523646660,20.240,20.260,20.240,20.260,0,0
1523646720,20.280,20.290,20.280,20.290,0,0
1523646780,20.290,20.270,20.250,20.290,0,0
1523646840,20.270,20.260,20.260,20.270,0,0
1523646900,20.260,20.270,20.260,20.270,31433,818526
1523646960,20.270,20.270,20.270,20.270,0,0
1523647020,20.270,20.250,20.250,20.280,0,0
1523647080,20.240,20.240,20.240,20.240,0,0
1523647140,20.220,20.200,20.200,20.220,0,0
1523647200,20.200,20.200,20.200,20.200,11756,849959
1523647260,20.190,20.190,20.190,20.190,0,0
1523647320,20.180,20.200,20.180,20.200,0,0
1523647380,20.190,20.170,20.170,20.190,0,0
1523647440,20.180,20.180,20.180,20.180,0,0
1523647500,20.180,20.180,20.180,20.180,8421,861715
1523647560,20.180,20.170,20.170,20.180,0,0
1523647620,20.160,20.170,20.160,20.170,0,0
1523647680,20.170,20.160,20.160,20.170,0,0
1523647740,20.160,20.160,20.160,20.160,0,0
1523647800,20.160,20.160,20.160,20.160,26320,870136
1523647860,20.150,20.140,20.140,20.160,0,0
1523647920,20.140,20.150,20.130,20.150,0,0
1523647980,20.150,20.170,20.150,20.170,0,0
1523648040,20.160,20.160,20.160,20.160,0,0
1523648100,20.160,20.170,20.160,20.170,16384,896456
1523648160,20.170,20.190,20.170,20.190,0,0
1523648220,20.180,20.170,20.170,20.180,0,0
1523648280,20.170,20.180,20.170,20.180,0,0
1523648340,20.190,20.180,20.180,20.190,0,0
1523648400,20.200,20.220,20.200,20.220,82512,912840
1523648460,20.220,20.210,20.210,20.220,0,0
1523648520,20.220,20.230,20.220,20.230,0,0
1523648580,20.250,20.260,20.250,20.260,0,0
1523648640,20.270,20.280,20.270,20.280,0,0
1523648700,20.280,20.290,20.270,20.290,73728,995352
1523648760,20.290,20.320,20.290,20.320,0,0
1523648820,20.300,20.290,20.290,20.300,0,0
1523648880,20.300,20.320,20.300,20.320,0,0
1523648940,20.320,20.290,20.290,20.320,0,0
1523649000,20.300,20.320,20.300,20.320,76101,1069080
1523649060,20.310,20.270,20.270,20.310,0,0
1523649120,20.260,20.270,20.260,20.270,0,0
1523649180,20.270,20.270,20.270,20.270,0,0
1523649240,20.270,20.260,20.260,20.280,0,0
1523649300,20.270,20.260,20.260,20.270,305808,1145181
1523649360,20.260,20.250,20.250,20.260,0,0
1523649420,20.250,20.240,20.240,20.270,0,0
1523649480,20.250,20.230,20.220,20.250,0,0
1523649540,20.230,20.220,20.220,20.250,0,0
1523885700,20.210,20.180,20.180,20.210,17315,0
1523885760,20.180,20.180,20.180,20.180,0,0
1523885820,20.160,20.160,20.160,20.160,0,0
1523885880,20.200,20.200,20.200,20.200,0,0
1523885940,20.210,20.260,20.210,20.260,0,0
1523886000,20.240,20.280,20.240,20.280,5945,17315
1523886060,20.250,20.250,20.250,20.250,0,0
1523886120,20.140,20.140,20.140,20.140,0,0
1523886180,20.140,20.190,20.140,20.190,0,0
1523886240,20.140,20.180,20.140,20.180,0,0
1523886300,20.210,20.210,20.210,20.210,2548,23260
1523886360,20.210,20.210,20.210,20.210,0,0
1523886420,20.210,20.210,20.210,20.210,0,0
1523886480,20.220,20.220,20.220,20.220,0,0
1523886540,20.270,20.270,20.270,20.270,0,0
1523886600,20.270,20.260,20.260,20.270,5985,25808
1523886720,20.270,20.260,20.260,20.270,0,0
1523886780,20.260,20.240,20.240,20.260,0,0
1523886840,20.220,20.240,20.220,20.240,0,0
1523886900,20.230,20.230,20.230,20.230,6143,31793
1523887020,20.190,20.190,20.190,20.190,0,0
1523887140,20.160,20.200,20.160,20.200,0,0
1523887200,20.240,20.240,20.240,20.240,37397,37936
1523887260,20.260,20.270,20.260,20.270,0,0
1523887320,20.250,20.260,20.250,20.260,0,0
1523887380,20.250,20.230,20.220,20.250,0,0
1523887440,20.250,20.250,20.250,20.250,0,0
1523887500,20.250,20.240,20.240,20.250,36297,75333
1523887560,20.260,20.270,20.260,20.270,0,0
1523887620,20.260,20.250,20.250,20.280,0,0
1523887680,20.250,20.250,20.250,20.250,0,0
1523887740,20.260,20.250,20.250,20.260,0,0
1523887800,20.250,20.250,20.250,20.250,31441,111630
1523887860,20.250,20.260,20.250,20.260,0,0
1523887920,20.250,20.260,20.250,20.260,0,0
1523887980,20.240,20.240,20.240,20.240,0,0
1523888040,20.240,20.250,20.240,20.250,0,0
1523888100,20.250,20.260,20.250,20.260,16639,143071
1523888160,20.250,20.260,20.250,20.260,0,0
1523888220,20.250,20.250,20.250,20.250,0,0
1523888280,20.250,20.240,20.240,20.250,0,0
1523888340,20.230,20.190,20.190,20.230,0,0
1523888400,20.190,20.200,20.190,20.210,15611,159710
1523888460,20.200,20.200,20.200,20.200,0,0
1523888520,20.200,20.200,20.200,20.200,0,0
1523888580,20.200,20.210,20.200,20.210,0,0
1523888640,20.220,20.220,20.220,20.220,0,0
1523888700,20.230,20.240,20.230,20.240,44828,175321
1523888760,20.230,20.240,20.230,20.240,0,0
1523888820,20.250,20.260,20.240,20.260,0,0
1523888880,20.270,20.260,20.250,20.270,0,0
1523888940,20.250,20.240,20.220,20.250,0,0
1523889000,20.250,20.270,20.250,20.290,21302,220149
1523889060,20.250,20.270,20.250,20.270,0,0
1523889120,20.240,20.240,20.240,20.240,0,0
1523889180,20.250,20.250,20.250,20.250,0,0
1523889240,20.240,20.250,20.240,20.250,0,0
1523889300,20.240,20.250,20.240,20.250,14038,241451
1523889360,20.260,20.250,20.250,20.260,0,0
1523889420,20.250,20.240,20.240,20.250,0,0
1523889480,20.240,20.210,20.210,20.240,0,0
1523889540,20.210,20.200,20.200,20.210,0,0
1523889600,20.210,20.170,20.160,20.210,66168,255489
1523889660,20.170,20.210,20.160,20.210,0,0
1523889720,20.210,20.250,20.210,20.260,0,0
1523889780,20.270,20.220,20.220,20.270,0,0
1523889840,20.240,20.260,20.240,20.260,0,0
1523889900,20.280,20.280,20.280,20.280,14044,321657
1523889960,20.290,20.300,20.290,20.300,0,0
1523890020,20.300,20.320,20.300,20.320,0,0
1523890080,20.350,20.350,20.350,20.350,0,0
1523890140,20.360,20.350,20.340,20.360,0,0
1523890200,20.340,20.340,20.340,20.340,6463,335701
1523890260,20.340,20.350,20.340,20.360,0,0
1523890320,20.330,20.330,20.330,20.330,0,0
1523890380,20.340,20.350,20.340,20.350,0,0
1523890440,20.350,20.360,20.350,20.360,0,0
1523890500,20.350,20.350,20.350,20.350,10578,342164
1523890560,20.360,20.350,20.350,20.360,0,0
1523890620,20.360,20.370,20.360,20.380,0,0
1523890680,20.360,20.360,20.360,20.360,0,0
1523890740,20.360,20.380,20.360,20.380,0,0
1523890800,20.380,20.360,20.360,20.380,22153,352742
1523890860,20.370,20.380,20.370,20.380,0,0
1523890920,20.370,20.360,20.360,20.370,0,0
1523891040,20.370,20.340,20.340,20.370,0,0
1523891100,20.330,20.300,20.300,20.330,19794,374895
1523891160,20.310,20.300,20.300,20.310,0,0
1523891220,20.320,20.300,20.300,20.320,0,0
1523891280,20.330,20.290,20.290,20.330,0,0
1523891340,20.290,20.290,20.290,20.290,0,0
1523891400,20.280,20.260,20.260,20.280,14138,394689
1523891460,20.240,20.250,20.240,20.250,0,0
1523891520,20.240,20.210,20.210,20.250,0,0
1523891580,20.200,20.200,20.200,20.200,0,0
1523891640,20.190,20.180,20.180,20.200,0,0
1523891700,20.180,20.180,20.180,20.180,33623,408827
1523891760,20.180,20.200,20.180,20.200,0,0
1523891820,20.180,20.130,20.130,20.180,0,0
1523891880,20.130,20.180,20.130,20.180,0,0
1523891940,20.180,20.190,20.180,20.190,0,0
1523892000,20.180,20.190,20.170,20.190,72765,442450
1523892060,20.180,20.240,20.170,20.250,0,0
1523892120,20.230,20.150,20.150,20.230,0,0
1523892180,20.150,20.140,20.140,20.160,0,0
1523892240,20.140,20.160,20.140,20.160,0,0
1523892300,20.160,20.140,20.140,20.160,14303,515215
1523892360,20.130,20.150,20.130,20.150,0,0
1523892420,20.130,20.120,20.120,20.130,0,0
1523892480,20.120,20.110,20.110,20.120,0,0
1523892540,20.110,20.120,20.110,20.120,0,0
1523892600,20.110,20.110,20.110,20.110,9115,529518
1523892660,20.120,20.140,20.120,20.140,0,0
1523892720,20.120,20.130,20.120,20.130,0,0
1523892780,20.130,20.120,20.120,20.130,0,0
1523892840,20.120,20.110,20.110,20.120,0,0
1523892900,20.130,20.130,20.130,20.130,5291,538633
1523892960,20.140,20.170,20.140,20.170,0,0
1523893080,20.200,20.200,20.200,20.200,0,0
1523893200,20.220,20.210,20.210,20.220,9560,543924
1523893260,20.210,20.180,20.180,20.210,0,0
1523893320,20.170,20.180,20.170,20.180,0,0
1523893380,20.190,20.200,20.190,20.210,0,0
1523893440,20.190,20.200,20.190,20.200,0,0
1523893500,20.200,20.210,20.200,20.210,10015,553484
1523893560,20.200,20.180,20.180,20.200,0,0
1523893620,20.180,20.180,20.180,20.180,0,0
1523893680,20.190,20.190,20.190,20.190,0,0
1523893740,20.190,20.190,20.190,20.190,0,0
1523893800,20.200,20.220,20.200,20.220,9466,563499
1523893860,20.230,20.230,20.230,20.230,0,0
1523893980,20.230,20.240,20.230,20.240,0,0
1523894040,20.240,20.240,20.240,20.240,0,0
1523894100,20.260,20.250,20.250,20.260,9179,572965
1523894160,20.260,20.270,20.260,20.270,0,0
1523894280,20.280,20.280,20.280,20.280,0,0
1523894340,20.290,20.270,20.270,20.290,0,0
1523894400,20.270,20.260,20.260,20.270,6080,582144
1523894460,20.260,20.260,20.260,20.260,0,0
1523894520,20.270,20.270,20.270,20.270,0,0
1523894580,20.280,20.290,20.280,20.290,0,0
1523894640,20.280,20.280,20.280,20.280,0,0
1523894700,20.280,20.270,20.270,20.280,6955,588224
1523894760,20.280,20.270,20.270,20.280,0,0
1523894880,20.270,20.270,20.270,20.270,0,0
1523894940,20.270,20.280,20.270,20.280,0,0
1523895000,20.270,20.230,20.230,20.270,14925,595179
1523895060,20.220,20.210,20.210,20.220,0,0
1523895120,20.190,20.200,20.190,20.200,0,0
1523895180,20.200,20.210,20.200,20.210,0,0
1523895240,20.210,20.200,20.200,20.210,0,0
1523895300,20.200,20.200,20.200,20.200,994,610104
1523895600,20.200,20.170,20.170,20.200,7378,611098
1523895660,20.200,20.170,20.170,20.200,0,0
1523895780,20.150,20.160,20.150,20.160,0,0
1523895840,20.170,20.170,20.170,20.170,0,0
1523895900,20.180,20.190,20.180,20.190,5238,618476
1523895960,20.180,20.180,20.180,20.180,0,0
1523896020,20.190,20.190,20.190,20.190,0,0
1523896080,20.190,20.190,20.190,20.190,0,0
1523896140,20.200,20.200,20.200,20.200,0,0
1523896200,20.200,20.200,20.200,20.200,7164,623714
1523896260,20.210,20.210,20.210,20.210,0,0
1523896380,20.220,20.220,20.220,20.220,0,0
1523896440,20.230,20.220,20.220,20.230,0,0
1523896500,20.200,20.210,20.200,20.210,6816,630878
1523896560,20.200,20.210,20.200,20.210,0,0
1523896620,20.200,20.200,20.200,20.200,0,0
1523896680,20.200,20.210,20.200,20.210,0,0
1523896740,20.210,20.200,20.200,20.210,0,0
1523896800,20.210,20.200,20.200,20.210,3625,637694
1523896860,20.230,20.230,20.230,20.230,0,0
1523896920,20.230,20.230,20.230,20.230,0,0
1523896980,20.230,20.230,20.230,20.230,0,0
1523897040,20.240,20.240,20.240,20.240,0,0
1523897100,20.240,20.250,20.240,20.250,10253,641319
1523897220,20.260,20.260,20.260,20.260,0,0
1523897280,20.270,20.270,20.270,20.270,0,0
1523897340,20.260,20.230,20.230,20.260,0,0
1523897400,20.230,20.240,20.230,20.240,8467,651572
1523897460,20.240,20.240,20.240,20.240,0,0
1523897520,20.250,20.270,20.250,20.270,0,0
1523897580,20.270,20.270,20.270,20.270,0,0
1523897640,20.270,20.270,20.270,20.270,0,0
1523897700,20.240,20.240,20.240,20.240,5282,660039
1523897760,20.240,20.240,20.240,20.240,0,0
1523897820,20.250,20.250,20.250,20.250,0,0
1523897880,20.260,20.260,20.260,20.260,0,0
1523897940,20.250,20.250,20.250,20.250,0,0
1523898000,20.270,20.270,20.270,20.270,5016,665321
1523898060,20.260,20.260,20.260,20.260,0,0
1523898180,20.260,20.260,20.260,20.260,0,0
1523898300,20.270,20.280,20.270,20.280,9788,670337
1523898360,20.270,20.280,20.260,20.280,0,0
1523898420,20.270,20.280,20.270,20.280,0,0
1523898480,20.290,20.300,20.290,20.300,0,0
1523898540,20.310,20.320,20.310,20.320,0,0
1523898600,20.320,20.310,20.310,20.320,6248,680125
1523898660,20.330,20.330,20.330,20.330,0,0
1523898720,20.340,20.340,20.340,20.340,0,0
1523898780,20.350,20.340,20.340,20.350,0,0
1523898840,20.340,20.340,20.340,20.340,0,0
1523898900,20.340,20.340,20.340,20.340,3919,686373
1523898960,20.330,20.330,20.330,20.330,0,0
1523899200,20.340,20.350,20.340,20.360,7353,690292
1523899260,20.340,20.340,20.340,20.340,0,0
1523899320,20.350,20.350,20.350,20.350,0,0
1523899380,20.340,20.340,20.340,20.340,0,0
1523899440,20.340,20.350,20.340,20.350,0,0
1523899500,20.360,20.360,20.360,20.360,4371,697645
1523899560,20.360,20.360,20.360,20.360,0,0
1523899620,20.360,20.360,20.360,20.360,0,0
1523899680,20.370,20.380,20.370,20.380,0,0
1523899740,20.380,20.370,20.370,20.380,0,0
1523899800,20.380,20.380,20.380,20.380,11946,702016
1523899860,20.380,20.380,20.380,20.380,0,0
1523899920,20.370,20.360,20.360,20.370,0,0
1523899980,20.360,20.360,20.360,20.360,0,0
1523900040,20.360,20.350,20.350,20.360,0,0
1523900100,20.360,20.380,20.360,20.380,6258,713962
1523900160,20.370,20.370,20.370,20.370,0,0
1523900220,20.360,20.360,20.360,20.360,0,0
1523900280,20.360,20.360,20.360,20.360,0,0
1523900340,20.360,20.380,20.360,20.380,0,0
1523900400,20.380,20.390,20.380,20.390,5675,720220
1523900460,20.400,20.400,20.400,20.400,0,0
1523900520,20.390,20.390,20.390,20.390,0,0
1523900580,20.380,20.390,20.380,20.390,0,0
1523900640,20.400,20.400,20.400,20.400,0,0
1523900700,20.410,20.420,20.410,20.420,6558,725895
1523900820,20.430,20.440,20.430,20.440,0,0
1523900880,20.420,20.420,20.420,20.420,0,0
1523900940,20.430,20.440,20.430,20.440,0,0
1523901000,20.430,20.420,20.420,20.430,32939,732453
1523901060,20.430,20.430,20.430,20.430,0,0
1523901120,20.430,20.440,20.430,20.440,0,0
1523901180,20.450,20.440,20.440,20.450,0,0
1523901240,20.450,20.450,20.450,20.450,0,0
1523901300,20.450,20.470,20.450,20.470,15736,765392
1523901360,20.460,20.450,20.450,20.460,0,0
1523901480,20.460,20.460,20.460,20.460,0,0
1523901540,20.460,20.470,20.460,20.470,0,0
1523901600,20.470,20.480,20.470,20.480,14216,781128
1523901660,20.480,20.480,20.480,20.480,0,0
1523901720,20.480,20.490,20.480,20.490,0,0
1523901780,20.480,20.480,20.480,20.480,0,0
1523901840,20.480,20.470,20.470,20.480,0,0
1523901900,20.480,20.480,20.480,20.480,11585,795344
1523901960,20.480,20.470,20.460,20.480,0,0
1523902020,20.460,20.470,20.460,20.470,0,0
1523902080,20.470,20.460,20.460,20.470,0,0
1523902140,20.480,20.480,20.480,20.480,0,0
1523902200,20.480,20.500,20.480,20.500,16388,806929
1523902260,20.500,20.500,20.500,20.500,0,0
1523902320,20.500,20.510,20.500,20.510,0,0
1523902380,20.510,20.510,20.510,20.510,0,0
1523902440,20.520,20.500,20.500,20.520,0,0
1523902500,20.510,20.520,20.510,20.520,7936,823317
1523902560,20.520,20.530,20.520,20.530,0,0
1523902620,20.530,20.520,20.520,20.530,0,0
1523902680,20.530,20.520,20.520,20.530,0,0
1523902740,20.520,20.530,20.520,20.530,0,0
1523902800,20.530,20.530,20.530,20.530,20001,831253
1523902860,20.530,20.530,20.530,20.530,0,0
1523902920,20.520,20.520,20.520,20.520,0,0
1523902980,20.520,20.490,20.490,20.520,0,0
1523903040,20.490,20.480,20.480,20.490,0,0
1523903100,20.480,20.440,20.440,20.480,7908,851254
1523903220,20.430,20.430,20.430,20.430,0,0
1523903280,20.430,20.440,20.430,20.440,0,0
1523903340,20.440,20.440,20.440,20.440,0,0
1523903400,20.450,20.440,20.430,20.450,6526,859162
1523903460,20.450,20.450,20.450,20.450,0,0
1523903520,20.450,20.460,20.450,20.460,0,0
1523903640,20.460,20.460,20.460,20.460,0,0
1523903700,20.470,20.460,20.460,20.470,12218,865688
1523903760,20.460,20.460,20.460,20.460,0,0
1523903820,20.460,20.450,20.450,20.460,0,0
1523903880,20.450,20.430,20.430,20.450,0,0
1523903940,20.420,20.420,20.420,20.420,0,0
1523904000,20.420,20.420,20.420,20.420,3121,877906
1523904120,20.410,20.410,20.410,20.410,0,0
1523904180,20.420,20.430,20.420,20.430,0,0
1523904300,20.440,20.440,20.440,20.440,7053,881027
1523904360,20.450,20.450,20.450,20.450,0,0
1523904420,20.450,20.440,20.440,20.450,0,0
1523904540,20.430,20.420,20.420,20.430,0,0
1523904600,20.430,20.440,20.430,20.440,7209,888080
1523904660,20.450,20.450,20.450,20.450,0,0
1523904720,20.450,20.450,20.450,20.450,0,0
1523904780,20.450,20.450,20.450,20.450,0,0
1523904840,20.440,20.440,20.440,20.440,0,0
1523904900,20.420,20.430,20.420,20.430,7944,895289
1523904960,20.430,20.430,20.430,20.430,0,0
1523905020,20.430,20.430,20.430,20.430,0,0
1523905080,20.430,20.410,20.410,20.430,0,0
1523905140,20.410,20.410,20.410,20.410,0,0
1523905200,20.420,20.420,20.420,20.420,8609,903233
1523905260,20.430,20.420,20.420,20.430,0,0
1523905320,20.430,20.430,20.430,20.430,0,0
1523905380,20.410,20.420,20.410,20.420,0,0
1523905500,20.420,20.420,20.420,20.420,13062,911842
1523905560,20.420,20.400,20.400,20.420,0,0
1523905620,20.400,20.380,20.380,20.400,0,0
1523905680,20.390,20.400,20.390,20.400,0,0
1523905740,20.400,20.400,20.400,20.400,0,0
1523905800,20.390,20.390,20.390,20.390,10689,924904
1523905860,20.390,20.390,20.390,20.390,0,0
1523905920,20.390,20.400,20.390,20.400,0,0
1523905980,20.390,20.380,20.380,20.390,0,0
1523906040,20.380,20.370,20.370,20.380,0,0
1523906100,20.380,20.380,20.380,20.380,7351,935593
1523906160,20.380,20.370,20.370,20.390,0,0
1523906220,20.370,20.370,20.370,20.370,0,0
1523906280,20.370,20.360,20.360,20.370,0,0
1523906340,20.370,20.370,20.370,20.370,0,0
1523906400,20.370,20.370,20.370,20.370,13951,942944
1523906460,20.370,20.380,20.370,20.380,0,0
1523906520,20.370,20.370,20.370,20.370,0,0
1523906640,20.380,20.390,20.380,20.390,0,0
1523906700,20.390,20.390,20.390,20.390,18593,956895
1523906760,20.390,20.400,20.390,20.400,0,0
1523906820,20.410,20.410,20.410,20.410,0,0
1523906880,20.420,20.410,20.410,20.420,0,0
1523906940,20.410,20.420,20.410,20.430,0,0
1523907000,20.410,20.410,20.410,20.410,9417,975488
1523907060,20.410,20.400,20.400,20.410,0,0
1523907180,20.410,20.410,20.410,20.410,0,0
1523907240,20.410,20.420,20.410,20.420,0,0
1523907300,20.430,20.430,20.430,20.430,15837,984905
1523907360,20.430,20.430,20.430,20.430,0,0
1523907420,20.430,20.410,20.410,20.430,0,0
1523907480,20.420,20.410,20.410,20.420,0,0
1523907600,20.420,20.440,20.420,20.440,21371,1000742
1523907660,20.440,20.430,20.430,20.440,0,0
1523907720,20.430,20.460,20.430,20.460,0,0
1523907780,20.460,20.460,20.460,20.460,0,0
1523907840,20.470,20.480,20.470,20.480,0,0
1523907900,20.460,20.430,20.420,20.460,33213,1022113
1523907960,20.420,20.430,20.420,20.430,0,0
1523908020,20.420,20.410,20.410,20.430,0,0
1523908080,20.420,20.410,20.410,20.420,0,0
1523908140,20.410,20.420,20.410,20.420,0,0
1523908200,20.430,20.420,20.420,20.430,38246,1055326
1523908260,20.420,20.410,20.410,20.430,0,0
1523908320,20.410,20.420,20.410,20.420,0,0
1523908380,20.410,20.420,20.410,20.420,0,0
1523908440,20.410,20.420,20.410,20.420,0,0
1523908500,20.410,20.430,20.410,20.430,209252,1093572
1523908560,20.430,20.420,20.420,20.440,0,0
1523908620,20.430,20.430,20.430,20.430,0,0
1523908680,20.440,20.420,20.420,20.440,0,0
1523908740,20.430,20.400,20.400,20.430,0,0
1523971800,20.720,20.550,20.510,20.720,62377,0
1523971860,20.660,20.620,20.540,20.710,0,0
1523971920,20.680,20.640,20.640,20.680,0,0
1523972040,20.650,20.660,20.650,20.680,0,0
1523972100,20.610,20.610,20.610,20.610,9099,62377
1523972160,20.620,20.620,20.620,20.620,0,0
1523972220,20.660,20.700,20.640,20.700,0,0
1523972280,20.720,20.710,20.710,20.720,0,0
1523972340,20.720,20.660,20.660,20.720,0,0
1523972400,20.660,20.680,20.660,20.680,11429,71476
1523972460,20.710,20.720,20.710,20.720,0,0
1523972520,20.710,20.700,20.700,20.710,0,0
1523972580,20.710,20.730,20.710,20.730,0,0
1523972640,20.740,20.740,20.740,20.740,0,0
1523972700,20.780,20.840,20.780,20.840,21532,82905
1523972760,20.800,20.800,20.800,20.800,0,0
1523972820,20.780,20.780,20.780,20.780,0,0
1523972880,20.790,20.800,20.790,20.800,0,0
1523972940,20.790,20.800,20.790,20.800,0,0
1523973000,20.800,20.800,20.800,20.800,19116,104437
1523973060,20.820,20.840,20.820,20.840,0,0
1523973120,20.880,20.840,20.840,20.880,0,0
1523973180,20.840,20.870,20.840,20.870,0,0
1523973240,20.890,20.880,20.880,20.890,0,0
1523973300,20.910,20.920,20.910,20.920,22742,123553
1523973360,20.940,20.980,20.920,20.980,0,0
1523973420,20.970,21.000,20.970,21.000,0,0
1523973480,21.000,20.980,20.980,21.000,0,0
1523973540,20.980,21.000,20.970,21.000,0,0
1523973600,20.990,21.010,20.990,21.010,27384,146295
1523973660,21.020,21.060,21.020,21.060,0,0
1523973720,21.070,21.110,21.060,21.110,0,0
1523973780,21.100,21.090,21.090,21.100,0,0
1523973840,21.090,21.120,21.090,21.120,0,0
1523973900,21.100,21.090,21.090,21.110,19363,173679
1523973960,21.090,21.100,21.090,21.100,0,0
1523974020,21.100,21.110,21.090,21.110,0,0
1523974080,21.110,21.090,21.090,21.110,0,0
1523974140,21.090,21.100,21.090,21.100,0,0
1523974200,21.100,21.090,21.090,21.100,29194,193042
1523974260,21.120,21.100,21.090,21.120,0,0
1523974320,21.100,21.110,21.090,21.110,0,0
1523974380,21.100,21.090,21.090,21.100,0,0
1523974440,21.080,21.090,21.070,21.090,0,0
1523974500,21.080,21.070,21.070,21.080,10327,222236
1523974560,21.070,21.060,21.060,21.080,0,0
1523974620,21.060,21.060,21.060,21.060,0,0
1523974680,21.070,21.050,21.050,21.070,0,0
1523974740,21.030,21.030,21.030,21.030,0,0
1523974800,21.010,20.960,20.960,21.010,14333,232563
1523974860,21.010,20.960,20.960,21.010,0,0
1523974920,20.980,21.000,20.980,21.000,0,0
1523974980,21.000,20.990,20.990,21.000,0,0
1523975040,20.980,20.990,20.980,20.990,0,0
1523975100,20.980,20.980,20.980,20.980,6023,246896
1523975160,20.990,20.990,20.990,20.990,0,0
1523975220,20.990,20.990,20.990,20.990,0,0
1523975280,20.990,20.970,20.970,20.990,0,0
1523975340,20.980,20.980,20.980,20.980,0,0
1523975400,20.990,20.990,20.990,20.990,17588,252919
1523975460,21.000,21.010,21.000,21.010,0,0
1523975520,21.020,21.010,21.010,21.020,0,0
1523975580,21.010,21.000,21.000,21.010,0,0
1523975640,21.000,21.000,21.000,21.000,0,0
1523975700,21.010,21.010,21.010,21.010,9300,270507
1523975760,21.010,20.970,20.970,21.010,0,0
1523975820,20.990,20.990,20.990,20.990,0,0
1523975880,20.980,20.970,20.970,20.980,0,0
1523975940,20.980,20.980,20.980,20.980,0,0
1523976000,20.980,20.970,20.970,20.980,19107,279807
1523976060,20.990,20.970,20.970,20.990,0,0
1523976120,20.960,20.930,20.930,20.960,0,0
1523976180,20.940,20.930,20.930,20.950,0,0
1523976240,20.940,20.950,20.940,20.950,0,0
1523976300,20.950,20.960,20.950,20.960,12841,298914
1523976360,20.950,20.960,20.950,20.960,0,0
1523976420,20.950,20.950,20.950,20.950,0,0
1523976480,20.940,20.930,20.930,20.940,0,0
1523976540,20.930,20.920,20.920,20.930,0,0
1523976600,20.920,20.930,20.920,20.930,9923,311755
1523976660,20.920,20.930,20.920,20.930,0,0
1523976720,20.930,20.940,20.930,20.940,0,0
1523976780,20.940,20.940,20.940,20.940,0,0
1523976840,20.960,20.960,20.960,20.960,0,0
1523976900,20.980,20.980,20.980,20.980,18371,321678
1523976960,20.960,20.950,20.950,20.960,0,0
1523977020,20.960,20.960,20.960,20.960,0,0
1523977080,20.960,20.990,20.960,20.990,0,0
1523977140,20.980,20.960,20.960,20.980,0,0
1523977200,20.960,20.970,20.960,20.980,14310,340049
1523977260,20.980,20.980,20.980,20.980,0,0
1523977440,21.000,21.000,21.000,21.000,0,0
1523977500,20.990,21.000,20.990,21.000,13291,354359
1523977560,21.000,21.010,21.000,21.010,0,0
1523977620,20.990,21.000,20.990,21.000,0,0
1523977680,20.990,21.000,20.980,21.000,0,0
1523977740,20.990,21.000,20.990,21.000,0,0
1523977800,20.990,21.000,20.990,21.000,22703,367650
1523977860,21.010,21.020,21.010,21.020,0,0
1523977920,21.030,21.040,21.030,21.040,0,0
1523977980,21.040,21.050,21.030,21.050,0,0
1523978040,21.030,21.040,21.030,21.040,0,0
1523978100,21.050,21.050,21.050,21.050,17645,390353
1523978160,21.050,21.050,21.050,21.050,0,0
1523978220,21.040,21.040,21.040,21.040,0,0
1523978280,21.050,21.080,21.050,21.080,0,0
1523978340,21.070,21.070,21.070,21.070,0,0
1523978400,21.070,21.080,21.070,21.080,22298,407998
1523978460,21.070,21.080,21.070,21.080,0,0
1523978520,21.080,21.080,21.080,21.080,0,0
1523978580,21.070,21.070,21.070,21.070,0,0
1523978640,21.070,21.080,21.070,21.080,0,0
1523978700,21.100,21.100,21.100,21.100,13070,430296
1523978760,21.100,21.090,21.090,21.100,0,0
1523978820,21.080,21.070,21.070,21.080,0,0
1523978880,21.070,21.060,21.060,21.070,0,0
1523978940,21.070,21.070,21.070,21.070,0,0
1523979000,21.070,21.070,21.070,21.070,16814,443366
1523979060,21.090,21.090,21.090,21.090,0,0
1523979120,21.090,21.110,21.090,21.110,0,0
1523979180,21.110,21.110,21.110,21.110,0,0
1523979240,21.100,21.060,21.060,21.100,0,0
1523979300,21.080,21.090,21.080,21.090,10523,460180
1523979420,21.090,21.070,21.070,21.090,0,0
1523979480,21.070,21.070,21.070,21.070,0,0
1523979540,21.050,21.030,21.030,21.050,0,0
1523979600,21.030,21.020,21.020,21.030,11784,470703
1523979660,21.010,21.020,21.010,21.020,0,0
1523979720,21.020,21.010,21.010,21.020,0,0
1523979780,21.000,20.990,20.990,21.000,0,0
1523979840,21.000,21.000,21.000,21.000,0,0
1523979900,21.000,21.010,21.000,21.010,4284,482487
1523979960,21.020,21.020,21.020,21.020,0,0
1523980020,21.020,21.030,21.020,21.030,0,0
1523980080,21.020,21.030,21.020,21.030,0,0
1523980200,21.030,21.050,21.030,21.050,13886,486771
1523980260,21.030,21.050,21.030,21.050,0,0
1523980320,21.050,21.050,21.050,21.050,0,0
1523980380,21.050,21.070,21.050,21.070,0,0
1523980440,21.070,21.070,21.070,21.070,0,0
1523980500,21.050,21.040,21.040,21.050,13014,500657
1523980560,21.050,21.040,21.040,21.050,0,0
1523980620,21.050,21.050,21.050,21.050,0,0
1523980680,21.040,21.030,21.030,21.040,0,0
1523980740,21.020,21.020,21.020,21.020,0,0
1523980800,21.020,21.040,21.020,21.040,9436,513671
1523980860,21.040,21.050,21.040,21.050,0,0
1523980980,21.050,21.040,21.040,21.050,0,0
1523981040,21.030,21.040,21.020,21.040,0,0
1523981100,21.040,21.050,21.040,21.050,8435,523107
1523981160,21.080,21.080,21.080,21.080,0,0
1523981220,21.090,21.090,21.090,21.090,0,0
1523981280,21.080,21.090,21.080,21.090,0,0
1523981340,21.090,21.090,21.090,21.090,0,0
1523981400,21.100,21.110,21.100,21.110,8210,531542
1523981520,21.100,21.090,21.090,21.110,0,0
1523981580,21.090,21.100,21.090,21.100,0,0
1523981700,21.110,21.080,21.080,21.110,16108,539752
1523981760,21.070,21.070,21.070,21.070,0,0
1523981820,21.070,21.060,21.060,21.070,0,0
1523981880,21.050,21.040,21.030,21.050,0,0
1523981940,21.040,21.060,21.040,21.060,0,0
1523982000,21.060,21.070,21.060,21.070,11756,555860
1523982060,21.070,21.070,21.070,21.070,0,0
1523982120,21.070,21.070,21.070,21.070,0,0
1523982180,21.080,21.090,21.080,21.090,0,0
1523982240,21.080,21.070,21.070,21.090,0,0
1523982300,21.080,21.070,21.070,21.080,8980,567616
1523982360,21.080,21.090,21.080,21.090,0,0
1523982420,21.090,21.090,21.090,21.090,0,0
1523982480,21.080,21.060,21.060,21.090,0,0
1523982540,21.050,21.060,21.050,21.060,0,0
1523982600,21.070,21.070,21.070,21.070,7483,576596
1523982660,21.080,21.070,21.070,21.080,0,0
1523982720,21.070,21.070,21.070,21.070,0,0
1523982780,21.070,21.060,21.060,21.070,0,0
1523982840,21.060,21.050,21.050,21.060,0,0
1523982900,21.040,21.030,21.020,21.040,11848,584079
1523982960,21.020,21.020,21.020,21.020,0,0
1523983020,21.010,21.000,21.000,21.010,0,0
1523983080,21.000,21.000,21.000,21.000,0,0
1523983140,21.000,21.000,21.000,21.000,0,0
1523983200,21.000,21.000,21.000,21.000,15764,595927
1523983260,21.010,21.020,21.010,21.020,0,0
1523983320,21.020,21.010,21.010,21.020,0,0
1523983440,21.000,20.970,20.970,21.000,0,0
1523983500,20.980,21.010,20.980,21.010,17719,611691
1523983560,21.020,21.000,21.000,21.020,0,0
1523983620,21.000,21.000,21.000,21.000,0,0
1523983680,21.010,21.020,21.010,21.020,0,0
1523983740,21.020,21.030,21.020,21.030,0,0
1523983800,21.020,21.020,21.020,21.020,4557,629410
1523983860,21.020,21.020,21.020,21.020,0,0
1523983920,21.020,21.020,21.020,21.020,0,0
1523983980,21.010,21.010,21.010,21.010,0,0
1523984040,21.030,21.020,21.020,21.030,0,0
1523984100,21.030,21.040,21.020,21.040,50819,633967
1523984160,21.030,21.040,21.020,21.040,0,0
1523984220,21.040,21.060,21.040,21.070,0,0
1523984280,21.050,21.070,21.050,21.070,0,0
1523984340,21.080,21.100,21.080,21.100,0,0
1523984400,21.100,21.110,21.100,21.110,14940,684786
1523984460,21.110,21.110,21.110,21.110,0,0
1523984580,21.100,21.120,21.100,21.120,0,0
1523984640,21.110,21.090,21.090,21.110,0,0
1523984700,21.100,21.100,21.100,21.100,9465,699726
1523984760,21.110,21.110,21.110,21.110,0,0
1523984820,21.110,21.100,21.100,21.110,0,0
1523984880,21.100,21.100,21.100,21.100,0,0
1523984940,21.110,21.080,21.080,21.110,0,0
1523985000,21.070,21.100,21.070,21.100,9945,709191
1523985060,21.110,21.110,21.110,21.110,0,0
1523985120,21.100,21.100,21.100,21.100,0,0
1523985180,21.100,21.100,21.100,21.100,0,0
1523985240,21.110,21.100,21.100,21.110,0,0
1523985300,21.100,21.110,21.100,21.110,82732,719136
1523985360,21.100,21.110,21.100,21.110,0,0
1523985420,21.090,21.100,21.080,21.100,0,0
1523985480,21.080,21.090,21.070,21.090,0,0
1523985540,21.100,21.090,21.090,21.100,0,0
1523985600,21.080,21.080,21.080,21.080,40363,801868
1523985660,21.070,21.080,21.070,21.080,0,0
1523985720,21.070,21.060,21.060,21.070,0,0
1523985780,21.060,21.040,21.040,21.060,0,0
1523985840,21.050,21.060,21.050,21.070,0,0
1523985900,21.070,21.060,21.060,21.070,17402,842231
1523985960,21.070,21.050,21.050,21.070,0,0
1523986080,21.050,21.070,21.050,21.070,0,0
1523986140,21.070,21.070,21.070,21.070,0,0
1523986200,21.080,21.060,21.060,21.080,37153,859633
1523986260,21.060,21.040,21.040,21.060,0,0
1523986320,21.040,21.030,21.030,21.040,0,0
1523986380,21.030,21.020,21.020,21.030,0,0
1523986440,21.030,21.040,21.030,21.040,0,0
1523986500,21.040,21.060,21.040,21.060,38262,896786
1523986560,21.060,21.050,21.050,21.070,0,0
1523986620,21.050,21.070,21.050,21.070,0,0
1523986680,21.060,21.050,21.050,21.060,0,0
1523986740,21.070,21.090,21.070,21.110,0,0
1523986800,21.090,21.080,21.080,21.090,30691,935048
1523986860,21.070,21.060,21.060,21.070,0,0
1523986920,21.070,21.080,21.060,21.080,0,0
1523986980,21.110,21.080,21.080,21.110,0,0
1523987040,21.080,21.070,21.070,21.080,0,0
1523987100,21.090,21.090,21.090,21.090,26862,965739
1523987160,21.090,21.100,21.090,21.100,0,0
1523987220,21.110,21.100,21.100,21.110,0,0
1523987280,21.110,21.100,21.100,21.110,0,0
1523987340,21.110,21.100,21.100,21.130,0,0
1523987400,21.110,21.070,21.070,21.110,20737,992601
1523987460,21.060,21.050,21.050,21.060,0,0
1523987520,21.060,21.070,21.060,21.070,0,0
1523987580,21.070,21.070,21.070,21.070,0,0
1523987700,21.070,21.070,21.070,21.070,13749,1013338
1523987760,21.090,21.090,21.090,21.090,0,0
1523987820,21.080,21.100,21.070,21.100,0,0
1523987880,21.090,21.090,21.090,21.090,0,0
1523987940,21.100,21.110,21.100,21.110,0,0
1523988000,21.090,21.100,21.090,21.100,4829,1027087
1523988060,21.090,21.100,21.090,21.100,0,0
1523988120,21.090,21.100,21.090,21.100,0,0
1523988180,21.090,21.090,21.090,21.090,0,0
1523988240,21.100,21.090,21.090,21.100,0,0
1523988300,21.090,21.090,21.090,21.090,14263,1031916
1523988360,21.090,21.070,21.070,21.090,0,0
1523988420,21.070,21.090,21.070,21.090,0,0
1523988480,21.090,21.090,21.090,21.090,0,0
1523988540,21.090,21.110,21.090,21.110,0,0
1523988600,21.100,21.100,21.100,21.100,9992,1046179
1523988660,21.100,21.100,21.100,21.100,0,0
1523988720,21.140,21.140,21.140,21.140,0,0
1523988780,21.130,21.120,21.120,21.130,0,0
1523988840,21.120,21.120,21.120,21.120,0,0
1523988900,21.130,21.150,21.130,21.150,11804,1056171
1523988960,21.140,21.140,21.140,21.140,0,0
1523989020,21.140,21.140,21.140,21.140,0,0
1523989080,21.140,21.130,21.130,21.140,0,0
1523989140,21.150,21.140,21.140,21.150,0,0
1523989200,21.130,21.120,21.120,21.130,12181,1067975
1523989260,21.130,21.120,21.120,21.130,0,0
1523989320,21.130,21.130,21.130,21.130,0,0
1523989380,21.120,21.130,21.120,21.130,0,0
1523989440,21.120,21.120,21.120,21.120,0,0
1523989500,21.130,21.130,21.130,21.130,12604,1080156
1523989560,21.130,21.120,21.120,21.130,0,0
1523989620,21.130,21.130,21.130,21.130,0,0
1523989680,21.130,21.130,21.130,21.130,0,0
1523989740,21.140,21.140,21.140,21.140,0,0
1523989800,21.140,21.140,21.140,21.140,12490,1092760
1523989860,21.130,21.140,21.130,21.140,0,0
1523989920,21.140,21.140,21.140,21.140,0,0
1523989980,21.130,21.130,21.130,21.130,0,0
1523990040,21.140,21.160,21.140,21.160,0,0
1523990100,21.160,21.170,21.160,21.170,24034,1105250
1523990220,21.170,21.160,21.160,21.170,0,0
1523990280,21.180,21.180,21.180,21.180,0,0
1523990340,21.190,21.200,21.180,21.200,0,0
1523990400,21.200,21.210,21.200,21.210,10765,1129284
1523990460,21.200,21.210,21.200,21.210,0,0
1523990520,21.200,21.200,21.200,21.200,0,0
1523990580,21.200,21.210,21.200,21.210,0,0
1523990640,21.200,21.200,21.200,21.200,0,0
1523990700,21.200,21.220,21.200,21.220,9744,1140049
1523990760,21.210,21.220,21.210,21.220,0,0
1523990820,21.210,21.210,21.210,21.210,0,0
1523990880,21.200,21.210,21.200,21.210,0,0
1523990940,21.210,21.200,21.200,21.210,0,0
1523991000,21.210,21.200,21.200,21.210,37890,1149793
1523991060,21.210,21.210,21.210,21.210,0,0
1523991120,21.210,21.210,21.210,21.210,0,0
1523991180,21.200,21.210,21.200,21.220,0,0
1523991240,21.210,21.220,21.210,21.220,0,0
1523991300,21.210,21.200,21.200,21.210,11865,1187683
1523991360,21.210,21.220,21.210,21.220,0,0
1523991420,21.220,21.230,21.220,21.230,0,0
1523991480,21.230,21.220,21.220,21.230,0,0
1523991540,21.230,21.230,21.230,21.230,0,0
1523991600,21.230,21.220,21.210,21.230,24198,1199548
1523991660,21.230,21.230,21.230,21.230,0,0
1523991720,21.220,21.250,21.220,21.250,0,0
1523991780,21.250,21.250,21.250,21.250,0,0
1523991840,21.260,21.280,21.250,21.280,0,0
1523991900,21.270,21.280,21.270,21.280,12606,1223746
1523991960,21.270,21.290,21.270,21.290,0,0
1523992020,21.290,21.280,21.280,21.290,0,0
1523992080,21.270,21.260,21.260,21.270,0,0
1523992140,21.270,21.280,21.270,21.280,0,0
1523992200,21.270,21.290,21.270,21.290,25090,1236352
1523992260,21.290,21.300,21.290,21.300,0,0
1523992320,21.300,21.310,21.300,21.310,0,0
1523992380,21.300,21.290,21.290,21.300,0,0
1523992440,21.300,21.320,21.300,21.320,0,0
1523992500,21.320,21.320,21.320,21.320,22436,1261442
1523992560,21.320,21.320,21.320,21.320,0,0
1523992620,21.320,21.330,21.320,21.330,0,0
1523992680,21.330,21.350,21.320,21.350,0,0
1523992740,21.350,21.360,21.340,21.360,0,0
1523992800,21.360,21.360,21.360,21.360,31241,1283878
1523992860,21.360,21.360,21.360,21.360,0,0
1523992920,21.360,21.370,21.360,21.370,0,0
1523992980,21.360,21.360,21.360,21.360,0,0
1523993040,21.340,21.330,21.330,21.350,0,0
1523993100,21.340,21.310,21.310,21.340,19834,1315119
1523993160,21.310,21.340,21.310,21.340,0,0
1523993220,21.340,21.340,21.340,21.340,0,0
1523993280,21.340,21.360,21.340,21.360,0,0
1523993340,21.360,21.350,21.350,21.360,0,0
1523993400,21.360,21.350,21.350,21.360,36295,1334953
1523993460,21.360,21.380,21.350,21.380,0,0
1523993520,21.370,21.380,21.370,21.380,0,0
1523993580,21.380,21.370,21.370,21.380,0,0
1523993640,21.370,21.360,21.360,21.380,0,0
1523993700,21.360,21.360,21.360,21.360,31532,1371248
1523993760,21.360,21.370,21.360,21.370,0,0
1523993820,21.370,21.360,21.360,21.370,0,0
1523993880,21.380,21.370,21.370,21.380,0,0
1523993940,21.370,21.340,21.340,21.370,0,0
1523994000,21.340,21.330,21.330,21.340,39238,1402780
1523994060,21.320,21.300,21.300,21.320,0,0
1523994120,21.300,21.290,21.290,21.300,0,0
1523994180,21.320,21.320,21.320,21.320,0,0
1523994240,21.340,21.350,21.340,21.360,0,0
1523994300,21.340,21.320,21.320,21.340,59952,1442018
1523994360,21.330,21.320,21.320,21.330,0,0
1523994420,21.330,21.340,21.320,21.340,0,0
1523994480,21.350,21.340,21.340,21.350,0,0
1523994540,21.360,21.340,21.340,21.360,0,0
1523994600,21.340,21.330,21.320,21.340,76157,1501970
1523994660,21.330,21.310,21.310,21.340,0,0
1523994720,21.310,21.290,21.290,21.310,0,0
1523994780,21.280,21.300,21.280,21.300,0,0
1523994840,21.300,21.330,21.300,21.330,0,0
1523994900,21.320,21.300,21.300,21.320,140319,1578127
1523994960,21.300,21.290,21.290,21.300,0,0
1523995020,21.290,21.300,21.290,21.300,0,0
1523995080,21.290,21.330,21.290,21.330,0,0
1523995140,21.310,21.290,21.290,21.320,0,0
1524058200,21.580,21.610,21.580,21.610,74994,0
1524058260,21.660,21.650,21.640,21.700,0,0
1524058320,21.700,21.880,21.700,21.880,0,0
1524058380,21.880,21.780,21.780,21.880,0,0
1524058440,21.800,21.750,21.750,21.810,0,0
1524058500,21.750,21.770,21.750,21.770,20272,74994
1524058560,21.750,21.760,21.750,21.770,0,0
1524058620,21.770,21.820,21.770,21.830,0,0
1524058680,21.810,21.830,21.810,21.830,0,0
1524058740,21.790,21.750,21.750,21.790,0,0
1524058800,21.680,21.640,21.640,21.680,17647,95266
1524058860,21.660,21.650,21.650,21.670,0,0
1524058920,21.610,21.660,21.610,21.660,0,0
1524058980,21.660,21.750,21.660,21.750,0,0
1524059040,21.760,21.730,21.730,21.780,0,0
1524059100,21.730,21.690,21.690,21.730,16428,112913
1524059160,21.660,21.650,21.650,21.680,0,0
1524059220,21.640,21.650,21.640,21.650,0,0
1524059280,21.660,21.600,21.600,21.670,0,0
1524059340,21.630,21.640,21.630,21.650,0,0
1524059400,21.640,21.680,21.640,21.680,13912,129341
1524059460,21.690,21.680,21.670,21.690,0,0
1524059520,21.720,21.730,21.720,21.750,0,0
1524059580,21.720,21.700,21.700,21.730,0,0
1524059640,21.690,21.680,21.670,21.690,0,0
1524059700,21.700,21.730,21.700,21.730,30060,143253
1524059760,21.740,21.780,21.740,21.780,0,0
1524059820,21.740,21.750,21.740,21.750,0,0
1524059880,21.750,21.810,21.750,21.860,0,0
1524059940,21.820,21.810,21.810,21.820,0,0
1524060000,21.790,21.790,21.790,21.790,63235,173313
1524060060,21.790,21.780,21.780,21.810,0,0
1524060120,21.790,21.810,21.780,21.810,0,0
1524060180,21.780,21.870,21.780,21.870,0,0
1524060240,21.870,21.850,21.850,21.870,0,0
1524060300,21.820,21.820,21.820,21.820,50316,236548
1524060360,21.830,21.850,21.830,21.850,0,0
1524060420,21.790,21.780,21.780,21.790,0,0
1524060480,21.780,21.710,21.710,21.790,0,0
1524060540,21.670,21.700,21.670,21.710,0,0
1524060600,21.690,21.700,21.690,21.700,12199,286864
1524060660,21.690,21.700,21.690,21.700,0,0
1524060720,21.660,21.660,21.660,21.660,0,0
1524060780,21.630,21.610,21.610,21.630,0,0
1524060840,21.620,21.620,21.620,21.620,0,0
1524060900,21.620,21.650,21.620,21.650,17565,299063
1524060960,21.630,21.630,21.630,21.630,0,0
1524061020,21.700,21.690,21.690,21.700,0,0
1524061080,21.720,21.700,21.700,21.720,0,0
1524061140,21.680,21.670,21.670,21.680,0,0
1524061200,21.690,21.670,21.670,21.690,14708,316628
1524061260,21.690,21.700,21.680,21.700,0,0
1524061320,21.690,21.730,21.690,21.730,0,0
1524061380,21.740,21.710,21.700,21.740,0,0
1524061440,21.720,21.730,21.720,21.740,0,0
1524061500,21.730,21.710,21.710,21.730,7240,331336
1524061560,21.700,21.700,21.700,21.700,0,0
1524061620,21.700,21.710,21.700,21.710,0,0
1524061680,21.730,21.720,21.720,21.730,0,0
1524061740,21.730,21.730,21.730,21.730,0,0
1524061800,21.740,21.740,21.740,21.740,17525,338576
1524061860,21.760,21.770,21.760,21.770,0,0
1524061920,21.770,21.830,21.770,21.830,0,0
1524061980,21.840,21.830,21.830,21.840,0,0
1524062040,21.810,21.790,21.790,21.810,0,0
1524062100,21.790,21.810,21.790,21.810,7299,356101
1524062160,21.830,21.840,21.830,21.850,0,0
1524062220,21.850,21.840,21.840,21.850,0,0
1524062280,21.830,21.830,21.830,21.830,0,0
1524062340,21.820,21.830,21.820,21.830,0,0
1524062400,21.870,21.860,21.860,21.870,9548,363400
1524062460,21.850,21.850,21.850,21.850,0,0
1524062520,21.850,21.830,21.830,21.850,0,0
1524062580,21.840,21.830,21.830,21.840,0,0
1524062640,21.860,21.850,21.850,21.870,0,0
1524062700,21.860,21.860,21.860,21.860,4717,372948
1524062760,21.880,21.860,21.860,21.880,0,0
1524062820,21.860,21.860,21.860,21.860,0,0
1524062880,21.850,21.850,21.850,21.850,0,0
1524062940,21.860,21.850,21.850,21.860,0,0
1524063000,21.830,21.840,21.830,21.840,15196,377665
1524063060,21.840,21.830,21.830,21.850,0,0
1524063120,21.830,21.880,21.820,21.880,0,0
1524063180,21.900,21.890,21.890,21.900,0,0
1524063240,21.880,21.880,21.880,21.880,0,0
1524063300,21.880,21.900,21.880,21.900,33128,392861
1524063360,21.910,21.900,21.890,21.920,0,0
1524063420,21.930,21.940,21.930,21.940,0,0
1524063480,21.950,21.960,21.950,21.960,0,0
1524063540,21.970,21.980,21.970,21.980,0,0
1524063600,21.980,21.990,21.970,21.990,33430,425989
1524063660,22.000,21.990,21.990,22.010,0,0
1524063720,22.000,22.010,22.000,22.010,0,0
1524063780,22.000,21.970,21.970,22.000,0,0
1524063840,21.980,21.960,21.960,21.980,0,0
1524063900,21.970,21.960,21.960,21.970,10732,459419
1524063960,21.970,21.990,21.970,21.990,0,0
1524064020,21.990,21.990,21.990,21.990,0,0
1524064080,21.980,21.990,21.970,21.990,0,0
1524064140,21.990,21.980,21.980,21.990,0,0
1524064200,21.990,21.970,21.970,21.990,24823,470151
1524064260,21.970,21.960,21.950,21.970,0,0
1524064320,21.950,21.950,21.950,21.950,0,0
1524064380,21.950,21.970,21.950,21.970,0,0
1524064440,21.970,21.980,21.970,21.980,0,0
1524064500,21.970,21.940,21.940,21.970,12453,494974
1524064560,21.950,21.950,21.950,21.950,0,0
1524064620,21.940,21.940,21.940,21.940,0,0
1524064680,21.930,21.930,21.930,21.930,0,0
1524064740,21.920,21.930,21.910,21.930,0,0
1524064800,21.930,21.960,21.930,21.960,14671,507427
1524064860,21.950,22.020,21.950,22.020,0,0
1524064920,22.000,22.000,22.000,22.000,0,0
1524064980,22.010,22.030,22.010,22.030,0,0
1524065040,22.030,22.010,22.010,22.030,0,0
1524065100,22.010,22.040,22.010,22.040,26734,522098
1524065160,22.060,22.050,22.050,22.060,0,0
1524065220,22.050,22.050,22.050,22.050,0,0
1524065280,22.060,22.050,22.050,22.060,0,0
1524065340,22.040,22.020,22.020,22.040,0,0
1524065400,22.010,21.970,21.970,22.010,8664,548832
1524065460,21.980,21.980,21.980,21.980,0,0
1524065520,21.980,21.980,21.980,21.980,0,0
1524065580,22.000,22.020,21.990,22.020,0,0
1524065640,22.020,22.040,22.020,22.040,0,0
1524065700,22.030,22.010,22.000,22.030,6966,557496
1524065760,22.000,21.990,21.990,22.000,0,0
1524065820,22.030,22.030,22.030,22.030,0,0
1524065880,22.030,22.020,22.020,22.030,0,0
1524065940,22.020,22.040,22.020,22.040,0,0
1524066000,22.030,22.040,22.030,22.040,11245,564462
1524066060,22.040,22.040,22.040,22.040,0,0
1524066120,22.010,21.980,21.980,22.010,0,0
1524066180,21.980,21.990,21.980,22.000,0,0
1524066240,21.980,21.960,21.960,21.980,0,0
1524066300,21.940,21.950,21.940,21.950,9633,575707
1524066360,21.950,21.950,21.950,21.950,0,0
1524066420,21.950,21.960,21.950,21.970,0,0
1524066480,21.970,21.960,21.960,21.970,0,0
1524066540,21.940,21.940,21.940,21.940,0,0
1524066600,21.960,21.980,21.960,21.980,6564,585340
1524066660,21.990,21.990,21.990,21.990,0,0
1524066720,21.980,21.980,21.980,21.980,0,0
1524066780,21.970,21.990,21.970,21.990,0,0
1524066840,22.000,22.010,22.000,22.010,0,0
1524066900,22.010,21.980,21.980,22.010,6679,591904
1524066960,21.990,21.970,21.950,21.990,0,0
1524067020,21.960,21.950,21.950,21.960,0,0
1524067080,21.950,21.940,21.940,21.950,0,0
1524067140,21.970,21.970,21.970,21.970,0,0
1524067200,21.970,21.970,21.970,21.970,7534,598583
1524067260,21.990,21.980,21.980,21.990,0,0
1524067320,21.980,21.980,21.980,21.980,0,0
1524067380,21.970,21.960,21.960,21.970,0,0
1524067440,21.950,21.960,21.950,21.960,0,0
1524067500,21.970,21.970,21.970,21.970,5999,606117
1524067560,21.960,21.950,21.950,21.960,0,0
1524067620,21.960,21.960,21.960,21.960,0,0
1524067680,21.960,21.960,21.960,21.960,0,0
1524067740,21.940,21.930,21.930,21.940,0,0
1524067800,21.930,21.950,21.930,21.950,9430,612116
1524067860,21.930,21.920,21.920,21.930,0,0
1524067920,21.920,21.920,21.920,21.920,0,0
1524067980,21.920,21.910,21.910,21.920,0,0
1524068040,21.900,21.890,21.890,21.900,0,0
1524068100,21.890,21.880,21.880,21.890,11328,621546
1524068160,21.870,21.870,21.870,21.870,0,0
1524068220,21.860,21.830,21.820,21.860,0,0
1524068280,21.820,21.830,21.820,21.830,0,0
1524068340,21.840,21.860,21.840,21.860,0,0
1524068400,21.850,21.820,21.820,21.850,5630,632874
1524068460,21.810,21.830,21.810,21.830,0,0
1524068520,21.850,21.840,21.840,21.850,0,0
1524068580,21.850,21.850,21.850,21.850,0,0
1524068640,21.850,21.850,21.850,21.850,0,0
1524068700,21.850,21.870,21.850,21.870,13769,638504
1524068760,21.870,21.830,21.830,21.870,0,0
1524068820,21.830,21.840,21.830,21.840,0,0
1524068880,21.840,21.830,21.830,21.840,0,0
1524068940,21.840,21.850,21.840,21.850,0,0
1524069000,21.830,21.840,21.830,21.840,19457,652273
1524069060,21.820,21.840,21.820,21.850,0,0
1524069120,21.850,21.840,21.840,21.850,0,0
1524069180,21.860,21.850,21.840,21.860,0,0
1524069240,21.840,21.870,21.840,21.870,0,0
1524069300,21.870,21.880,21.870,21.890,65642,671730
1524069360,21.890,21.900,21.890,21.900,0,0
1524069420,21.910,21.910,21.910,21.910,0,0
1524069480,21.910,21.900,21.880,21.910,0,0
1524069540,21.910,21.900,21.900,21.910,0,0
1524069600,21.900,21.910,21.900,21.910,32890,737372
1524069660,21.910,21.930,21.910,21.930,0,0
1524069720,21.930,21.930,21.930,21.930,0,0
1524069780,21.930,21.940,21.910,21.940,0,0
1524069840,21.940,21.950,21.940,21.950,0,0
1524069900,21.950,21.940,21.940,21.950,34262,770262
1524069960,21.960,21.970,21.960,21.970,0,0
1524070020,21.950,21.950,21.950,21.950,0,0
1524070080,21.950,21.880,21.880,21.950,0,0
1524070140,21.880,21.830,21.830,21.880,0,0
1524070200,21.840,21.840,21.840,21.840,30670,804524
1524070260,21.880,21.890,21.880,21.910,0,0
1524070320,21.870,21.870,21.870,21.870,0,0
1524070380,21.870,21.860,21.860,21.870,0,0
1524070440,21.880,21.880,21.880,21.880,0,0
1524070500,21.870,21.850,21.850,21.870,10637,835194
1524070560,21.860,21.890,21.860,21.890,0,0
1524070620,21.890,21.880,21.870,21.890,0,0
1524070680,21.880,21.870,21.870,21.890,0,0
1524070740,21.860,21.870,21.860,21.870,0,0
1524070800,21.860,21.860,21.860,21.860,2724,845831
1524070860,21.870,21.870,21.870,21.870,0,0
1524070920,21.870,21.870,21.870,21.870,0,0
1524070980,21.860,21.860,21.860,21.860,0,0
1524071040,21.860,21.870,21.860,21.870,0,0
1524071100,21.880,21.860,21.860,21.880,10841,848555
1524071160,21.860,21.860,21.860,21.860,0,0
1524071220,21.880,21.880,21.880,21.880,0,0
1524071280,21.880,21.880,21.880,21.880,0,0
1524071340,21.870,21.850,21.840,21.870,0,0
1524071400,21.850,21.840,21.840,21.850,6912,859396
1524071460,21.850,21.860,21.850,21.860,0,0
1524071520,21.860,21.860,21.860,21.860,0,0
1524071580,21.860,21.870,21.860,21.870,0,0
1524071700,21.860,21.850,21.850,21.860,4154,866308
1524071760,21.850,21.850,21.850,21.850,0,0
1524071880,21.850,21.850,21.850,21.850,0,0
1524071940,21.850,21.860,21.850,21.860,0,0
1524072000,21.860,21.860,21.860,21.860,11720,870462
1524072060,21.870,21.880,21.870,21.880,0,0
1524072120,21.870,21.850,21.850,21.870,0,0
1524072180,21.850,21.840,21.840,21.850,0,0
1524072240,21.840,21.850,21.840,21.850,0,0
1524072300,21.810,21.820,21.810,21.820,5279,882182
1524072360,21.820,21.810,21.810,21.820,0,0
1524072420,21.820,21.820,21.820,21.820,0,0
1524072480,21.820,21.820,21.820,21.820,0,0
1524072540,21.830,21.840,21.830,21.840,0,0
1524072600,21.840,21.840,21.840,21.840,4052,887461
1524072660,21.850,21.820,21.820,21.850,0,0
1524072720,21.820,21.820,21.820,21.820,0,0
1524072780,21.810,21.810,21.810,21.810,0,0
1524072840,21.810,21.810,21.810,21.810,0,0
1524072900,21.800,21.810,21.800,21.810,5678,891513
1524072960,21.810,21.810,21.810,21.810,0,0
1524073020,21.780,21.780,21.780,21.780,0,0
1524073080,21.780,21.800,21.780,21.800,0,0
1524073140,21.790,21.790,21.790,21.790,0,0
1524073200,21.780,21.770,21.770,21.780,8614,897191
1524073260,21.770,21.780,21.770,21.780,0,0
1524073320,21.780,21.780,21.780,21.780,0,0
1524073380,21.770,21.760,21.760,21.770,0,0
1524073440,21.770,21.750,21.750,21.770,0,0
1524073500,21.780,21.790,21.780,21.790,5751,905805
1524073560,21.790,21.770,21.770,21.790,0,0
1524073620,21.770,21.770,21.770,21.770,0,0
1524073680,21.770,21.770,21.770,21.770,0,0
1524073740,21.790,21.790,21.790,21.790,0,0
1524073800,21.800,21.770,21.770,21.800,6335,911556
1524073860,21.770,21.770,21.770,21.770,0,0
1524073920,21.770,21.750,21.750,21.770,0,0
1524073980,21.760,21.760,21.760,21.760,0,0
1524074040,21.750,21.750,21.750,21.750,0,0
1524074100,21.750,21.760,21.750,21.760,4636,917891
1524074220,21.760,21.760,21.760,21.760,0,0
1524074280,21.750,21.750,21.750,21.750,0,0
1524074340,21.730,21.730,21.730,21.730,0,0
1524074400,21.710,21.710,21.710,21.710,15320,922527
1524074460,21.710,21.710,21.710,21.710,0,0
1524074520,21.740,21.730,21.730,21.740,0,0
1524074580,21.730,21.720,21.720,21.730,0,0
1524074640,21.760,21.760,21.760,21.760,0,0
1524074700,21.750,21.780,21.750,21.780,7413,937847
1524074760,21.770,21.770,21.770,21.770,0,0
1524074820,21.770,21.770,21.770,21.770,0,0
1524074880,21.780,21.770,21.770,21.780,0,0
1524074940,21.760,21.750,21.750,21.760,0,0
1524075000,21.750,21.750,21.750,21.750,10014,945260
1524075060,21.750,21.750,21.750,21.750,0,0
1524075120,21.750,21.740,21.740,21.760,0,0
1524075180,21.750,21.750,21.750,21.750,0,0
1524075240,21.750,21.750,21.750,21.750,0,0
1524075300,21.750,21.770,21.750,21.770,8552,955274
1524075360,21.770,21.760,21.760,21.770,0,0
1524075420,21.770,21.770,21.770,21.770,0,0
1524075480,21.750,21.750,21.750,21.750,0,0
1524075540,21.760,21.760,21.760,21.760,0,0
1524075600,21.760,21.780,21.760,21.780,13168,963826
1524075660,21.760,21.750,21.750,21.770,0,0
1524075720,21.760,21.750,21.750,21.760,0,0
1524075780,21.760,21.760,21.760,21.760,0,0
1524075840,21.740,21.740,21.740,21.740,0,0
1524075900,21.740,21.740,21.740,21.740,5825,976994
1524075960,21.740,21.750,21.740,21.750,0,0
1524076020,21.740,21.750,21.740,21.750,0,0
1524076080,21.770,21.770,21.770,21.770,0,0
1524076140,21.770,21.790,21.770,21.790,0,0
1524076200,21.790,21.790,21.790,21.790,17921,982819
1524076260,21.790,21.780,21.780,21.790,0,0
1524076320,21.780,21.780,21.780,21.780,0,0
1524076380,21.780,21.800,21.780,21.800,0,0
1524076440,21.810,21.830,21.810,21.830,0,0
1524076500,21.820,21.830,21.810,21.830,18992,1000740
1524076560,21.830,21.840,21.830,21.840,0,0
1524076620,21.830,21.790,21.790,21.830,0,0
1524076680,21.800,21.830,21.800,21.830,0,0
1524076740,21.820,21.810,21.810,21.820,0,0
1524076800,21.820,21.800,21.800,21.820,10555,1019732
1524076860,21.810,21.820,21.810,21.820,0,0
1524076920,21.820,21.810,21.800,21.820,0,0
1524076980,21.810,21.800,21.800,21.810,0,0
1524077040,21.810,21.820,21.810,21.820,0,0
1524077100,21.820,21.810,21.810,21.820,32250,1030287
1524077160,21.800,21.780,21.780,21.800,0,0
1524077220,21.790,21.800,21.790,21.800,0,0
1524077280,21.800,21.800,21.800,21.800,0,0
1524077340,21.800,21.810,21.800,21.810,0,0
1524077400,21.800,21.790,21.790,21.800,9935,1062537
1524077460,21.800,21.810,21.800,21.810,0,0
1524077520,21.790,21.810,21.790,21.810,0,0
1524077580,21.810,21.800,21.800,21.810,0,0
1524077640,21.800,21.790,21.790,21.800,0,0
1524077700,21.800,21.810,21.800,21.810,9148,1072472
1524077760,21.820,21.820,21.820,21.820,0,0
1524077820,21.820,21.810,21.810,21.820,0,0
1524077880,21.810,21.790,21.790,21.810,0,0
1524077940,21.790,21.780,21.780,21.790,0,0
1524078000,21.770,21.750,21.750,21.770,11050,1081620
1524078060,21.740,21.730,21.730,21.740,0,0
1524078120,21.730,21.740,21.730,21.740,0,0
1524078180,21.730,21.730,21.730,21.730,0,0
1524078240,21.750,21.750,21.750,21.750,0,0
1524078300,21.750,21.730,21.730,21.750,11052,1092670
1524078360,21.730,21.730,21.730,21.730,0,0
1524078480,21.730,21.710,21.710,21.730,0,0
1524078540,21.710,21.720,21.710,21.720,0,0
1524078600,21.720,21.740,21.720,21.740,20354,1103722
1524078660,21.740,21.740,21.740,21.740,0,0
1524078720,21.740,21.740,21.740,21.740,0,0
1524078780,21.750,21.750,21.750,21.750,0,0
1524078840,21.740,21.730,21.710,21.740,0,0
1524078900,21.730,21.720,21.720,21.730,1196094,1124076
1524078960,21.730,21.730,21.730,21.730,0,0
1524079020,21.720,21.710,21.710,21.720,0,0
1524079080,21.730,21.790,21.720,21.790,0,0
1524079140,21.790,21.730,21.720,21.790,0,0
1524079200,21.710,21.660,21.660,21.710,151005,2320170
1524079260,21.660,21.680,21.630,21.680,0,0
1524079320,21.680,21.740,21.680,21.740,0,0
1524079380,21.750,21.770,21.750,21.780,0,0
1524079440,21.780,21.820,21.770,21.820,0,0
1524079500,21.810,21.850,21.810,21.850,112554,2471175
1524079560,21.850,21.860,21.820,21.880,0,0
1524079620,21.860,21.860,21.860,21.860,0,0
1524079680,21.860,21.870,21.860,21.870,0,0
1524079740,21.860,21.870,21.860,21.870,0,0
1524079800,21.930,21.880,21.880,21.930,141999,2583729
1524079860,21.860,21.850,21.820,21.860,0,0
1524079920,21.840,21.870,21.820,21.870,0,0
1524079980,21.830,21.840,21.830,21.880,0,0
1524080040,21.830,21.860,21.830,21.870,0,0
1524080100,21.840,21.870,21.840,21.910,75711,2725728
1524080160,21.860,21.870,21.860,21.880,0,0
1524080220,21.880,21.820,21.820,21.880,0,0
1524080280,21.820,21.860,21.790,21.870,0,0
1524080340,21.850,21.840,21.840,21.870,0,0
1524080400,21.840,21.910,21.840,21.910,68665,2801439
1524080460,21.890,21.870,21.860,21.890,0,0
1524080520,21.880,21.890,21.870,21.890,0,0
1524080580,21.860,21.850,21.850,21.860,0,0
1524080640,21.860,21.870,21.860,21.880,0,0
1524080700,21.850,21.860,21.850,21.860,85752,2870104
1524080760,21.860,21.880,21.860,21.900,0,0
1524080820,21.880,21.840,21.840,21.890,0,0
1524080880,21.820,21.840,21.810,21.840,0,0
1524080940,21.820,21.810,21.810,21.820,0,0
1524081000,21.830,21.840,21.800,21.840,147563,2955856
1524081060,21.840,21.850,21.810,21.850,0,0
1524081120,21.830,21.840,21.830,21.850,0,0
1524081180,21.830,21.860,21.800,21.860,0,0
1524081240,21.840,21.850,21.830,21.860,0,0
1524081300,21.860,21.850,21.850,21.870,893091,3103419
1524081360,21.850,21.860,21.850,21.870,0,0
1524081420,21.880,21.870,21.860,21.880,0,0
1524081480,21.880,21.900,21.880,21.900,0,0
1524081540,21.890,21.900,21.890,21.920,0,0
1524144600,21.770,21.780,21.770,21.780,52969,0
1524144660,21.770,21.780,21.770,21.780,0,0
1524144720,21.710,21.720,21.710,21.800,0,0
1524144780,21.710,21.730,21.660,21.760,0,0
1524144840,21.730,21.670,21.670,21.730,0,0
1524144900,21.730,21.700,21.680,21.730,58653,52969
1524144960,21.700,21.890,21.700,21.890,0,0
1524145020,21.880,21.900,21.870,21.900,0,0
1524145080,21.890,21.900,21.890,21.900,0,0
1524145140,21.930,21.920,21.910,21.930,0,0
1524145200,21.930,21.950,21.910,21.970,32307,111622
1524145260,21.920,21.860,21.860,21.920,0,0
1524145320,21.840,21.860,21.810,21.860,0,0
1524145380,21.840,21.870,21.840,21.900,0,0
1524145440,21.850,21.860,21.850,21.860,0,0
1524145500,21.880,21.750,21.750,21.880,17381,143929
1524145560,21.770,21.800,21.770,21.800,0,0
1524145620,21.800,21.780,21.780,21.800,0,0
1524145680,21.790,21.780,21.780,21.800,0,0
1524145740,21.720,21.710,21.710,21.720,0,0
1524145800,21.710,21.650,21.650,21.710,86400,161310
1524145860,21.650,21.710,21.650,21.740,0,0
1524145920,21.730,21.670,21.670,21.730,0,0
1524145980,21.660,21.710,21.660,21.710,0,0
1524146040,21.710,21.670,21.670,21.730,0,0
1524146100,21.670,21.660,21.640,21.680,36479,247710
1524146160,21.670,21.640,21.640,21.680,0,0
1524146220,21.650,21.660,21.640,21.660,0,0
1524146280,21.710,21.740,21.700,21.740,0,0
1524146340,21.730,21.730,21.730,21.730,0,0
1524146400,21.730,21.740,21.730,21.750,20781,284189
1524146460,21.720,21.650,21.630,21.720,0,0
1524146520,21.640,21.630,21.600,21.640,0,0
1524146580,21.610,21.590,21.590,21.610,0,0
1524146640,21.590,21.580,21.580,21.590,0,0
1524146700,21.550,21.530,21.530,21.550,22533,304970
1524146760,21.540,21.470,21.470,21.540,0,0
1524146820,21.510,21.430,21.430,21.510,0,0
1524146880,21.430,21.420,21.420,21.460,0,0
1524146940,21.440,21.390,21.390,21.440,0,0
1524147000,21.360,21.350,21.350,21.380,45969,327503
1524147060,21.350,21.330,21.330,21.350,0,0
1524147120,21.350,21.320,21.320,21.350,0,0
1524147180,21.320,21.360,21.290,21.360,0,0
1524147240,21.360,21.410,21.350,21.410,0,0
1524147300,21.410,21.380,21.370,21.410,27856,373472
1524147360,21.440,21.450,21.430,21.450,0,0
1524147420,21.440,21.450,21.440,21.450,0,0
1524147480,21.460,21.440,21.430,21.460,0,0
1524147540,21.440,21.430,21.430,21.440,0,0
1524147600,21.400,21.390,21.390,21.400,23791,401328
1524147660,21.360,21.350,21.350,21.360,0,0
1524147720,21.330,21.310,21.310,21.330,0,0
1524147780,21.330,21.340,21.330,21.340,0,0
1524147840,21.340,21.330,21.330,21.340,0,0
1524147900,21.330,21.380,21.330,21.380,16931,425119
1524147960,21.390,21.400,21.360,21.400,0,0
1524148020,21.390,21.420,21.390,21.420,0,0
1524148080,21.440,21.430,21.420,21.440,0,0
1524148140,21.490,21.490,21.490,21.490,0,0
1524148200,21.500,21.480,21.470,21.500,17844,442050
1524148260,21.470,21.490,21.470,21.490,0,0
1524148320,21.490,21.480,21.480,21.490,0,0
1524148380,21.500,21.520,21.500,21.520,0,0
1524148440,21.500,21.550,21.480,21.550,0,0
1524148500,21.540,21.590,21.540,21.590,16509,459894
1524148560,21.590,21.610,21.570,21.620,0,0
1524148620,21.610,21.620,21.600,21.620,0,0
1524148680,21.590,21.600,21.590,21.600,0,0
1524148740,21.660,21.670,21.660,21.670,0,0
1524148800,21.660,21.640,21.640,21.670,8745,476403
1524148860,21.610,21.610,21.610,21.610,0,0
1524148920,21.610,21.620,21.590,21.630,0,0
1524148980,21.610,21.620,21.610,21.620,0,0
1524149040,21.640,21.650,21.640,21.670,0,0
1524149100,21.660,21.640,21.640,21.660,11900,485148
1524149160,21.630,21.640,21.630,21.640,0,0
1524149220,21.660,21.660,21.660,21.660,0,0
1524149280,21.660,21.660,21.660,21.660,0,0
1524149340,21.670,21.720,21.670,21.720,0,0
1524149400,21.730,21.740,21.730,21.740,10039,497048
1524149460,21.750,21.710,21.710,21.750,0,0
1524149520,21.710,21.700,21.700,21.710,0,0
1524149580,21.710,21.710,21.710,21.710,0,0
1524149640,21.710,21.720,21.700,21.720,0,0
1524149700,21.720,21.720,21.720,21.720,30854,507087
1524149760,21.740,21.710,21.710,21.740,0,0
1524149820,21.700,21.720,21.690,21.720,0,0
1524149880,21.700,21.750,21.700,21.750,0,0
1524149940,21.740,21.790,21.740,21.800,0,0
1524150000,21.800,21.740,21.740,21.800,21025,537941
1524150060,21.730,21.700,21.690,21.730,0,0
1524150120,21.690,21.700,21.690,21.700,0,0
1524150180,21.700,21.710,21.700,21.710,0,0
1524150240,21.730,21.740,21.730,21.740,0,0
1524150300,21.750,21.720,21.700,21.750,36987,558966
1524150360,21.700,21.700,21.700,21.700,0,0
1524150420,21.690,21.670,21.660,21.690,0,0
1524150480,21.660,21.670,21.660,21.670,0,0
1524150540,21.670,21.690,21.670,21.690,0,0
1524150600,21.700,21.670,21.670,21.700,8098,595953
1524150660,21.700,21.670,21.670,21.700,0,0
1524150720,21.680,21.670,21.670,21.680,0,0
1524150780,21.680,21.700,21.680,21.700,0,0
1524150840,21.690,21.690,21.690,21.690,0,0
1524150900,21.680,21.640,21.640,21.680,13282,604051
1524150960,21.640,21.660,21.640,21.660,0,0
1524151020,21.650,21.640,21.640,21.650,0,0
1524151080,21.630,21.620,21.620,21.630,0,0
1524151140,21.630,21.640,21.630,21.640,0,0
1524151200,21.640,21.620,21.620,21.640,14709,617333
1524151260,21.650,21.640,21.640,21.650,0,0
1524151320,21.630,21.650,21.630,21.650,0,0
1524151380,21.650,21.700,21.650,21.700,0,0
1524151440,21.720,21.720,21.720,21.720,0,0
1524151500,21.710,21.730,21.710,21.730,14183,632042
1524151560,21.720,21.730,21.700,21.730,0,0
1524151620,21.730,21.690,21.690,21.730,0,0
1524151680,21.690,21.700,21.690,21.700,0,0
1524151740,21.700,21.700,21.700,21.700,0,0
1524151800,21.700,21.690,21.690,21.700,14949,646225
1524151860,21.700,21.690,21.690,21.700,0,0
1524151920,21.670,21.640,21.640,21.670,0,0
1524151980,21.620,21.660,21.620,21.660,0,0
1524152040,21.660,21.670,21.660,21.670,0,0
1524152100,21.670,21.690,21.660,21.700,25471,661174
1524152160,21.680,21.700,21.670,21.700,0,0
1524152220,21.740,21.760,21.740,21.760,0,0
1524152280,21.800,21.790,21.790,21.800,0,0
1524152340,21.760,21.770,21.760,21.770,0,0
1524152400,21.760,21.780,21.760,21.780,6210,686645
1524152460,21.760,21.750,21.750,21.760,0,0
1524152520,21.780,21.770,21.770,21.780,0,0
1524152640,21.770,21.770,21.770,21.770,0,0
1524152700,21.760,21.770,21.750,21.770,21073,692855
1524152760,21.770,21.780,21.770,21.780,0,0
1524152820,21.780,21.770,21.770,21.780,0,0
1524152880,21.770,21.800,21.770,21.800,0,0
1524152940,21.800,21.830,21.800,21.830,0,0
1524153000,21.850,21.850,21.850,21.850,11025,713928
1524153120,21.840,21.830,21.830,21.840,0,0
1524153180,21.820,21.860,21.820,21.860,0,0
1524153240,21.870,21.850,21.850,21.870,0,0
1524153300,21.840,21.820,21.820,21.840,14070,724953
1524153360,21.830,21.810,21.810,21.830,0,0
1524153420,21.820,21.800,21.800,21.830,0,0
1524153480,21.790,21.780,21.780,21.790,0,0
1524153540,21.790,21.790,21.790,21.790,0,0
1524153600,21.780,21.770,21.770,21.780,18632,739023
1524153660,21.760,21.770,21.760,21.770,0,0
1524153720,21.770,21.800,21.770,21.800,0,0
1524153780,21.800,21.800,21.800,21.800,0,0
1524153840,21.800,21.790,21.770,21.800,0,0
1524153900,21.800,21.790,21.790,21.800,16687,757655
1524153960,21.800,21.770,21.770,21.800,0,0
1524154020,21.770,21.770,21.770,21.770,0,0
1524154080,21.780,21.770,21.770,21.780,0,0
1524154140,21.790,21.780,21.780,21.790,0,0
1524154200,21.760,21.760,21.760,21.760,17410,774342
1524154260,21.760,21.750,21.750,21.760,0,0
1524154320,21.740,21.750,21.740,21.750,0,0
1524154380,21.750,21.740,21.740,21.750,0,0
1524154440,21.760,21.770,21.760,21.770,0,0
1524154500,21.780,21.770,21.770,21.780,12285,791752
1524154560,21.750,21.720,21.720,21.760,0,0
1524154620,21.730,21.750,21.730,21.750,0,0
1524154680,21.740,21.730,21.730,21.740,0,0
1524154740,21.720,21.700,21.700,21.720,0,0
1524154800,21.720,21.710,21.710,21.740,8296,804037
1524154860,21.720,21.740,21.720,21.740,0,0
1524154920,21.740,21.740,21.740,21.740,0,0
1524154980,21.720,21.710,21.710,21.720,0,0
1524155040,21.710,21.680,21.680,21.710,0,0
1524155100,21.680,21.680,21.680,21.680,7407,812333
1524155160,21.700,21.700,21.700,21.700,0,0
1524155220,21.690,21.700,21.690,21.700,0,0
1524155280,21.690,21.680,21.680,21.690,0,0
1524155340,21.660,21.680,21.660,21.680,0,0
1524155400,21.690,21.710,21.680,21.710,7718,819740
1524155460,21.700,21.700,21.700,21.700,0,0
1524155520,21.710,21.710,21.710,21.710,0,0
1524155580,21.720,21.720,21.720,21.720,0,0
1524155640,21.740,21.740,21.740,21.740,0,0
1524155700,21.750,21.750,21.750,21.750,5104,827458
1524155760,21.740,21.740,21.740,21.740,0,0
1524155820,21.720,21.740,21.720,21.740,0,0
1524155880,21.740,21.740,21.740,21.740,0,0
1524155940,21.750,21.750,21.750,21.750,0,0
1524156000,21.740,21.740,21.740,21.740,50168,832562
1524156060,21.750,21.760,21.750,21.760,0,0
1524156120,21.750,21.740,21.740,21.750,0,0
1524156180,21.710,21.710,21.710,21.710,0,0
1524156240,21.700,21.740,21.700,21.750,0,0
1524156300,21.730,21.730,21.730,21.730,8815,882730
1524156360,21.700,21.720,21.700,21.720,0,0
1524156420,21.720,21.750,21.720,21.750,0,0
1524156480,21.750,21.750,21.750,21.750,0,0
1524156540,21.750,21.740,21.740,21.750,0,0
1524156600,21.730,21.730,21.730,21.730,7202,891545
1524156720,21.750,21.750,21.750,21.750,0,0
1524156780,21.720,21.730,21.720,21.730,0,0
1524156900,21.730,21.730,21.730,21.730,17395,898747
1524156960,21.720,21.730,21.720,21.730,0,0
1524157020,21.730,21.730,21.730,21.730,0,0
1524157140,21.740,21.750,21.740,21.750,0,0
1524157200,21.750,21.720,21.720,21.750,19561,916142
1524157260,21.720,21.730,21.720,21.730,0,0
1524157320,21.730,21.740,21.730,21.740,0,0
1524157380,21.740,21.720,21.720,21.740,0,0
1524157440,21.730,21.750,21.730,21.750,0,0
1524157500,21.740,21.740,21.740,21.740,35796,935703
1524157560,21.740,21.730,21.720,21.740,0,0
1524157620,21.720,21.720,21.720,21.720,0,0
1524157680,21.710,21.710,21.710,21.710,0,0
1524157740,21.710,21.730,21.710,21.730,0,0
1524157800,21.710,21.710,21.710,21.710,11028,971499
1524157860,21.730,21.730,21.730,21.730,0,0
1524157920,21.750,21.740,21.730,21.750,0,0
1524157980,21.720,21.720,21.720,21.720,0,0
1524158040,21.720,21.720,21.720,21.720,0,0
1524158100,21.710,21.730,21.710,21.730,14628,982527
1524158160,21.730,21.740,21.730,21.740,0,0
1524158220,21.750,21.740,21.740,21.750,0,0
1524158280,21.720,21.710,21.710,21.720,0,0
1524158340,21.700,21.720,21.700,21.730,0,0
1524158400,21.720,21.740,21.720,21.740,12785,997155
1524158460,21.730,21.710,21.700,21.730,0,0
1524158520,21.730,21.730,21.730,21.730,0,0
1524158580,21.730,21.730,21.730,21.730,0,0
1524158640,21.710,21.710,21.710,21.710,0,0
1524158700,21.710,21.720,21.710,21.720,5920,1009940
1524158760,21.700,21.710,21.700,21.710,0,0
1524158880,21.690,21.700,21.690,21.700,0,0
1524158940,21.670,21.670,21.670,21.670,0,0
1524159000,21.660,21.640,21.640,21.660,20489,1015860
1524159060,21.640,21.630,21.630,21.650,0,0
1524159120,21.620,21.580,21.580,21.620,0,0
1524159180,21.580,21.590,21.570,21.590,0,0
1524159240,21.550,21.600,21.550,21.600,0,0
1524159300,21.580,21.580,21.580,21.580,11191,1036349
1524159360,21.590,21.580,21.580,21.600,0,0
1524159420,21.580,21.580,21.580,21.580,0,0
1524159480,21.580,21.580,21.580,21.580,0,0
1524159540,21.580,21.570,21.570,21.580,0,0
1524159600,21.580,21.570,21.570,21.580,11048,1047540
1524159660,21.580,21.570,21.570,21.580,0,0
1524159780,21.590,21.580,21.580,21.590,0,0
1524159840,21.570,21.580,21.570,21.580,0,0
1524159900,21.580,21.580,21.580,21.580,13424,1058588
1524159960,21.590,21.570,21.570,21.590,0,0
1524160020,21.600,21.600,21.600,21.600,0,0
1524160080,21.600,21.580,21.580,21.600,0,0
1524160140,21.580,21.590,21.580,21.590,0,0
1524160200,21.580,21.560,21.560,21.580,24008,1072012
1524160260,21.560,21.590,21.560,21.590,0,0
1524160320,21.580,21.570,21.570,21.580,0,0
1524160380,21.570,21.570,21.570,21.570,0,0
1524160440,21.570,21.560,21.560,21.570,0,0
1524160500,21.560,21.570,21.560,21.570,20411,1096020
1524160560,21.570,21.590,21.570,21.590,0,0
1524160620,21.570,21.560,21.560,21.570,0,0
1524160680,21.560,21.580,21.560,21.590,0,0
1524160740,21.590,21.590,21.590,21.590,0,0
1524160800,21.590,21.580,21.580,21.590,8835,1116431
1524160860,21.590,21.590,21.590,21.590,0,0
1524160920,21.600,21.590,21.590,21.600,0,0
1524160980,21.580,21.600,21.580,21.600,0,0
1524161040,21.590,21.590,21.590,21.590,0,0
1524161100,21.590,21.590,21.590,21.590,5359,1125266
1524161160,21.590,21.590,21.590,21.590,0,0
1524161220,21.600,21.600,21.600,21.600,0,0
1524161280,21.600,21.610,21.600,21.610,0,0
1524161340,21.610,21.600,21.600,21.610,0,0
1524161400,21.610,21.610,21.610,21.610,6673,1130625
1524161520,21.610,21.610,21.610,21.610,0,0
1524161640,21.620,21.610,21.610,21.620,0,0
1524161700,21.620,21.620,21.620,21.620,1319,1137298
1524161760,21.620,21.620,21.620,21.620,0,0
1524161880,21.620,21.620,21.620,21.620,0,0
1524161940,21.610,21.620,21.610,21.620,0,0
1524162000,21.630,21.630,21.630,21.630,10561,1138617
1524162060,21.620,21.630,21.620,21.630,0,0
1524162120,21.630,21.620,21.620,21.630,0,0
1524162180,21.630,21.630,21.630,21.630,0,0
1524162240,21.630,21.630,21.630,21.630,0,0
1524162300,21.630,21.620,21.620,21.630,9570,1149178
1524162360,21.630,21.630,21.630,21.630,0,0
1524162420,21.630,21.630,21.630,21.630,0,0
1524162480,21.640,21.640,21.640,21.640,0,0
1524162540,21.650,21.670,21.650,21.670,0,0
1524162600,21.670,21.680,21.670,21.690,7971,1158748
1524162660,21.680,21.660,21.660,21.680,0,0
1524162720,21.670,21.690,21.670,21.690,0,0
1524162780,21.690,21.690,21.690,21.690,0,0
1524162840,21.680,21.670,21.670,21.680,0,0
1524162900,21.660,21.660,21.660,21.660,15391,1166719
1524162960,21.650,21.660,21.650,21.660,0,0
1524163080,21.660,21.680,21.660,21.680,0,0
1524163140,21.680,21.700,21.680,21.700,0,0
1524163200,21.700,21.690,21.690,21.700,5822,1182110
1524163260,21.700,21.700,21.700,21.700,0,0
1524163320,21.690,21.690,21.690,21.690,0,0
1524163380,21.700,21.720,21.700,21.720,0,0
1524163440,21.710,21.710,21.710,21.710,0,0
1524163500,21.710,21.710,21.710,21.710,3876,1187932
1524163560,21.710,21.710,21.710,21.710,0,0
1524163620,21.700,21.700,21.700,21.700,0,0
1524163740,21.690,21.690,21.690,21.690,0,0
1524163800,21.680,21.670,21.660,21.680,5720,1191808
1524163860,21.680,21.680,21.680,21.680,0,0
1524163920,21.690,21.690,21.690,21.690,0,0
1524163980,21.690,21.680,21.680,21.690,0,0
1524164040,21.690,21.690,21.690,21.690,0,0
1524164100,21.700,21.700,21.700,21.700,9674,1197528
1524164160,21.700,21.700,21.700,21.700,0,0
1524164220,21.700,21.680,21.680,21.700,0,0
1524164280,21.690,21.690,21.690,21.690,0,0
1524164340,21.690,21.700,21.690,21.700,0,0
1524164400,21.690,21.680,21.680,21.690,13009,1207202
1524164460,21.690,21.680,21.680,21.690,0,0
1524164520,21.700,21.710,21.700,21.710,0,0
1524164580,21.720,21.730,21.720,21.730,0,0
1524164640,21.720,21.720,21.720,21.720,0,0
1524164700,21.720,21.730,21.720,21.730,12586,1220211
1524164760,21.710,21.720,21.710,21.720,0,0
1524164820,21.740,21.740,21.740,21.740,0,0
1524164880,21.740,21.760,21.740,21.760,0,0
1524164940,21.740,21.740,21.740,21.740,0,0
1524165000,21.740,21.730,21.730,21.740,9652,1232797
1524165060,21.720,21.730,21.720,21.730,0,0
1524165120,21.740,21.730,21.730,21.740,0,0
1524165180,21.740,21.740,21.740,21.740,0,0
1524165240,21.730,21.730,21.730,21.730,0,0
1524165300,21.730,21.730,21.730,21.730,10910,1242449
1524165360,21.720,21.720,21.720,21.720,0,0
1524165420,21.720,21.710,21.710,21.720,0,0
1524165480,21.710,21.720,21.710,21.730,0,0
1524165540,21.730,21.740,21.730,21.740,0,0
1524165600,21.750,21.740,21.740,21.750,12578,1253359
1524165660,21.730,21.730,21.730,21.730,0,0
1524165720,21.720,21.720,21.720,21.720,0,0
1524165780,21.730,21.720,21.720,21.730,0,0
1524165840,21.710,21.730,21.710,21.730,0,0
1524165900,21.730,21.720,21.720,21.730,10936,1265937
1524165960,21.710,21.730,21.710,21.730,0,0
1524166020,21.720,21.710,21.710,21.720,0,0
1524166080,21.730,21.740,21.730,21.740,0,0
1524166140,21.750,21.730,21.730,21.750,0,0
1524166200,21.730,21.730,21.730,21.730,32981,1276873
1524166260,21.730,21.740,21.730,21.740,0,0
1524166320,21.730,21.720,21.720,21.740,0,0
1524166380,21.730,21.740,21.730,21.740,0,0
1524166440,21.730,21.770,21.730,21.770,0,0
1524166500,21.780,21.810,21.780,21.840,73803,1309854
1524166560,21.840,21.880,21.840,21.900,0,0
1524166620,21.910,21.900,21.870,21.920,0,0
1524166680,21.880,21.880,21.880,21.880,0,0
1524166740,21.880,21.870,21.870,21.880,0,0
1524166800,21.870,21.880,21.860,21.890,22825,1383657
1524166860,21.880,21.870,21.870,21.890,0,0
1524166920,21.870,21.850,21.850,21.870,0,0
1524166980,21.860,21.850,21.850,21.860,0,0
1524167040,21.870,21.850,21.840,21.870,0,0
1524167100,21.840,21.820,21.820,21.840,39443,1406482
1524167160,21.810,21.820,21.810,21.820,0,0
1524167220,21.800,21.790,21.790,21.800,0,0
1524167280,21.800,21.790,21.790,21.800,0,0
1524167340,21.790,21.780,21.780,21.800,0,0
1524167400,21.790,21.800,21.790,21.800,75171,1445925
1524167460,21.790,21.800,21.790,21.800,0,0
1524167520,21.800,21.830,21.790,21.830,0,0
1524167580,21.830,21.820,21.820,21.840,0,0
1524167640,21.820,21.800,21.800,21.820,0,0
1524167700,21.810,21.800,21.800,21.810,314018,1521096
1524167760,21.800,21.780,21.780,21.800,0,0
1524167820,21.780,21.800,21.770,21.800,0,0
1524167880,21.800,21.790,21.790,21.800,0,0
1524167940,21.800,21.840,21.800,21.880,0,0
1524231000,21.810,21.900,21.790,21.900,40205,0
1524231180,21.810,21.900,21.790,21.900,0,0
1524231240,21.880,21.900,21.880,21.900,0,0
1524231300,21.940,21.940,21.940,21.940,10828,40205
1524231360,21.940,21.890,21.890,21.940,0,0
1524231420,21.880,21.840,21.840,21.880,0,0
1524231480,21.890,21.890,21.890,21.890,0,0
1524231540,21.920,21.890,21.890,21.930,0,0
1524231600,21.880,21.850,21.850,21.880,9998,51033
1524231660,21.870,21.900,21.870,21.900,0,0
1524231720,21.890,21.870,21.870,21.890,0,0
1524231780,21.830,21.830,21.830,21.830,0,0
1524231840,21.820,21.820,21.820,21.820,0,0
1524231900,21.830,21.830,21.830,21.830,11533,61031
1524231960,21.840,21.880,21.840,21.880,0,0
1524232020,21.890,21.910,21.890,21.910,0,0
1524232080,21.910,21.910,21.910,21.910,0,0
1524232140,21.910,21.900,21.900,21.920,0,0
1524232200,21.930,21.930,21.930,21.930,48820,72564
1524232260,21.930,21.850,21.850,21.930,0,0
1524232320,21.840,21.850,21.830,21.850,0,0
1524232380,21.840,21.860,21.800,21.860,0,0
1524232440,21.860,21.890,21.860,21.900,0,0
1524232500,21.880,21.830,21.820,21.890,54927,121384
1524232560,21.820,21.780,21.760,21.820,0,0
1524232620,21.780,21.730,21.730,21.780,0,0
1524232680,21.720,21.710,21.710,21.720,0,0
1524232740,21.680,21.700,21.680,21.700,0,0
1524232800,21.680,21.590,21.590,21.680,16308,176311
1524232860,21.600,21.580,21.550,21.600,0,0
1524232920,21.550,21.570,21.540,21.570,0,0
1524232980,21.530,21.570,21.530,21.570,0,0
1524233040,21.570,21.500,21.500,21.570,0,0
1524233100,21.480,21.530,21.480,21.530,21781,192619
1524233160,21.530,21.480,21.480,21.530,0,0
1524233220,21.490,21.440,21.440,21.500,0,0
1524233280,21.430,21.390,21.390,21.430,0,0
1524233340,21.370,21.390,21.370,21.390,0,0
1524233400,21.410,21.410,21.410,21.410,14967,214400
1524233460,21.400,21.410,21.380,21.410,0,0
1524233520,21.380,21.310,21.310,21.380,0,0
1524233580,21.320,21.380,21.320,21.380,0,0
1524233640,21.370,21.360,21.360,21.370,0,0
1524233700,21.390,21.390,21.390,21.390,21503,229367
1524233760,21.380,21.360,21.360,21.380,0,0
1524233820,21.400,21.390,21.390,21.400,0,0
1524233880,21.430,21.430,21.430,21.430,0,0
1524233940,21.450,21.450,21.450,21.450,0,0
1524234000,21.460,21.490,21.460,21.490,16626,250870
1524234060,21.490,21.500,21.480,21.500,0,0
1524234120,21.550,21.560,21.550,21.560,0,0
1524234180,21.560,21.550,21.550,21.560,0,0
1524234240,21.570,21.550,21.540,21.570,0,0
1524234300,21.590,21.600,21.590,21.600,9593,267496
1524234360,21.550,21.550,21.550,21.550,0,0
1524234420,21.530,21.530,21.530,21.530,0,0
1524234480,21.530,21.540,21.530,21.540,0,0
1524234540,21.590,21.630,21.590,21.630,0,0
1524234600,21.610,21.580,21.580,21.610,10708,277089
1524234660,21.590,21.620,21.590,21.620,0,0
1524234720,21.620,21.590,21.590,21.620,0,0
1524234780,21.600,21.610,21.600,21.610,0,0
1524234900,21.630,21.600,21.600,21.630,9287,287797
1524234960,21.600,21.580,21.580,21.600,0,0
1524235020,21.580,21.590,21.580,21.590,0,0
1524235080,21.610,21.610,21.610,21.610,0,0
1524235140,21.590,21.580,21.580,21.590,0,0
1524235200,21.570,21.560,21.560,21.570,10717,297084
1524235260,21.560,21.530,21.530,21.560,0,0
1524235320,21.520,21.530,21.520,21.540,0,0
1524235440,21.510,21.530,21.490,21.530,0,0
1524235500,21.530,21.540,21.530,21.540,6802,307801
1524235560,21.530,21.520,21.520,21.530,0,0
1524235620,21.530,21.530,21.530,21.530,0,0
1524235680,21.520,21.520,21.520,21.520,0,0
1524235740,21.500,21.470,21.470,21.500,0,0
1524235800,21.460,21.440,21.440,21.460,5985,314603
1524235860,21.420,21.420,21.420,21.420,0,0
1524235920,21.420,21.420,21.420,21.420,0,0
1524235980,21.390,21.390,21.390,21.390,0,0
1524236040,21.390,21.410,21.390,21.410,0,0
1524236100,21.410,21.450,21.410,21.450,17108,320588
1524236160,21.450,21.450,21.450,21.450,0,0
1524236220,21.450,21.450,21.450,21.450,0,0
1524236280,21.460,21.430,21.430,21.460,0,0
1524236340,21.440,21.420,21.410,21.440,0,0
1524236400,21.430,21.430,21.430,21.430,17522,337696
1524236460,21.460,21.460,21.460,21.460,0,0
1524236580,21.450,21.440,21.440,21.450,0,0
1524236640,21.440,21.450,21.440,21.450,0,0
1524236700,21.430,21.450,21.430,21.450,8169,355218
1524236760,21.470,21.470,21.470,21.470,0,0
1524236820,21.470,21.460,21.460,21.470,0,0
1524236880,21.490,21.480,21.470,21.490,0,0
1524236940,21.480,21.480,21.480,21.480,0,0
1524237000,21.470,21.460,21.450,21.470,4762,363387
1524237060,21.430,21.430,21.430,21.430,0,0
1524237120,21.430,21.450,21.430,21.450,0,0
1524237180,21.480,21.480,21.480,21.480,0,0
1524237240,21.470,21.470,21.470,21.470,0,0
1524237300,21.480,21.470,21.470,21.480,5315,368149
1524237360,21.480,21.470,21.470,21.480,0,0
1524237420,21.450,21.470,21.450,21.470,0,0
1524237480,21.480,21.480,21.480,21.480,0,0
1524237540,21.490,21.490,21.490,21.490,0,0
1524237600,21.510,21.510,21.510,21.510,6593,373464
1524237660,21.510,21.510,21.510,21.510,0,0
1524237720,21.510,21.500,21.500,21.510,0,0
1524237780,21.510,21.510,21.510,21.510,0,0
1524237840,21.500,21.490,21.490,21.500,0,0
1524237900,21.520,21.500,21.500,21.520,7677,380057
1524237960,21.490,21.470,21.470,21.490,0,0
1524238020,21.480,21.480,21.480,21.480,0,0
1524238080,21.520,21.490,21.490,21.520,0,0
1524238140,21.500,21.500,21.500,21.500,0,0
1524238200,21.510,21.530,21.510,21.530,19056,387734
1524238260,21.530,21.540,21.530,21.540,0,0
1524238320,21.530,21.530,21.530,21.530,0,0
1524238380,21.540,21.550,21.540,21.550,0,0
1524238440,21.560,21.580,21.560,21.580,0,0
1524238500,21.580,21.590,21.580,21.590,10943,406790
1524238560,21.590,21.570,21.570,21.590,0,0
1524238620,21.580,21.580,21.580,21.580,0,0
1524238680,21.590,21.610,21.590,21.610,0,0
1524238740,21.620,21.630,21.610,21.630,0,0
1524238800,21.630,21.610,21.610,21.630,14622,417733
1524238860,21.630,21.640,21.630,21.650,0,0
1524238920,21.640,21.650,21.640,21.660,0,0
1524238980,21.640,21.620,21.610,21.640,0,0
1524239040,21.640,21.640,21.640,21.640,0,0
1524239100,21.640,21.620,21.620,21.640,12198,432355
1524239160,21.620,21.600,21.600,21.620,0,0
1524239220,21.610,21.620,21.610,21.620,0,0
1524239280,21.620,21.620,21.620,21.620,0,0
1524239340,21.620,21.610,21.610,21.620,0,0
1524239400,21.610,21.600,21.600,21.610,6125,444553
1524239460,21.610,21.620,21.610,21.620,0,0
1524239520,21.590,21.610,21.590,21.610,0,0
1524239580,21.590,21.580,21.580,21.590,0,0
1524239700,21.610,21.620,21.610,21.620,9546,450678
1524239760,21.620,21.640,21.620,21.640,0,0
1524239820,21.630,21.640,21.630,21.640,0,0
1524239880,21.640,21.620,21.620,21.640,0,0
1524239940,21.630,21.630,21.630,21.630,0,0
1524240000,21.630,21.600,21.590,21.630,9010,460224
1524240060,21.600,21.590,21.590,21.610,0,0
1524240120,21.590,21.590,21.590,21.590,0,0
1524240180,21.570,21.570,21.570,21.570,0,0
1524240240,21.550,21.570,21.550,21.570,0,0
1524240300,21.560,21.550,21.550,21.570,11258,469234
1524240360,21.560,21.560,21.560,21.560,0,0
1524240420,21.560,21.570,21.560,21.580,0,0
1524240480,21.620,21.620,21.620,21.620,0,0
1524240540,21.610,21.610,21.610,21.610,0,0
1524240600,21.600,21.610,21.600,21.610,6460,480492
1524240660,21.610,21.610,21.610,21.610,0,0
1524240720,21.590,21.590,21.590,21.590,0,0
1524240780,21.600,21.590,21.590,21.600,0,0
1524240840,21.570,21.570,21.570,21.570,0,0
1524240900,21.560,21.560,21.560,21.560,4297,486952
1524240960,21.570,21.570,21.570,21.570,0,0
1524241080,21.580,21.560,21.560,21.580,0,0
1524241140,21.570,21.570,21.570,21.570,0,0
1524241200,21.560,21.550,21.550,21.560,4437,491249
1524241320,21.550,21.550,21.550,21.550,0,0
1524241380,21.550,21.530,21.530,21.550,0,0
1524241440,21.530,21.530,21.530,21.530,0,0
1524241500,21.530,21.540,21.530,21.550,6540,495686
1524241560,21.550,21.550,21.550,21.550,0,0
1524241620,21.560,21.550,21.550,21.560,0,0
1524241680,21.540,21.530,21.530,21.540,0,0
1524241800,21.540,21.510,21.510,21.540,9631,502226
1524241860,21.520,21.520,21.520,21.520,0,0
1524241920,21.530,21.530,21.530,21.530,0,0
1524241980,21.540,21.540,21.540,21.540,0,0
1524242040,21.560,21.570,21.560,21.570,0,0
1524242100,21.570,21.570,21.570,21.570,7847,511857
1524242160,21.570,21.570,21.570,21.570,0,0
1524242220,21.560,21.560,21.560,21.560,0,0
1524242280,21.560,21.550,21.550,21.560,0,0
1524242340,21.560,21.540,21.540,21.560,0,0
1524242400,21.540,21.550,21.540,21.550,5700,519704
1524242460,21.550,21.540,21.540,21.550,0,0
1524242520,21.540,21.540,21.540,21.540,0,0
1524242580,21.540,21.530,21.530,21.540,0,0
1524242700,21.550,21.560,21.550,21.560,7452,525404
1524242760,21.550,21.560,21.550,21.560,0,0
1524242820,21.570,21.590,21.570,21.590,0,0
1524242880,21.570,21.570,21.570,21.570,0,0
1524242940,21.560,21.550,21.550,21.560,0,0
1524243000,21.570,21.570,21.570,21.570,9012,532856
1524243060,21.560,21.560,21.560,21.560,0,0
1524243120,21.550,21.550,21.550,21.550,0,0
1524243180,21.590,21.580,21.580,21.590,0,0
1524243240,21.570,21.580,21.570,21.580,0,0
1524243300,21.560,21.560,21.560,21.560,6769,541868
1524243360,21.560,21.560,21.560,21.560,0,0
1524243420,21.550,21.560,21.550,21.560,0,0
1524243480,21.570,21.590,21.570,21.590,0,0
1524243540,21.590,21.580,21.580,21.590,0,0
1524243600,21.570,21.590,21.570,21.590,6097,548637
1524243660,21.590,21.590,21.590,21.590,0,0
1524243720,21.580,21.580,21.580,21.580,0,0
1524243780,21.580,21.580,21.580,21.580,0,0
1524243840,21.580,21.570,21.570,21.580,0,0
1524243900,21.560,21.560,21.560,21.560,6917,554734
1524243960,21.580,21.580,21.580,21.580,0,0
1524244020,21.580,21.580,21.580,21.580,0,0
1524244080,21.590,21.590,21.590,21.590,0,0
1524244140,21.600,21.600,21.600,21.600,0,0
1524244200,21.610,21.620,21.610,21.620,3451,561651
1524244260,21.610,21.620,21.610,21.620,0,0
1524244320,21.630,21.630,21.630,21.630,0,0
1524244380,21.630,21.630,21.630,21.630,0,0
1524244440,21.640,21.640,21.640,21.640,0,0
1524244500,21.650,21.660,21.640,21.660,10065,565102
1524244560,21.650,21.640,21.640,21.650,0,0
1524244620,21.660,21.650,21.650,21.660,0,0
1524244680,21.650,21.650,21.650,21.650,0,0
1524244800,21.650,21.640,21.640,21.650,12309,575167
1524244860,21.620,21.630,21.620,21.630,0,0
1524244920,21.600,21.590,21.590,21.600,0,0
1524244980,21.620,21.610,21.610,21.630,0,0
1524245040,21.610,21.610,21.610,21.610,0,0
1524245100,21.610,21.610,21.610,21.610,13416,587476
1524245160,21.610,21.640,21.610,21.650,0,0
1524245220,21.650,21.660,21.650,21.660,0,0
1524245280,21.640,21.650,21.640,21.650,0,0
1524245340,21.640,21.670,21.640,21.670,0,0
1524245400,21.660,21.670,21.660,21.680,8203,600892
1524245460,21.680,21.670,21.670,21.680,0,0
1524245520,21.660,21.660,21.660,21.660,0,0
1524245580,21.670,21.660,21.660,21.670,0,0
1524245640,21.670,21.670,21.670,21.670,0,0
1524245700,21.670,21.680,21.670,21.680,13311,609095
1524245760,21.690,21.690,21.690,21.690,0,0
1524245820,21.700,21.690,21.690,21.700,0,0
1524245880,21.700,21.700,21.700,21.700,0,0
1524245940,21.710,21.700,21.700,21.710,0,0
1524246000,21.720,21.720,21.720,21.720,9074,622406
1524246060,21.720,21.750,21.720,21.750,0,0
1524246120,21.750,21.740,21.740,21.750,0,0
1524246180,21.740,21.730,21.730,21.740,0,0
1524246240,21.720,21.720,21.720,21.720,0,0
1524246300,21.720,21.700,21.700,21.720,8185,631480
1524246360,21.700,21.690,21.690,21.700,0,0
1524246420,21.690,21.690,21.690,21.690,0,0
1524246480,21.690,21.660,21.660,21.690,0,0
1524246540,21.660,21.660,21.660,21.660,0,0
1524246600,21.660,21.660,21.660,21.660,8548,639665
1524246660,21.660,21.670,21.660,21.670,0,0
1524246780,21.680,21.660,21.660,21.690,0,0
1524246840,21.660,21.690,21.660,21.690,0,0
1524246900,21.680,21.670,21.670,21.680,16414,648213
1524246960,21.670,21.680,21.670,21.690,0,0
1524247020,21.660,21.660,21.660,21.660,0,0
1524247080,21.660,21.640,21.640,21.660,0,0
1524247140,21.650,21.630,21.630,21.650,0,0
1524247200,21.620,21.620,21.620,21.620,16967,664627
1524247260,21.620,21.610,21.610,21.620,0,0
1524247320,21.620,21.630,21.620,21.630,0,0
1524247380,21.630,21.620,21.620,21.630,0,0
1524247440,21.650,21.650,21.650,21.650,0,0
1524247500,21.660,21.670,21.660,21.670,10920,681594
1524247560,21.660,21.630,21.630,21.660,0,0
1524247620,21.640,21.630,21.630,21.640,0,0
1524247680,21.630,21.640,21.630,21.640,0,0
1524247740,21.610,21.620,21.610,21.620,0,0
1524247800,21.610,21.600,21.600,21.610,5243,692514
1524247860,21.580,21.580,21.580,21.580,0,0
1524247920,21.590,21.590,21.590,21.590,0,0
1524247980,21.600,21.600,21.600,21.600,0,0
1524248040,21.600,21.610,21.600,21.610,0,0
1524248100,21.610,21.620,21.610,21.620,9697,697757
1524248160,21.600,21.600,21.600,21.600,0,0
1524248220,21.590,21.600,21.590,21.600,0,0
1524248280,21.590,21.600,21.590,21.600,0,0
1524248340,21.580,21.570,21.570,21.580,0,0
1524248400,21.570,21.570,21.570,21.570,8209,707454
1524248460,21.550,21.580,21.550,21.580,0,0
1524248520,21.600,21.590,21.590,21.600,0,0
1524248580,21.580,21.600,21.580,21.600,0,0
1524248640,21.600,21.600,21.600,21.600,0,0
1524248700,21.580,21.580,21.580,21.580,6752,715663
1524248760,21.570,21.580,21.570,21.580,0,0
1524248820,21.580,21.580,21.580,21.580,0,0
1524248880,21.580,21.580,21.580,21.580,0,0
1524248940,21.580,21.600,21.580,21.600,0,0
1524249000,21.580,21.580,21.580,21.580,6957,722415
1524249060,21.580,21.580,21.580,21.580,0,0
1524249120,21.560,21.570,21.560,21.570,0,0
1524249180,21.560,21.560,21.560,21.560,0,0
1524249240,21.550,21.550,21.550,21.550,0,0
1524249300,21.550,21.560,21.550,21.560,7368,729372
1524249360,21.560,21.570,21.560,21.570,0,0
1524249420,21.560,21.560,21.560,21.560,0,0
1524249540,21.570,21.570,21.570,21.570,0,0
1524249600,21.580,21.590,21.580,21.590,8757,736740
1524249660,21.600,21.610,21.600,21.610,0,0
1524249720,21.620,21.620,21.620,21.620,0,0
1524249780,21.620,21.630,21.620,21.630,0,0
1524249840,21.620,21.620,21.620,21.620,0,0
1524249900,21.620,21.620,21.620,21.620,9982,745497
1524249960,21.610,21.600,21.600,21.610,0,0
1524250020,21.600,21.610,21.600,21.610,0,0
1524250080,21.590,21.570,21.570,21.590,0,0
1524250140,21.560,21.570,21.560,21.570,0,0
1524250200,21.570,21.570,21.570,21.570,13187,755479
1524250320,21.540,21.550,21.540,21.550,0,0
1524250380,21.550,21.550,21.550,21.550,0,0
1524250440,21.550,21.550,21.550,21.550,0,0
1524250500,21.550,21.550,21.550,21.550,9006,768666
1524250560,21.560,21.570,21.560,21.570,0,0
1524250620,21.590,21.580,21.580,21.590,0,0
1524250680,21.580,21.570,21.570,21.590,0,0
1524250740,21.570,21.570,21.570,21.570,0,0
1524250800,21.580,21.570,21.570,21.580,13337,777672
1524250860,21.570,21.580,21.570,21.580,0,0
1524250980,21.560,21.560,21.560,21.560,0,0
1524251040,21.560,21.560,21.560,21.560,0,0
1524251100,21.550,21.540,21.540,21.550,18571,791009
1524251160,21.530,21.530,21.530,21.530,0,0
1524251220,21.530,21.530,21.530,21.530,0,0
1524251280,21.530,21.520,21.520,21.530,0,0
1524251340,21.510,21.510,21.510,21.510,0,0
1524251400,21.510,21.520,21.510,21.520,12870,809580
1524251460,21.530,21.540,21.530,21.540,0,0
1524251520,21.540,21.550,21.540,21.560,0,0
1524251580,21.550,21.560,21.550,21.560,0,0
1524251640,21.560,21.560,21.560,21.560,0,0
1524251700,21.570,21.560,21.560,21.570,12601,822450
1524251760,21.550,21.540,21.540,21.550,0,0
1524251820,21.550,21.560,21.550,21.560,0,0
1524251880,21.560,21.550,21.550,21.560,0,0
1524251940,21.550,21.550,21.550,21.550,0,0
1524252000,21.560,21.570,21.560,21.570,16582,835051
1524252060,21.570,21.570,21.570,21.570,0,0
1524252120,21.550,21.560,21.550,21.570,0,0
1524252180,21.570,21.570,21.570,21.570,0,0
1524252240,21.570,21.570,21.570,21.570,0,0
1524252300,21.580,21.570,21.570,21.580,13996,851633
1524252360,21.580,21.580,21.580,21.580,0,0
1524252420,21.570,21.560,21.540,21.570,0,0
1524252480,21.560,21.550,21.550,21.560,0,0
1524252540,21.550,21.550,21.550,21.550,0,0
1524252600,21.550,21.570,21.550,21.570,17826,865629
1524252660,21.570,21.560,21.560,21.570,0,0
1524252720,21.560,21.570,21.560,21.570,0,0
1524252780,21.570,21.570,21.570,21.570,0,0
1524252840,21.570,21.570,21.570,21.570,0,0
1524252900,21.570,21.560,21.560,21.570,13639,883455
1524252960,21.570,21.590,21.570,21.590,0,0
1524253020,21.590,21.600,21.590,21.600,0,0
1524253080,21.610,21.610,21.610,21.610,0,0
1524253140,21.620,21.630,21.620,21.630,0,0
1524253200,21.620,21.630,21.620,21.630,32271,897094
1524253260,21.610,21.600,21.600,21.610,0,0
1524253320,21.620,21.620,21.620,21.620,0,0
1524253380,21.630,21.610,21.610,21.630,0,0
1524253440,21.610,21.620,21.610,21.620,0,0
1524253500,21.600,21.580,21.580,21.600,29374,929365
1524253560,21.590,21.570,21.570,21.590,0,0
1524253620,21.570,21.580,21.570,21.580,0,0
1524253680,21.570,21.590,21.570,21.590,0,0
1524253740,21.590,21.580,21.580,21.590,0,0
1524253800,21.590,21.580,21.580,21.590,49240,958739
1524253860,21.550,21.550,21.550,21.550,0,0
1524253920,21.560,21.550,21.550,21.560,0,0
1524253980,21.550,21.540,21.540,21.550,0,0
1524254040,21.550,21.580,21.540,21.580,0,0
1524254100,21.590,21.580,21.580,21.590,318909,1007979
1524254160,21.580,21.590,21.580,21.590,0,0
1524254220,21.590,21.600,21.580,21.600,0,0
1524254280,21.610,21.610,21.610,21.610,0,0
1524254340,21.610,21.580,21.580,21.610,0,0
1524490200,21.430,21.430,21.430,21.430,41759,0
1524490320,21.420,21.420,21.420,21.420,0,0
1524490440,21.510,21.560,21.510,21.560,0,0
1524490500,21.590,21.530,21.530,21.590,15984,41759
1524490560,21.540,21.540,21.540,21.540,0,0
1524490620,21.520,21.520,21.520,21.520,0,0
1524490680,21.520,21.510,21.510,21.520,0,0
1524490740,21.570,21.540,21.540,21.570,0,0
1524490800,21.560,21.530,21.530,21.560,11489,57743
1524490860,21.540,21.530,21.510,21.540,0,0
1524490920,21.480,21.480,21.480,21.480,0,0
1524490980,21.460,21.440,21.440,21.470,0,0
1524491040,21.420,21.430,21.420,21.450,0,0
1524491100,21.430,21.380,21.380,21.440,7119,69232
1524491160,21.410,21.450,21.410,21.450,0,0
1524491220,21.440,21.380,21.380,21.440,0,0
1524491280,21.420,21.420,21.420,21.420,0,0
1524491400,21.430,21.420,21.420,21.440,6949,76351
1524491460,21.420,21.360,21.360,21.420,0,0
1524491520,21.380,21.380,21.380,21.380,0,0
1524491640,21.370,21.370,21.370,21.370,0,0
1524491700,21.390,21.390,21.390,21.390,4375,83300
1524491760,21.420,21.420,21.420,21.420,0,0
1524491820,21.430,21.450,21.430,21.460,0,0
1524491880,21.450,21.490,21.450,21.510,0,0
1524491940,21.510,21.510,21.510,21.510,0,0
1524492000,21.550,21.550,21.550,21.550,8683,87675
1524492060,21.540,21.550,21.540,21.550,0,0
1524492120,21.510,21.530,21.510,21.530,0,0
1524492240,21.510,21.540,21.510,21.540,0,0
1524492300,21.550,21.570,21.550,21.570,8126,96358
1524492360,21.590,21.590,21.590,21.590,0,0
1524492420,21.590,21.560,21.560,21.590,0,0
1524492480,21.540,21.540,21.540,21.540,0,0
1524492540,21.550,21.550,21.550,21.550,0,0
1524492600,21.550,21.560,21.550,21.560,8293,104484
1524492660,21.560,21.570,21.560,21.590,0,0
1524492720,21.590,21.600,21.590,21.600,0,0
1524492780,21.590,21.590,21.590,21.590,0,0
1524492840,21.590,21.610,21.590,21.610,0,0
1524492900,21.610,21.610,21.610,21.610,4788,112777
1524493020,21.590,21.590,21.590,21.590,0,0
1524493080,21.600,21.600,21.600,21.600,0,0
1524493140,21.610,21.610,21.610,21.610,0,0
1524493200,21.620,21.630,21.620,21.630,10376,117565
1524493260,21.630,21.650,21.630,21.650,0,0
1524493380,21.680,21.660,21.660,21.680,0,0
1524493440,21.680,21.680,21.680,21.680,0,0
1524493500,21.680,21.680,21.680,21.680,2000,127941
1524493560,21.680,21.690,21.680,21.690,0,0
1524493620,21.690,21.690,21.690,21.690,0,0
1524493740,21.700,21.700,21.700,21.700,0,0
1524493800,21.700,21.680,21.680,21.700,10317,129941
1524493860,21.660,21.660,21.660,21.660,0,0
1524493920,21.670,21.650,21.650,21.670,0,0
1524493980,21.680,21.680,21.680,21.680,0,0
1524494040,21.680,21.650,21.650,21.700,0,0
1524494100,21.650,21.650,21.650,21.650,6336,140258
1524494160,21.600,21.590,21.590,21.610,0,0
1524494220,21.570,21.570,21.570,21.570,0,0
1524494280,21.570,21.570,21.570,21.570,0,0
1524494340,21.560,21.600,21.560,21.600,0,0
1524494400,21.600,21.600,21.600,21.600,6014,146594
1524494460,21.570,21.570,21.570,21.570,0,0
1524494520,21.570,21.580,21.570,21.580,0,0
1524494580,21.570,21.570,21.570,21.570,0,0
1524494640,21.550,21.590,21.550,21.590,0,0
1524494700,21.600,21.600,21.600,21.600,3033,152608
1524494760,21.610,21.610,21.610,21.610,0,0
1524494820,21.600,21.600,21.600,21.600,0,0
1524494880,21.600,21.600,21.600,21.600,0,0
1524494940,21.590,21.590,21.590,21.590,0,0
1524495000,21.600,21.600,21.600,21.600,4040,155641
1524495060,21.600,21.600,21.600,21.600,0,0
1524495120,21.620,21.620,21.620,21.620,0,0
1524495180,21.610,21.600,21.600,21.610,0,0
1524495240,21.620,21.620,21.620,21.620,0,0
1524495300,21.640,21.640,21.640,21.640,3865,159681
1524495360,21.610,21.630,21.610,21.630,0,0
1524495420,21.640,21.640,21.640,21.640,0,0
1524495480,21.630,21.630,21.630,21.630,0,0
1524495540,21.630,21.630,21.630,21.630,0,0
1524495600,21.630,21.640,21.630,21.640,8030,163546
1524495660,21.640,21.680,21.640,21.680,0,0
1524495720,21.710,21.700,21.700,21.710,0,0
1524495780,21.720,21.710,21.710,21.720,0,0
1524495840,21.710,21.730,21.710,21.730,0,0
1524495900,21.720,21.710,21.710,21.730,10435,171576
1524495960,21.700,21.700,21.700,21.700,0,0
1524496020,21.710,21.710,21.710,21.710,0,0
1524496080,21.720,21.750,21.720,21.750,0,0
1524496140,21.760,21.750,21.750,21.760,0,0
1524496200,21.770,21.780,21.760,21.780,8723,182011
1524496260,21.790,21.790,21.790,21.790,0,0
1524496320,21.750,21.750,21.750,21.750,0,0
1524496380,21.770,21.760,21.760,21.770,0,0
1524496440,21.740,21.740,21.740,21.740,0,0
1524496500,21.760,21.750,21.750,21.760,5527,190734
1524496560,21.770,21.770,21.770,21.770,0,0
1524496620,21.800,21.780,21.770,21.800,0,0
1524496680,21.770,21.770,21.770,21.770,0,0
1524496800,21.780,21.780,21.780,21.780,15978,196261
1524496920,21.750,21.730,21.730,21.750,0,0
1524496980,21.750,21.700,21.700,21.750,0,0
1524497040,21.700,21.710,21.700,21.710,0,0
1524497100,21.740,21.740,21.740,21.740,12015,212239
1524497160,21.750,21.720,21.720,21.750,0,0
1524497280,21.730,21.720,21.720,21.730,0,0
1524497340,21.710,21.720,21.710,21.720,0,0
1524497400,21.710,21.700,21.700,21.710,11949,224254
1524497460,21.680,21.680,21.680,21.680,0,0
1524497520,21.660,21.630,21.630,21.660,0,0
1524497580,21.640,21.650,21.640,21.650,0,0
1524497640,21.620,21.620,21.620,21.620,0,0
1524497700,21.640,21.640,21.640,21.640,6649,236203
1524497760,21.630,21.610,21.610,21.630,0,0
1524497880,21.610,21.620,21.610,21.620,0,0
1524497940,21.620,21.630,21.620,21.630,0,0
1524498000,21.620,21.640,21.620,21.640,7045,242852
1524498120,21.660,21.660,21.660,21.660,0,0
1524498180,21.640,21.630,21.630,21.640,0,0
1524498300,21.620,21.620,21.620,21.620,9993,249897
1524498480,21.610,21.600,21.600,21.610,0,0
1524498540,21.590,21.600,21.590,21.600,0,0
1524498600,21.620,21.620,21.620,21.620,7231,259890
1524498660,21.620,21.620,21.620,21.620,0,0
1524498780,21.640,21.660,21.640,21.660,0,0
1524498840,21.650,21.620,21.620,21.650,0,0
1524498900,21.620,21.620,21.620,21.620,6666,267121
1524498960,21.610,21.600,21.600,21.610,0,0
1524499080,21.570,21.570,21.570,21.570,0,0
1524499140,21.580,21.580,21.580,21.580,0,0
1524499200,21.590,21.590,21.590,21.590,12235,273787
1524499260,21.580,21.590,21.580,21.590,0,0
1524499320,21.580,21.580,21.580,21.580,0,0
1524499380,21.580,21.580,21.580,21.580,0,0
1524499440,21.560,21.570,21.560,21.570,0,0
1524499500,21.580,21.580,21.580,21.580,8299,286022
1524499560,21.580,21.590,21.580,21.590,0,0
1524499620,21.590,21.590,21.590,21.590,0,0
1524499740,21.580,21.570,21.570,21.580,0,0
1524499800,21.560,21.560,21.560,21.560,9239,294321
1524499860,21.560,21.560,21.560,21.560,0,0
1524499920,21.550,21.550,21.550,21.550,0,0
1524499980,21.500,21.510,21.490,21.510,0,0
1524500040,21.520,21.510,21.500,21.520,0,0
1524500100,21.490,21.510,21.490,21.510,4316,303560
1524500160,21.490,21.490,21.490,21.490,0,0
1524500280,21.480,21.480,21.480,21.480,0,0
1524500340,21.470,21.470,21.470,21.470,0,0
1524500400,21.470,21.470,21.470,21.470,3748,307876
1524500460,21.460,21.460,21.460,21.460,0,0
1524500640,21.480,21.490,21.480,21.490,0,0
1524500700,21.490,21.490,21.490,21.490,3343,311624
1524500760,21.490,21.490,21.490,21.490,0,0
1524500940,21.490,21.500,21.490,21.500,0,0
1524501000,21.500,21.500,21.500,21.500,4120,314967
1524501060,21.500,21.500,21.500,21.500,0,0
1524501120,21.470,21.470,21.470,21.470,0,0
1524501180,21.470,21.480,21.470,21.480,0,0
1524501240,21.480,21.480,21.480,21.480,0,0
1524501300,21.470,21.460,21.460,21.470,5410,319087
1524501360,21.460,21.460,21.460,21.460,0,0
1524501420,21.470,21.490,21.470,21.490,0,0
1524501480,21.500,21.500,21.500,21.500,0,0
1524501540,21.510,21.510,21.510,21.510,0,0
1524501600,21.480,21.480,21.480,21.480,3752,324497
1524501660,21.480,21.480,21.480,21.480,0,0
1524501720,21.460,21.460,21.460,21.460,0,0
1524501780,21.470,21.460,21.460,21.470,0,0
1524501900,21.470,21.470,21.470,21.470,4668,328249
1524501960,21.470,21.460,21.460,21.470,0,0
1524502020,21.450,21.450,21.450,21.450,0,0
1524502080,21.450,21.450,21.450,21.450,0,0
1524502200,21.470,21.460,21.450,21.470,4301,332917
1524502260,21.460,21.460,21.460,21.460,0,0
1524502320,21.460,21.470,21.460,21.470,0,0
1524502380,21.480,21.490,21.480,21.490,0,0
1524502440,21.510,21.510,21.510,21.510,0,0
1524502500,21.480,21.480,21.480,21.480,4286,337218
1524502560,21.480,21.480,21.480,21.480,0,0
1524502680,21.510,21.510,21.510,21.510,0,0
1524502740,21.530,21.530,21.530,21.530,0,0
1524502800,21.520,21.520,21.520,21.520,1655,341504
1524502920,21.510,21.510,21.510,21.510,0,0
1524502980,21.520,21.520,21.520,21.520,0,0
1524503100,21.510,21.510,21.510,21.510,4218,343159
1524503160,21.510,21.510,21.510,21.510,0,0
1524503280,21.490,21.500,21.490,21.500,0,0
1524503340,21.500,21.500,21.500,21.500,0,0
1524503400,21.510,21.510,21.510,21.510,17308,347377
1524503460,21.500,21.500,21.500,21.500,0,0
1524503520,21.500,21.500,21.500,21.500,0,0
1524503640,21.500,21.520,21.500,21.520,0,0
1524503700,21.510,21.510,21.510,21.510,1349,364685
1524503880,21.510,21.510,21.510,21.510,0,0
1524504000,21.490,21.490,21.490,21.490,2146,366034
1524504060,21.490,21.490,21.490,21.490,0,0
1524504120,21.490,21.490,21.490,21.490,0,0
1524504180,21.510,21.510,21.510,21.510,0,0
1524504240,21.510,21.510,21.510,21.510,0,0
1524504300,21.530,21.520,21.520,21.530,4963,368180
1524504360,21.530,21.520,21.520,21.530,0,0
1524504420,21.520,21.520,21.520,21.520,0,0
1524504480,21.510,21.510,21.510,21.510,0,0
1524504540,21.510,21.510,21.510,21.510,0,0
1524504600,21.520,21.520,21.520,21.520,2448,373143
1524504660,21.520,21.520,21.520,21.520,0,0
1524504720,21.540,21.540,21.540,21.540,0,0
1524504780,21.530,21.530,21.530,21.530,0,0
1524504840,21.520,21.520,21.520,21.520,0,0
1524504900,21.510,21.510,21.510,21.510,2793,375591
1524505020,21.540,21.530,21.530,21.540,0,0
1524505140,21.520,21.520,21.520,21.520,0,0
1524505200,21.500,21.510,21.500,21.510,3440,378384
1524505260,21.510,21.510,21.510,21.510,0,0
1524505440,21.500,21.490,21.490,21.500,0,0
1524505500,21.500,21.500,21.500,21.500,3324,381824
1524505620,21.500,21.500,21.500,21.500,0,0
1524505680,21.490,21.490,21.490,21.490,0,0
1524505800,21.520,21.520,21.520,21.520,5653,385148
1524505860,21.540,21.530,21.530,21.540,0,0
1524505920,21.540,21.530,21.530,21.540,0,0
1524506040,21.550,21.550,21.550,21.550,0,0
1524506100,21.560,21.570,21.560,21.570,3256,390801
1524506160,21.560,21.570,21.560,21.570,0,0
1524506220,21.540,21.540,21.540,21.540,0,0
1524506340,21.520,21.530,21.520,21.550,0,0
1524506400,21.490,21.480,21.480,21.490,1309,394057
1524506520,21.490,21.480,21.480,21.490,0,0
1524506580,21.500,21.500,21.500,21.500,0,0
1524506700,21.480,21.470,21.470,21.480,19318,395366
1524506760,21.440,21.440,21.440,21.440,0,0
1524506820,21.440,21.440,21.440,21.440,0,0
1524506880,21.410,21.400,21.390,21.410,0,0
1524506940,21.400,21.430,21.400,21.430,0,0
1524507000,21.430,21.450,21.430,21.450,8378,414684
1524507120,21.460,21.460,21.460,21.460,0,0
1524507180,21.440,21.430,21.430,21.440,0,0
1524507240,21.440,21.440,21.440,21.440,0,0
1524507300,21.430,21.440,21.430,21.440,3498,423062
1524507360,21.440,21.440,21.440,21.440,0,0
1524507420,21.440,21.440,21.440,21.440,0,0
1524507480,21.450,21.460,21.450,21.460,0,0
1524507600,21.450,21.450,21.450,21.450,5780,426560
1524507660,21.440,21.440,21.440,21.440,0,0
1524507720,21.430,21.440,21.430,21.440,0,0
1524507780,21.450,21.440,21.440,21.450,0,0
1524507840,21.440,21.440,21.440,21.440,0,0
1524507900,21.430,21.430,21.430,21.430,3916,432340
1524507960,21.430,21.430,21.430,21.430,0,0
1524508080,21.440,21.450,21.440,21.450,0,0
1524508140,21.460,21.460,21.460,21.460,0,0
1524508200,21.450,21.450,21.450,21.450,4153,436256
1524508320,21.470,21.470,21.470,21.470,0,0
1524508380,21.480,21.470,21.470,21.480,0,0
1524508440,21.460,21.460,21.460,21.460,0,0
1524508500,21.460,21.460,21.460,21.460,5118,440409
1524508560,21.460,21.460,21.460,21.460,0,0
1524508680,21.470,21.460,21.460,21.480,0,0
1524508740,21.470,21.480,21.470,21.480,0,0
1524508800,21.500,21.500,21.500,21.500,3615,445527
1524508860,21.500,21.500,21.500,21.500,0,0
1524508920,21.510,21.510,21.510,21.510,0,0
1524508980,21.500,21.500,21.500,21.500,0,0
1524509040,21.510,21.510,21.510,21.510,0,0
1524509100,21.500,21.500,21.500,21.500,3807,449142
1524509160,21.490,21.480,21.480,21.490,0,0
1524509220,21.480,21.480,21.480,21.480,0,0
1524509340,21.480,21.480,21.480,21.480,0,0
1524509400,21.490,21.490,21.490,21.490,7441,452949
1524509460,21.480,21.480,21.480,21.480,0,0
1524509520,21.480,21.460,21.460,21.480,0,0
1524509580,21.430,21.420,21.420,21.430,0,0
1524509640,21.410,21.400,21.400,21.410,0,0
1524509700,21.390,21.400,21.390,21.400,5119,460390
1524509760,21.410,21.400,21.400,21.410,0,0
1524509820,21.410,21.410,21.410,21.410,0,0
1524509880,21.410,21.410,21.410,21.410,0,0
1524509940,21.410,21.410,21.410,21.410,0,0
1524510000,21.410,21.410,21.410,21.410,6539,465509
1524510060,21.410,21.430,21.410,21.430,0,0
1524510120,21.430,21.430,21.430,21.430,0,0
1524510180,21.440,21.450,21.440,21.450,0,0
1524510300,21.460,21.450,21.450,21.460,7511,472048
1524510360,21.440,21.430,21.430,21.440,0,0
1524510420,21.420,21.440,21.420,21.440,0,0
1524510480,21.440,21.440,21.440,21.440,0,0
1524510540,21.430,21.440,21.430,21.440,0,0
1524510600,21.430,21.430,21.430,21.430,4981,479559
1524510660,21.440,21.440,21.440,21.440,0,0
1524510720,21.430,21.440,21.430,21.440,0,0
1524510780,21.450,21.450,21.450,21.450,0,0
1524510840,21.450,21.450,21.450,21.450,0,0
1524510900,21.430,21.430,21.430,21.430,6647,484540
1524510960,21.430,21.430,21.430,21.430,0,0
1524511020,21.430,21.430,21.430,21.430,0,0
1524511080,21.440,21.430,21.430,21.440,0,0
1524511140,21.430,21.450,21.430,21.450,0,0
1524511200,21.430,21.450,21.430,21.450,10824,491187
1524511260,21.460,21.460,21.460,21.460,0,0
1524511320,21.450,21.450,21.450,21.450,0,0
1524511440,21.450,21.450,21.450,21.450,0,0
1524511500,21.450,21.460,21.450,21.460,4744,502011
1524511560,21.450,21.460,21.450,21.460,0,0
1524511620,21.460,21.460,21.460,21.460,0,0
1524511680,21.470,21.470,21.470,21.470,0,0
1524511740,21.460,21.470,21.460,21.470,0,0
1524511800,21.470,21.480,21.460,21.480,11852,506755
1524511860,21.470,21.480,21.460,21.480,0,0
1524511920,21.480,21.480,21.480,21.480,0,0
1524511980,21.490,21.490,21.490,21.490,0,0
1524512040,21.480,21.470,21.470,21.480,0,0
1524512100,21.470,21.470,21.470,21.470,9743,518607
1524512160,21.470,21.480,21.470,21.480,0,0
1524512220,21.470,21.470,21.470,21.470,0,0
1524512280,21.460,21.460,21.460,21.460,0,0
1524512340,21.440,21.440,21.440,21.440,0,0
1524512400,21.440,21.440,21.440,21.440,14303,528350
1524512460,21.440,21.440,21.440,21.440,0,0
1524512520,21.440,21.460,21.440,21.460,0,0
1524512580,21.450,21.460,21.450,21.460,0,0
1524512640,21.450,21.460,21.450,21.460,0,0
1524512700,21.460,21.470,21.460,21.470,16733,542653
1524512760,21.470,21.460,21.460,21.470,0,0
1524512820,21.460,21.470,21.460,21.470,0,0
1524512880,21.460,21.470,21.460,21.470,0,0
1524512940,21.460,21.460,21.460,21.460,0,0
1524513000,21.460,21.470,21.460,21.480,40411,559386
1524513060,21.480,21.470,21.470,21.480,0,0
1524513120,21.460,21.440,21.440,21.460,0,0
1524513180,21.440,21.450,21.440,21.450,0,0
1524513240,21.430,21.440,21.430,21.440,0,0
1524513300,21.430,21.480,21.430,21.480,131029,599797
1524513360,21.470,21.500,21.470,21.500,0,0
1524513420,21.500,21.480,21.480,21.500,0,0
1524513480,21.480,21.480,21.480,21.480,0,0
1524513540,21.480,21.440,21.440,21.480,0,0
1524576600,21.750,21.750,21.750,21.750,42232,0
1524576660,21.820,21.750,21.750,21.820,0,0
1524576720,21.710,21.710,21.710,21.710,0,0
1524576840,21.660,21.670,21.660,21.670,0,0
1524576900,21.640,21.660,21.640,21.660,2757,42232
1524577020,21.640,21.680,21.640,21.680,0,0
1524577080,21.730,21.750,21.730,21.750,0,0
1524577140,21.730,21.730,21.730,21.730,0,0
1524577200,21.780,21.770,21.770,21.790,5479,44989
1524577260,21.810,21.800,21.800,21.830,0,0
1524577320,21.800,21.790,21.790,21.840,0,0
1524577380,21.760,21.760,21.760,21.760,0,0
1524577440,21.750,21.800,21.750,21.800,0,0
1524577500,21.810,21.840,21.790,21.840,5903,50468
1524577560,21.840,21.840,21.840,21.840,0,0
1524577620,21.830,21.830,21.830,21.830,0,0
1524577680,21.820,21.860,21.820,21.860,0,0
1524577740,21.820,21.820,21.820,21.820,0,0
1524577800,21.820,21.810,21.810,21.820,6070,56371
1524577860,21.810,21.790,21.790,21.810,0,0
1524577920,21.800,21.800,21.800,21.800,0,0
1524577980,21.840,21.830,21.830,21.840,0,0
1524578040,21.840,21.800,21.800,21.840,0,0
1524578100,21.810,21.790,21.790,21.810,7399,62441
1524578220,21.840,21.840,21.840,21.840,0,0
1524578280,21.830,21.850,21.830,21.860,0,0
1524578340,21.860,21.840,21.830,21.860,0,0
1524578400,21.890,21.880,21.870,21.890,30644,69840
1524578460,21.900,21.920,21.900,21.920,0,0
1524578520,21.930,21.930,21.930,21.930,0,0
1524578580,21.980,21.980,21.980,21.980,0,0
1524578640,21.940,21.930,21.920,21.940,0,0
1524578700,21.930,21.930,21.930,21.930,6743,100484
1524578760,22.000,21.970,21.970,22.000,0,0
1524578820,21.980,21.990,21.980,21.990,0,0
1524578880,21.980,22.000,21.980,22.000,0,0
1524578940,22.000,21.970,21.970,22.000,0,0
1524579000,21.970,21.970,21.970,21.970,15218,107227
1524579060,21.960,21.980,21.960,21.980,0,0
1524579120,21.980,21.980,21.980,21.980,0,0
1524579180,21.950,21.960,21.950,21.960,0,0
1524579240,21.980,21.970,21.960,21.980,0,0
1524579300,21.970,21.960,21.960,21.970,9190,122445
1524579360,21.970,21.970,21.970,21.970,0,0
1524579420,21.980,21.960,21.960,21.980,0,0
1524579480,21.970,21.920,21.920,21.970,0,0
1524579540,21.900,21.920,21.900,21.920,0,0
1524579600,21.900,21.900,21.900,21.900,11123,131635
1524579660,21.900,21.880,21.880,21.910,0,0
1524579720,21.880,21.820,21.820,21.880,0,0
1524579780,21.810,21.840,21.810,21.840,0,0
1524579840,21.820,21.800,21.800,21.820,0,0
1524579900,21.780,21.830,21.780,21.830,15462,142758
1524579960,21.810,21.830,21.810,21.830,0,0
1524580020,21.800,21.830,21.790,21.830,0,0
1524580200,21.820,21.880,21.820,21.880,14000,158220
1524580260,21.880,21.860,21.860,21.880,0,0
1524580320,21.840,21.830,21.830,21.840,0,0
1524580380,21.830,21.810,21.800,21.830,0,0
1524580440,21.830,21.820,21.820,21.830,0,0
1524580500,21.820,21.830,21.800,21.830,29783,172220
1524580560,21.810,21.830,21.810,21.830,0,0
1524580620,21.800,21.830,21.800,21.830,0,0
1524580680,21.830,21.820,21.820,21.830,0,0
1524580740,21.810,21.810,21.810,21.810,0,0
1524580800,21.800,21.810,21.800,21.810,9060,202003
1524580860,21.810,21.830,21.810,21.840,0,0
1524580920,21.830,21.830,21.830,21.830,0,0
1524580980,21.830,21.790,21.790,21.830,0,0
1524581040,21.800,21.830,21.800,21.830,0,0
1524581100,21.830,21.830,21.830,21.830,3378,211063
1524581160,21.820,21.830,21.820,21.830,0,0
1524581220,21.840,21.850,21.840,21.850,0,0
1524581280,21.850,21.810,21.810,21.850,0,0
1524581340,21.830,21.830,21.830,21.830,0,0
1524581400,21.810,21.810,21.810,21.810,7463,214441
1524581460,21.780,21.790,21.780,21.790,0,0
1524581520,21.780,21.780,21.780,21.780,0,0
1524581580,21.790,21.790,21.790,21.790,0,0
1524581640,21.790,21.790,21.790,21.790,0,0
1524581700,21.760,21.760,21.760,21.760,5889,221904
1524581760,21.760,21.770,21.760,21.770,0,0
1524581820,21.770,21.770,21.770,21.770,0,0
1524581880,21.770,21.770,21.770,21.770,0,0
1524581940,21.780,21.770,21.770,21.780,0,0
1524582000,21.770,21.760,21.760,21.770,5057,227793
1524582060,21.770,21.760,21.760,21.770,0,0
1524582120,21.730,21.730,21.730,21.730,0,0
1524582180,21.720,21.730,21.720,21.730,0,0
1524582240,21.750,21.740,21.740,21.750,0,0
1524582300,21.730,21.730,21.730,21.730,6554,232850
1524582420,21.700,21.710,21.700,21.710,0,0
1524582480,21.720,21.710,21.710,21.720,0,0
1524582540,21.720,21.700,21.700,21.720,0,0
1524582600,21.710,21.710,21.710,21.710,8018,239404
1524582660,21.710,21.710,21.710,21.710,0,0
1524582720,21.700,21.690,21.690,21.700,0,0
1524582780,21.680,21.680,21.680,21.680,0,0
1524582840,21.690,21.680,21.680,21.690,0,0
1524582900,21.680,21.680,21.680,21.680,8032,247422
1524582960,21.680,21.680,21.680,21.680,0,0
1524583020,21.680,21.660,21.660,21.680,0,0
1524583140,21.670,21.660,21.660,21.670,0,0
1524583200,21.680,21.690,21.680,21.690,5820,255454
1524583260,21.700,21.710,21.700,21.710,0,0
1524583320,21.690,21.710,21.690,21.710,0,0
1524583380,21.740,21.740,21.740,21.740,0,0
1524583440,21.720,21.720,21.720,21.720,0,0
1524583500,21.690,21.690,21.690,21.690,4885,261274
1524583560,21.690,21.680,21.680,21.690,0,0
1524583620,21.700,21.680,21.680,21.700,0,0
1524583680,21.710,21.710,21.710,21.710,0,0
1524583800,21.700,21.700,21.700,21.700,8315,266159
1524583860,21.690,21.690,21.690,21.690,0,0
1524583920,21.690,21.680,21.680,21.690,0,0
1524583980,21.660,21.670,21.660,21.680,0,0
1524584040,21.690,21.710,21.690,21.720,0,0
1524584100,21.670,21.670,21.670,21.670,5095,274474
1524584160,21.680,21.690,21.680,21.690,0,0
1524584220,21.690,21.680,21.680,21.690,0,0
1524584280,21.680,21.670,21.670,21.680,0,0
1524584340,21.690,21.680,21.680,21.690,0,0
1524584400,21.710,21.710,21.710,21.710,7656,279569
1524584460,21.730,21.710,21.710,21.730,0,0
1524584640,21.690,21.680,21.680,21.690,0,0
1524584700,21.710,21.700,21.700,21.710,3872,287225
1524584820,21.710,21.690,21.690,21.710,0,0
1524584880,21.700,21.680,21.680,21.700,0,0
1524584940,21.660,21.680,21.660,21.680,0,0
1524585000,21.690,21.680,21.680,21.690,4448,291097
1524585060,21.660,21.660,21.660,21.660,0,0
1524585120,21.640,21.650,21.640,21.660,0,0
1524585180,21.630,21.630,21.630,21.630,0,0
1524585300,21.630,21.630,21.630,21.630,5093,295545
1524585360,21.620,21.610,21.610,21.620,0,0
1524585420,21.610,21.600,21.600,21.610,0,0
1524585480,21.600,21.610,21.600,21.610,0,0
1524585540,21.580,21.580,21.580,21.580,0,0
1524585600,21.570,21.590,21.560,21.590,4442,300638
1524585660,21.580,21.580,21.580,21.580,0,0
1524585720,21.550,21.550,21.550,21.550,0,0
1524585780,21.570,21.570,21.570,21.570,0,0
1524585840,21.560,21.560,21.560,21.560,0,0
1524585900,21.570,21.580,21.570,21.580,5695,305080
1524585960,21.580,21.580,21.580,21.580,0,0
1524586020,21.580,21.580,21.580,21.580,0,0
1524586140,21.530,21.510,21.510,21.530,0,0
1524586200,21.510,21.500,21.500,21.510,4046,310775
1524586260,21.510,21.520,21.510,21.520,0,0
1524586320,21.520,21.510,21.510,21.530,0,0
1524586380,21.530,21.530,21.530,21.530,0,0
1524586500,21.500,21.490,21.490,21.500,5475,314821
1524586560,21.490,21.460,21.460,21.490,0,0
1524586620,21.460,21.460,21.460,21.460,0,0
1524586740,21.440,21.430,21.430,21.440,0,0
1524586800,21.420,21.420,21.420,21.420,5261,320296
1524586860,21.440,21.440,21.440,21.440,0,0
1524586920,21.440,21.450,21.440,21.450,0,0
1524586980,21.460,21.470,21.460,21.470,0,0
1524587040,21.480,21.480,21.480,21.480,0,0
1524587100,21.460,21.460,21.460,21.460,8711,325557
1524587220,21.430,21.450,21.430,21.450,0,0
1524587280,21.420,21.400,21.400,21.420,0,0
1524587340,21.410,21.440,21.400,21.440,0,0
1524587400,21.410,21.410,21.410,21.410,4692,334268
1524587460,21.410,21.410,21.410,21.410,0,0
1524587520,21.410,21.420,21.410,21.420,0,0
1524587580,21.410,21.410,21.410,21.410,0,0
1524587640,21.400,21.380,21.380,21.400,0,0
1524587700,21.350,21.340,21.340,21.360,7217,338960
1524587760,21.350,21.350,21.350,21.350,0,0
1524587820,21.350,21.330,21.330,21.350,0,0
1524587880,21.350,21.360,21.350,21.360,0,0
1524587940,21.350,21.360,21.350,21.360,0,0
1524588000,21.360,21.350,21.350,21.360,5562,346177
1524588060,21.350,21.350,21.350,21.350,0,0
1524588120,21.350,21.350,21.350,21.350,0,0
1524588180,21.340,21.340,21.340,21.340,0,0
1524588240,21.340,21.350,21.340,21.350,0,0
1524588300,21.360,21.370,21.360,21.370,3438,351739
1524588360,21.360,21.370,21.360,21.370,0,0
1524588480,21.340,21.340,21.340,21.340,0,0
1524588540,21.340,21.340,21.340,21.340,0,0
1524588600,21.330,21.340,21.330,21.340,5046,355177
1524588660,21.340,21.340,21.340,21.340,0,0
1524588720,21.360,21.360,21.360,21.360,0,0
1524588840,21.350,21.360,21.350,21.360,0,0
1524588900,21.350,21.330,21.330,21.350,7725,360223
1524588960,21.310,21.300,21.300,21.310,0,0
1524589020,21.300,21.300,21.300,21.300,0,0
1524589140,21.280,21.270,21.270,21.280,0,0
1524589200,21.280,21.280,21.280,21.280,7792,367948
1524589260,21.250,21.240,21.240,21.250,0,0
1524589320,21.260,21.260,21.260,21.260,0,0
1524589380,21.260,21.280,21.260,21.280,0,0
1524589440,21.260,21.260,21.260,21.260,0,0
1524589500,21.260,21.260,21.260,21.260,6371,375740
1524589560,21.260,21.250,21.250,21.260,0,0
1524589620,21.280,21.280,21.280,21.280,0,0
1524589680,21.290,21.310,21.290,21.310,0,0
1524589740,21.300,21.310,21.300,21.310,0,0
1524589800,21.300,21.290,21.290,21.300,5012,382111
1524589860,21.280,21.280,21.280,21.280,0,0
1524589920,21.290,21.280,21.280,21.290,0,0
1524589980,21.260,21.290,21.260,21.290,0,0
1524590040,21.300,21.310,21.300,21.310,0,0
1524590100,21.280,21.300,21.280,21.300,8084,387123
1524590160,21.300,21.310,21.300,21.310,0,0
1524590280,21.320,21.310,21.310,21.330,0,0
1524590340,21.280,21.270,21.270,21.280,0,0
1524590400,21.260,21.270,21.260,21.270,2604,395207
1524590520,21.260,21.260,21.260,21.260,0,0
1524590640,21.260,21.250,21.250,21.260,0,0
1524590700,21.250,21.260,21.250,21.260,5852,397811
1524590760,21.240,21.240,21.240,21.240,0,0
1524590880,21.260,21.270,21.250,21.270,0,0
1524590940,21.260,21.280,21.260,21.280,0,0
1524591000,21.270,21.270,21.270,21.270,5416,403663
1524591060,21.290,21.290,21.290,21.290,0,0
1524591120,21.300,21.280,21.280,21.300,0,0
1524591180,21.290,21.290,21.290,21.290,0,0
1524591240,21.270,21.250,21.250,21.280,0,0
1524591300,21.270,21.270,21.270,21.270,10430,409079
1524591360,21.260,21.230,21.230,21.260,0,0
1524591420,21.230,21.230,21.230,21.230,0,0
1524591480,21.230,21.250,21.230,21.250,0,0
1524591540,21.240,21.230,21.230,21.240,0,0
1524591600,21.230,21.240,21.230,21.240,5123,419509
1524591660,21.230,21.210,21.210,21.230,0,0
1524591720,21.220,21.220,21.220,21.220,0,0
1524591780,21.230,21.240,21.230,21.240,0,0
1524591840,21.230,21.230,21.230,21.230,0,0
1524591900,21.220,21.220,21.220,21.220,5897,424632
1524591960,21.220,21.220,21.220,21.220,0,0
1524592020,21.220,21.220,21.220,21.220,0,0
1524592080,21.240,21.220,21.220,21.240,0,0
1524592140,21.220,21.230,21.220,21.230,0,0
1524592200,21.220,21.180,21.180,21.220,7647,430529
1524592260,21.160,21.170,21.160,21.180,0,0
1524592320,21.170,21.150,21.150,21.170,0,0
1524592380,21.150,21.140,21.140,21.150,0,0
1524592440,21.140,21.160,21.140,21.160,0,0
1524592500,21.140,21.150,21.140,21.150,6304,438176
1524592620,21.140,21.140,21.140,21.140,0,0
1524592680,21.140,21.130,21.130,21.140,0,0
1524592740,21.110,21.130,21.110,21.130,0,0
1524592800,21.130,21.130,21.130,21.130,4963,444480
1524592860,21.130,21.110,21.110,21.130,0,0
1524592920,21.110,21.100,21.100,21.110,0,0
1524592980,21.110,21.090,21.090,21.110,0,0
1524593040,21.110,21.080,21.080,21.110,0,0
1524593100,21.080,21.060,21.060,21.080,10599,449443
1524593220,21.080,21.100,21.080,21.100,0,0
1524593280,21.100,21.130,21.100,21.130,0,0
1524593340,21.130,21.160,21.130,21.160,0,0
1524593400,21.160,21.180,21.150,21.180,6130,460042
1524593460,21.190,21.190,21.190,21.190,0,0
1524593520,21.220,21.220,21.220,21.220,0,0
1524593580,21.220,21.220,21.220,21.220,0,0
1524593640,21.210,21.210,21.210,21.210,0,0
1524593700,21.190,21.160,21.160,21.190,8116,466172
1524593760,21.190,21.160,21.160,21.190,0,0
1524593820,21.160,21.150,21.140,21.160,0,0
1524593880,21.150,21.140,21.140,21.150,0,0
1524593940,21.150,21.160,21.140,21.160,0,0
1524594000,21.150,21.170,21.150,21.170,9907,474288
1524594060,21.170,21.180,21.170,21.180,0,0
1524594120,21.180,21.220,21.180,21.220,0,0
1524594180,21.210,21.200,21.200,21.210,0,0
1524594240,21.230,21.230,21.230,21.230,0,0
1524594300,21.220,21.220,21.220,21.220,4724,484195
1524594420,21.200,21.190,21.190,21.200,0,0
1524594480,21.160,21.150,21.150,21.160,0,0
1524594540,21.140,21.140,21.140,21.140,0,0
1524594600,21.120,21.140,21.120,21.140,6931,488919
1524594780,21.140,21.150,21.140,21.150,0,0
1524594840,21.150,21.150,21.150,21.150,0,0
1524594900,21.160,21.160,21.160,21.160,10315,495850
1524594960,21.160,21.170,21.160,21.170,0,0
1524595020,21.160,21.150,21.150,21.160,0,0
1524595080,21.140,21.150,21.140,21.150,0,0
1524595140,21.120,21.110,21.110,21.120,0,0
1524595200,21.110,21.140,21.110,21.140,8215,506165
1524595260,21.120,21.120,21.120,21.120,0,0
1524595320,21.150,21.160,21.150,21.160,0,0
1524595380,21.170,21.170,21.170,21.170,0,0
1524595440,21.180,21.190,21.180,21.190,0,0
1524595500,21.200,21.220,21.200,21.220,11457,514380
1524595560,21.210,21.210,21.210,21.210,0,0
1524595620,21.200,21.260,21.200,21.260,0,0
1524595680,21.270,21.240,21.240,21.270,0,0
1524595740,21.230,21.230,21.230,21.230,0,0
1524595800,21.240,21.240,21.240,21.240,6544,525837
1524595860,21.270,21.300,21.270,21.300,0,0
1524595920,21.280,21.290,21.280,21.290,0,0
1524595980,21.270,21.230,21.230,21.270,0,0
1524596040,21.250,21.230,21.230,21.250,0,0
1524596100,21.250,21.270,21.250,21.270,7620,532381
1524596160,21.260,21.250,21.250,21.260,0,0
1524596220,21.260,21.260,21.260,21.260,0,0
1524596280,21.250,21.270,21.250,21.270,0,0
1524596340,21.280,21.280,21.280,21.280,0,0
1524596400,21.290,21.300,21.290,21.300,8745,540001
1524596460,21.310,21.290,21.290,21.310,0,0
1524596520,21.290,21.310,21.290,21.310,0,0
1524596580,21.320,21.320,21.320,21.320,0,0
1524596640,21.330,21.340,21.330,21.340,0,0
1524596700,21.350,21.340,21.340,21.350,15628,548746
1524596760,21.360,21.390,21.360,21.390,0,0
1524596820,21.390,21.380,21.380,21.400,0,0
1524596880,21.380,21.390,21.380,21.390,0,0
1524596940,21.390,21.410,21.380,21.410,0,0
1524597000,21.410,21.400,21.400,21.420,32763,564374
1524597060,21.390,21.390,21.390,21.390,0,0
1524597120,21.390,21.460,21.390,21.460,0,0
1524597180,21.460,21.490,21.460,21.500,0,0
1524597240,21.480,21.490,21.480,21.490,0,0
1524597300,21.480,21.500,21.480,21.510,30118,597137
1524597360,21.500,21.450,21.450,21.500,0,0
1524597420,21.440,21.440,21.440,21.440,0,0
1524597480,21.450,21.450,21.450,21.450,0,0
1524597540,21.450,21.450,21.450,21.450,0,0
1524597600,21.450,21.480,21.450,21.480,18856,627255
1524597660,21.480,21.480,21.480,21.480,0,0
1524597720,21.480,21.470,21.470,21.480,0,0
1524597780,21.470,21.460,21.450,21.470,0,0
1524597840,21.460,21.480,21.460,21.480,0,0
1524597900,21.460,21.470,21.460,21.480,15932,646111
1524597960,21.460,21.460,21.460,21.460,0,0
1524598020,21.470,21.460,21.460,21.470,0,0
1524598080,21.460,21.480,21.460,21.480,0,0
1524598140,21.460,21.460,21.460,21.460,0,0
1524598200,21.460,21.460,21.460,21.460,24737,662043
1524598260,21.450,21.450,21.450,21.450,0,0
1524598320,21.450,21.470,21.450,21.480,0,0
1524598380,21.460,21.470,21.460,21.470,0,0
1524598440,21.460,21.470,21.460,21.470,0,0
1524598500,21.460,21.430,21.430,21.460,20482,686780
1524598560,21.430,21.420,21.420,21.430,0,0
1524598620,21.420,21.410,21.410,21.420,0,0
1524598680,21.410,21.400,21.400,21.410,0,0
1524598740,21.410,21.410,21.410,21.410,0,0
1524598800,21.410,21.430,21.410,21.430,24438,707262
1524598860,21.430,21.440,21.430,21.440,0,0
1524598920,21.430,21.420,21.420,21.430,0,0
1524598980,21.420,21.430,21.420,21.430,0,0
1524599040,21.430,21.430,21.430,21.430,0,0
1524599100,21.420,21.410,21.400,21.420,40457,731700
1524599160,21.410,21.410,21.410,21.410,0,0
1524599220,21.410,21.410,21.410,21.410,0,0
1524599280,21.410,21.420,21.410,21.420,0,0
1524599340,21.420,21.400,21.400,21.420,0,0
1524599400,21.390,21.410,21.390,21.420,45215,772157
1524599460,21.410,21.390,21.380,21.410,0,0
1524599520,21.390,21.400,21.390,21.410,0,0
1524599580,21.410,21.400,21.390,21.410,0,0
1524599640,21.390,21.400,21.390,21.410,0,0
1524599700,21.400,21.410,21.400,21.420,107580,817372
1524599760,21.410,21.430,21.410,21.430,0,0
1524599820,21.420,21.430,21.420,21.430,0,0
1524599880,21.440,21.450,21.440,21.450,0,0
1524599940,21.430,21.420,21.420,21.440,0,0
1524663000,21.320,21.320,21.320,21.320,28153,0
1524663060,21.320,21.320,21.320,21.320,0,0
1524663120,21.320,21.320,21.320,21.320,0,0
1524663180,21.330,21.320,21.320,21.330,0,0
1524663240,21.310,21.340,21.310,21.340,0,0
1524663300,21.270,21.270,21.270,21.270,8976,28153
1524663360,21.220,21.180,21.180,21.220,0,0
1524663420,21.200,21.160,21.160,21.200,0,0
1524663480,21.160,21.220,21.160,21.220,0,0
1524663600,21.240,21.240,21.240,21.240,7602,37129
1524663660,21.160,21.160,21.160,21.160,0,0
1524663720,21.170,21.180,21.170,21.180,0,0
1524663780,21.140,21.150,21.120,21.150,0,0
1524663840,21.140,21.140,21.140,21.140,0,0
1524663900,21.090,21.090,21.090,21.090,32328,44731
1524663960,21.090,21.160,21.090,21.160,0,0
1524664020,21.130,21.140,21.130,21.140,0,0
1524664080,21.150,21.180,21.150,21.180,0,0
1524664140,21.200,21.220,21.200,21.220,0,0
1524664200,21.270,21.270,21.270,21.270,11425,77059
1524664260,21.270,21.270,21.270,21.270,0,0
1524664380,21.280,21.230,21.230,21.280,0,0
1524664440,21.240,21.230,21.230,21.240,0,0
1524664500,21.230,21.190,21.190,21.230,18369,88484
1524664560,21.150,21.150,21.150,21.150,0,0
1524664620,21.120,21.150,21.120,21.150,0,0
1524664680,21.160,21.130,21.130,21.160,0,0
1524664740,21.140,21.120,21.120,21.150,0,0
1524664800,21.110,21.130,21.110,21.130,17633,106853
1524664860,21.160,21.150,21.150,21.160,0,0
1524664920,21.150,21.130,21.130,21.150,0,0
1524664980,21.160,21.140,21.140,21.160,0,0
1524665040,21.140,21.170,21.140,21.170,0,0
1524665100,21.200,21.240,21.200,21.240,8822,124486
1524665160,21.260,21.250,21.250,21.260,0,0
1524665220,21.250,21.300,21.240,21.300,0,0
1524665280,21.290,21.300,21.290,21.330,0,0
1524665400,21.290,21.290,21.290,21.290,15080,133308
1524665460,21.340,21.410,21.330,21.410,0,0
1524665520,21.430,21.410,21.410,21.430,0,0
1524665580,21.420,21.420,21.420,21.420,0,0
1524665640,21.420,21.420,21.420,21.420,0,0
1524665700,21.460,21.410,21.410,21.460,18508,148388
1524665820,21.460,21.500,21.460,21.500,0,0
1524665880,21.460,21.480,21.460,21.480,0,0
1524665940,21.500,21.530,21.500,21.540,0,0
1524666000,21.520,21.560,21.520,21.560,26685,166896
1524666060,21.550,21.580,21.550,21.580,0,0
1524666120,21.570,21.600,21.570,21.600,0,0
1524666180,21.610,21.600,21.600,21.610,0,0
1524666240,21.590,21.590,21.590,21.590,0,0
1524666300,21.630,21.630,21.630,21.630,15337,193581
1524666360,21.620,21.630,21.620,21.630,0,0
1524666420,21.620,21.620,21.620,21.620,0,0
1524666480,21.630,21.620,21.610,21.640,0,0
1524666540,21.630,21.640,21.630,21.640,0,0
1524666600,21.660,21.610,21.610,21.660,12304,208918
1524666660,21.580,21.560,21.560,21.580,0,0
1524666720,21.570,21.560,21.560,21.580,0,0
1524666780,21.590,21.610,21.590,21.610,0,0
1524666840,21.620,21.630,21.620,21.640,0,0
1524666900,21.640,21.670,21.640,21.670,9817,221222
1524666960,21.660,21.660,21.660,21.660,0,0
1524667020,21.660,21.650,21.650,21.660,0,0
1524667080,21.690,21.660,21.640,21.690,0,0
1524667140,21.640,21.640,21.640,21.640,0,0
1524667200,21.640,21.640,21.640,21.640,16989,231039
1524667260,21.640,21.650,21.630,21.650,0,0
1524667320,21.650,21.610,21.610,21.650,0,0
1524667380,21.620,21.650,21.620,21.650,0,0
1524667440,21.670,21.690,21.670,21.690,0,0
1524667500,21.710,21.710,21.710,21.710,13114,248028
1524667560,21.730,21.720,21.720,21.730,0,0
1524667620,21.730,21.720,21.710,21.730,0,0
1524667680,21.710,21.710,21.710,21.710,0,0
1524667740,21.710,21.710,21.710,21.710,0,0
1524667800,21.710,21.740,21.710,21.740,12574,261142
1524667860,21.740,21.740,21.740,21.740,0,0
1524667920,21.750,21.720,21.720,21.750,0,0
1524667980,21.750,21.730,21.730,21.750,0,0
1524668040,21.740,21.740,21.740,21.740,0,0
1524668100,21.760,21.730,21.730,21.760,12931,273716
1524668160,21.720,21.710,21.710,21.730,0,0
1524668220,21.710,21.700,21.700,21.710,0,0
1524668280,21.720,21.740,21.710,21.740,0,0
1524668340,21.760,21.760,21.760,21.760,0,0
1524668400,21.770,21.790,21.770,21.790,17959,286647
1524668460,21.780,21.780,21.780,21.780,0,0
1524668520,21.810,21.840,21.810,21.840,0,0
1524668580,21.830,21.820,21.820,21.830,0,0
1524668640,21.830,21.830,21.830,21.830,0,0
1524668700,21.820,21.860,21.820,21.860,13318,304606
1524668760,21.870,21.900,21.870,21.900,0,0
1524668820,21.890,21.870,21.870,21.890,0,0
1524668880,21.880,21.890,21.880,21.890,0,0
1524668940,21.880,21.860,21.860,21.880,0,0
1524669000,21.890,21.880,21.880,21.890,7554,317924
1524669060,21.910,21.900,21.900,21.910,0,0
1524669120,21.900,21.910,21.900,21.910,0,0
1524669180,21.910,21.900,21.900,21.920,0,0
1524669240,21.910,21.900,21.900,21.910,0,0
1524669300,21.890,21.890,21.890,21.890,7797,325478
1524669360,21.890,21.890,21.890,21.890,0,0
1524669420,21.860,21.860,21.860,21.860,0,0
1524669480,21.850,21.850,21.850,21.850,0,0
1524669540,21.850,21.860,21.850,21.860,0,0
1524669600,21.850,21.860,21.850,21.860,9394,333275
1524669660,21.880,21.880,21.880,21.880,0,0
1524669720,21.890,21.930,21.890,21.930,0,0
1524669780,21.930,21.930,21.930,21.930,0,0
1524669840,21.930,21.920,21.920,21.930,0,0
1524669900,21.950,21.940,21.930,21.950,8485,342669
1524669960,21.940,21.940,21.940,21.940,0,0
1524670020,21.950,21.960,21.950,21.960,0,0
1524670080,21.950,21.950,21.950,21.950,0,0
1524670140,21.960,21.950,21.950,21.960,0,0
1524670200,21.940,21.950,21.940,21.950,5961,351154
1524670260,21.960,21.960,21.960,21.960,0,0
1524670320,21.950,21.950,21.950,21.950,0,0
1524670380,21.910,21.880,21.880,21.910,0,0
1524670440,21.870,21.870,21.870,21.870,0,0
1524670500,21.850,21.850,21.850,21.850,10803,357115
1524670560,21.860,21.870,21.860,21.870,0,0
1524670620,21.870,21.870,21.870,21.870,0,0
1524670680,21.840,21.820,21.820,21.840,0,0
1524670740,21.820,21.780,21.780,21.820,0,0
1524670800,21.770,21.770,21.770,21.770,10260,367918
1524670860,21.770,21.750,21.750,21.770,0,0
1524670920,21.750,21.770,21.740,21.770,0,0
1524670980,21.750,21.730,21.730,21.760,0,0
1524671040,21.740,21.770,21.740,21.770,0,0
1524671100,21.760,21.760,21.760,21.760,5282,378178
1524671160,21.740,21.740,21.740,21.740,0,0
1524671220,21.760,21.770,21.760,21.770,0,0
1524671280,21.770,21.740,21.740,21.770,0,0
1524671340,21.730,21.730,21.730,21.730,0,0
1524671400,21.720,21.710,21.710,21.720,6032,383460
1524671460,21.700,21.710,21.700,21.720,0,0
1524671520,21.700,21.700,21.700,21.700,0,0
1524671580,21.710,21.740,21.710,21.740,0,0
1524671640,21.730,21.730,21.730,21.730,0,0
1524671700,21.780,21.750,21.750,21.780,8185,389492
1524671760,21.760,21.760,21.760,21.760,0,0
1524671880,21.760,21.760,21.760,21.760,0,0
1524671940,21.770,21.770,21.770,21.770,0,0
1524672000,21.750,21.760,21.750,21.760,4046,397677
1524672060,21.770,21.770,21.770,21.770,0,0
1524672120,21.770,21.750,21.750,21.770,0,0
1524672240,21.740,21.740,21.740,21.740,0,0
1524672300,21.720,21.710,21.710,21.720,9679,401723
1524672360,21.720,21.720,21.720,21.720,0,0
1524672480,21.700,21.730,21.700,21.730,0,0
1524672600,21.720,21.720,21.720,21.720,6200,411402
1524672660,21.730,21.740,21.730,21.740,0,0
1524672720,21.750,21.740,21.740,21.750,0,0
1524672780,21.740,21.750,21.740,21.750,0,0
1524672840,21.750,21.780,21.750,21.780,0,0
1524672900,21.790,21.800,21.790,21.800,5342,417602
1524672960,21.820,21.810,21.810,21.820,0,0
1524673020,21.800,21.800,21.800,21.800,0,0
1524673080,21.790,21.790,21.790,21.790,0,0
1524673140,21.800,21.800,21.800,21.800,0,0
1524673200,21.820,21.820,21.820,21.820,7774,422944
1524673260,21.810,21.810,21.810,21.810,0,0
1524673380,21.800,21.800,21.800,21.800,0,0
1524673440,21.800,21.810,21.800,21.810,0,0
1524673500,21.800,21.800,21.800,21.800,5880,430718
1524673560,21.820,21.820,21.820,21.820,0,0
1524673620,21.820,21.830,21.820,21.830,0,0
1524673680,21.820,21.810,21.810,21.820,0,0
1524673740,21.800,21.800,21.800,21.800,0,0
1524673800,21.800,21.810,21.800,21.810,7388,436598
1524673860,21.810,21.820,21.810,21.820,0,0
1524673920,21.820,21.830,21.820,21.830,0,0
1524673980,21.830,21.830,21.830,21.830,0,0
1524674040,21.830,21.840,21.830,21.840,0,0
1524674100,21.800,21.800,21.800,21.800,13566,443986
1524674160,21.800,21.790,21.790,21.800,0,0
1524674220,21.780,21.790,21.780,21.790,0,0
1524674280,21.780,21.770,21.770,21.780,0,0
1524674340,21.770,21.770,21.770,21.770,0,0
1524674400,21.750,21.750,21.750,21.750,8401,457552
1524674460,21.750,21.740,21.740,21.750,0,0
1524674520,21.740,21.740,21.740,21.740,0,0
1524674580,21.750,21.740,21.740,21.750,0,0
1524674640,21.730,21.740,21.730,21.740,0,0
1524674700,21.740,21.750,21.740,21.750,8259,465953
1524674760,21.750,21.760,21.750,21.760,0,0
1524674820,21.760,21.760,21.760,21.760,0,0
1524674880,21.760,21.750,21.750,21.760,0,0
1524674940,21.760,21.770,21.760,21.770,0,0
1524675000,21.780,21.790,21.770,21.790,5795,474212
1524675060,21.780,21.770,21.770,21.780,0,0
1524675120,21.770,21.770,21.770,21.770,0,0
1524675180,21.770,21.740,21.740,21.770,0,0
1524675240,21.750,21.750,21.750,21.750,0,0
1524675300,21.770,21.760,21.760,21.780,4392,480007
1524675360,21.770,21.770,21.770,21.770,0,0
1524675420,21.780,21.780,21.780,21.780,0,0
1524675480,21.770,21.780,21.770,21.780,0,0
1524675540,21.770,21.770,21.770,21.770,0,0
1524675600,21.780,21.790,21.780,21.790,2010,484399
1524675660,21.800,21.800,21.800,21.800,0,0
1524675780,21.790,21.790,21.790,21.790,0,0
1524675840,21.770,21.770,21.770,21.770,0,0
1524675900,21.770,21.770,21.770,21.770,7790,486409
1524675960,21.790,21.800,21.790,21.800,0,0
1524676020,21.810,21.820,21.810,21.820,0,0
1524676080,21.830,21.820,21.820,21.830,0,0
1524676140,21.810,21.810,21.810,21.810,0,0
1524676200,21.800,21.800,21.800,21.800,5634,494199
1524676260,21.790,21.780,21.780,21.790,0,0
1524676320,21.790,21.790,21.790,21.790,0,0
1524676380,21.790,21.790,21.790,21.790,0,0
1524676440,21.780,21.780,21.780,21.780,0,0
1524676500,21.750,21.750,21.750,21.750,9286,499833
1524676560,21.750,21.760,21.750,21.760,0,0
1524676620,21.750,21.740,21.740,21.770,0,0
1524676680,21.750,21.770,21.750,21.770,0,0
1524676740,21.760,21.760,21.760,21.760,0,0
1524676800,21.770,21.750,21.750,21.770,4451,509119
1524676860,21.770,21.750,21.750,21.770,0,0
1524676920,21.760,21.760,21.760,21.760,0,0
1524676980,21.760,21.760,21.760,21.760,0,0
1524677040,21.750,21.770,21.750,21.770,0,0
1524677100,21.770,21.780,21.770,21.780,4977,513570
1524677220,21.780,21.780,21.780,21.780,0,0
1524677340,21.780,21.790,21.780,21.790,0,0
1524677400,21.800,21.820,21.800,21.820,8369,518547
1524677520,21.810,21.810,21.810,21.810,0,0
1524677580,21.830,21.840,21.830,21.840,0,0
1524677640,21.840,21.860,21.840,21.860,0,0
1524677700,21.850,21.860,21.840,21.860,8760,526916
1524677760,21.860,21.860,21.860,21.860,0,0
1524677820,21.870,21.870,21.870,21.870,0,0
1524677880,21.870,21.860,21.860,21.870,0,0
1524677940,21.860,21.860,21.860,21.860,0,0
1524678000,21.860,21.860,21.860,21.860,7258,535676
1524678120,21.880,21.900,21.880,21.900,0,0
1524678180,21.880,21.880,21.880,21.880,0,0
1524678240,21.900,21.880,21.880,21.900,0,0
1524678300,21.870,21.860,21.860,21.870,4781,542934
1524678360,21.870,21.880,21.860,21.880,0,0
1524678420,21.870,21.870,21.870,21.870,0,0
1524678480,21.890,21.870,21.870,21.890,0,0
1524678540,21.870,21.870,21.870,21.870,0,0
1524678600,21.860,21.860,21.860,21.860,5842,547715
1524678720,21.850,21.870,21.850,21.870,0,0
1524678780,21.860,21.860,21.860,21.860,0,0
1524678840,21.860,21.850,21.850,21.860,0,0
1524678900,21.870,21.870,21.870,21.870,3554,553557
1524678960,21.850,21.850,21.850,21.850,0,0
1524679080,21.850,21.850,21.850,21.850,0,0
1524679140,21.840,21.830,21.830,21.840,0,0
1524679200,21.840,21.850,21.840,21.850,6025,557111
1524679320,21.850,21.850,21.850,21.850,0,0
1524679380,21.840,21.840,21.840,21.840,0,0
1524679440,21.830,21.860,21.830,21.860,0,0
1524679500,21.860,21.840,21.840,21.860,5868,563136
1524679560,21.840,21.830,21.830,21.840,0,0
1524679620,21.840,21.840,21.840,21.840,0,0
1524679680,21.860,21.840,21.840,21.860,0,0
1524679740,21.850,21.830,21.830,21.850,0,0
1524679800,21.840,21.820,21.820,21.840,5138,569004
1524679860,21.840,21.820,21.820,21.840,0,0
1524679920,21.820,21.810,21.810,21.820,0,0
1524679980,21.810,21.800,21.800,21.810,0,0
1524680040,21.800,21.800,21.800,21.800,0,0
1524680100,21.800,21.800,21.800,21.800,7373,574142
1524680160,21.800,21.790,21.790,21.800,0,0
1524680220,21.810,21.810,21.810,21.810,0,0
1524680280,21.830,21.800,21.800,21.830,0,0
1524680340,21.810,21.810,21.810,21.810,0,0
1524680400,21.800,21.810,21.800,21.810,5579,581515
1524680460,21.800,21.790,21.790,21.800,0,0
1524680520,21.790,21.790,21.790,21.790,0,0
1524680580,21.770,21.780,21.770,21.780,0,0
1524680640,21.760,21.770,21.760,21.770,0,0
1524680700,21.770,21.800,21.770,21.800,7992,587094
1524680760,21.800,21.790,21.790,21.800,0,0
1524680820,21.790,21.790,21.790,21.790,0,0
1524680880,21.790,21.800,21.790,21.800,0,0
1524680940,21.800,21.790,21.790,21.800,0,0
1524681000,21.780,21.780,21.780,21.780,8121,595086
1524681060,21.790,21.790,21.790,21.790,0,0
1524681120,21.810,21.790,21.790,21.810,0,0
1524681180,21.800,21.800,21.800,21.800,0,0
1524681240,21.810,21.820,21.810,21.830,0,0
1524681300,21.820,21.840,21.820,21.840,9195,603207
1524681360,21.850,21.860,21.850,21.860,0,0
1524681420,21.830,21.840,21.830,21.840,0,0
1524681480,21.830,21.840,21.830,21.840,0,0
1524681600,21.830,21.830,21.830,21.830,6212,612402
1524681660,21.840,21.850,21.840,21.850,0,0
1524681720,21.850,21.820,21.820,21.850,0,0
1524681780,21.840,21.840,21.840,21.840,0,0
1524681840,21.830,21.840,21.830,21.840,0,0
1524681900,21.840,21.840,21.840,21.840,5438,618614
1524681960,21.830,21.830,21.830,21.830,0,0
1524682020,21.840,21.840,21.840,21.840,0,0
1524682080,21.840,21.860,21.840,21.860,0,0
1524682140,21.870,21.870,21.870,21.870,0,0
1524682200,21.860,21.860,21.860,21.860,4156,624052
1524682260,21.870,21.850,21.850,21.880,0,0
1524682320,21.860,21.870,21.860,21.870,0,0
1524682500,21.860,21.850,21.850,21.870,10730,628208
1524682560,21.850,21.860,21.850,21.860,0,0
1524682620,21.860,21.860,21.860,21.860,0,0
1524682680,21.870,21.870,21.870,21.870,0,0
1524682800,21.870,21.910,21.870,21.910,13243,638938
1524682860,21.900,21.890,21.890,21.900,0,0
1524682920,21.890,21.890,21.890,21.890,0,0
1524682980,21.880,21.880,21.880,21.880,0,0
1524683040,21.880,21.860,21.860,21.880,0,0
1524683100,21.890,21.890,21.890,21.890,4952,652181
1524683160,21.900,21.890,21.890,21.900,0,0
1524683220,21.880,21.880,21.880,21.880,0,0
1524683280,21.890,21.880,21.880,21.890,0,0
1524683340,21.890,21.880,21.880,21.890,0,0
1524683400,21.880,21.880,21.880,21.880,6242,657133
1524683460,21.880,21.870,21.870,21.880,0,0
1524683520,21.880,21.880,21.880,21.880,0,0
1524683580,21.870,21.870,21.870,21.870,0,0
1524683640,21.860,21.870,21.860,21.870,0,0
1524683700,21.870,21.870,21.870,21.870,8009,663375
1524683760,21.860,21.860,21.860,21.860,0,0
1524683820,21.860,21.860,21.860,21.860,0,0
1524683880,21.840,21.840,21.840,21.840,0,0
1524683940,21.830,21.830,21.830,21.830,0,0
1524684000,21.820,21.810,21.810,21.820,13300,671384
1524684060,21.810,21.800,21.800,21.810,0,0
1524684120,21.810,21.810,21.810,21.810,0,0
1524684180,21.820,21.810,21.810,21.820,0,0
1524684240,21.800,21.800,21.800,21.800,0,0
1524684300,21.810,21.830,21.810,21.840,12742,684684
1524684420,21.830,21.820,21.820,21.830,0,0
1524684480,21.830,21.840,21.820,21.840,0,0
1524684540,21.840,21.840,21.840,21.840,0,0
1524684600,21.830,21.840,21.830,21.840,17066,697426
1524684660,21.840,21.850,21.840,21.850,0,0
1524684720,21.850,21.840,21.840,21.860,0,0
1524684780,21.840,21.830,21.820,21.840,0,0
1524684840,21.830,21.840,21.830,21.840,0,0
1524684900,21.840,21.830,21.830,21.840,14923,714492
1524684960,21.820,21.820,21.820,21.820,0,0
1524685020,21.810,21.800,21.800,21.810,0,0
1524685080,21.810,21.800,21.800,21.810,0,0
1524685140,21.800,21.770,21.770,21.800,0,0
1524685200,21.770,21.770,21.770,21.770,24344,729415
1524685260,21.770,21.750,21.750,21.770,0,0
1524685320,21.750,21.740,21.740,21.750,0,0
1524685380,21.730,21.710,21.710,21.730,0,0
1524685440,21.730,21.720,21.720,21.730,0,0
1524685500,21.720,21.730,21.710,21.730,31214,753759
1524685560,21.720,21.710,21.710,21.720,0,0
1524685620,21.720,21.730,21.720,21.730,0,0
1524685680,21.720,21.720,21.720,21.720,0,0
1524685740,21.720,21.730,21.720,21.730,0,0
1524685800,21.720,21.740,21.720,21.740,46943,784973
1524685860,21.740,21.720,21.720,21.750,0,0
1524685920,21.730,21.720,21.720,21.730,0,0
1524685980,21.730,21.700,21.700,21.730,0,0
1524686040,21.700,21.710,21.700,21.710,0,0
1524686100,21.700,21.710,21.700,21.730,81722,831916
1524686160,21.710,21.700,21.700,21.710,0,0
1524686220,21.700,21.710,21.700,21.710,0,0
1524686280,21.700,21.710,21.700,21.710,0,0
1524686340,21.720,21.730,21.720,21.740,0,0
1524749400,21.900,21.890,21.880,21.920,26212,0
1524749460,21.900,21.890,21.880,21.920,0,0
1524749520,21.870,21.930,21.870,21.930,0,0
1524749580,21.920,21.940,21.920,21.940,0,0
1524749640,21.940,21.970,21.940,21.970,0,0
1524749700,22.010,22.020,21.980,22.040,17913,26212
1524749760,21.980,21.950,21.950,21.990,0,0
1524749820,21.910,21.980,21.910,21.980,0,0
1524749880,22.000,22.000,22.000,22.000,0,0
1524749940,22.030,22.010,22.010,22.030,0,0
1524750000,22.010,21.970,21.970,22.060,12155,44125
1524750060,21.920,21.870,21.870,21.920,0,0
1524750120,21.890,21.920,21.890,21.920,0,0
1524750180,21.890,21.930,21.880,21.930,0,0
1524750240,21.970,21.960,21.950,21.970,0,0
1524750300,21.960,21.990,21.940,21.990,10520,56280
1524750360,21.930,21.920,21.900,21.930,0,0
1524750420,21.930,21.930,21.930,21.930,0,0
1524750480,21.950,21.960,21.950,21.960,0,0
1524750600,21.970,21.980,21.970,21.980,9044,66800
1524750660,21.960,21.910,21.910,21.960,0,0
1524750720,21.920,21.940,21.920,21.940,0,0
1524750780,21.940,21.960,21.940,21.960,0,0
1524750840,21.950,21.950,21.950,21.950,0,0
1524750900,21.970,21.960,21.960,21.970,8256,75844
1524750960,21.970,21.920,21.920,21.970,0,0
1524751020,21.970,21.960,21.960,21.970,0,0
1524751080,21.950,21.950,21.950,21.950,0,0
1524751140,21.990,21.990,21.990,21.990,0,0
1524751200,21.950,21.940,21.920,21.950,10614,84100
1524751260,21.940,21.960,21.940,21.960,0,0
1524751380,21.950,21.970,21.950,21.970,0,0
1524751440,21.960,21.960,21.960,21.960,0,0
1524751500,21.980,21.980,21.980,21.980,8406,94714
1524751560,21.970,21.970,21.970,21.970,0,0
1524751620,21.990,21.990,21.990,21.990,0,0
1524751680,21.990,22.000,21.990,22.000,0,0
1524751740,21.990,22.020,21.990,22.020,0,0
1524751800,22.080,22.060,22.060,22.080,21211,103120
1524751860,22.060,22.050,22.040,22.060,0,0
1524751920,22.080,22.100,22.070,22.100,0,0
1524751980,22.090,22.100,22.090,22.100,0,0
1524752040,22.110,22.080,22.080,22.110,0,0
1524752100,22.070,21.980,21.980,22.070,11570,124331
1524752160,21.980,21.970,21.970,21.980,0,0
1524752220,21.980,21.960,21.960,21.980,0,0
1524752280,21.960,21.950,21.950,21.960,0,0
1524752340,21.940,21.940,21.940,21.940,0,0
1524752400,21.930,21.910,21.910,21.940,8587,135901
1524752460,21.930,21.910,21.910,21.940,0,0
1524752520,21.910,21.910,21.910,21.910,0,0
1524752640,21.890,21.870,21.870,21.890,0,0
1524752700,21.830,21.830,21.830,21.830,6379,144488
1524752820,21.840,21.840,21.840,21.840,0,0
1524752880,21.840,21.860,21.840,21.880,0,0
1524752940,21.840,21.870,21.840,21.870,0,0
1524753000,21.870,21.880,21.870,21.880,6226,150867
1524753060,21.900,21.900,21.900,21.900,0,0
1524753120,21.890,21.880,21.880,21.890,0,0
1524753180,21.880,21.890,21.880,21.890,0,0
1524753240,21.880,21.880,21.880,21.880,0,0
1524753300,21.870,21.880,21.870,21.880,4867,157093
1524753420,21.860,21.860,21.860,21.860,0,0
1524753480,21.850,21.870,21.850,21.880,0,0
1524753540,21.860,21.860,21.860,21.860,0,0
1524753600,21.870,21.850,21.850,21.880,6804,161960
1524753660,21.860,21.860,21.860,21.860,0,0
1524753720,21.830,21.830,21.830,21.830,0,0
1524753780,21.830,21.830,21.830,21.830,0,0
1524753840,21.840,21.830,21.830,21.840,0,0
1524753900,21.820,21.830,21.820,21.830,10186,168764
1524753960,21.840,21.850,21.840,21.850,0,0
1524754020,21.860,21.860,21.860,21.860,0,0
1524754080,21.840,21.800,21.800,21.840,0,0
1524754140,21.810,21.800,21.800,21.810,0,0
1524754200,21.800,21.790,21.790,21.800,5215,178950
1524754260,21.790,21.800,21.790,21.800,0,0
1524754320,21.770,21.750,21.750,21.770,0,0
1524754380,21.740,21.720,21.720,21.740,0,0
1524754440,21.730,21.700,21.700,21.730,0,0
1524754500,21.720,21.690,21.690,21.720,9436,184165
1524754560,21.670,21.670,21.670,21.670,0,0
1524754620,21.650,21.640,21.640,21.650,0,0
1524754680,21.640,21.660,21.640,21.660,0,0
1524754740,21.650,21.640,21.640,21.650,0,0
1524754800,21.640,21.660,21.640,21.660,7853,193601
1524754860,21.630,21.640,21.630,21.640,0,0
1524754920,21.630,21.620,21.620,21.630,0,0
1524754980,21.670,21.690,21.670,21.690,0,0
1524755040,21.700,21.710,21.700,21.720,0,0
1524755100,21.710,21.690,21.680,21.720,10586,201454
1524755160,21.670,21.660,21.660,21.670,0,0
1524755220,21.670,21.660,21.660,21.670,0,0
1524755280,21.650,21.640,21.630,21.660,0,0
1524755340,21.620,21.620,21.620,21.620,0,0
1524755400,21.630,21.630,21.630,21.630,8600,212040
1524755460,21.630,21.630,21.630,21.630,0,0
1524755520,21.630,21.630,21.630,21.630,0,0
1524755580,21.610,21.580,21.580,21.610,0,0
1524755640,21.600,21.620,21.600,21.620,0,0
1524755700,21.610,21.590,21.570,21.620,10026,220640
1524755760,21.570,21.570,21.570,21.570,0,0
1524755820,21.570,21.550,21.550,21.570,0,0
1524755880,21.550,21.570,21.550,21.570,0,0
1524755940,21.570,21.590,21.570,21.590,0,0
1524756000,21.590,21.630,21.590,21.630,7283,230666
1524756060,21.630,21.640,21.630,21.640,0,0
1524756120,21.630,21.650,21.620,21.650,0,0
1524756180,21.650,21.650,21.650,21.650,0,0
1524756240,21.640,21.630,21.630,21.640,0,0
1524756300,21.650,21.660,21.650,21.660,8368,237949
1524756360,21.680,21.680,21.680,21.680,0,0
1524756420,21.670,21.670,21.670,21.670,0,0
1524756480,21.680,21.690,21.680,21.690,0,0
1524756540,21.700,21.690,21.690,21.710,0,0
1524756600,21.690,21.660,21.660,21.690,5063,246317
1524756660,21.670,21.690,21.670,21.690,0,0
1524756780,21.650,21.650,21.650,21.650,0,0
1524756840,21.610,21.590,21.590,21.610,0,0
1524756900,21.600,21.610,21.590,21.610,10141,251380
1524756960,21.580,21.600,21.580,21.600,0,0
1524757020,21.600,21.630,21.600,21.630,0,0
1524757080,21.650,21.650,21.650,21.650,0,0
1524757140,21.640,21.640,21.640,21.640,0,0
1524757200,21.630,21.630,21.630,21.630,5853,261521
1524757260,21.590,21.590,21.590,21.590,0,0
1524757320,21.600,21.610,21.600,21.610,0,0
1524757500,21.590,21.570,21.560,21.590,6179,267374
1524757620,21.540,21.530,21.530,21.540,0,0
1524757680,21.530,21.560,21.530,21.560,0,0
1524757740,21.550,21.540,21.530,21.550,0,0
1524757800,21.550,21.550,21.550,21.550,4245,273553
1524757860,21.520,21.520,21.520,21.520,0,0
1524757920,21.520,21.510,21.510,21.520,0,0
1524757980,21.510,21.510,21.510,21.510,0,0
1524758040,21.480,21.500,21.480,21.500,0,0
1524758100,21.500,21.530,21.500,21.530,5620,277798
1524758160,21.530,21.550,21.530,21.560,0,0
1524758220,21.540,21.540,21.540,21.540,0,0
1524758340,21.530,21.520,21.520,21.530,0,0
1524758400,21.540,21.550,21.540,21.550,5253,283418
1524758460,21.540,21.550,21.540,21.550,0,0
1524758520,21.560,21.580,21.560,21.590,0,0
1524758580,21.580,21.590,21.580,21.590,0,0
1524758640,21.590,21.590,21.590,21.590,0,0
1524758700,21.590,21.580,21.580,21.590,3970,288671
1524758760,21.600,21.600,21.600,21.600,0,0
1524758820,21.590,21.590,21.590,21.590,0,0
1524758880,21.590,21.590,21.590,21.590,0,0
1524758940,21.600,21.620,21.600,21.620,0,0
1524759000,21.610,21.600,21.600,21.610,6167,292641
1524759060,21.600,21.600,21.600,21.600,0,0
1524759120,21.600,21.600,21.600,21.600,0,0
1524759180,21.630,21.630,21.630,21.630,0,0
1524759240,21.620,21.610,21.600,21.620,0,0
1524759300,21.620,21.630,21.620,21.630,3421,298808
1524759360,21.650,21.650,21.650,21.650,0,0
1524759420,21.630,21.640,21.630,21.640,0,0
1524759480,21.660,21.670,21.660,21.670,0,0
1524759600,21.680,21.680,21.680,21.680,7157,302229
1524759660,21.670,21.680,21.670,21.680,0,0
1524759720,21.680,21.710,21.680,21.710,0,0
1524759840,21.690,21.690,21.690,21.690,0,0
1524759900,21.700,21.700,21.700,21.700,2117,309386
1524759960,21.700,21.700,21.700,21.700,0,0
1524760020,21.700,21.670,21.670,21.700,0,0
1524760080,21.670,21.670,21.670,21.670,0,0
1524760140,21.690,21.690,21.690,21.690,0,0
1524760200,21.690,21.690,21.690,21.690,7945,311503
1524760260,21.690,21.690,21.690,21.690,0,0
1524760320,21.690,21.690,21.690,21.690,0,0
1524760380,21.700,21.720,21.700,21.720,0,0
1524760440,21.720,21.700,21.700,21.720,0,0
1524760500,21.710,21.710,21.710,21.710,3281,319448
1524760620,21.670,21.670,21.670,21.670,0,0
1524760680,21.670,21.680,21.670,21.680,0,0
1524760740,21.680,21.660,21.660,21.680,0,0
1524760800,21.680,21.690,21.680,21.690,5127,322729
1524760920,21.690,21.680,21.680,21.690,0,0
1524761040,21.670,21.690,21.670,21.690,0,0
1524761100,21.690,21.690,21.690,21.690,5540,327856
1524761160,21.700,21.700,21.700,21.700,0,0
1524761220,21.700,21.680,21.680,21.700,0,0
1524761280,21.670,21.670,21.670,21.670,0,0
1524761340,21.680,21.680,21.680,21.680,0,0
1524761400,21.690,21.690,21.690,21.690,3798,333396
1524761520,21.690,21.690,21.690,21.690,0,0
1524761640,21.690,21.700,21.690,21.700,0,0
1524761700,21.720,21.730,21.720,21.730,5067,337194
1524761760,21.720,21.730,21.720,21.730,0,0
1524761820,21.730,21.740,21.730,21.740,0,0
1524761880,21.750,21.720,21.720,21.750,0,0
1524761940,21.730,21.730,21.730,21.730,0,0
1524762000,21.730,21.730,21.730,21.730,4362,342261
1524762060,21.730,21.730,21.730,21.730,0,0
1524762120,21.730,21.730,21.730,21.730,0,0
1524762180,21.730,21.720,21.720,21.730,0,0
1524762240,21.730,21.730,21.730,21.730,0,0
1524762300,21.720,21.700,21.700,21.720,5700,346623
1524762360,21.710,21.700,21.700,21.710,0,0
1524762420,21.700,21.700,21.700,21.700,0,0
1524762480,21.700,21.700,21.700,21.700,0,0
1524762540,21.700,21.700,21.700,21.700,0,0
1524762600,21.700,21.700,21.700,21.700,5257,352323
1524762660,21.700,21.700,21.700,21.700,0,0
1524762720,21.720,21.720,21.720,21.720,0,0
1524762780,21.740,21.740,21.740,21.740,0,0
1524762840,21.710,21.700,21.700,21.710,0,0
1524762900,21.690,21.690,21.690,21.690,4208,357580
1524762960,21.690,21.690,21.690,21.690,0,0
1524763020,21.680,21.680,21.680,21.680,0,0
1524763140,21.680,21.690,21.680,21.690,0,0
1524763200,21.680,21.680,21.680,21.680,5955,361788
1524763260,21.670,21.670,21.670,21.670,0,0
1524763380,21.670,21.680,21.660,21.680,0,0
1524763440,21.680,21.690,21.670,21.690,0,0
1524763500,21.710,21.710,21.710,21.710,4368,367743
1524763560,21.710,21.710,21.710,21.710,0,0
1524763680,21.710,21.720,21.710,21.720,0,0
1524763740,21.710,21.690,21.690,21.710,0,0
1524763800,21.690,21.690,21.690,21.690,2655,372111
1524763860,21.690,21.690,21.690,21.690,0,0
1524763920,21.670,21.670,21.670,21.670,0,0
1524763980,21.670,21.670,21.670,21.670,0,0
1524764040,21.680,21.670,21.670,21.680,0,0
1524764100,21.680,21.710,21.680,21.710,3159,374766
1524764160,21.710,21.710,21.710,21.710,0,0
1524764220,21.720,21.700,21.700,21.720,0,0
1524764280,21.690,21.680,21.680,21.690,0,0
1524764400,21.710,21.720,21.710,21.730,4344,377925
1524764460,21.700,21.700,21.700,21.700,0,0
1524764520,21.700,21.700,21.700,21.700,0,0
1524764580,21.730,21.730,21.730,21.730,0,0
1524764640,21.720,21.720,21.720,21.720,0,0
1524764700,21.750,21.750,21.750,21.750,8302,382269
1524764760,21.740,21.750,21.740,21.750,0,0
1524764820,21.740,21.730,21.730,21.740,0,0
1524764880,21.750,21.750,21.750,21.750,0,0
1524764940,21.750,21.740,21.740,21.750,0,0
1524765000,21.750,21.750,21.750,21.750,3567,390571
1524765060,21.750,21.750,21.750,21.750,0,0
1524765120,21.750,21.750,21.750,21.750,0,0
1524765180,21.750,21.750,21.750,21.750,0,0
1524765240,21.740,21.740,21.740,21.740,0,0
1524765300,21.740,21.730,21.730,21.740,5502,394138
1524765360,21.730,21.760,21.730,21.760,0,0
1524765480,21.760,21.750,21.750,21.760,0,0
1524765540,21.780,21.790,21.780,21.790,0,0
1524765600,21.780,21.770,21.770,21.780,2727,399640
1524765660,21.790,21.780,21.780,21.790,0,0
1524765720,21.780,21.780,21.780,21.780,0,0
1524765780,21.780,21.770,21.770,21.780,0,0
1524765900,21.780,21.780,21.780,21.780,7063,402367
1524765960,21.770,21.770,21.770,21.770,0,0
1524766020,21.770,21.780,21.770,21.780,0,0
1524766080,21.770,21.770,21.770,21.770,0,0
1524766140,21.770,21.780,21.770,21.780,0,0
1524766200,21.780,21.780,21.780,21.780,8347,409430
1524766260,21.770,21.800,21.770,21.800,0,0
1524766320,21.800,21.790,21.790,21.800,0,0
1524766380,21.790,21.810,21.790,21.810,0,0
1524766440,21.800,21.800,21.800,21.800,0,0
1524766500,21.790,21.780,21.780,21.800,7440,417777
1524766560,21.790,21.790,21.790,21.790,0,0
1524766620,21.790,21.800,21.790,21.800,0,0
1524766680,21.800,21.790,21.790,21.800,0,0
1524766740,21.790,21.800,21.790,21.800,0,0
1524766800,21.790,21.790,21.790,21.790,4728,425217
1524766860,21.790,21.790,21.790,21.790,0,0
1524766920,21.780,21.780,21.780,21.780,0,0
1524766980,21.790,21.790,21.790,21.790,0,0
1524767040,21.800,21.800,21.800,21.800,0,0
1524767100,21.800,21.770,21.770,21.800,19464,429945
1524767160,21.760,21.740,21.740,21.760,0,0
1524767220,21.750,21.760,21.750,21.760,0,0
1524767280,21.760,21.790,21.760,21.800,0,0
1524767340,21.780,21.780,21.780,21.780,0,0
1524767400,21.780,21.780,21.780,21.780,5297,449409
1524767460,21.780,21.780,21.780,21.780,0,0
1524767520,21.780,21.790,21.780,21.790,0,0
1524767580,21.780,21.790,21.770,21.790,0,0
1524767640,21.790,21.790,21.790,21.790,0,0
1524767700,21.800,21.800,21.800,21.800,7497,454706
1524767760,21.780,21.770,21.770,21.780,0,0
1524767820,21.770,21.770,21.770,21.770,0,0
1524767880,21.770,21.770,21.770,21.770,0,0
1524767940,21.770,21.790,21.770,21.790,0,0
1524768000,21.780,21.790,21.780,21.790,4768,462203
1524768060,21.800,21.790,21.790,21.800,0,0
1524768180,21.800,21.810,21.800,21.810,0,0
1524768300,21.820,21.820,21.820,21.820,8874,466971
1524768360,21.820,21.820,21.820,21.820,0,0
1524768420,21.830,21.840,21.830,21.840,0,0
1524768480,21.840,21.840,21.840,21.840,0,0
1524768540,21.830,21.830,21.830,21.830,0,0
1524768600,21.830,21.840,21.830,21.840,11490,475845
1524768660,21.830,21.840,21.830,21.840,0,0
1524768720,21.830,21.840,21.830,21.840,0,0
1524768780,21.840,21.840,21.840,21.840,0,0
1524768840,21.850,21.840,21.840,21.860,0,0
1524768900,21.850,21.860,21.850,21.860,9982,487335
1524768960,21.860,21.840,21.840,21.860,0,0
1524769020,21.850,21.850,21.850,21.850,0,0
1524769080,21.850,21.840,21.840,21.850,0,0
1524769140,21.860,21.850,21.850,21.860,0,0
1524769200,21.850,21.860,21.850,21.860,4702,497317
1524769260,21.860,21.860,21.860,21.860,0,0
1524769320,21.850,21.860,21.850,21.860,0,0
1524769380,21.860,21.860,21.860,21.860,0,0
1524769440,21.860,21.860,21.860,21.860,0,0
1524769500,21.860,21.850,21.850,21.860,10543,502019
1524769560,21.840,21.840,21.840,21.840,0,0
1524769620,21.840,21.820,21.820,21.840,0,0
1524769680,21.830,21.820,21.820,21.830,0,0
1524769740,21.820,21.820,21.820,21.820,0,0
1524769800,21.820,21.820,21.820,21.820,10241,512562
1524769860,21.830,21.840,21.830,21.840,0,0
1524769920,21.840,21.830,21.830,21.840,0,0
1524769980,21.840,21.840,21.840,21.840,0,0
1524770040,21.840,21.850,21.830,21.850,0,0
1524770100,21.850,21.850,21.850,21.850,10264,522803
1524770160,21.860,21.850,21.850,21.860,0,0
1524770220,21.840,21.840,21.840,21.840,0,0
1524770280,21.830,21.830,21.830,21.830,0,0
1524770340,21.830,21.820,21.810,21.830,0,0
1524770400,21.810,21.800,21.800,21.810,18214,533067
1524770460,21.790,21.800,21.790,21.800,0,0
1524770520,21.800,21.790,21.790,21.800,0,0
1524770580,21.800,21.800,21.800,21.800,0,0
1524770640,21.800,21.800,21.800,21.800,0,0
1524770700,21.800,21.810,21.800,21.810,9153,551281
1524770760,21.800,21.800,21.800,21.800,0,0
1524770820,21.800,21.790,21.780,21.800,0,0
1524770880,21.790,21.770,21.770,21.790,0,0
1524770940,21.770,21.780,21.770,21.780,0,0
1524771000,21.770,21.770,21.770,21.770,21549,560434
1524771060,21.770,21.770,21.770,21.770,0,0
1524771120,21.770,21.760,21.760,21.770,0,0
1524771180,21.760,21.790,21.750,21.790,0,0
1524771240,21.790,21.800,21.790,21.800,0,0
1524771300,21.810,21.800,21.800,21.810,12145,581983
1524771360,21.800,21.800,21.800,21.800,0,0
1524771420,21.800,21.800,21.800,21.800,0,0
1524771480,21.800,21.790,21.790,21.800,0,0
1524771540,21.800,21.780,21.780,21.800,0,0
1524771600,21.780,21.750,21.750,21.780,26080,594128
1524771660,21.770,21.770,21.770,21.770,0,0
1524771720,21.770,21.760,21.760,21.770,0,0
1524771780,21.770,21.790,21.770,21.790,0,0
1524771840,21.790,21.790,21.790,21.790,0,0
1524771900,21.800,21.810,21.800,21.810,32928,620208
1524771960,21.810,21.830,21.800,21.830,0,0
1524772020,21.830,21.830,21.830,21.830,0,0
1524772080,21.820,21.810,21.810,21.830,0,0
1524772140,21.810,21.820,21.810,21.820,0,0
1524772200,21.810,21.800,21.800,21.810,28380,653136
1524772260,21.820,21.830,21.820,21.830,0,0
1524772320,21.820,21.820,21.820,21.820,0,0
1524772380,21.820,21.820,21.820,21.820,0,0
1524772440,21.820,21.810,21.810,21.820,0,0
1524772500,21.820,21.800,21.800,21.820,411908,681516
1524772560,21.800,21.830,21.800,21.830,0,0
1524772620,21.820,21.830,21.820,21.830,0,0
1524772680,21.820,21.800,21.800,21.820,0,0
1524772740,21.800,21.790,21.790,21.800,0,0
1524835800,21.770,21.770,21.770,21.770,22801,0
1524835860,21.820,21.750,21.750,21.820,0,0
1524835920,21.780,21.780,21.780,21.780,0,0
1524835980,21.750,21.750,21.750,21.750,0,0
1524836040,21.750,21.840,21.750,21.840,0,0
1524836100,21.820,21.800,21.800,21.820,4682,22801
1524836160,21.740,21.730,21.730,21.740,0,0
1524836220,21.660,21.650,21.650,21.670,0,0
1524836280,21.630,21.660,21.600,21.660,0,0
1524836400,21.510,21.550,21.510,21.550,9550,27483
1524836460,21.490,21.510,21.490,21.510,0,0
1524836520,21.570,21.570,21.570,21.570,0,0
1524836640,21.620,21.680,21.620,21.680,0,0
1524836700,21.680,21.630,21.630,21.710,9750,37033
1524836760,21.630,21.630,21.630,21.630,0,0
1524836820,21.570,21.560,21.560,21.570,0,0
1524836880,21.520,21.530,21.520,21.530,0,0
1524836940,21.530,21.500,21.500,21.530,0,0
1524837000,21.500,21.490,21.490,21.500,11875,46783
1524837060,21.490,21.520,21.490,21.520,0,0
1524837120,21.540,21.510,21.510,21.540,0,0
1524837180,21.500,21.500,21.500,21.500,0,0
1524837240,21.520,21.490,21.480,21.520,0,0
1524837300,21.570,21.570,21.570,21.570,4587,58658
1524837360,21.590,21.590,21.590,21.590,0,0
1524837420,21.600,21.570,21.570,21.600,0,0
1524837480,21.590,21.610,21.580,21.610,0,0
1524837540,21.610,21.610,21.610,21.610,0,0
1524837600,21.590,21.580,21.580,21.590,9444,63245
1524837660,21.540,21.540,21.540,21.540,0,0
1524837720,21.550,21.580,21.550,21.580,0,0
1524837780,21.560,21.540,21.540,21.560,0,0
1524837840,21.520,21.510,21.510,21.520,0,0
1524837900,21.490,21.480,21.480,21.490,13119,72689
1524837960,21.470,21.430,21.430,21.480,0,0
1524838020,21.430,21.430,21.430,21.430,0,0
1524838080,21.420,21.440,21.420,21.440,0,0
1524838140,21.430,21.400,21.400,21.430,0,0
1524838200,21.390,21.390,21.390,21.390,15245,85808
1524838260,21.360,21.330,21.330,21.360,0,0
1524838320,21.310,21.330,21.300,21.330,0,0
1524838380,21.330,21.350,21.330,21.360,0,0
1524838440,21.340,21.380,21.340,21.390,0,0
1524838500,21.360,21.370,21.360,21.370,6237,101053
1524838560,21.420,21.380,21.380,21.420,0,0
1524838680,21.350,21.370,21.350,21.370,0,0
1524838740,21.370,21.370,21.370,21.370,0,0
1524838800,21.380,21.390,21.380,21.390,13453,107290
1524838860,21.400,21.430,21.400,21.430,0,0
1524838920,21.410,21.390,21.390,21.410,0,0
1524838980,21.390,21.390,21.390,21.390,0,0
1524839040,21.380,21.350,21.350,21.380,0,0
1524839100,21.330,21.310,21.310,21.330,8846,120743
1524839160,21.330,21.320,21.320,21.340,0,0
1524839220,21.330,21.330,21.330,21.330,0,0
1524839280,21.330,21.320,21.320,21.330,0,0
1524839400,21.290,21.270,21.270,21.290,22179,129589
1524839460,21.240,21.180,21.180,21.240,0,0
1524839520,21.190,21.160,21.160,21.190,0,0
1524839580,21.170,21.170,21.170,21.170,0,0
1524839640,21.170,21.180,21.170,21.180,0,0
1524839700,21.170,21.180,21.170,21.180,29229,151768
1524839760,21.180,21.170,21.170,21.180,0,0
1524839820,21.180,21.190,21.170,21.190,0,0
1524839880,21.210,21.180,21.180,21.210,0,0
1524839940,21.180,21.150,21.150,21.180,0,0
1524840000,21.120,21.100,21.100,21.120,15218,180997
1524840060,21.110,21.090,21.090,21.110,0,0
1524840120,21.090,21.120,21.090,21.120,0,0
1524840180,21.090,21.120,21.090,21.120,0,0
1524840240,21.150,21.100,21.100,21.150,0,0
1524840300,21.090,21.090,21.090,21.090,5374,196215
1524840360,21.120,21.130,21.120,21.130,0,0
1524840420,21.140,21.160,21.140,21.160,0,0
1524840480,21.140,21.140,21.140,21.140,0,0
1524840540,21.140,21.140,21.140,21.140,0,0
1524840600,21.120,21.120,21.120,21.120,11112,201589
1524840720,21.110,21.090,21.090,21.110,0,0
1524840780,21.040,21.040,21.040,21.040,0,0
1524840840,21.050,21.040,21.040,21.050,0,0
1524840900,21.040,21.010,21.000,21.040,20732,212701
1524840960,21.010,21.050,21.010,21.050,0,0
1524841020,21.120,21.110,21.110,21.120,0,0
1524841080,21.100,21.100,21.100,21.100,0,0
1524841200,21.140,21.140,21.140,21.140,8009,233433
1524841260,21.150,21.140,21.140,21.150,0,0
1524841320,21.170,21.180,21.170,21.180,0,0
1524841380,21.170,21.150,21.150,21.170,0,0
1524841500,21.120,21.120,21.120,21.120,8768,241442
1524841560,21.090,21.090,21.090,21.090,0,0
1524841620,21.100,21.100,21.100,21.100,0,0
1524841680,21.110,21.110,21.110,21.110,0,0
1524841740,21.130,21.150,21.130,21.150,0,0
1524841800,21.170,21.190,21.170,21.190,6715,250210
1524841860,21.200,21.200,21.200,21.200,0,0
1524841920,21.200,21.180,21.180,21.200,0,0
1524841980,21.180,21.190,21.180,21.190,0,0
1524842040,21.190,21.190,21.190,21.190,0,0
1524842100,21.200,21.200,21.200,21.200,9255,256925
1524842160,21.210,21.180,21.180,21.210,0,0
1524842220,21.180,21.160,21.160,21.180,0,0
1524842340,21.160,21.160,21.160,21.160,0,0
1524842400,21.160,21.160,21.160,21.160,11299,266180
1524842460,21.160,21.160,21.160,21.160,0,0
1524842520,21.160,21.190,21.160,21.190,0,0
1524842580,21.200,21.220,21.200,21.230,0,0
1524842640,21.220,21.220,21.220,21.220,0,0
1524842700,21.210,21.200,21.200,21.210,4231,277479
1524842820,21.210,21.210,21.210,21.210,0,0
1524842880,21.220,21.230,21.220,21.230,0,0
1524843000,21.250,21.260,21.250,21.260,7616,281710
1524843060,21.250,21.230,21.230,21.250,0,0
1524843120,21.220,21.230,21.220,21.230,0,0
1524843180,21.240,21.240,21.240,21.240,0,0
1524843240,21.190,21.180,21.180,21.190,0,0
1524843300,21.170,21.150,21.150,21.170,8853,289326
1524843360,21.170,21.160,21.160,21.170,0,0
1524843420,21.160,21.150,21.150,21.160,0,0
1524843480,21.140,21.140,21.140,21.140,0,0
1524843540,21.150,21.160,21.150,21.160,0,0
1524843600,21.150,21.150,21.150,21.150,13144,298179
1524843660,21.130,21.130,21.130,21.130,0,0
1524843720,21.110,21.120,21.110,21.120,0,0
1524843780,21.100,21.110,21.100,21.110,0,0
1524843840,21.100,21.110,21.090,21.110,0,0
1524843900,21.120,21.120,21.120,21.120,6571,311323
1524844020,21.100,21.080,21.080,21.100,0,0
1524844080,21.070,21.080,21.070,21.080,0,0
1524844140,21.060,21.060,21.060,21.060,0,0
1524844200,21.070,21.090,21.070,21.090,3486,317894
1524844260,21.090,21.090,21.090,21.090,0,0
1524844320,21.100,21.100,21.100,21.100,0,0
1524844380,21.080,21.080,21.080,21.080,0,0
1524844440,21.060,21.060,21.060,21.060,0,0
1524844500,21.060,21.030,21.030,21.060,11133,321380
1524844560,21.040,21.050,21.040,21.050,0,0
1524844620,21.050,21.070,21.050,21.070,0,0
1524844680,21.070,21.090,21.070,21.090,0,0
1524844740,21.070,21.060,21.060,21.070,0,0
1524844800,21.060,21.060,21.060,21.060,4332,332513
1524844860,21.060,21.060,21.060,21.060,0,0
1524844920,21.080,21.090,21.080,21.090,0,0
1524844980,21.090,21.090,21.090,21.090,0,0
1524845100,21.090,21.090,21.090,21.090,3020,336845
1524845220,21.080,21.080,21.080,21.080,0,0
1524845400,21.090,21.100,21.090,21.100,2044,339865
1524845520,21.100,21.080,21.080,21.100,0,0
1524845640,21.080,21.080,21.080,21.080,0,0
1524845700,21.080,21.080,21.080,21.080,11083,341909
1524845760,21.090,21.090,21.090,21.090,0,0
1524845820,21.080,21.070,21.070,21.080,0,0
1524845880,21.080,21.070,21.070,21.080,0,0
1524845940,21.090,21.110,21.090,21.110,0,0
1524846000,21.110,21.110,21.110,21.110,4816,352992
1524846060,21.100,21.100,21.100,21.100,0,0
1524846120,21.110,21.100,21.100,21.110,0,0
1524846180,21.110,21.110,21.110,21.110,0,0
1524846300,21.140,21.150,21.140,21.150,7267,357808
1524846360,21.160,21.160,21.160,21.160,0,0
1524846420,21.160,21.160,21.160,21.160,0,0
1524846540,21.140,21.140,21.140,21.140,0,0
1524846600,21.160,21.170,21.160,21.170,7344,365075
1524846660,21.160,21.130,21.130,21.160,0,0
1524846720,21.140,21.140,21.140,21.140,0,0
1524846780,21.140,21.130,21.130,21.140,0,0
1524846840,21.110,21.110,21.110,21.110,0,0
1524846900,21.110,21.110,21.110,21.110,10961,372419
1524846960,21.110,21.110,21.110,21.110,0,0
1524847020,21.120,21.160,21.120,21.160,0,0
1524847080,21.190,21.230,21.190,21.230,0,0
1524847140,21.250,21.250,21.250,21.250,0,0
1524847200,21.300,21.280,21.280,21.310,10443,383380
1524847260,21.290,21.310,21.290,21.310,0,0
1524847320,21.320,21.310,21.310,21.320,0,0
1524847380,21.310,21.310,21.310,21.310,0,0
1524847440,21.310,21.310,21.310,21.310,0,0
1524847500,21.290,21.310,21.290,21.310,7329,393823
1524847560,21.320,21.340,21.320,21.340,0,0
1524847620,21.320,21.330,21.320,21.330,0,0
1524847680,21.300,21.310,21.300,21.310,0,0
1524847740,21.320,21.310,21.310,21.320,0,0
1524847800,21.320,21.320,21.320,21.320,5054,401152
1524847860,21.320,21.320,21.320,21.320,0,0
1524847920,21.290,21.290,21.290,21.290,0,0
1524847980,21.290,21.290,21.290,21.290,0,0
1524848040,21.270,21.280,21.270,21.280,0,0
1524848100,21.310,21.320,21.310,21.320,6313,406206
1524848160,21.310,21.310,21.310,21.310,0,0
1524848220,21.310,21.310,21.310,21.310,0,0
1524848340,21.330,21.350,21.330,21.350,0,0
1524848400,21.330,21.340,21.320,21.340,5425,412519
1524848460,21.340,21.340,21.340,21.340,0,0
1524848520,21.330,21.330,21.330,21.330,0,0
1524848580,21.330,21.310,21.310,21.330,0,0
1524848640,21.310,21.310,21.310,21.310,0,0
1524848700,21.330,21.330,21.330,21.330,3187,417944
1524848820,21.290,21.290,21.290,21.290,0,0
1524848880,21.300,21.300,21.300,21.300,0,0
1524848940,21.300,21.280,21.280,21.300,0,0
1524849000,21.260,21.270,21.260,21.270,10193,421131
1524849060,21.270,21.290,21.270,21.290,0,0
1524849180,21.280,21.260,21.260,21.280,0,0
1524849240,21.290,21.290,21.290,21.290,0,0
1524849300,21.300,21.300,21.300,21.300,4962,431324
1524849420,21.300,21.300,21.300,21.300,0,0
1524849480,21.280,21.290,21.280,21.290,0,0
1524849540,21.290,21.320,21.290,21.320,0,0
1524849600,21.320,21.320,21.320,21.320,5512,436286
1524849660,21.320,21.310,21.310,21.320,0,0
1524849720,21.310,21.310,21.310,21.310,0,0
1524849780,21.290,21.280,21.280,21.290,0,0
1524849840,21.310,21.310,21.310,21.310,0,0
1524849900,21.300,21.300,21.300,21.300,8732,441798
1524849960,21.310,21.310,21.310,21.310,0,0
1524850020,21.290,21.270,21.270,21.290,0,0
1524850080,21.280,21.290,21.280,21.290,0,0
1524850140,21.280,21.260,21.260,21.280,0,0
1524850200,21.260,21.260,21.260,21.260,8280,450530
1524850260,21.250,21.260,21.250,21.260,0,0
1524850320,21.250,21.240,21.240,21.250,0,0
1524850380,21.240,21.240,21.240,21.240,0,0
1524850440,21.240,21.260,21.240,21.260,0,0
1524850500,21.270,21.260,21.260,21.270,10047,458810
1524850560,21.260,21.260,21.260,21.260,0,0
1524850620,21.270,21.260,21.260,21.270,0,0
1524850680,21.270,21.260,21.260,21.270,0,0
1524850740,21.270,21.270,21.270,21.270,0,0
1524850800,21.290,21.290,21.290,21.290,9452,468857
1524850920,21.300,21.290,21.290,21.300,0,0
1524850980,21.290,21.260,21.260,21.290,0,0
1524851040,21.250,21.230,21.230,21.250,0,0
1524851100,21.230,21.230,21.230,21.230,6520,478309
1524851160,21.230,21.230,21.230,21.230,0,0
1524851220,21.230,21.230,21.230,21.230,0,0
1524851340,21.250,21.240,21.240,21.250,0,0
1524851400,21.250,21.260,21.250,21.260,8234,484829
1524851460,21.250,21.260,21.250,21.280,0,0
1524851580,21.270,21.260,21.260,21.270,0,0
1524851640,21.250,21.260,21.250,21.260,0,0
1524851700,21.260,21.240,21.240,21.260,7977,493063
1524851820,21.230,21.230,21.230,21.230,0,0
1524851880,21.240,21.240,21.240,21.240,0,0
1524851940,21.240,21.240,21.240,21.240,0,0
1524852000,21.230,21.230,21.230,21.230,8723,501040
1524852060,21.230,21.220,21.220,21.230,0,0
1524852120,21.220,21.220,21.220,21.220,0,0
1524852180,21.210,21.220,21.210,21.220,0,0
1524852240,21.230,21.240,21.230,21.240,0,0
1524852300,21.240,21.260,21.240,21.260,10475,509763
1524852360,21.270,21.270,21.270,21.270,0,0
1524852420,21.270,21.260,21.260,21.270,0,0
1524852480,21.250,21.240,21.240,21.250,0,0
1524852540,21.260,21.240,21.240,21.260,0,0
1524852600,21.240,21.220,21.220,21.240,7820,520238
1524852660,21.230,21.230,21.230,21.230,0,0
1524852720,21.220,21.230,21.220,21.230,0,0
1524852780,21.240,21.250,21.240,21.250,0,0
1524852840,21.260,21.270,21.260,21.270,0,0
1524852900,21.260,21.260,21.260,21.260,6458,528058
1524852960,21.270,21.250,21.250,21.270,0,0
1524853020,21.250,21.250,21.250,21.250,0,0
1524853080,21.250,21.250,21.250,21.250,0,0
1524853140,21.240,21.230,21.230,21.240,0,0
1524853200,21.210,21.240,21.210,21.240,14071,534516
1524853260,21.230,21.240,21.230,21.240,0,0
1524853320,21.230,21.230,21.230,21.230,0,0
1524853380,21.230,21.210,21.210,21.230,0,0
1524853440,21.210,21.210,21.210,21.210,0,0
1524853500,21.200,21.200,21.200,21.200,20816,548587
1524853560,21.190,21.200,21.190,21.200,0,0
1524853620,21.190,21.200,21.190,21.200,0,0
1524853680,21.180,21.170,21.170,21.180,0,0
1524853740,21.170,21.160,21.160,21.170,0,0
1524853800,21.160,21.160,21.160,21.160,12645,569403
1524853860,21.160,21.180,21.160,21.180,0,0
1524853920,21.180,21.210,21.180,21.210,0,0
1524853980,21.210,21.230,21.210,21.230,0,0
1524854040,21.220,21.210,21.210,21.220,0,0
1524854100,21.210,21.230,21.210,21.230,18319,582048
1524854160,21.240,21.230,21.230,21.240,0,0
1524854220,21.230,21.230,21.230,21.230,0,0
1524854280,21.250,21.250,21.250,21.250,0,0
1524854340,21.240,21.230,21.230,21.240,0,0
1524854400,21.230,21.230,21.230,21.230,11620,600367
1524854460,21.230,21.230,21.230,21.230,0,0
1524854580,21.200,21.220,21.200,21.230,0,0
1524854640,21.220,21.220,21.220,21.220,0,0
1524854700,21.230,21.230,21.230,21.230,10082,611987
1524854760,21.240,21.230,21.230,21.240,0,0
1524854820,21.230,21.250,21.230,21.250,0,0
1524854880,21.250,21.260,21.250,21.260,0,0
1524854940,21.270,21.270,21.270,21.270,0,0
1524855000,21.260,21.260,21.260,21.260,12158,622069
1524855060,21.260,21.260,21.260,21.260,0,0
1524855120,21.250,21.240,21.240,21.250,0,0
1524855180,21.240,21.230,21.230,21.240,0,0
1524855240,21.240,21.250,21.240,21.250,0,0
1524855300,21.240,21.230,21.230,21.240,14101,634227
1524855420,21.240,21.230,21.230,21.240,0,0
1524855480,21.250,21.240,21.240,21.250,0,0
1524855540,21.240,21.250,21.240,21.250,0,0
1524855600,21.240,21.240,21.240,21.240,14152,648328
1524855660,21.230,21.230,21.230,21.230,0,0
1524855720,21.230,21.250,21.230,21.250,0,0
1524855780,21.260,21.250,21.250,21.260,0,0
1524855840,21.260,21.250,21.250,21.260,0,0
1524855900,21.270,21.260,21.250,21.270,16729,662480
1524855960,21.260,21.260,21.260,21.260,0,0
1524856020,21.250,21.230,21.230,21.250,0,0
1524856080,21.230,21.210,21.210,21.230,0,0
1524856140,21.210,21.200,21.200,21.210,0,0
1524856200,21.190,21.180,21.180,21.190,23722,679209
1524856260,21.180,21.160,21.160,21.180,0,0
1524856320,21.150,21.120,21.120,21.150,0,0
1524856380,21.120,21.110,21.110,21.120,0,0
1524856440,21.120,21.110,21.100,21.120,0,0
1524856500,21.110,21.120,21.110,21.120,35969,702931
1524856560,21.120,21.120,21.120,21.120,0,0
1524856620,21.110,21.090,21.090,21.110,0,0
1524856680,21.100,21.110,21.090,21.110,0,0
1524856740,21.110,21.180,21.110,21.180,0,0
1524856800,21.160,21.150,21.130,21.160,22918,738900
1524856860,21.160,21.160,21.160,21.160,0,0
1524856920,21.150,21.140,21.140,21.150,0,0
1524856980,21.140,21.130,21.130,21.140,0,0
1524857040,21.130,21.140,21.130,21.140,0,0
1524857100,21.140,21.150,21.140,21.150,22204,761818
1524857160,21.140,21.120,21.120,21.140,0,0
1524857220,21.120,21.110,21.110,21.120,0,0
1524857280,21.110,21.130,21.110,21.130,0,0
1524857340,21.120,21.130,21.120,21.140,0,0
1524857400,21.120,21.140,21.120,21.140,28171,784022
1524857460,21.120,21.140,21.120,21.140,0,0
1524857520,21.130,21.130,21.130,21.130,0,0
1524857580,21.140,21.160,21.140,21.160,0,0
1524857640,21.150,21.180,21.140,21.180,0,0
1524857700,21.180,21.180,21.180,21.180,25244,812193
1524857760,21.170,21.180,21.170,21.180,0,0
1524857820,21.180,21.210,21.180,21.220,0,0
1524857880,21.210,21.200,21.200,21.210,0,0
1524857940,21.200,21.200,21.200,21.200,0,0
1524858000,21.200,21.190,21.190,21.200,34730,837437
1524858060,21.190,21.200,21.190,21.200,0,0
1524858120,21.200,21.180,21.180,21.200,0,0
1524858180,21.180,21.160,21.160,21.180,0,0
1524858240,21.160,21.180,21.160,21.180,0,0
1524858300,21.190,21.230,21.190,21.230,64183,872167
1524858360,21.240,21.230,21.230,21.240,0,0
1524858420,21.230,21.220,21.220,21.230,0,0
1524858480,21.210,21.200,21.200,21.210,0,0
1524858540,21.200,21.170,21.170,21.200,0,0
1524858600,21.170,21.160,21.160,21.170,114490,936350
1524858660,21.160,21.140,21.140,21.160,0,0
1524858720,21.160,21.180,21.160,21.180,0,0
1524858780,21.180,21.160,21.160,21.180,0,0
1524858840,21.160,21.200,21.160,21.200,0,0
1524858900,21.200,21.180,21.180,21.200,310108,1050840
1524858960,21.170,21.160,21.160,21.180,0,0
1524859020,21.150,21.140,21.140,21.150,0,0
1524859080,21.150,21.160,21.150,21.170,0,0
1524859140,21.150,21.160,21.120,21.160,0,0
1525095000,21.390,21.390,21.390,21.390,43280,0
1525095060,21.310,21.250,21.250,21.310,0,0
1525095120,21.270,21.250,21.250,21.270,0,0
1525095180,21.310,21.310,21.310,21.310,0,0
1525095240,21.330,21.350,21.330,21.400,0,0
1525095300,21.370,21.370,21.370,21.370,6598,43280
1525095360,21.340,21.390,21.340,21.390,0,0
1525095420,21.410,21.410,21.410,21.410,0,0
1525095480,21.430,21.470,21.430,21.490,0,0
1525095540,21.440,21.480,21.440,21.480,0,0
1525095600,21.550,21.580,21.550,21.580,8779,49878
1525095660,21.530,21.480,21.480,21.530,0,0
1525095720,21.440,21.350,21.350,21.440,0,0
1525095780,21.420,21.420,21.420,21.420,0,0
1525095900,21.460,21.460,21.460,21.460,9069,58657
1525095960,21.450,21.460,21.450,21.480,0,0
1525096020,21.430,21.420,21.410,21.430,0,0
1525096080,21.400,21.390,21.390,21.400,0,0
1525096140,21.410,21.390,21.390,21.410,0,0
1525096200,21.420,21.460,21.420,21.460,10448,67726
1525096260,21.470,21.450,21.450,21.470,0,0
1525096320,21.440,21.420,21.420,21.440,0,0
1525096380,21.450,21.450,21.450,21.450,0,0
1525096440,21.430,21.480,21.430,21.480,0,0
1525096500,21.460,21.470,21.460,21.480,9637,78174
1525096560,21.480,21.470,21.470,21.480,0,0
1525096620,21.420,21.420,21.420,21.420,0,0
1525096680,21.390,21.390,21.390,21.390,0,0
1525096740,21.400,21.400,21.400,21.400,0,0
1525096800,21.400,21.360,21.360,21.400,9556,87811
1525096860,21.380,21.390,21.380,21.400,0,0
1525096920,21.430,21.420,21.420,21.440,0,0
1525096980,21.410,21.450,21.410,21.450,0,0
1525097040,21.430,21.410,21.410,21.430,0,0
1525097100,21.410,21.410,21.410,21.410,9603,97367
1525097160,21.390,21.380,21.380,21.390,0,0
1525097220,21.380,21.430,21.380,21.430,0,0
1525097340,21.440,21.430,21.430,21.440,0,0
1525097400,21.440,21.430,21.430,21.440,6644,106970
1525097460,21.410,21.420,21.410,21.420,0,0
1525097520,21.480,21.480,21.480,21.480,0,0
1525097580,21.480,21.480,21.480,21.480,0,0
1525097640,21.470,21.390,21.390,21.470,0,0
1525097700,21.400,21.400,21.400,21.400,12003,113614
1525097760,21.380,21.370,21.370,21.380,0,0
1525097820,21.380,21.380,21.380,21.380,0,0
1525097880,21.380,21.380,21.380,21.380,0,0
1525097940,21.340,21.400,21.340,21.400,0,0
1525098000,21.360,21.370,21.360,21.370,9760,125617
1525098120,21.370,21.360,21.360,21.380,0,0
1525098180,21.370,21.370,21.370,21.370,0,0
1525098240,21.370,21.360,21.360,21.370,0,0
1525098300,21.350,21.360,21.340,21.360,9193,135377
1525098360,21.370,21.390,21.370,21.390,0,0
1525098420,21.400,21.390,21.390,21.400,0,0
1525098480,21.400,21.410,21.400,21.410,0,0
1525098540,21.410,21.430,21.410,21.430,0,0
1525098600,21.420,21.390,21.370,21.420,4855,144570
1525098660,21.410,21.410,21.410,21.410,0,0
1525098780,21.420,21.420,21.420,21.420,0,0
1525098840,21.430,21.430,21.430,21.430,0,0
1525098900,21.410,21.400,21.400,21.410,5830,149425
1525098960,21.380,21.380,21.380,21.380,0,0
1525099080,21.340,21.340,21.340,21.340,0,0
1525099140,21.340,21.360,21.340,21.360,0,0
1525099200,21.350,21.360,21.350,21.360,7128,155255
1525099380,21.340,21.340,21.340,21.340,0,0
1525099440,21.330,21.300,21.300,21.330,0,0
1525099500,21.300,21.290,21.270,21.300,6991,162383
1525099560,21.280,21.280,21.280,21.280,0,0
1525099620,21.260,21.260,21.260,21.260,0,0
1525099680,21.270,21.270,21.270,21.270,0,0
1525099740,21.290,21.270,21.270,21.290,0,0
1525099800,21.270,21.260,21.260,21.270,35726,169374
1525099860,21.220,21.220,21.220,21.220,0,0
1525099920,21.230,21.200,21.200,21.230,0,0
1525099980,21.140,21.150,21.140,21.150,0,0
1525100040,21.140,21.160,21.140,21.160,0,0
1525100100,21.150,21.130,21.130,21.150,16505,205100
1525100160,21.120,21.120,21.120,21.120,0,0
1525100220,21.140,21.150,21.140,21.150,0,0
1525100280,21.140,21.140,21.140,21.140,0,0
1525100340,21.130,21.150,21.130,21.170,0,0
1525100400,21.150,21.150,21.150,21.150,6942,221605
1525100460,21.150,21.160,21.150,21.160,0,0
1525100520,21.190,21.190,21.190,21.190,0,0
1525100580,21.170,21.170,21.170,21.170,0,0
1525100640,21.200,21.200,21.200,21.200,0,0
1525100700,21.210,21.210,21.210,21.210,9953,228547
1525100760,21.210,21.210,21.210,21.210,0,0
1525100820,21.220,21.190,21.190,21.230,0,0
1525100880,21.210,21.220,21.210,21.220,0,0
1525100940,21.230,21.240,21.230,21.240,0,0
1525101000,21.230,21.240,21.220,21.240,6949,238500
1525101060,21.240,21.240,21.240,21.240,0,0
1525101120,21.230,21.230,21.230,21.230,0,0
1525101180,21.240,21.230,21.230,21.240,0,0
1525101240,21.200,21.220,21.200,21.220,0,0
1525101300,21.220,21.240,21.220,21.240,6301,245449
1525101360,21.230,21.220,21.200,21.230,0,0
1525101420,21.230,21.210,21.210,21.230,0,0
1525101480,21.220,21.210,21.210,21.220,0,0
1525101540,21.180,21.180,21.180,21.180,0,0
1525101600,21.190,21.200,21.190,21.200,24312,251750
1525101660,21.210,21.210,21.210,21.210,0,0
1525101780,21.200,21.180,21.180,21.210,0,0
1525101840,21.180,21.190,21.180,21.190,0,0
1525101900,21.170,21.180,21.170,21.180,10139,276062
1525101960,21.170,21.170,21.170,21.170,0,0
1525102020,21.170,21.170,21.170,21.170,0,0
1525102080,21.190,21.220,21.190,21.220,0,0
1525102140,21.170,21.190,21.170,21.190,0,0
1525102200,21.160,21.170,21.160,21.170,12351,286201
1525102260,21.160,21.160,21.160,21.160,0,0
1525102320,21.140,21.140,21.140,21.140,0,0
1525102380,21.120,21.120,21.120,21.120,0,0
1525102440,21.130,21.150,21.130,21.150,0,0
1525102500,21.140,21.150,21.140,21.150,5903,298552
1525102560,21.160,21.140,21.140,21.160,0,0
1525102620,21.130,21.150,21.130,21.150,0,0
1525102680,21.140,21.150,21.140,21.150,0,0
1525102740,21.140,21.140,21.140,21.140,0,0
1525102800,21.120,21.110,21.110,21.120,6347,304455
1525102860,21.120,21.140,21.120,21.140,0,0
1525102920,21.120,21.120,21.120,21.120,0,0
1525102980,21.140,21.160,21.140,21.160,0,0
1525103040,21.160,21.170,21.160,21.170,0,0
1525103100,21.170,21.180,21.170,21.180,6964,310802
1525103160,21.180,21.150,21.150,21.180,0,0
1525103220,21.130,21.130,21.130,21.130,0,0
1525103280,21.140,21.140,21.140,21.140,0,0
1525103340,21.130,21.130,21.130,21.130,0,0
1525103400,21.150,21.130,21.130,21.160,9692,317766
1525103520,21.150,21.160,21.150,21.160,0,0
1525103580,21.130,21.130,21.130,21.130,0,0
1525103640,21.120,21.130,21.120,21.130,0,0
1525103700,21.120,21.140,21.120,21.140,11529,327458
1525103760,21.140,21.140,21.140,21.140,0,0
1525103880,21.150,21.140,21.140,21.150,0,0
1525103940,21.160,21.160,21.160,21.160,0,0
1525104000,21.160,21.160,21.160,21.160,6307,338987
1525104120,21.140,21.130,21.130,21.140,0,0
1525104180,21.140,21.150,21.140,21.150,0,0
1525104240,21.130,21.130,21.130,21.130,0,0
1525104300,21.140,21.140,21.140,21.140,6411,345294
1525104360,21.150,21.140,21.140,21.160,0,0
1525104420,21.160,21.160,21.160,21.160,0,0
1525104480,21.130,21.130,21.130,21.130,0,0
1525104540,21.140,21.140,21.140,21.140,0,0
1525104600,21.130,21.140,21.130,21.140,3191,351705
1525104720,21.130,21.130,21.130,21.130,0,0
1525104780,21.130,21.140,21.130,21.140,0,0
1525104900,21.130,21.110,21.110,21.130,9082,354896
1525104960,21.120,21.120,21.120,21.120,0,0
1525105020,21.100,21.080,21.080,21.100,0,0
1525105080,21.080,21.080,21.080,21.080,0,0
1525105140,21.100,21.090,21.090,21.100,0,0
1525105200,21.110,21.110,21.110,21.110,2097,363978
1525105320,21.120,21.120,21.120,21.120,0,0
1525105500,21.120,21.120,21.120,21.120,2953,366075
1525105560,21.120,21.120,21.120,21.120,0,0
1525105620,21.110,21.130,21.110,21.130,0,0
1525105680,21.120,21.120,21.120,21.120,0,0
1525105800,21.110,21.110,21.110,21.110,7340,369028
1525105860,21.100,21.090,21.090,21.100,0,0
1525105920,21.100,21.100,21.100,21.100,0,0
1525105980,21.100,21.110,21.100,21.110,0,0
1525106040,21.110,21.130,21.110,21.130,0,0
1525106100,21.140,21.160,21.140,21.160,11224,376368
1525106160,21.150,21.150,21.150,21.150,0,0
1525106220,21.150,21.150,21.150,21.150,0,0
1525106280,21.140,21.140,21.140,21.140,0,0
1525106340,21.150,21.150,21.150,21.150,0,0
1525106400,21.160,21.160,21.160,21.160,6485,387592
1525106460,21.140,21.140,21.140,21.140,0,0
1525106520,21.160,21.170,21.160,21.180,0,0
1525106580,21.170,21.160,21.140,21.170,0,0
1525106640,21.160,21.160,21.160,21.160,0,0
1525106700,21.160,21.170,21.160,21.170,5551,394077
1525106820,21.140,21.150,21.130,21.150,0,0
1525106880,21.140,21.140,21.140,21.140,0,0
1525106940,21.170,21.150,21.150,21.170,0,0
1525107000,21.140,21.160,21.140,21.160,2817,399628
1525107060,21.140,21.160,21.140,21.160,0,0
1525107120,21.160,21.160,21.160,21.160,0,0
1525107240,21.170,21.180,21.170,21.180,0,0
1525107300,21.160,21.170,21.160,21.170,5510,402445
1525107360,21.180,21.170,21.170,21.180,0,0
1525107420,21.190,21.200,21.190,21.200,0,0
1525107480,21.180,21.170,21.170,21.180,0,0
1525107540,21.180,21.180,21.180,21.180,0,0
1525107600,21.200,21.210,21.190,21.210,3817,407955
1525107660,21.200,21.200,21.200,21.200,0,0
1525107720,21.200,21.190,21.190,21.200,0,0
1525107780,21.190,21.190,21.190,21.190,0,0
1525107900,21.200,21.180,21.180,21.200,4456,411772
1525107960,21.200,21.180,21.180,21.200,0,0
1525108020,21.160,21.150,21.150,21.160,0,0
1525108200,21.150,21.150,21.150,21.150,4286,416228
1525108260,21.170,21.170,21.170,21.170,0,0
1525108320,21.160,21.160,21.160,21.160,0,0
1525108380,21.140,21.140,21.140,21.140,0,0
1525108500,21.160,21.160,21.160,21.160,3557,420514
1525108560,21.160,21.160,21.160,21.160,0,0
1525108620,21.170,21.160,21.160,21.170,0,0
1525108680,21.180,21.180,21.180,21.180,0,0
1525108800,21.140,21.140,21.140,21.140,5640,424071
1525108860,21.140,21.150,21.140,21.150,0,0
1525108920,21.150,21.130,21.130,21.150,0,0
1525108980,21.140,21.140,21.140,21.140,0,0
1525109100,21.130,21.140,21.130,21.140,3989,429711
1525109280,21.120,21.110,21.110,21.120,0,0
1525109400,21.120,21.120,21.120,21.120,3887,433700
1525109520,21.140,21.140,21.140,21.140,0,0
1525109580,21.120,21.110,21.110,21.120,0,0
1525109640,21.120,21.120,21.120,21.120,0,0
1525109700,21.110,21.110,21.110,21.110,3945,437587
1525109760,21.120,21.130,21.120,21.130,0,0
1525109820,21.130,21.120,21.120,21.130,0,0
1525109880,21.120,21.120,21.120,21.120,0,0
1525109940,21.120,21.110,21.110,21.120,0,0
1525110000,21.130,21.130,21.130,21.130,2871,441532
1525110060,21.120,21.120,21.120,21.120,0,0
1525110120,21.120,21.120,21.120,21.120,0,0
1525110180,21.120,21.120,21.120,21.120,0,0
1525110240,21.120,21.120,21.120,21.120,0,0
1525110300,21.110,21.110,21.110,21.110,4529,444403
1525110360,21.130,21.110,21.110,21.130,0,0
1525110420,21.100,21.100,21.100,21.100,0,0
1525110540,21.100,21.090,21.090,21.100,0,0
1525110600,21.110,21.100,21.100,21.110,4426,448932
1525110660,21.110,21.100,21.100,21.110,0,0
1525110720,21.100,21.120,21.100,21.120,0,0
1525110780,21.130,21.120,21.120,21.130,0,0
1525110840,21.110,21.110,21.110,21.110,0,0
1525110900,21.110,21.110,21.110,21.110,3252,453358
1525110960,21.110,21.110,21.110,21.110,0,0
1525111020,21.110,21.110,21.110,21.110,0,0
1525111140,21.120,21.120,21.120,21.120,0,0
1525111200,21.120,21.090,21.090,21.120,6962,456610
1525111260,21.090,21.090,21.090,21.090,0,0
1525111320,21.090,21.080,21.080,21.090,0,0
1525111440,21.060,21.050,21.050,21.060,0,0
1525111500,21.060,21.060,21.060,21.060,5973,463572
1525111560,21.060,21.050,21.050,21.060,0,0
1525111620,21.050,21.040,21.040,21.050,0,0
1525111680,21.030,21.020,21.020,21.030,0,0
1525111740,21.010,21.020,21.010,21.020,0,0
1525111800,21.010,21.010,21.010,21.010,12585,469545
1525111860,20.990,21.000,20.980,21.000,0,0
1525111920,21.000,20.980,20.980,21.000,0,0
1525111980,20.990,20.990,20.990,20.990,0,0
1525112040,20.970,20.970,20.970,20.970,0,0
1525112100,20.980,21.010,20.980,21.020,4705,482130
1525112160,20.990,20.990,20.990,20.990,0,0
1525112220,21.000,20.980,20.980,21.000,0,0
1525112280,20.990,21.010,20.990,21.010,0,0
1525112340,21.030,21.030,21.030,21.030,0,0
1525112400,21.020,21.030,21.020,21.030,4793,486835
1525112460,21.030,21.030,21.030,21.030,0,0
1525112520,21.030,21.040,21.030,21.040,0,0
1525112580,21.020,21.020,21.020,21.020,0,0
1525112640,21.010,21.010,21.010,21.010,0,0
1525112700,21.010,21.010,21.010,21.010,11726,491628
1525112760,21.010,21.010,21.010,21.010,0,0
1525112820,21.020,21.010,21.010,21.020,0,0
1525112880,21.020,21.020,21.020,21.020,0,0
1525112940,21.040,21.050,21.040,21.050,0,0
1525113000,21.030,21.050,21.030,21.050,16603,503354
1525113060,21.050,21.040,21.040,21.050,0,0
1525113120,21.040,21.030,21.030,21.040,0,0
1525113180,21.040,21.020,21.020,21.040,0,0
1525113240,21.020,21.040,21.020,21.040,0,0
1525113300,21.030,21.040,21.030,21.040,6470,519957
1525113360,21.020,21.020,21.020,21.020,0,0
1525113420,21.020,21.030,21.020,21.030,0,0
1525113480,21.040,21.050,21.040,21.050,0,0
1525113540,21.040,21.030,21.030,21.040,0,0
1525113600,21.030,21.040,21.030,21.040,8500,526427
1525113660,21.040,21.050,21.040,21.050,0,0
1525113720,21.040,21.040,21.040,21.040,0,0
1525113780,21.050,21.030,21.030,21.050,0,0
1525113840,21.040,21.040,21.040,21.040,0,0
1525113900,21.040,21.040,21.040,21.040,5494,534927
1525113960,21.030,21.010,21.010,21.030,0,0
1525114020,21.000,21.000,21.000,21.000,0,0
1525114080,21.010,21.010,21.010,21.010,0,0
1525114140,21.010,21.010,21.010,21.010,0,0
1525114200,21.020,21.020,21.020,21.020,14180,540421
1525114260,21.010,21.040,21.010,21.040,0,0
1525114320,21.040,21.030,21.030,21.040,0,0
1525114380,21.020,21.010,21.010,21.020,0,0
1525114440,21.010,21.020,21.010,21.020,0,0
1525114500,21.030,21.020,21.020,21.040,6731,554601
1525114560,21.030,21.020,21.020,21.030,0,0
1525114620,21.020,21.000,21.000,21.020,0,0
1525114740,21.000,21.000,21.000,21.000,0,0
1525114800,21.010,21.010,21.010,21.010,7178,561332
1525114860,21.000,21.020,21.000,21.020,0,0
1525114920,21.010,21.000,21.000,21.010,0,0
1525114980,20.990,21.000,20.990,21.000,0,0
1525115040,21.020,21.000,21.000,21.020,0,0
1525115100,21.000,21.000,21.000,21.000,4781,568510
1525115160,21.000,21.000,21.000,21.000,0,0
1525115220,21.000,20.980,20.980,21.000,0,0
1525115280,20.980,20.980,20.980,20.980,0,0
1525115400,21.000,21.010,21.000,21.010,15135,573291
1525115460,21.010,21.000,21.000,21.010,0,0
1525115520,21.010,21.020,21.010,21.020,0,0
1525115580,21.030,21.040,21.030,21.040,0,0
1525115640,21.040,21.030,21.020,21.050,0,0
1525115700,21.050,21.040,21.040,21.060,11811,588426
1525115760,21.050,21.030,21.030,21.060,0,0
1525115820,21.030,21.040,21.030,21.040,0,0
1525115880,21.020,21.020,21.020,21.020,0,0
1525115940,21.020,21.030,21.020,21.030,0,0
1525116000,21.030,21.040,21.030,21.040,17685,600237
1525116060,21.040,21.020,21.020,21.040,0,0
1525116120,21.020,21.010,21.010,21.020,0,0
1525116180,21.020,21.010,21.010,21.020,0,0
1525116240,21.010,21.010,21.010,21.010,0,0
1525116300,21.000,21.000,21.000,21.000,9675,617922
1525116360,21.000,20.990,20.990,21.000,0,0
1525116420,20.990,21.000,20.990,21.000,0,0
1525116480,21.010,21.020,21.010,21.020,0,0
1525116540,21.020,21.050,21.020,21.050,0,0
1525116600,21.050,21.040,21.040,21.050,13410,627597
1525116660,21.040,21.030,21.030,21.040,0,0
1525116720,21.020,21.030,21.020,21.030,0,0
1525116780,21.020,21.030,21.020,21.030,0,0
1525116840,21.030,21.020,21.020,21.030,0,0
1525116900,21.020,21.020,21.020,21.020,21240,641007
1525116960,21.010,21.000,21.000,21.020,0,0
1525117020,21.000,21.000,21.000,21.000,0,0
1525117080,21.000,21.020,21.000,21.020,0,0
1525117140,21.030,21.050,21.030,21.050,0,0
1525117200,21.050,21.040,21.030,21.050,24163,662247
1525117260,21.040,21.050,21.040,21.050,0,0
1525117320,21.040,21.040,21.040,21.040,0,0
1525117380,21.040,21.060,21.040,21.060,0,0
1525117440,21.060,21.050,21.050,21.060,0,0
1525117500,21.040,21.030,21.030,21.040,46178,686410
1525117560,21.020,21.020,21.020,21.020,0,0
1525117620,21.020,21.020,21.020,21.020,0,0
1525117680,21.030,21.050,21.030,21.050,0,0
1525117740,21.060,21.090,21.060,21.090,0,0
1525117800,21.070,21.090,21.060,21.090,37367,732588
1525117860,21.100,21.080,21.080,21.100,0,0
1525117920,21.090,21.070,21.070,21.090,0,0
1525117980,21.070,21.060,21.060,21.070,0,0
1525118040,21.070,21.090,21.070,21.090,0,0
1525118100,21.100,21.090,21.090,21.100,271217,769955
1525118160,21.090,21.080,21.070,21.090,0,0
1525118220,21.080,21.090,21.080,21.100,0,0
1525118280,21.080,21.060,21.060,21.080,0,0
1525118340,21.070,21.010,21.010,21.070,0,0
