1522675800,66.620,66.620,66.620,66.620,12023,0
1522675980,66.670,66.540,66.540,66.670,0,0
1522676040,66.510,66.510,66.510,66.510,0,0
1522676100,66.550,66.550,66.550,66.550,1911,12023
1522676340,66.640,66.610,66.610,66.640,0,0
1522676400,66.560,66.560,66.560,66.560,2942,13934
1522676460,66.520,66.520,66.520,66.520,0,0
1522676520,66.560,66.540,66.540,66.560,0,0
1522676580,66.560,66.600,66.560,66.600,0,0
1522676640,66.740,66.710,66.710,66.740,0,0
1522676700,66.660,66.660,66.660,66.660,2389,16876
1522676760,66.600,66.540,66.540,66.600,0,0
1522676820,66.540,66.540,66.540,66.540,0,0
1522676880,66.510,66.510,66.510,66.510,0,0
1522677000,66.440,66.430,66.430,66.440,2377,19265
1522677060,66.440,66.430,66.430,66.440,0,0
1522677180,66.480,66.440,66.410,66.480,0,0
1522677240,66.430,66.430,66.430,66.430,0,0
1522677300,66.420,66.420,66.420,66.420,1452,21642
1522677360,66.520,66.520,66.520,66.520,0,0
1522677420,66.520,66.570,66.520,66.570,0,0
1522677480,66.570,66.570,66.570,66.570,0,0
1522677600,66.560,66.590,66.560,66.590,3756,23094
1522677660,66.540,66.540,66.540,66.540,0,0
1522677720,66.470,66.410,66.410,66.500,0,0
1522677780,66.380,66.380,66.380,66.380,0,0
1522677840,66.420,66.420,66.420,66.420,0,0
1522677900,66.420,66.420,66.420,66.420,2800,26850
1522678020,66.420,66.420,66.420,66.420,0,0
1522678080,66.400,66.420,66.400,66.440,0,0
1522678140,66.450,66.450,66.450,66.450,0,0
1522678200,66.500,66.500,66.500,66.500,1624,29650
1522678260,66.500,66.500,66.500,66.500,0,0
1522678320,66.500,66.410,66.410,66.500,0,0
1522678380,66.400,66.400,66.400,66.400,0,0
1522678500,66.460,66.460,66.460,66.460,1480,31274
1522678560,66.460,66.460,66.460,66.460,0,0
1522678680,66.470,66.470,66.470,66.470,0,0
1522678740,66.530,66.540,66.530,66.540,0,0
1522678800,66.540,66.540,66.540,66.540,5187,32754
1522678860,66.480,66.470,66.470,66.480,0,0
1522678920,66.530,66.520,66.520,66.530,0,0
1522678980,66.540,66.590,66.540,66.590,0,0
1522679040,66.580,66.550,66.550,66.580,0,0
1522679100,66.550,66.550,66.550,66.550,2140,37941
1522679160,66.580,66.580,66.580,66.580,0,0
1522679280,66.550,66.550,66.550,66.550,0,0
1522679340,66.500,66.420,66.420,66.500,0,0
1522679400,66.450,66.450,66.450,66.450,2588,40081
1522679460,66.480,66.460,66.460,66.480,0,0
1522679640,66.450,66.440,66.440,66.470,0,0
1522679700,66.450,66.430,66.370,66.450,3038,42669
1522679760,66.450,66.450,66.450,66.450,0,0
1522679820,66.430,66.430,66.430,66.430,0,0
1522679880,66.430,66.480,66.430,66.480,0,0
1522680000,66.470,66.470,66.470,66.470,1838,45707
1522680060,66.440,66.440,66.440,66.440,0,0
1522680120,66.470,66.470,66.470,66.470,0,0
1522680240,66.470,66.470,66.470,66.470,0,0
1522680300,66.450,66.450,66.450,66.450,1322,47545
1522680360,66.380,66.380,66.380,66.380,0,0
1522680420,66.380,66.430,66.380,66.430,0,0
1522680600,66.420,66.450,66.420,66.450,1455,48867
1522680720,66.370,66.370,66.370,66.370,0,0
1522680780,66.390,66.390,66.390,66.390,0,0
1522680840,66.390,66.390,66.390,66.390,0,0
1522680900,66.390,66.370,66.370,66.390,3189,50322
1522680960,66.380,66.370,66.370,66.380,0,0
1522681020,66.340,66.340,66.340,66.340,0,0
1522681080,66.380,66.380,66.380,66.380,0,0
1522681140,66.340,66.340,66.340,66.340,0,0
1522681200,66.200,66.200,66.200,66.200,2019,53511
1522681260,66.250,66.190,66.190,66.250,0,0
1522681320,66.240,66.170,66.170,66.240,0,0
1522681380,66.170,66.170,66.170,66.170,0,0
1522681440,66.170,66.160,66.160,66.170,0,0
1522681500,66.150,66.130,66.130,66.150,3073,55530
1522681560,66.080,66.080,66.080,66.080,0,0
1522681620,66.070,65.990,65.990,66.070,0,0
1522681680,66.040,66.110,66.040,66.110,0,0
1522681740,66.070,66.040,66.040,66.090,0,0
1522681800,66.040,66.060,66.040,66.060,4336,58603
1522681860,66.060,66.060,66.060,66.060,0,0
1522681920,66.040,66.040,66.040,66.040,0,0
1522681980,66.010,66.070,66.010,66.070,0,0
1522682040,66.060,66.080,66.060,66.110,0,0
1522682100,66.060,66.060,66.060,66.060,3489,62939
1522682160,66.060,66.110,66.060,66.110,0,0
1522682220,66.130,66.110,66.110,66.130,0,0
1522682280,66.090,66.080,66.080,66.090,0,0
1522682340,66.070,66.090,66.070,66.090,0,0
1522682400,66.100,66.110,66.100,66.120,3934,66428
1522682460,66.100,66.110,66.100,66.120,0,0
1522682520,66.140,66.120,66.120,66.140,0,0
1522682580,66.120,66.150,66.120,66.150,0,0
1522682640,66.170,66.180,66.170,66.180,0,0
1522682700,66.170,66.140,66.140,66.170,4673,70362
1522682760,66.150,66.150,66.150,66.150,0,0
1522682820,66.140,66.130,66.130,66.140,0,0
1522682880,66.170,66.220,66.170,66.220,0,0
1522682940,66.210,66.240,66.210,66.240,0,0
1522683000,66.230,66.210,66.210,66.230,2924,75035
1522683120,66.180,66.210,66.180,66.210,0,0
1522683180,66.190,66.190,66.190,66.190,0,0
1522683240,66.190,66.190,66.190,66.190,0,0
1522683300,66.180,66.160,66.160,66.180,7025,77959
1522683360,66.120,66.050,66.050,66.120,0,0
1522683420,66.060,66.040,65.990,66.060,0,0
1522683480,66.030,66.010,66.010,66.030,0,0
1522683540,66.010,66.010,66.010,66.010,0,0
1522683600,65.990,65.950,65.950,66.000,6755,84984
1522683660,65.970,66.020,65.950,66.020,0,0
1522683720,65.970,65.950,65.950,65.970,0,0
1522683780,65.970,66.020,65.970,66.020,0,0
1522683840,66.030,66.000,66.000,66.030,0,0
1522683900,65.980,65.980,65.980,65.980,3694,91739
1522683960,66.040,66.040,66.040,66.040,0,0
1522684020,66.050,66.040,66.040,66.050,0,0
1522684080,66.110,66.110,66.110,66.110,0,0
1522684140,66.120,66.120,66.120,66.120,0,0
1522684200,66.120,66.080,66.080,66.120,3779,95433
1522684320,66.120,66.080,66.080,66.120,0,0
1522684380,66.050,66.140,66.050,66.140,0,0
1522684440,66.090,66.120,66.090,66.120,0,0
1522684500,66.120,66.160,66.120,66.160,10655,99212
1522684560,66.150,66.210,66.150,66.210,0,0
1522684620,66.230,66.230,66.230,66.230,0,0
1522684680,66.200,66.200,66.200,66.200,0,0
1522684740,66.220,66.200,66.180,66.220,0,0
1522684800,66.210,66.210,66.210,66.210,3584,109867
1522684860,66.170,66.170,66.170,66.170,0,0
1522684920,66.130,66.120,66.120,66.130,0,0
1522684980,66.120,66.120,66.120,66.120,0,0
1522685040,66.160,66.210,66.160,66.210,0,0
1522685100,66.150,66.150,66.150,66.150,9554,113451
1522685160,66.150,66.150,66.150,66.150,0,0
1522685220,66.120,66.080,66.080,66.120,0,0
1522685280,66.090,66.060,66.060,66.090,0,0
1522685340,66.110,66.090,66.080,66.110,0,0
1522685400,66.090,66.080,66.080,66.090,3538,123005
1522685460,66.070,66.070,66.070,66.070,0,0
1522685520,66.040,66.030,66.030,66.040,0,0
1522685580,66.050,66.050,66.050,66.050,0,0
1522685640,66.030,66.030,66.030,66.030,0,0
1522685700,66.050,66.000,66.000,66.050,2982,126543
1522685760,66.020,66.020,66.020,66.020,0,0
1522685820,66.030,66.020,66.020,66.030,0,0
1522685880,66.020,66.090,66.020,66.090,0,0
1522685940,66.090,66.080,66.080,66.090,0,0
1522686000,66.060,66.060,66.060,66.060,1663,129525
1522686060,66.060,66.060,66.060,66.060,0,0
1522686120,66.080,66.060,66.060,66.080,0,0
1522686180,66.060,66.050,66.050,66.060,0,0
1522686240,66.010,66.010,66.010,66.010,0,0
1522686300,66.010,66.000,65.980,66.020,2443,131188
1522686360,66.000,66.000,66.000,66.000,0,0
1522686420,66.000,65.980,65.980,66.000,0,0
1522686480,65.990,65.970,65.970,65.990,0,0
1522686540,65.960,65.960,65.960,65.960,0,0
1522686600,65.960,66.000,65.960,66.000,4492,133631
1522686660,66.000,65.990,65.960,66.000,0,0
1522686720,65.990,66.000,65.990,66.010,0,0
1522686780,66.010,66.010,66.010,66.010,0,0
1522686840,66.010,66.000,66.000,66.010,0,0
1522686900,65.990,66.000,65.990,66.000,6130,138123
1522687020,66.030,66.040,66.030,66.040,0,0
1522687080,66.040,66.030,66.030,66.040,0,0
1522687140,66.030,66.000,66.000,66.030,0,0
1522687200,65.990,65.980,65.980,65.990,4585,144253
1522687260,65.990,65.980,65.980,65.990,0,0
1522687320,65.990,66.000,65.990,66.000,0,0
1522687380,66.010,66.010,66.010,66.010,0,0
1522687440,66.100,66.100,66.100,66.100,0,0
1522687500,66.100,66.100,66.100,66.100,2168,148838
1522687560,66.060,66.020,66.020,66.060,0,0
1522687680,66.070,66.050,66.050,66.070,0,0
1522687740,66.090,66.090,66.090,66.090,0,0
1522687800,66.090,66.050,66.050,66.120,29832,151006
1522687860,66.060,66.050,66.050,66.060,0,0
1522687920,66.030,66.010,65.990,66.030,0,0
1522687980,66.110,66.110,66.110,66.110,0,0
1522688100,66.090,66.090,66.090,66.090,2425,180838
1522688160,66.090,66.090,66.090,66.090,0,0
1522688280,66.120,66.120,66.120,66.120,0,0
1522688340,66.170,66.170,66.170,66.170,0,0
1522688400,66.170,66.170,66.170,66.170,2972,183263
1522688460,66.080,66.080,66.080,66.080,0,0
1522688520,66.090,66.090,66.090,66.090,0,0
1522688580,66.060,66.060,66.060,66.060,0,0
1522688640,66.060,66.060,66.060,66.060,0,0
1522688700,66.080,66.080,66.080,66.080,909,186235
1522688760,66.080,66.080,66.080,66.080,0,0
1522689000,66.060,66.060,66.060,66.060,2431,187144
1522689060,66.110,66.040,66.040,66.110,0,0
1522689120,66.030,66.100,66.030,66.100,0,0
1522689180,66.070,66.070,66.070,66.070,0,0
1522689240,66.030,66.030,66.030,66.030,0,0
1522689300,66.030,66.060,66.030,66.060,1501,189575
1522689360,66.030,66.060,66.030,66.060,0,0
1522689540,66.040,66.000,66.000,66.040,0,0
1522689600,65.980,65.980,65.980,65.980,1622,191076
1522689660,65.980,65.980,65.980,65.980,0,0
1522689780,65.940,65.910,65.910,65.940,0,0
1522689840,65.930,65.890,65.890,65.930,0,0
1522689900,65.870,65.860,65.860,65.870,3237,192698
1522689960,65.870,65.860,65.860,65.870,0,0
1522690020,65.830,65.800,65.800,65.830,0,0
1522690080,65.830,65.830,65.830,65.830,0,0
1522690140,65.850,65.830,65.830,65.850,0,0
1522690200,65.840,65.870,65.840,65.870,917,195935
1522690260,65.840,65.870,65.840,65.870,0,0
1522690500,65.870,65.920,65.870,65.920,2464,196852
1522690620,65.910,65.910,65.910,65.910,0,0
1522690680,65.910,65.910,65.910,65.910,0,0
1522690740,65.900,65.900,65.900,65.900,0,0
1522690800,65.900,65.840,65.840,65.900,1709,199316
1522690920,65.780,65.780,65.780,65.780,0,0
1522691040,65.750,65.790,65.750,65.790,0,0
1522691100,65.750,65.720,65.720,65.750,2571,201025
1522691220,65.700,65.700,65.700,65.700,0,0
1522691280,65.730,65.700,65.700,65.730,0,0
1522691340,65.700,65.730,65.700,65.730,0,0
1522691400,65.710,65.710,65.710,65.710,1682,203596
1522691520,65.760,65.780,65.760,65.780,0,0
1522691580,65.770,65.750,65.750,65.770,0,0
1522691640,65.730,65.730,65.730,65.730,0,0
1522691700,65.750,65.750,65.750,65.750,2446,205278
1522691760,65.740,65.730,65.730,65.740,0,0
1522691880,65.680,65.680,65.680,65.680,0,0
1522691940,65.690,65.690,65.690,65.690,0,0
1522692000,65.670,65.670,65.670,65.670,2195,207724
1522692060,65.620,65.620,65.620,65.620,0,0
1522692120,65.620,65.560,65.560,65.620,0,0
1522692180,65.570,65.520,65.520,65.570,0,0
1522692300,65.530,65.520,65.520,65.530,3234,209919
1522692360,65.540,65.560,65.540,65.560,0,0
1522692420,65.590,65.590,65.590,65.590,0,0
1522692480,65.590,65.590,65.590,65.590,0,0
1522692540,65.610,65.570,65.540,65.610,0,0
1522692600,65.560,65.560,65.560,65.560,2384,213153
1522692660,65.580,65.580,65.580,65.580,0,0
1522692720,65.570,65.540,65.540,65.570,0,0
1522692840,65.550,65.620,65.550,65.620,0,0
1522692900,65.610,65.620,65.600,65.620,4229,215537
1522692960,65.630,65.640,65.630,65.640,0,0
1522693020,65.600,65.600,65.600,65.600,0,0
1522693080,65.590,65.590,65.590,65.590,0,0
1522693140,65.640,65.650,65.640,65.660,0,0
1522693200,65.700,65.700,65.700,65.700,2735,219766
1522693320,65.740,65.700,65.700,65.740,0,0
1522693380,65.730,65.730,65.730,65.730,0,0
1522693440,65.680,65.680,65.680,65.680,0,0
1522693500,65.670,65.670,65.670,65.670,1984,222501
1522693560,65.550,65.550,65.550,65.550,0,0
1522693680,65.570,65.550,65.550,65.570,0,0
1522693740,65.530,65.530,65.530,65.530,0,0
1522693800,65.510,65.510,65.510,65.510,2119,224485
1522693860,65.520,65.520,65.520,65.520,0,0
1522693920,65.550,65.570,65.550,65.590,0,0
1522694040,65.610,65.610,65.610,65.610,0,0
1522694100,65.580,65.530,65.530,65.580,1612,226604
1522694160,65.570,65.580,65.570,65.580,0,0
1522694220,65.580,65.580,65.580,65.580,0,0
1522694280,65.500,65.500,65.500,65.500,0,0
1522694400,65.500,65.480,65.480,65.500,2371,228216
1522694460,65.490,65.490,65.490,65.490,0,0
1522694520,65.460,65.460,65.460,65.460,0,0
1522694700,65.480,65.470,65.470,65.480,3610,230587
1522694760,65.480,65.470,65.470,65.480,0,0
1522694820,65.480,65.470,65.470,65.480,0,0
1522694880,65.470,65.470,65.470,65.470,0,0
1522695000,65.530,65.530,65.530,65.530,3122,234197
1522695060,65.550,65.590,65.550,65.590,0,0
1522695180,65.620,65.690,65.620,65.690,0,0
1522695240,65.670,65.700,65.670,65.730,0,0
1522695300,65.680,65.700,65.680,65.700,2699,237319
1522695360,65.660,65.610,65.610,65.660,0,0
1522695480,65.610,65.610,65.610,65.610,0,0
1522695540,65.630,65.630,65.630,65.630,0,0
1522695600,65.640,65.610,65.610,65.640,5030,240018
1522695660,65.610,65.610,65.610,65.610,0,0
1522695720,65.590,65.590,65.590,65.590,0,0
1522695780,65.620,65.700,65.620,65.700,0,0
1522695840,65.680,65.690,65.680,65.690,0,0
1522695900,65.660,65.670,65.650,65.670,3984,245048
1522695960,65.640,65.640,65.640,65.640,0,0
1522696020,65.600,65.650,65.600,65.650,0,0
1522696080,65.660,65.650,65.650,65.660,0,0
1522696140,65.620,65.620,65.620,65.620,0,0
1522696200,65.620,65.620,65.620,65.620,3821,249032
1522696260,65.620,65.620,65.620,65.620,0,0
1522696320,65.650,65.650,65.650,65.650,0,0
1522696380,65.700,65.740,65.700,65.740,0,0
1522696440,65.760,65.780,65.740,65.780,0,0
1522696500,65.750,65.750,65.750,65.750,4941,252853
1522696560,65.750,65.780,65.750,65.810,0,0
1522696680,65.750,65.750,65.750,65.750,0,0
1522696740,65.770,65.770,65.770,65.770,0,0
1522696800,65.790,65.750,65.750,65.790,4603,257794
1522696860,65.740,65.730,65.730,65.750,0,0
1522696920,65.710,65.700,65.700,65.740,0,0
1522696980,65.690,65.690,65.690,65.690,0,0
1522697040,65.680,65.700,65.680,65.700,0,0
1522697100,65.650,65.650,65.650,65.650,3441,262397
1522697160,65.650,65.650,65.650,65.650,0,0
1522697280,65.670,65.670,65.670,65.670,0,0
1522697340,65.630,65.670,65.630,65.670,0,0
1522697400,65.670,65.680,65.660,65.680,5118,265838
1522697460,65.680,65.660,65.660,65.680,0,0
1522697520,65.660,65.670,65.660,65.670,0,0
1522697580,65.650,65.630,65.630,65.650,0,0
1522697640,65.590,65.580,65.580,65.590,0,0
1522697700,65.590,65.600,65.590,65.600,7559,270956
1522697760,65.580,65.600,65.580,65.600,0,0
1522697820,65.620,65.660,65.620,65.660,0,0
1522697880,65.630,65.630,65.630,65.630,0,0
1522697940,65.670,65.650,65.650,65.670,0,0
1522698000,65.660,65.610,65.590,65.660,8654,278515
1522698060,65.660,65.650,65.650,65.660,0,0
1522698120,65.660,65.640,65.640,65.660,0,0
1522698180,65.670,65.750,65.670,65.750,0,0
1522698240,65.730,65.740,65.730,65.740,0,0
1522698300,65.750,65.760,65.750,65.770,18161,287169
1522698360,65.760,65.770,65.750,65.770,0,0
1522698420,65.770,65.760,65.760,65.770,0,0
1522698480,65.760,65.810,65.760,65.820,0,0
1522698540,65.820,65.810,65.800,65.820,0,0
1522698600,65.810,65.880,65.810,65.890,18082,305330
1522698660,65.890,65.850,65.850,65.890,0,0
1522698720,65.860,65.870,65.840,65.870,0,0
1522698780,65.880,65.910,65.880,65.910,0,0
1522698840,65.930,65.920,65.920,65.930,0,0
1522698900,65.930,65.870,65.850,65.930,27010,323412
1522698960,65.870,65.830,65.830,65.870,0,0
1522699020,65.820,65.810,65.800,65.820,0,0
1522699080,65.800,65.820,65.770,65.820,0,0
1522699140,65.790,65.770,65.770,65.860,0,0
1522762200,65.890,65.890,65.890,65.890,15677,0
1522762320,66.370,65.930,65.930,66.370,0,0
1522762380,66.050,66.130,66.050,66.130,0,0
1522762440,66.060,66.010,66.010,66.060,0,0
1522762500,66.100,66.100,66.100,66.100,1821,15677
1522762560,65.910,65.910,65.910,65.910,0,0
1522762800,65.940,65.940,65.940,65.940,14432,17498
1522762860,65.760,65.790,65.760,65.840,0,0
1522762920,65.830,65.830,65.830,65.830,0,0
1522762980,65.810,65.730,65.730,65.830,0,0
1522763040,65.800,65.760,65.740,65.800,0,0
1522763100,65.780,65.830,65.780,65.840,11388,31930
1522763160,65.840,65.840,65.840,65.840,0,0
1522763220,65.840,65.850,65.840,65.850,0,0
1522763280,65.860,65.840,65.840,65.940,0,0
1522763340,65.870,65.930,65.870,65.940,0,0
1522763400,65.850,65.780,65.780,65.890,2460,43318
1522763460,65.830,65.830,65.830,65.830,0,0
1522763580,65.860,65.860,65.860,65.860,0,0
1522763700,65.810,65.810,65.810,65.810,5115,45778
1522763760,65.820,65.780,65.780,65.820,0,0
1522763940,65.810,65.720,65.720,65.810,0,0
1522764000,65.690,65.690,65.690,65.690,4821,50893
1522764060,65.700,65.640,65.640,65.700,0,0
1522764120,65.640,65.630,65.580,65.640,0,0
1522764180,65.650,65.610,65.610,65.650,0,0
1522764240,65.640,65.640,65.640,65.640,0,0
1522764300,65.620,65.560,65.560,65.630,6127,55714
1522764360,65.580,65.580,65.580,65.580,0,0
1522764420,65.580,65.580,65.580,65.580,0,0
1522764480,65.580,65.560,65.560,65.600,0,0
1522764540,65.560,65.560,65.560,65.560,0,0
1522764600,65.530,65.540,65.530,65.540,7176,61841
1522764660,65.550,65.560,65.550,65.570,0,0
1522764720,65.570,65.660,65.570,65.660,0,0
1522764780,65.640,65.630,65.610,65.640,0,0
1522764840,65.690,65.720,65.690,65.720,0,0
1522764900,65.720,65.740,65.720,65.740,7121,69017
1522764960,65.750,65.790,65.750,65.790,0,0
1522765020,65.790,65.730,65.730,65.830,0,0
1522765080,65.720,65.720,65.720,65.720,0,0
1522765140,65.700,65.640,65.640,65.700,0,0
1522765200,65.640,65.660,65.640,65.660,5802,76138
1522765260,65.660,65.740,65.660,65.740,0,0
1522765320,65.770,65.720,65.720,65.770,0,0
1522765380,65.730,65.810,65.730,65.810,0,0
1522765440,65.790,65.810,65.790,65.810,0,0
1522765500,65.770,65.810,65.770,65.810,5236,81940
1522765560,65.770,65.810,65.770,65.810,0,0
1522765620,65.820,65.820,65.820,65.820,0,0
1522765740,65.810,65.820,65.810,65.820,0,0
1522765800,65.860,65.860,65.860,65.860,2729,87176
1522765860,65.860,65.860,65.860,65.860,0,0
1522765920,65.880,65.880,65.880,65.880,0,0
1522765980,65.820,65.820,65.820,65.820,0,0
1522766040,65.780,65.830,65.780,65.830,0,0
1522766100,65.840,65.810,65.810,65.840,1820,89905
1522766160,65.850,65.840,65.840,65.850,0,0
1522766340,65.780,65.780,65.780,65.780,0,0
1522766400,65.750,65.780,65.750,65.780,2784,91725
1522766460,65.800,65.810,65.800,65.810,0,0
1522766580,65.810,65.810,65.810,65.810,0,0
1522766640,65.840,65.860,65.840,65.860,0,0
1522766700,65.920,65.980,65.920,65.980,1045,94509
1522766760,65.920,65.980,65.920,65.980,0,0
1522766880,65.950,65.940,65.940,65.950,0,0
1522767000,65.910,65.910,65.910,65.910,2655,95554
1522767060,65.980,65.970,65.970,65.980,0,0
1522767120,65.940,65.940,65.940,65.940,0,0
1522767180,65.980,65.980,65.980,65.980,0,0
1522767240,66.000,65.970,65.970,66.000,0,0
1522767300,66.000,66.020,66.000,66.020,1870,98209
1522767480,66.000,66.020,66.000,66.020,0,0
1522767540,66.070,66.080,66.070,66.080,0,0
1522767600,66.080,66.100,66.080,66.100,3730,100079
1522767660,66.090,66.100,66.080,66.100,0,0
1522767720,66.110,66.110,66.110,66.110,0,0
1522767780,66.120,66.080,66.080,66.120,0,0
1522767840,66.110,66.110,66.110,66.110,0,0
1522767900,66.130,66.130,66.130,66.130,8454,103809
1522767960,66.130,66.130,66.130,66.130,0,0
1522768020,66.150,66.160,66.140,66.160,0,0
1522768080,66.140,66.110,66.110,66.150,0,0
1522768140,66.100,65.970,65.970,66.100,0,0
1522768200,65.970,66.020,65.970,66.020,2411,112263
1522768260,65.970,65.970,65.970,65.970,0,0
1522768320,65.940,65.960,65.940,65.960,0,0
1522768440,65.920,65.920,65.920,65.920,0,0
1522768500,65.900,65.880,65.880,65.900,4576,114674
1522768560,65.860,65.860,65.860,65.860,0,0
1522768620,65.820,65.860,65.820,65.860,0,0
1522768680,65.810,65.810,65.810,65.810,0,0
1522768740,65.860,65.870,65.850,65.870,0,0
1522768800,65.830,65.830,65.830,65.830,4437,119250
1522768860,65.830,65.790,65.750,65.830,0,0
1522768920,65.770,65.770,65.770,65.770,0,0
1522769100,65.720,65.750,65.720,65.750,4432,123687
1522769160,65.750,65.720,65.720,65.750,0,0
1522769220,65.750,65.750,65.750,65.750,0,0
1522769280,65.750,65.740,65.740,65.750,0,0
1522769340,65.700,65.700,65.700,65.700,0,0
1522769400,65.710,65.720,65.690,65.720,3155,128119
1522769460,65.730,65.730,65.730,65.730,0,0
1522769580,65.700,65.700,65.700,65.700,0,0
1522769640,65.650,65.650,65.650,65.650,0,0
1522769700,65.620,65.620,65.620,65.620,5251,131274
1522769760,65.630,65.660,65.630,65.670,0,0
1522769820,65.620,65.620,65.620,65.620,0,0
1522769880,65.600,65.610,65.600,65.610,0,0
1522769940,65.650,65.670,65.650,65.670,0,0
1522770000,65.700,65.700,65.700,65.700,3608,136525
1522770060,65.700,65.700,65.700,65.700,0,0
1522770120,65.720,65.710,65.700,65.720,0,0
1522770180,65.670,65.640,65.640,65.670,0,0
1522770240,65.640,65.640,65.640,65.640,0,0
1522770300,65.680,65.680,65.680,65.680,2439,140133
1522770420,65.680,65.680,65.680,65.680,0,0
1522770540,65.610,65.600,65.600,65.610,0,0
1522770600,65.600,65.560,65.560,65.600,2639,142572
1522770660,65.540,65.560,65.540,65.560,0,0
1522770720,65.550,65.560,65.550,65.560,0,0
1522770840,65.580,65.580,65.580,65.580,0,0
1522770900,65.560,65.590,65.530,65.590,3642,145211
1522770960,65.610,65.610,65.610,65.610,0,0
1522771020,65.620,65.620,65.620,65.620,0,0
1522771080,65.600,65.600,65.600,65.600,0,0
1522771140,65.520,65.520,65.520,65.520,0,0
1522771200,65.520,65.530,65.520,65.530,1957,148853
1522771260,65.550,65.550,65.550,65.550,0,0
1522771380,65.560,65.560,65.560,65.560,0,0
1522771500,65.560,65.560,65.560,65.560,2510,150810
1522771560,65.600,65.570,65.570,65.600,0,0
1522771680,65.590,65.590,65.590,65.590,0,0
1522771740,65.600,65.600,65.600,65.600,0,0
1522771800,65.600,65.600,65.600,65.600,2250,153320
1522771860,65.610,65.590,65.590,65.610,0,0
1522771980,65.580,65.590,65.570,65.590,0,0
1522772040,65.580,65.580,65.580,65.580,0,0
1522772100,65.600,65.600,65.600,65.600,1445,155570
1522772160,65.570,65.540,65.540,65.570,0,0
1522772220,65.510,65.510,65.510,65.510,0,0
1522772280,65.500,65.500,65.500,65.500,0,0
1522772400,65.440,65.460,65.440,65.460,2253,157015
1522772460,65.470,65.460,65.460,65.470,0,0
1522772580,65.440,65.440,65.440,65.440,0,0
1522772700,65.400,65.420,65.400,65.430,2897,159268
1522772820,65.370,65.370,65.370,65.370,0,0
1522772880,65.410,65.400,65.400,65.410,0,0
1522773000,65.370,65.420,65.370,65.420,4931,162165
1522773060,65.370,65.420,65.370,65.420,0,0
1522773120,65.400,65.320,65.320,65.400,0,0
1522773180,65.350,65.350,65.350,65.350,0,0
1522773240,65.330,65.360,65.330,65.360,0,0
1522773300,65.360,65.360,65.360,65.360,3201,167096
1522773360,65.360,65.360,65.360,65.360,0,0
1522773420,65.370,65.360,65.360,65.370,0,0
1522773540,65.330,65.330,65.330,65.330,0,0
1522773600,65.340,65.360,65.340,65.360,2084,170297
1522773780,65.410,65.400,65.400,65.410,0,0
1522773900,65.410,65.410,65.410,65.410,2589,172381
1522773960,65.380,65.380,65.380,65.380,0,0
1522774020,65.370,65.370,65.370,65.370,0,0
1522774080,65.300,65.290,65.280,65.300,0,0
1522774200,65.280,65.310,65.280,65.310,1946,174970
1522774260,65.280,65.310,65.280,65.310,0,0
1522774320,65.330,65.360,65.330,65.360,0,0
1522774500,65.280,65.300,65.280,65.300,3360,176916
1522774620,65.300,65.290,65.290,65.300,0,0
1522774680,65.310,65.330,65.310,65.330,0,0
1522774740,65.310,65.310,65.310,65.310,0,0
1522774800,65.280,65.280,65.280,65.280,3460,180276
1522774860,65.300,65.280,65.280,65.300,0,0
1522774920,65.330,65.300,65.300,65.330,0,0
1522774980,65.300,65.310,65.300,65.310,0,0
1522775100,65.320,65.360,65.320,65.360,2352,183736
1522775160,65.390,65.390,65.390,65.390,0,0
1522775220,65.360,65.380,65.360,65.380,0,0
1522775280,65.380,65.380,65.380,65.380,0,0
1522775340,65.390,65.390,65.390,65.390,0,0
1522775400,65.390,65.430,65.390,65.430,5138,186088
1522775520,65.400,65.420,65.400,65.430,0,0
1522775580,65.410,65.390,65.390,65.410,0,0
1522775700,65.350,65.360,65.350,65.380,2418,191226
1522775880,65.400,65.400,65.400,65.400,0,0
1522776000,65.480,65.450,65.450,65.480,4710,193644
1522776060,65.470,65.470,65.470,65.470,0,0
1522776120,65.480,65.490,65.480,65.490,0,0
1522776180,65.500,65.500,65.500,65.500,0,0
1522776300,65.550,65.560,65.550,65.560,7765,198354
1522776360,65.600,65.610,65.600,65.610,0,0
1522776420,65.590,65.590,65.590,65.590,0,0
1522776480,65.600,65.580,65.580,65.600,0,0
1522776540,65.570,65.560,65.560,65.570,0,0
1522776600,65.580,65.590,65.580,65.590,4228,206119
1522776660,65.600,65.600,65.600,65.600,0,0
1522776720,65.580,65.580,65.580,65.580,0,0
1522776840,65.570,65.550,65.550,65.570,0,0
1522776900,65.520,65.520,65.520,65.520,1914,210347
1522776960,65.550,65.550,65.550,65.550,0,0
1522777020,65.530,65.560,65.530,65.560,0,0
1522777080,65.580,65.580,65.580,65.580,0,0
1522777200,65.550,65.550,65.550,65.550,1443,212261
1522777260,65.550,65.550,65.550,65.550,0,0
1522777380,65.580,65.580,65.580,65.580,0,0
1522777440,65.600,65.600,65.600,65.600,0,0
1522777500,65.580,65.590,65.580,65.590,3079,213704
1522777560,65.590,65.560,65.560,65.590,0,0
1522777620,65.550,65.550,65.550,65.550,0,0
1522777740,65.520,65.500,65.500,65.530,0,0
1522777800,65.490,65.490,65.490,65.490,3215,216783
1522777860,65.510,65.490,65.490,65.510,0,0
1522777920,65.500,65.510,65.500,65.510,0,0
1522777980,65.540,65.540,65.540,65.540,0,0
1522778040,65.550,65.560,65.550,65.560,0,0
1522778100,65.590,65.600,65.590,65.600,2845,219998
1522778160,65.630,65.630,65.630,65.630,0,0
1522778220,65.640,65.640,65.640,65.640,0,0
1522778280,65.630,65.630,65.630,65.630,0,0
1522778340,65.650,65.640,65.640,65.650,0,0
1522778400,65.640,65.640,65.640,65.640,3949,222843
1522778460,65.610,65.580,65.580,65.610,0,0
1522778520,65.600,65.620,65.590,65.620,0,0
1522778580,65.640,65.620,65.620,65.640,0,0
1522778700,65.640,65.640,65.640,65.640,3263,226792
1522778760,65.620,65.580,65.580,65.620,0,0
1522778880,65.580,65.580,65.580,65.580,0,0
1522778940,65.610,65.610,65.610,65.610,0,0
1522779000,65.630,65.610,65.610,65.630,2157,230055
1522779060,65.630,65.610,65.610,65.630,0,0
1522779120,65.620,65.620,65.620,65.620,0,0
1522779180,65.610,65.610,65.610,65.610,0,0
1522779240,65.630,65.620,65.620,65.630,0,0
1522779300,65.600,65.590,65.590,65.600,3242,232212
1522779360,65.570,65.540,65.540,65.570,0,0
1522779420,65.530,65.580,65.530,65.580,0,0
1522779480,65.560,65.560,65.560,65.560,0,0
1522779540,65.570,65.570,65.570,65.570,0,0
1522779600,65.580,65.580,65.580,65.580,4149,235454
1522779660,65.580,65.580,65.580,65.580,0,0
1522779720,65.600,65.600,65.600,65.600,0,0
1522779780,65.540,65.560,65.540,65.560,0,0
1522779840,65.580,65.580,65.580,65.580,0,0
1522779900,65.590,65.570,65.560,65.590,6985,239603
1522780020,65.550,65.550,65.550,65.550,0,0
1522780080,65.530,65.530,65.530,65.530,0,0
1522780140,65.510,65.530,65.510,65.530,0,0
1522780200,65.520,65.520,65.520,65.520,3107,246588
1522780260,65.520,65.520,65.520,65.520,0,0
1522780320,65.510,65.450,65.450,65.510,0,0
1522780380,65.450,65.460,65.450,65.460,0,0
1522780500,65.470,65.440,65.440,65.470,5339,249695
1522780620,65.460,65.490,65.460,65.490,0,0
1522780680,65.490,65.510,65.490,65.510,0,0
1522780740,65.540,65.550,65.540,65.550,0,0
1522780800,65.550,65.570,65.550,65.570,4686,255034
1522780860,65.560,65.560,65.560,65.560,0,0
1522780920,65.540,65.510,65.510,65.540,0,0
1522780980,65.490,65.490,65.490,65.490,0,0
1522781040,65.490,65.440,65.440,65.490,0,0
1522781100,65.450,65.480,65.450,65.480,5750,259720
1522781160,65.460,65.520,65.460,65.520,0,0
1522781220,65.530,65.590,65.530,65.600,0,0
1522781280,65.600,65.660,65.600,65.690,0,0
1522781340,65.660,65.670,65.660,65.670,0,0
1522781400,65.690,65.700,65.690,65.720,4197,265470
1522781460,65.690,65.690,65.690,65.690,0,0
1522781580,65.710,65.760,65.710,65.760,0,0
1522781700,65.720,65.780,65.720,65.780,3065,269667
1522781760,65.760,65.760,65.760,65.760,0,0
1522781820,65.780,65.780,65.780,65.780,0,0
1522781880,65.830,65.830,65.830,65.830,0,0
1522781940,65.800,65.810,65.800,65.810,0,0
1522782000,65.780,65.770,65.750,65.780,3580,272732
1522782060,65.800,65.800,65.800,65.800,0,0
1522782120,65.840,65.840,65.840,65.840,0,0
1522782180,65.860,65.870,65.860,65.870,0,0
1522782240,65.920,65.860,65.860,65.920,0,0
1522782300,65.880,65.910,65.880,65.910,4862,276312
1522782420,65.940,65.940,65.940,65.940,0,0
1522782480,65.940,65.970,65.940,65.970,0,0
1522782540,65.990,65.990,65.990,65.990,0,0
1522782600,66.040,66.040,66.040,66.040,5507,281174
1522782660,66.060,66.060,66.060,66.060,0,0
1522782720,66.060,65.990,65.990,66.060,0,0
1522782780,65.960,65.920,65.880,65.960,0,0
1522782840,65.880,65.860,65.860,65.880,0,0
1522782900,65.850,65.850,65.850,65.850,15094,286681
1522782960,65.850,65.830,65.830,65.870,0,0
1522783020,65.840,65.850,65.830,65.850,0,0
1522783080,65.860,65.870,65.860,65.870,0,0
1522783140,65.860,65.870,65.860,65.870,0,0
1522783200,65.900,65.870,65.870,65.900,7831,301775
1522783260,65.860,65.950,65.860,65.950,0,0
1522783320,65.920,65.910,65.910,65.920,0,0
1522783380,65.900,65.860,65.860,65.900,0,0
1522783440,65.950,65.910,65.900,65.950,0,0
1522783500,65.920,65.920,65.920,65.920,5130,309606
1522783560,65.910,65.960,65.910,65.960,0,0
1522783620,65.940,65.930,65.930,65.940,0,0
1522783680,65.950,66.010,65.950,66.020,0,0
1522783740,65.980,65.980,65.980,65.980,0,0
1522783800,65.970,65.970,65.970,65.970,10483,314736
1522783860,65.970,65.990,65.950,65.990,0,0
1522783920,65.970,65.950,65.950,65.970,0,0
1522783980,65.950,65.920,65.920,65.950,0,0
1522784040,65.880,65.910,65.880,65.910,0,0
1522784100,65.890,65.850,65.850,65.890,11653,325219
1522784160,65.840,65.830,65.810,65.870,0,0
1522784220,65.840,65.860,65.840,65.860,0,0
1522784280,65.890,65.910,65.890,65.910,0,0
1522784340,65.930,65.920,65.910,65.930,0,0
1522784400,65.940,65.940,65.940,65.940,14070,336872
1522784460,65.970,66.000,65.970,66.000,0,0
1522784520,65.980,65.970,65.970,65.980,0,0
1522784580,65.980,65.970,65.970,65.980,0,0
1522784640,65.990,65.970,65.970,66.000,0,0
1522784700,65.980,66.030,65.980,66.030,21502,350942
1522784760,66.030,66.020,66.010,66.050,0,0
1522784820,66.010,65.980,65.980,66.010,0,0
1522784880,65.970,65.930,65.920,65.980,0,0
1522784940,65.920,65.970,65.920,65.970,0,0
1522785000,65.960,65.970,65.960,66.000,24037,372444
1522785060,66.030,65.990,65.990,66.030,0,0
1522785120,65.980,65.990,65.980,65.990,0,0
1522785180,66.000,65.980,65.980,66.000,0,0
1522785240,65.970,65.980,65.970,65.980,0,0
1522785300,65.960,65.980,65.960,65.990,34787,396481
1522785360,66.000,65.980,65.980,66.000,0,0
1522785420,66.000,66.060,66.000,66.060,0,0
1522785480,66.060,66.030,66.030,66.060,0,0
1522785540,66.020,66.040,66.020,66.070,0,0
1522848600,65.370,65.060,65.010,66.720,6188,0
1522848660,65.150,65.150,65.150,65.150,0,0
1522848780,65.190,65.190,65.190,65.190,0,0
1522848900,65.260,65.520,65.260,65.530,10928,6188
1522848960,65.260,65.520,65.260,65.530,0,0
1522849020,65.530,65.580,65.530,65.710,0,0
1522849080,65.460,65.480,65.460,65.480,0,0
1522849140,65.590,65.590,65.590,65.590,0,0
1522849200,65.650,65.650,65.650,65.650,11626,17116
1522849260,65.760,65.940,65.740,65.940,0,0
1522849320,65.940,65.970,65.940,65.990,0,0
1522849380,65.970,65.870,65.870,65.970,0,0
1522849440,65.950,65.950,65.950,65.950,0,0
1522849500,65.930,65.860,65.830,65.930,7548,28742
1522849560,65.850,65.850,65.850,65.850,0,0
1522849680,65.880,65.910,65.880,65.940,0,0
1522849740,65.870,65.920,65.870,65.920,0,0
1522849800,65.970,66.010,65.970,66.030,18654,36290
1522849860,66.000,66.050,66.000,66.050,0,0
1522849920,66.070,66.190,66.070,66.190,0,0
1522849980,66.160,66.170,66.150,66.200,0,0
1522850040,66.140,66.160,66.130,66.160,0,0
1522850100,66.090,66.180,66.090,66.180,11825,54944
1522850160,66.220,66.190,66.190,66.220,0,0
1522850220,66.220,66.200,66.200,66.250,0,0
1522850280,66.270,66.330,66.270,66.330,0,0
1522850340,66.340,66.370,66.340,66.370,0,0
1522850400,66.300,66.250,66.250,66.340,7194,66769
1522850460,66.230,66.200,66.200,66.250,0,0
1522850580,66.130,66.200,66.130,66.200,0,0
1522850640,66.180,66.220,66.180,66.220,0,0
1522850700,66.230,66.180,66.180,66.230,10624,73963
1522850760,66.120,66.140,66.120,66.140,0,0
1522850820,66.180,66.170,66.150,66.180,0,0
1522850880,66.160,66.150,66.140,66.160,0,0
1522850940,66.080,66.060,66.060,66.080,0,0
1522851000,66.060,66.110,66.060,66.110,10182,84587
1522851060,66.140,66.140,66.140,66.140,0,0
1522851120,66.170,66.220,66.170,66.220,0,0
1522851180,66.240,66.250,66.240,66.250,0,0
1522851240,66.230,66.190,66.190,66.230,0,0
1522851300,66.200,66.200,66.200,66.200,7861,94769
1522851360,66.220,66.190,66.170,66.220,0,0
1522851420,66.190,66.170,66.170,66.190,0,0
1522851480,66.180,66.180,66.180,66.180,0,0
1522851540,66.170,66.210,66.170,66.220,0,0
1522851600,66.210,66.170,66.170,66.210,8120,102630
1522851660,66.160,66.190,66.160,66.190,0,0
1522851720,66.180,66.220,66.180,66.220,0,0
1522851780,66.180,66.170,66.170,66.180,0,0
1522851840,66.140,66.060,66.060,66.140,0,0
1522851900,66.110,66.110,66.110,66.110,7517,110750
1522851960,66.110,66.120,66.110,66.120,0,0
1522852020,66.080,66.120,66.080,66.120,0,0
1522852140,66.150,66.200,66.150,66.260,0,0
1522852200,66.210,66.230,66.210,66.230,2665,118267
1522852260,66.210,66.230,66.210,66.230,0,0
1522852320,66.230,66.230,66.230,66.230,0,0
1522852380,66.250,66.180,66.180,66.250,0,0
1522852440,66.110,66.110,66.110,66.110,0,0
1522852500,66.110,66.110,66.110,66.110,1786,120932
1522852560,66.120,66.130,66.120,66.130,0,0
1522852620,66.190,66.190,66.190,66.190,0,0
1522852680,66.170,66.170,66.170,66.170,0,0
1522852740,66.220,66.240,66.210,66.240,0,0
1522852800,66.270,66.300,66.270,66.310,5478,122718
1522852860,66.270,66.250,66.240,66.270,0,0
1522852920,66.300,66.320,66.300,66.320,0,0
1522852980,66.320,66.320,66.320,66.320,0,0
1522853040,66.310,66.330,66.310,66.340,0,0
1522853100,66.330,66.300,66.260,66.330,7170,128196
1522853160,66.270,66.270,66.270,66.270,0,0
1522853220,66.340,66.340,66.340,66.340,0,0
1522853340,66.400,66.450,66.400,66.450,0,0
1522853400,66.450,66.500,66.450,66.500,10675,135366
1522853460,66.480,66.480,66.480,66.480,0,0
1522853520,66.490,66.490,66.490,66.490,0,0
1522853580,66.540,66.440,66.440,66.540,0,0
1522853640,66.430,66.390,66.390,66.430,0,0
1522853700,66.380,66.470,66.380,66.470,8292,146041
1522853760,66.490,66.470,66.470,66.490,0,0
1522853820,66.480,66.460,66.460,66.480,0,0
1522853880,66.440,66.440,66.440,66.440,0,0
1522853940,66.460,66.460,66.460,66.460,0,0
1522854000,66.440,66.450,66.440,66.450,6590,154333
1522854060,66.410,66.400,66.400,66.410,0,0
1522854120,66.370,66.320,66.320,66.370,0,0
1522854180,66.300,66.340,66.300,66.340,0,0
1522854240,66.280,66.280,66.280,66.280,0,0
1522854300,66.310,66.310,66.310,66.310,2627,160923
1522854360,66.310,66.260,66.260,66.310,0,0
1522854420,66.250,66.230,66.230,66.250,0,0
1522854540,66.210,66.210,66.210,66.210,0,0
1522854600,66.210,66.200,66.200,66.210,4163,163550
1522854660,66.230,66.250,66.230,66.250,0,0
1522854780,66.290,66.330,66.290,66.330,0,0
1522854840,66.350,66.350,66.350,66.350,0,0
1522854900,66.350,66.400,66.350,66.400,11329,167713
1522854960,66.390,66.460,66.390,66.460,0,0
1522855020,66.520,66.490,66.490,66.520,0,0
1522855140,66.530,66.540,66.530,66.540,0,0
1522855200,66.540,66.570,66.540,66.590,9662,179042
1522855260,66.590,66.610,66.590,66.610,0,0
1522855320,66.600,66.600,66.600,66.600,0,0
1522855380,66.660,66.660,66.660,66.660,0,0
1522855440,66.650,66.650,66.650,66.650,0,0
1522855500,66.640,66.630,66.620,66.640,4988,188704
1522855560,66.610,66.580,66.580,66.610,0,0
1522855620,66.580,66.580,66.580,66.580,0,0
1522855740,66.600,66.610,66.600,66.610,0,0
1522855800,66.570,66.590,66.570,66.590,7067,193692
1522855860,66.630,66.700,66.630,66.700,0,0
1522855920,66.690,66.700,66.680,66.700,0,0
1522855980,66.690,66.650,66.650,66.690,0,0
1522856040,66.680,66.680,66.680,66.680,0,0
1522856100,66.650,66.640,66.640,66.650,5834,200759
1522856160,66.620,66.580,66.580,66.620,0,0
1522856220,66.580,66.570,66.570,66.580,0,0
1522856280,66.560,66.590,66.560,66.590,0,0
1522856340,66.570,66.560,66.560,66.570,0,0
1522856400,66.550,66.550,66.550,66.550,2875,206593
1522856580,66.440,66.470,66.440,66.470,0,0
1522856640,66.460,66.480,66.460,66.480,0,0
1522856700,66.470,66.440,66.440,66.470,3783,209468
1522856760,66.470,66.440,66.440,66.470,0,0
1522856820,66.470,66.520,66.470,66.520,0,0
1522856940,66.500,66.500,66.500,66.500,0,0
1522857000,66.500,66.460,66.460,66.500,1870,213251
1522857120,66.470,66.490,66.470,66.490,0,0
1522857240,66.470,66.470,66.470,66.470,0,0
1522857300,66.490,66.500,66.490,66.500,4033,215121
1522857360,66.510,66.510,66.510,66.510,0,0
1522857420,66.520,66.520,66.520,66.520,0,0
1522857480,66.510,66.510,66.510,66.510,0,0
1522857600,66.510,66.510,66.510,66.510,1855,219154
1522857660,66.510,66.510,66.510,66.510,0,0
1522857720,66.460,66.490,66.460,66.490,0,0
1522857840,66.500,66.500,66.500,66.500,0,0
1522857900,66.460,66.460,66.460,66.460,3476,221009
1522858020,66.460,66.460,66.460,66.460,0,0
1522858080,66.500,66.510,66.500,66.510,0,0
1522858140,66.530,66.550,66.530,66.550,0,0
1522858200,66.530,66.550,66.530,66.550,3022,224485
1522858260,66.550,66.570,66.540,66.570,0,0
1522858320,66.570,66.580,66.570,66.580,0,0
1522858380,66.550,66.550,66.550,66.550,0,0
1522858440,66.560,66.570,66.560,66.570,0,0
1522858500,66.570,66.600,66.570,66.600,5900,227507
1522858560,66.600,66.630,66.590,66.630,0,0
1522858620,66.630,66.610,66.610,66.630,0,0
1522858680,66.650,66.620,66.620,66.650,0,0
1522858800,66.610,66.580,66.580,66.610,5215,233407
1522858860,66.630,66.660,66.630,66.660,0,0
1522858920,66.640,66.640,66.640,66.640,0,0
1522858980,66.650,66.650,66.650,66.650,0,0
1522859040,66.700,66.700,66.700,66.700,0,0
1522859100,66.710,66.710,66.710,66.710,1559,238622
1522859160,66.650,66.710,66.650,66.710,0,0
1522859220,66.710,66.700,66.700,66.730,0,0
1522859400,66.660,66.660,66.660,66.660,3874,240181
1522859460,66.660,66.660,66.660,66.660,0,0
1522859580,66.630,66.610,66.610,66.630,0,0
1522859640,66.610,66.600,66.590,66.610,0,0
1522859700,66.600,66.670,66.600,66.670,3301,244055
1522859760,66.680,66.680,66.680,66.680,0,0
1522859820,66.650,66.650,66.650,66.650,0,0
1522859880,66.620,66.610,66.610,66.620,0,0
1522859940,66.570,66.590,66.570,66.590,0,0
1522860000,66.570,66.590,66.570,66.590,3609,247356
1522860060,66.600,66.600,66.600,66.600,0,0
1522860120,66.620,66.620,66.620,66.620,0,0
1522860180,66.630,66.630,66.630,66.630,0,0
1522860240,66.640,66.630,66.630,66.640,0,0
1522860300,66.640,66.620,66.620,66.640,3360,250965
1522860360,66.670,66.630,66.630,66.670,0,0
1522860420,66.630,66.630,66.630,66.630,0,0
1522860480,66.640,66.660,66.640,66.660,0,0
1522860600,66.660,66.640,66.640,66.660,4174,254325
1522860660,66.660,66.620,66.620,66.660,0,0
1522860720,66.640,66.620,66.620,66.640,0,0
1522860840,66.610,66.640,66.610,66.640,0,0
1522860900,66.600,66.600,66.600,66.600,2576,258499
1522861020,66.610,66.620,66.610,66.620,0,0
1522861080,66.620,66.620,66.620,66.620,0,0
1522861140,66.610,66.630,66.610,66.630,0,0
1522861200,66.630,66.620,66.620,66.630,2904,261075
1522861260,66.620,66.620,66.620,66.620,0,0
1522861320,66.600,66.600,66.600,66.600,0,0
1522861380,66.590,66.600,66.590,66.600,0,0
1522861500,66.620,66.620,66.620,66.620,2644,263979
1522861560,66.620,66.620,66.620,66.620,0,0
1522861680,66.620,66.600,66.580,66.620,0,0
1522861740,66.570,66.580,66.570,66.580,0,0
1522861800,66.550,66.550,66.550,66.550,3828,266623
1522861860,66.570,66.580,66.570,66.580,0,0
1522861920,66.580,66.610,66.580,66.610,0,0
1522861980,66.580,66.580,66.580,66.580,0,0
1522862040,66.590,66.590,66.590,66.590,0,0
1522862100,66.580,66.580,66.580,66.580,3078,270451
1522862160,66.560,66.560,66.560,66.560,0,0
1522862220,66.550,66.550,66.550,66.550,0,0
1522862280,66.580,66.590,66.580,66.590,0,0
1522862340,66.550,66.550,66.550,66.550,0,0
1522862400,66.560,66.540,66.540,66.560,4571,273529
1522862580,66.540,66.580,66.530,66.580,0,0
1522862640,66.530,66.530,66.530,66.530,0,0
1522862700,66.500,66.500,66.500,66.500,1632,278100
1522862880,66.510,66.510,66.510,66.510,0,0
1522862940,66.520,66.520,66.520,66.520,0,0
1522863000,66.520,66.510,66.510,66.540,3256,279732
1522863060,66.510,66.510,66.510,66.510,0,0
1522863120,66.530,66.530,66.530,66.530,0,0
1522863180,66.500,66.500,66.500,66.500,0,0
1522863240,66.490,66.490,66.490,66.490,0,0
1522863300,66.500,66.500,66.500,66.500,3056,282988
1522863360,66.530,66.540,66.520,66.540,0,0
1522863480,66.560,66.560,66.560,66.560,0,0
1522863540,66.560,66.550,66.550,66.560,0,0
1522863600,66.580,66.610,66.580,66.610,4185,286044
1522863720,66.590,66.590,66.590,66.590,0,0
1522863780,66.610,66.600,66.600,66.610,0,0
1522863840,66.610,66.610,66.610,66.610,0,0
1522863900,66.610,66.620,66.610,66.630,21631,290229
1522863960,66.620,66.600,66.600,66.620,0,0
1522864020,66.590,66.620,66.590,66.620,0,0
1522864080,66.660,66.690,66.650,66.690,0,0
1522864140,66.690,66.640,66.640,66.690,0,0
1522864200,66.690,66.700,66.680,66.700,2531,311860
1522864260,66.690,66.700,66.680,66.700,0,0
1522864320,66.690,66.690,66.690,66.690,0,0
1522864440,66.690,66.700,66.690,66.700,0,0
1522864500,66.710,66.730,66.710,66.730,5110,314391
1522864560,66.710,66.730,66.710,66.730,0,0
1522864620,66.740,66.740,66.740,66.740,0,0
1522864680,66.720,66.680,66.680,66.720,0,0
1522864740,66.730,66.770,66.730,66.770,0,0
1522864800,66.750,66.750,66.750,66.750,3726,319501
1522864860,66.740,66.700,66.700,66.740,0,0
1522864920,66.710,66.730,66.710,66.730,0,0
1522864980,66.710,66.710,66.710,66.710,0,0
1522865040,66.700,66.700,66.700,66.700,0,0
1522865100,66.700,66.710,66.700,66.710,3688,323227
1522865160,66.720,66.700,66.700,66.720,0,0
1522865220,66.690,66.690,66.690,66.690,0,0
1522865280,66.690,66.720,66.690,66.720,0,0
1522865340,66.690,66.690,66.690,66.690,0,0
1522865400,66.710,66.700,66.700,66.710,3111,326915
1522865460,66.690,66.710,66.690,66.710,0,0
1522865520,66.700,66.680,66.680,66.700,0,0
1522865580,66.690,66.710,66.690,66.710,0,0
1522865640,66.710,66.690,66.690,66.710,0,0
1522865700,66.690,66.700,66.690,66.700,7720,330026
1522865760,66.700,66.700,66.700,66.700,0,0
1522865820,66.680,66.700,66.680,66.700,0,0
1522865880,66.720,66.790,66.720,66.790,0,0
1522865940,66.790,66.760,66.760,66.790,0,0
1522866000,66.770,66.790,66.770,66.790,3727,337746
1522866060,66.820,66.850,66.820,66.850,0,0
1522866120,66.850,66.850,66.850,66.850,0,0
1522866180,66.850,66.850,66.850,66.850,0,0
1522866240,66.880,66.870,66.870,66.880,0,0
1522866300,66.870,66.870,66.870,66.870,3424,341473
1522866360,66.860,66.860,66.860,66.860,0,0
1522866420,66.830,66.830,66.830,66.830,0,0
1522866480,66.830,66.820,66.820,66.830,0,0
1522866540,66.860,66.870,66.860,66.870,0,0
1522866600,66.880,66.880,66.880,66.880,3970,344897
1522866660,66.880,66.880,66.880,66.880,0,0
1522866720,66.890,66.910,66.890,66.910,0,0
1522866780,66.890,66.890,66.890,66.890,0,0
1522866840,66.900,66.900,66.900,66.900,0,0
1522866900,66.910,66.820,66.820,66.910,4705,348867
1522866960,66.850,66.850,66.850,66.850,0,0
1522867020,66.840,66.830,66.830,66.840,0,0
1522867080,66.840,66.860,66.840,66.860,0,0
1522867140,66.840,66.810,66.810,66.840,0,0
1522867200,66.820,66.830,66.820,66.830,4120,353572
1522867260,66.820,66.830,66.820,66.830,0,0
1522867320,66.830,66.860,66.830,66.860,0,0
1522867380,66.920,66.900,66.900,66.930,0,0
1522867440,66.920,66.950,66.920,66.950,0,0
1522867500,66.970,66.930,66.930,66.970,3438,357692
1522867560,66.950,66.970,66.950,66.970,0,0
1522867620,66.980,66.980,66.980,66.980,0,0
1522867680,66.960,66.950,66.950,66.960,0,0
1522867740,66.940,66.930,66.930,66.940,0,0
1522867800,66.950,66.950,66.950,66.950,2095,361130
1522867860,66.970,66.960,66.960,66.970,0,0
1522867920,66.950,66.950,66.950,66.950,0,0
1522867980,66.970,66.970,66.970,66.970,0,0
1522868040,66.940,66.940,66.940,66.940,0,0
1522868100,66.910,66.910,66.910,66.910,2559,363225
1522868160,66.910,66.960,66.910,66.960,0,0
1522868220,66.960,66.960,66.960,66.960,0,0
1522868280,66.970,66.970,66.970,66.970,0,0
1522868340,66.980,66.980,66.980,66.980,0,0
1522868400,67.000,67.000,67.000,67.000,4879,365784
1522868460,67.030,67.030,67.030,67.030,0,0
1522868520,67.050,67.040,67.040,67.050,0,0
1522868580,67.040,67.070,67.040,67.070,0,0
1522868640,67.090,67.100,67.090,67.100,0,0
1522868700,67.090,67.090,67.090,67.090,4052,370663
1522868820,67.070,67.040,67.040,67.070,0,0
1522868880,67.030,67.040,67.030,67.040,0,0
1522868940,67.070,67.080,67.060,67.080,0,0
1522869000,67.050,67.030,67.030,67.050,3766,374715
1522869060,67.010,66.980,66.980,67.010,0,0
1522869120,66.990,66.990,66.990,66.990,0,0
1522869180,66.980,66.980,66.980,66.980,0,0
1522869240,66.960,66.960,66.960,66.960,0,0
1522869300,66.930,66.930,66.930,66.930,5300,378481
1522869360,66.940,66.930,66.930,66.940,0,0
1522869420,66.950,66.950,66.950,66.950,0,0
1522869480,66.960,66.940,66.940,66.960,0,0
1522869600,66.920,66.950,66.920,66.950,8383,383781
1522869660,66.950,66.980,66.950,66.980,0,0
1522869720,67.000,67.010,67.000,67.010,0,0
1522869780,66.990,67.040,66.990,67.040,0,0
1522869840,67.050,67.070,67.050,67.080,0,0
1522869900,67.070,67.130,67.070,67.130,6387,392164
1522869960,67.070,67.130,67.070,67.130,0,0
1522870020,67.130,67.130,67.130,67.130,0,0
1522870080,67.130,67.100,67.100,67.130,0,0
1522870140,67.120,67.130,67.120,67.130,0,0
1522870200,67.130,67.120,67.120,67.130,8829,398551
1522870260,67.140,67.140,67.140,67.140,0,0
1522870320,67.120,67.110,67.110,67.120,0,0
1522870380,67.120,67.110,67.110,67.120,0,0
1522870440,67.100,67.090,67.080,67.110,0,0
1522870500,67.080,67.080,67.080,67.080,9612,407380
1522870560,67.100,67.100,67.100,67.100,0,0
1522870620,67.090,67.090,67.090,67.090,0,0
1522870680,67.090,67.070,67.070,67.100,0,0
1522870740,67.090,67.090,67.090,67.090,0,0
1522870800,67.090,67.090,67.090,67.090,10712,416992
1522870860,67.090,67.100,67.090,67.100,0,0
1522870920,67.090,67.140,67.090,67.140,0,0
1522870980,67.130,67.110,67.110,67.130,0,0
1522871040,67.100,67.040,67.040,67.100,0,0
1522871100,67.050,67.080,67.050,67.090,16812,427704
1522871160,67.070,67.090,67.070,67.090,0,0
1522871220,67.100,67.130,67.090,67.130,0,0
1522871280,67.130,67.120,67.110,67.130,0,0
1522871340,67.120,67.130,67.120,67.130,0,0
1522871400,67.140,67.180,67.140,67.190,15309,444516
1522871460,67.150,67.240,67.150,67.240,0,0
1522871520,67.230,67.210,67.210,67.230,0,0
1522871580,67.230,67.240,67.230,67.240,0,0
1522871640,67.220,67.210,67.210,67.220,0,0
1522871700,67.220,67.200,67.200,67.230,31384,459825
1522871760,67.220,67.240,67.220,67.250,0,0
1522871820,67.220,67.230,67.200,67.230,0,0
1522871880,67.220,67.250,67.210,67.250,0,0
1522871940,67.240,67.170,67.170,67.240,0,0
1522935000,67.710,67.660,67.660,67.880,15989,0
1522935120,67.680,67.570,67.560,67.680,0,0
1522935180,67.600,67.950,67.600,67.950,0,0
1522935240,67.950,67.770,67.770,67.950,0,0
1522935300,67.870,67.870,67.870,67.870,7709,15989
1522935360,67.740,67.780,67.710,67.800,0,0
1522935420,67.750,67.750,67.750,67.750,0,0
1522935480,67.670,67.750,67.670,67.750,0,0
1522935540,67.750,67.700,67.700,67.770,0,0
1522935600,67.720,67.670,67.670,67.730,4424,23698
1522935660,67.630,67.550,67.550,67.630,0,0
1522935720,67.580,67.580,67.580,67.580,0,0
1522935780,67.560,67.610,67.560,67.610,0,0
1522935900,67.640,67.630,67.620,67.670,6026,28122
1522935960,67.590,67.570,67.570,67.610,0,0
1522936020,67.520,67.530,67.520,67.530,0,0
1522936080,67.500,67.470,67.470,67.500,0,0
1522936140,67.530,67.530,67.530,67.530,0,0
1522936200,67.580,67.580,67.580,67.580,13252,34148
1522936260,67.610,67.630,67.610,67.630,0,0
1522936320,67.740,67.820,67.740,67.820,0,0
1522936380,67.810,67.810,67.810,67.810,0,0
1522936440,67.830,67.870,67.830,67.870,0,0
1522936500,67.810,67.820,67.810,67.860,15237,47400
1522936560,67.810,67.820,67.810,67.860,0,0
1522936620,67.860,67.950,67.860,67.950,0,0
1522936680,67.910,67.920,67.910,67.920,0,0
1522936740,67.970,67.870,67.870,67.980,0,0
1522936800,67.940,67.950,67.900,67.950,15417,62637
1522936860,67.950,67.940,67.940,67.960,0,0
1522936920,67.910,67.910,67.910,67.910,0,0
1522936980,67.920,67.890,67.890,67.920,0,0
1522937040,67.830,67.880,67.830,67.900,0,0
1522937100,67.930,67.930,67.930,67.930,8025,78054
1522937160,67.910,67.890,67.890,67.910,0,0
1522937220,67.870,67.890,67.870,67.900,0,0
1522937280,67.890,67.850,67.850,67.890,0,0
1522937340,67.860,67.840,67.840,67.860,0,0
1522937400,67.850,67.840,67.840,67.860,5613,86079
1522937460,67.840,67.840,67.840,67.840,0,0
1522937520,67.790,67.830,67.790,67.850,0,0
1522937580,67.850,67.810,67.810,67.850,0,0
1522937700,67.830,67.790,67.770,67.830,10894,91692
1522937760,67.780,67.800,67.780,67.830,0,0
1522937820,67.800,67.830,67.800,67.830,0,0
1522937880,67.810,67.780,67.780,67.810,0,0
1522937940,67.740,67.700,67.700,67.750,0,0
1522938000,67.640,67.580,67.580,67.640,8032,102586
1522938060,67.610,67.640,67.610,67.640,0,0
1522938120,67.630,67.610,67.610,67.630,0,0
1522938180,67.650,67.700,67.650,67.700,0,0
1522938240,67.690,67.690,67.690,67.690,0,0
1522938300,67.650,67.600,67.600,67.650,3988,110618
1522938360,67.650,67.600,67.600,67.650,0,0
1522938420,67.620,67.640,67.620,67.640,0,0
1522938480,67.630,67.680,67.630,67.690,0,0
1522938600,67.690,67.720,67.690,67.720,3798,114606
1522938660,67.720,67.720,67.720,67.720,0,0
1522938720,67.720,67.720,67.720,67.720,0,0
1522938780,67.690,67.700,67.690,67.700,0,0
1522938840,67.680,67.690,67.680,67.690,0,0
1522938900,67.670,67.680,67.670,67.710,5761,118404
1522938960,67.660,67.620,67.620,67.660,0,0
1522939020,67.580,67.570,67.570,67.580,0,0
1522939080,67.530,67.500,67.500,67.530,0,0
1522939140,67.490,67.460,67.460,67.490,0,0
1522939200,67.460,67.410,67.410,67.460,9561,124165
1522939260,67.400,67.440,67.400,67.450,0,0
1522939320,67.400,67.460,67.400,67.460,0,0
1522939380,67.420,67.380,67.340,67.420,0,0
1522939440,67.360,67.330,67.330,67.360,0,0
1522939500,67.370,67.340,67.300,67.370,8074,133726
1522939560,67.320,67.320,67.320,67.320,0,0
1522939620,67.220,67.230,67.190,67.230,0,0
1522939680,67.220,67.250,67.220,67.250,0,0
1522939740,67.240,67.250,67.240,67.250,0,0
1522939800,67.260,67.280,67.260,67.280,5459,141800
1522939860,67.280,67.360,67.280,67.360,0,0
1522939920,67.350,67.330,67.330,67.350,0,0
1522939980,67.320,67.300,67.280,67.320,0,0
1522940040,67.370,67.400,67.370,67.400,0,0
1522940100,67.390,67.440,67.390,67.440,3846,147259
1522940160,67.420,67.420,67.420,67.420,0,0
1522940220,67.420,67.390,67.390,67.420,0,0
1522940280,67.380,67.330,67.330,67.380,0,0
1522940340,67.360,67.360,67.360,67.360,0,0
1522940400,67.270,67.290,67.270,67.290,2892,151105
1522940460,67.270,67.290,67.270,67.290,0,0
1522940520,67.310,67.330,67.310,67.340,0,0
1522940580,67.350,67.350,67.350,67.350,0,0
1522940640,67.380,67.380,67.380,67.380,0,0
1522940700,67.370,67.400,67.370,67.400,2878,153997
1522940760,67.370,67.400,67.370,67.400,0,0
1522940820,67.390,67.360,67.360,67.390,0,0
1522940880,67.410,67.440,67.410,67.440,0,0
1522941000,67.450,67.450,67.450,67.450,3134,156875
1522941060,67.450,67.450,67.450,67.450,0,0
1522941120,67.480,67.470,67.470,67.480,0,0
1522941180,67.470,67.450,67.450,67.470,0,0
1522941240,67.450,67.460,67.410,67.460,0,0
1522941300,67.440,67.440,67.440,67.440,2487,160009
1522941360,67.420,67.420,67.420,67.420,0,0
1522941480,67.430,67.340,67.340,67.430,0,0
1522941540,67.360,67.370,67.360,67.370,0,0
1522941600,67.390,67.420,67.390,67.420,4842,162496
1522941720,67.430,67.430,67.430,67.430,0,0
1522941840,67.470,67.440,67.440,67.470,0,0
1522941900,67.430,67.430,67.430,67.430,2466,167338
1522941960,67.440,67.440,67.440,67.440,0,0
1522942080,67.420,67.430,67.420,67.430,0,0
1522942140,67.420,67.420,67.420,67.420,0,0
1522942200,67.400,67.390,67.390,67.400,26823,169804
1522942260,67.420,67.400,67.400,67.420,0,0
1522942320,67.420,67.420,67.420,67.420,0,0
1522942380,67.410,67.460,67.410,67.460,0,0
1522942440,67.450,67.430,67.430,67.450,0,0
1522942500,67.460,67.460,67.460,67.460,2124,196627
1522942560,67.420,67.480,67.420,67.480,0,0
1522942620,67.480,67.470,67.470,67.480,0,0
1522942680,67.480,67.460,67.460,67.480,0,0
1522942800,67.470,67.470,67.470,67.470,2851,198751
1522942860,67.450,67.450,67.450,67.450,0,0
1522943040,67.440,67.450,67.440,67.450,0,0
1522943100,67.440,67.410,67.410,67.440,1723,201602
1522943160,67.400,67.400,67.400,67.400,0,0
1522943220,67.370,67.340,67.340,67.370,0,0
1522943280,67.340,67.330,67.330,67.340,0,0
1522943400,67.320,67.330,67.320,67.330,4578,203325
1522943460,67.340,67.330,67.330,67.340,0,0
1522943520,67.330,67.330,67.330,67.330,0,0
1522943580,67.330,67.310,67.310,67.330,0,0
1522943640,67.310,67.310,67.310,67.310,0,0
1522943700,67.250,67.240,67.240,67.250,1821,207903
1522943820,67.250,67.250,67.250,67.250,0,0
1522943880,67.200,67.200,67.200,67.200,0,0
1522943940,67.190,67.190,67.190,67.190,0,0
1522944000,67.220,67.200,67.200,67.220,4033,209724
1522944060,67.210,67.200,67.200,67.230,0,0
1522944120,67.200,67.230,67.200,67.230,0,0
1522944300,67.250,67.220,67.220,67.250,5001,213757
1522944360,67.210,67.210,67.210,67.210,0,0
1522944420,67.190,67.210,67.190,67.230,0,0
1522944480,67.190,67.200,67.190,67.200,0,0
1522944540,67.180,67.180,67.180,67.180,0,0
1522944600,67.190,67.160,67.160,67.190,3654,218758
1522944660,67.190,67.160,67.160,67.190,0,0
1522944720,67.160,67.160,67.160,67.160,0,0
1522944780,67.120,67.120,67.120,67.120,0,0
1522944840,67.140,67.140,67.140,67.140,0,0
1522944900,67.010,67.070,67.010,67.070,8876,222412
1522944960,67.060,67.060,67.060,67.060,0,0
1522945020,67.050,67.050,67.050,67.050,0,0
1522945080,67.000,67.090,67.000,67.090,0,0
1522945140,67.120,67.170,67.120,67.170,0,0
1522945200,67.190,67.190,67.190,67.190,2366,231288
1522945260,67.200,67.200,67.200,67.200,0,0
1522945320,67.180,67.180,67.180,67.180,0,0
1522945380,67.210,67.210,67.210,67.210,0,0
1522945440,67.200,67.160,67.140,67.200,0,0
1522945500,67.150,67.170,67.150,67.170,2239,233654
1522945620,67.150,67.170,67.150,67.170,0,0
1522945680,67.140,67.140,67.140,67.140,0,0
1522945740,67.150,67.160,67.150,67.160,0,0
1522945800,67.150,67.150,67.150,67.150,1693,235893
1522945860,67.170,67.160,67.160,67.170,0,0
1522945980,67.100,67.110,67.100,67.110,0,0
1522946040,67.080,67.080,67.080,67.080,0,0
1522946100,67.120,67.110,67.110,67.120,1939,237586
1522946220,67.140,67.120,67.120,67.140,0,0
1522946280,67.130,67.130,67.130,67.130,0,0
1522946400,67.150,67.150,67.150,67.150,3702,239525
1522946460,67.110,67.100,67.100,67.120,0,0
1522946580,67.080,67.080,67.080,67.080,0,0
1522946640,67.050,67.110,67.050,67.110,0,0
1522946700,67.080,67.110,67.080,67.110,2078,243227
1522946760,67.120,67.120,67.120,67.120,0,0
1522946820,67.120,67.140,67.120,67.140,0,0
1522946940,67.130,67.130,67.130,67.130,0,0
1522947000,67.140,67.120,67.120,67.140,3731,245305
1522947060,67.120,67.130,67.100,67.130,0,0
1522947120,67.160,67.160,67.160,67.160,0,0
1522947180,67.110,67.090,67.090,67.110,0,0
1522947240,67.070,67.070,67.070,67.070,0,0
1522947300,67.090,67.090,67.090,67.090,2878,249036
1522947360,67.060,67.070,67.060,67.070,0,0
1522947420,67.070,67.070,67.070,67.070,0,0
1522947480,67.070,67.070,67.070,67.070,0,0
1522947540,67.070,67.080,67.070,67.080,0,0
1522947600,67.100,67.110,67.080,67.110,1514,251914
1522947720,67.120,67.120,67.120,67.120,0,0
1522947840,67.120,67.080,67.080,67.120,0,0
1522947900,67.120,67.140,67.120,67.140,3126,253428
1522948020,67.110,67.140,67.110,67.140,0,0
1522948080,67.140,67.160,67.140,67.160,0,0
1522948140,67.160,67.160,67.160,67.160,0,0
1522948200,67.170,67.190,67.170,67.190,6279,256554
1522948260,67.170,67.190,67.170,67.190,0,0
1522948320,67.220,67.130,67.130,67.220,0,0
1522948380,67.150,67.150,67.150,67.150,0,0
1522948440,67.190,67.160,67.160,67.190,0,0
1522948500,67.150,67.110,67.110,67.150,1745,262833
1522948740,67.100,67.100,67.100,67.100,0,0
1522948800,67.110,67.100,67.100,67.110,3386,264578
1522948860,67.110,67.080,67.080,67.110,0,0
1522948920,67.130,67.130,67.130,67.130,0,0
1522948980,67.060,67.050,67.050,67.060,0,0
1522949100,67.020,67.020,67.020,67.020,2569,267964
1522949160,67.010,67.010,67.010,67.010,0,0
1522949220,67.020,67.040,67.020,67.040,0,0
1522949280,67.000,67.040,67.000,67.040,0,0
1522949340,67.060,67.060,67.060,67.060,0,0
1522949400,67.060,67.060,67.060,67.060,1970,270533
1522949460,67.080,67.060,67.060,67.100,0,0
1522949520,67.090,67.090,67.090,67.090,0,0
1522949580,67.100,67.100,67.100,67.100,0,0
1522949700,67.040,67.040,67.040,67.040,2456,272503
1522949820,67.040,67.040,67.040,67.040,0,0
1522949880,67.050,67.060,67.050,67.060,0,0
1522949940,67.060,67.040,67.040,67.060,0,0
1522950000,67.010,67.010,67.010,67.010,2792,274959
1522950060,66.930,66.930,66.930,66.930,0,0
1522950180,66.950,66.900,66.900,66.950,0,0
1522950240,66.940,66.940,66.940,66.940,0,0
1522950300,66.900,66.950,66.900,66.950,3267,277751
1522950360,66.950,66.940,66.940,66.950,0,0
1522950420,66.930,66.930,66.930,66.930,0,0
1522950540,66.950,66.980,66.950,66.980,0,0
1522950600,67.010,67.010,67.010,67.010,1710,281018
1522950660,67.000,67.050,67.000,67.050,0,0
1522950840,67.010,67.010,67.010,67.010,0,0
1522950900,66.990,67.040,66.990,67.040,2225,282728
1522950960,67.050,67.040,67.040,67.050,0,0
1522951020,67.060,67.050,67.050,67.060,0,0
1522951200,67.030,67.040,67.030,67.040,3889,284953
1522951260,67.040,67.040,67.040,67.040,0,0
1522951320,67.040,67.080,67.040,67.080,0,0
1522951380,67.100,67.100,67.100,67.100,0,0
1522951440,67.130,67.110,67.090,67.130,0,0
1522951500,67.070,67.050,67.050,67.070,4550,288842
1522951560,67.040,67.060,67.040,67.060,0,0
1522951620,67.030,67.000,67.000,67.030,0,0
1522951680,67.010,66.990,66.990,67.010,0,0
1522951740,66.950,66.970,66.950,66.970,0,0
1522951800,66.970,67.000,66.970,67.000,2917,293392
1522951860,67.010,67.030,67.010,67.030,0,0
1522951920,67.060,67.000,67.000,67.060,0,0
1522951980,67.010,67.000,66.990,67.010,0,0
1522952040,66.970,66.970,66.970,66.970,0,0
1522952100,66.970,67.010,66.970,67.010,3717,296309
1522952160,67.010,67.030,67.010,67.030,0,0
1522952220,67.060,67.060,67.060,67.060,0,0
1522952280,67.080,67.090,67.080,67.090,0,0
1522952340,67.060,67.060,67.060,67.060,0,0
1522952400,67.080,67.050,67.050,67.080,3140,300026
1522952460,67.050,67.040,67.040,67.050,0,0
1522952520,67.080,67.030,67.030,67.080,0,0
1522952580,67.050,67.030,67.030,67.050,0,0
1522952640,67.030,67.020,67.020,67.030,0,0
1522952700,67.030,67.030,67.030,67.030,3771,303166
1522952760,67.050,67.060,67.050,67.060,0,0
1522952820,67.050,67.090,67.050,67.090,0,0
1522952880,67.100,67.060,67.060,67.100,0,0
1522953000,67.070,67.070,67.070,67.070,3804,306937
1522953060,67.050,67.080,67.050,67.080,0,0
1522953120,67.090,67.060,67.060,67.090,0,0
1522953180,67.040,67.100,67.040,67.100,0,0
1522953240,67.060,67.090,67.060,67.090,0,0
1522953300,67.080,67.080,67.080,67.080,2570,310741
1522953360,67.080,67.080,67.080,67.080,0,0
1522953420,67.080,67.060,67.060,67.080,0,0
1522953480,67.070,67.050,67.050,67.070,0,0
1522953540,67.050,67.050,67.050,67.050,0,0
1522953600,67.070,67.090,67.070,67.090,6418,313311
1522953720,67.040,67.030,67.030,67.040,0,0
1522953780,67.050,67.010,67.000,67.050,0,0
1522953840,67.030,67.060,67.030,67.080,0,0
1522953900,67.070,67.070,67.070,67.070,3378,319729
1522953960,67.080,67.090,67.080,67.110,0,0
1522954020,67.060,67.060,67.060,67.060,0,0
1522954080,67.060,67.060,67.060,67.060,0,0
1522954140,67.040,67.040,67.040,67.040,0,0
1522954200,67.040,67.060,67.040,67.060,5878,323107
1522954260,67.070,67.070,67.070,67.070,0,0
1522954320,67.050,67.070,67.050,67.070,0,0
1522954380,67.070,67.050,67.050,67.070,0,0
1522954440,67.060,67.090,67.060,67.090,0,0
1522954500,67.080,67.080,67.080,67.080,2710,328985
1522954560,67.080,67.100,67.080,67.100,0,0
1522954680,67.090,67.090,67.090,67.090,0,0
1522954740,67.060,67.050,67.050,67.060,0,0
1522954800,67.060,67.040,67.040,67.060,5498,331695
1522954860,67.030,67.000,67.000,67.030,0,0
1522954920,67.000,67.030,67.000,67.030,0,0
1522954980,67.040,67.040,67.040,67.040,0,0
1522955040,67.030,67.050,67.030,67.050,0,0
1522955100,67.030,67.030,67.030,67.030,3952,337193
1522955160,67.050,67.060,67.040,67.060,0,0
1522955220,67.040,67.040,67.040,67.040,0,0
1522955280,67.030,67.110,67.030,67.110,0,0
1522955340,67.140,67.140,67.140,67.140,0,0
1522955400,67.170,67.160,67.160,67.170,2675,341145
1522955460,67.170,67.160,67.160,67.170,0,0
1522955520,67.190,67.160,67.160,67.190,0,0
1522955580,67.160,67.160,67.160,67.160,0,0
1522955640,67.150,67.150,67.150,67.150,0,0
1522955700,67.170,67.190,67.170,67.190,4781,343820
1522955760,67.190,67.170,67.170,67.190,0,0
1522955820,67.150,67.150,67.150,67.150,0,0
1522955880,67.180,67.160,67.160,67.180,0,0
1522955940,67.150,67.150,67.150,67.150,0,0
1522956000,67.130,67.130,67.130,67.130,6768,348601
1522956060,67.130,67.140,67.130,67.140,0,0
1522956120,67.150,67.160,67.150,67.160,0,0
1522956180,67.180,67.180,67.180,67.180,0,0
1522956240,67.170,67.160,67.160,67.170,0,0
1522956300,67.130,67.130,67.130,67.130,7716,355369
1522956360,67.120,67.080,67.080,67.120,0,0
1522956420,67.080,67.060,67.060,67.080,0,0
1522956480,67.070,67.060,67.060,67.070,0,0
1522956540,67.080,67.080,67.080,67.080,0,0
1522956600,67.090,67.050,67.050,67.090,10806,363085
1522956660,67.050,67.010,67.010,67.050,0,0
1522956720,67.020,67.030,67.020,67.030,0,0
1522956780,66.980,66.970,66.970,66.980,0,0
1522956840,66.970,66.940,66.940,66.970,0,0
1522956900,66.920,66.930,66.910,66.940,11285,373891
1522956960,66.910,66.930,66.910,66.930,0,0
1522957020,66.940,66.930,66.930,66.940,0,0
1522957080,66.940,66.910,66.910,66.940,0,0
1522957140,66.880,66.860,66.860,66.880,0,0
1522957200,66.870,66.880,66.860,66.890,17433,385176
1522957260,66.880,66.910,66.880,66.910,0,0
1522957320,66.920,67.000,66.920,67.000,0,0
1522957380,66.990,66.990,66.990,66.990,0,0
1522957440,66.990,67.050,66.990,67.050,0,0
1522957500,67.080,67.090,67.070,67.090,12877,402609
1522957560,67.090,67.100,67.090,67.110,0,0
1522957620,67.090,67.090,67.090,67.090,0,0
1522957680,67.100,67.130,67.100,67.130,0,0
1522957740,67.130,67.130,67.130,67.130,0,0
1522957800,67.120,67.010,67.010,67.120,20495,415486
1522957860,67.020,67.030,67.020,67.040,0,0
1522957920,67.040,67.050,67.030,67.050,0,0
1522957980,67.040,67.070,67.030,67.070,0,0
1522958040,67.060,67.030,67.030,67.060,0,0
1522958100,67.020,66.980,66.980,67.020,39088,435981
1522958160,66.950,66.960,66.950,66.960,0,0
1522958220,66.970,66.960,66.960,66.980,0,0
1522958280,66.970,66.950,66.950,66.970,0,0
1522958340,66.950,66.900,66.900,66.950,0,0
1523021400,66.440,67.210,66.440,67.210,7404,0
1523021520,66.810,66.810,66.810,66.810,0,0
1523021580,66.760,66.770,66.760,66.770,0,0
1523021700,66.760,66.760,66.760,66.760,1716,7404
1523021880,66.920,66.920,66.920,66.920,0,0
1523021940,66.940,66.940,66.940,66.940,0,0
1523022000,66.910,66.910,66.910,66.910,5703,9120
1523022060,66.810,66.780,66.780,66.830,0,0
1523022120,66.700,66.660,66.660,66.700,0,0
1523022180,66.730,66.730,66.730,66.730,0,0
1523022240,66.710,66.800,66.710,66.800,0,0
1523022300,66.730,66.730,66.730,66.730,702,14823
1523022360,66.730,66.730,66.730,66.730,0,0
1523022420,66.700,66.700,66.700,66.700,0,0
1523022600,66.820,66.820,66.820,66.820,2406,15525
1523022660,66.820,66.830,66.820,66.830,0,0
1523022780,66.910,66.910,66.910,66.910,0,0
1523022900,66.880,66.880,66.880,66.880,1716,17931
1523023020,66.830,66.830,66.830,66.830,0,0
1523023080,66.820,66.820,66.820,66.820,0,0
1523023200,66.810,66.810,66.810,66.810,6653,19647
1523023320,66.820,66.760,66.760,66.820,0,0
1523023440,66.780,66.810,66.780,66.810,0,0
1523023500,66.780,66.780,66.780,66.780,3134,26300
1523023560,66.760,66.760,66.760,66.760,0,0
1523023620,66.760,66.760,66.760,66.760,0,0
1523023680,66.790,66.790,66.790,66.790,0,0
1523023800,66.810,66.810,66.810,66.810,1637,29434
1523023860,66.780,66.780,66.780,66.780,0,0
1523023920,66.800,66.800,66.800,66.800,0,0
1523024100,66.800,66.800,66.800,66.800,5531,31071
1523024160,66.820,66.800,66.800,66.820,0,0
1523024220,66.800,66.800,66.800,66.800,0,0
1523024280,66.800,66.800,66.800,66.800,0,0
1523024340,66.810,66.820,66.810,66.820,0,0
1523024400,66.830,66.830,66.830,66.830,1199,36602
1523024520,66.880,66.880,66.880,66.880,0,0
1523024580,66.880,66.880,66.880,66.880,0,0
1523024700,66.820,66.820,66.820,66.820,2816,37801
1523024820,66.820,66.820,66.820,66.820,0,0
1523024880,66.780,66.780,66.780,66.780,0,0
1523025000,66.750,66.750,66.750,66.750,3612,40617
1523025120,66.750,66.750,66.750,66.750,0,0
1523025180,66.730,66.730,66.730,66.730,0,0
1523025300,66.720,66.710,66.710,66.720,2160,44229
1523025360,66.700,66.700,66.700,66.700,0,0
1523025420,66.670,66.650,66.650,66.670,0,0
1523025480,66.670,66.670,66.670,66.670,0,0
1523025540,66.700,66.700,66.700,66.700,0,0
1523025600,66.630,66.620,66.620,66.630,1197,46389
1523025720,66.630,66.620,66.620,66.630,0,0
1523025780,66.610,66.610,66.610,66.610,0,0
1523025840,66.630,66.630,66.630,66.630,0,0
1523025900,66.620,66.560,66.560,66.620,1149,47586
1523026080,66.540,66.540,66.540,66.540,0,0
1523026200,66.540,66.550,66.540,66.550,5150,48735
1523026260,66.570,66.550,66.550,66.590,0,0
1523026320,66.570,66.590,66.570,66.590,0,0
1523026440,66.590,66.590,66.590,66.590,0,0
1523026500,66.620,66.620,66.620,66.620,2771,53885
1523026560,66.680,66.680,66.680,66.680,0,0
1523026620,66.680,66.650,66.650,66.680,0,0
1523026740,66.660,66.680,66.660,66.680,0,0
1523026800,66.650,66.650,66.650,66.650,1366,56656
1523026860,66.590,66.560,66.560,66.590,0,0
1523026980,66.520,66.520,66.520,66.520,0,0
1523027040,66.480,66.520,66.480,66.520,0,0
1523027100,66.500,66.480,66.480,66.500,1413,58022
1523027220,66.500,66.500,66.500,66.500,0,0
1523027280,66.530,66.530,66.530,66.530,0,0
1523027340,66.520,66.520,66.520,66.520,0,0
1523027400,66.540,66.540,66.540,66.540,3295,59435
1523027460,66.540,66.540,66.540,66.540,0,0
1523027580,66.500,66.520,66.500,66.520,0,0
1523027640,66.530,66.500,66.500,66.530,0,0
1523027700,66.480,66.450,66.450,66.480,1969,62730
1523027760,66.470,66.490,66.470,66.490,0,0
1523027820,66.500,66.500,66.500,66.500,0,0
1523027880,66.500,66.480,66.480,66.500,0,0
1523028000,66.510,66.510,66.510,66.510,5262,64699
1523028060,66.500,66.480,66.480,66.500,0,0
1523028120,66.470,66.450,66.450,66.470,0,0
1523028180,66.430,66.450,66.430,66.450,0,0
1523028240,66.380,66.400,66.380,66.400,0,0
1523028300,66.400,66.400,66.400,66.400,2753,69961
1523028360,66.450,66.450,66.450,66.450,0,0
1523028420,66.480,66.510,66.470,66.510,0,0
1523028480,66.490,66.460,66.460,66.490,0,0
1523028600,66.500,66.500,66.500,66.500,3250,72714
1523028660,66.490,66.490,66.490,66.490,0,0
1523028720,66.520,66.520,66.520,66.520,0,0
1523028840,66.560,66.560,66.560,66.560,0,0
1523028900,66.570,66.530,66.530,66.570,4874,75964
1523028960,66.590,66.590,66.590,66.590,0,0
1523029080,66.630,66.610,66.610,66.630,0,0
1523029140,66.640,66.630,66.630,66.640,0,0
1523029200,66.650,66.650,66.650,66.650,4491,80838
1523029260,66.700,66.690,66.690,66.710,0,0
1523029320,66.690,66.680,66.680,66.690,0,0
1523029380,66.660,66.660,66.660,66.660,0,0
1523029440,66.670,66.670,66.670,66.670,0,0
1523029500,66.610,66.610,66.610,66.610,1667,85329
1523029620,66.590,66.590,66.590,66.590,0,0
1523029800,66.600,66.600,66.600,66.600,2573,86996
1523029860,66.560,66.560,66.560,66.560,0,0
1523029920,66.590,66.590,66.590,66.590,0,0
1523029980,66.590,66.590,66.590,66.590,0,0
1523030100,66.600,66.600,66.600,66.600,3054,89569
1523030340,66.600,66.580,66.580,66.600,0,0
1523030400,66.560,66.560,66.560,66.560,1340,92623
1523030520,66.560,66.560,66.560,66.560,0,0
1523030640,66.530,66.510,66.510,66.530,0,0
1523030700,66.510,66.510,66.510,66.510,957,93963
1523030760,66.500,66.480,66.480,66.500,0,0
1523030880,66.490,66.490,66.490,66.490,0,0
1523030940,66.470,66.450,66.450,66.470,0,0
1523031000,66.470,66.420,66.420,66.470,827,94920
1523031060,66.470,66.420,66.420,66.470,0,0
1523031180,66.380,66.380,66.380,66.380,0,0
1523031300,66.370,66.370,66.370,66.370,1208,95747
1523031360,66.360,66.360,66.360,66.360,0,0
1523031540,66.300,66.280,66.280,66.300,0,0
1523031600,66.280,66.280,66.280,66.280,600,96955
1523031780,66.310,66.320,66.310,66.320,0,0
1523031900,66.230,66.230,66.230,66.230,3499,97555
1523031960,66.240,66.240,66.240,66.240,0,0
1523032140,66.260,66.250,66.250,66.260,0,0
1523032200,66.220,66.200,66.200,66.220,3743,101054
1523032260,66.220,66.200,66.200,66.220,0,0
1523032320,66.220,66.220,66.220,66.220,0,0
1523032380,66.250,66.240,66.240,66.250,0,0
1523032440,66.220,66.200,66.200,66.220,0,0
1523032500,66.220,66.210,66.210,66.220,4530,104797
1523032560,66.220,66.230,66.220,66.230,0,0
1523032620,66.240,66.220,66.220,66.240,0,0
1523032680,66.270,66.270,66.270,66.270,0,0
1523032740,66.280,66.290,66.280,66.290,0,0
1523032800,66.310,66.300,66.300,66.310,2861,109327
1523032860,66.310,66.350,66.310,66.350,0,0
1523032920,66.330,66.330,66.330,66.330,0,0
1523032980,66.340,66.330,66.330,66.340,0,0
1523033040,66.320,66.320,66.320,66.320,0,0
1523033100,66.300,66.300,66.300,66.300,3067,112188
1523033160,66.300,66.300,66.300,66.300,0,0
1523033220,66.300,66.310,66.290,66.310,0,0
1523033280,66.310,66.330,66.310,66.330,0,0
1523033340,66.370,66.370,66.370,66.370,0,0
1523033400,66.340,66.310,66.310,66.340,3289,115255
1523033520,66.340,66.310,66.310,66.340,0,0
1523033580,66.330,66.360,66.330,66.360,0,0
1523033700,66.390,66.390,66.390,66.390,2962,118544
1523033760,66.410,66.410,66.410,66.410,0,0
1523033880,66.410,66.400,66.390,66.420,0,0
1523033940,66.440,66.440,66.440,66.440,0,0
1523034000,66.420,66.380,66.380,66.420,2927,121506
1523034060,66.390,66.340,66.340,66.390,0,0
1523034180,66.340,66.340,66.340,66.340,0,0
1523034240,66.350,66.350,66.350,66.350,0,0
1523034300,66.330,66.300,66.300,66.330,4186,124433
1523034360,66.290,66.250,66.250,66.300,0,0
1523034420,66.260,66.280,66.260,66.280,0,0
1523034480,66.280,66.250,66.250,66.280,0,0
1523034540,66.260,66.260,66.260,66.260,0,0
1523034600,66.240,66.200,66.200,66.240,2961,128619
1523034660,66.210,66.200,66.200,66.210,0,0
1523034720,66.190,66.190,66.190,66.190,0,0
1523034780,66.180,66.200,66.180,66.230,0,0
1523034840,66.180,66.190,66.180,66.190,0,0
1523034900,66.190,66.190,66.190,66.190,1359,131580
1523035020,66.150,66.170,66.150,66.170,0,0
1523035080,66.190,66.190,66.190,66.190,0,0
1523035200,66.210,66.210,66.210,66.210,2641,132939
1523035260,66.210,66.210,66.210,66.210,0,0
1523035320,66.220,66.220,66.220,66.220,0,0
1523035380,66.200,66.210,66.200,66.210,0,0
1523035440,66.210,66.210,66.210,66.210,0,0
1523035500,66.220,66.220,66.220,66.220,2863,135580
1523035560,66.220,66.220,66.220,66.220,0,0
1523035620,66.210,66.290,66.210,66.290,0,0
1523035680,66.280,66.300,66.280,66.300,0,0
1523035740,66.270,66.260,66.260,66.270,0,0
1523035800,66.280,66.300,66.280,66.300,2401,138443
1523035920,66.310,66.310,66.310,66.310,0,0
1523035980,66.300,66.250,66.250,66.300,0,0
1523036040,66.200,66.190,66.190,66.200,0,0
1523036100,66.200,66.200,66.200,66.200,8205,140844
1523036220,66.210,66.200,66.200,66.210,0,0
1523036280,66.200,66.210,66.200,66.210,0,0
1523036340,66.200,66.150,66.150,66.200,0,0
1523036400,66.140,66.120,66.120,66.140,1833,149049
1523036520,66.140,66.120,66.120,66.140,0,0
1523036580,66.120,66.120,66.120,66.120,0,0
1523036640,66.150,66.150,66.150,66.150,0,0
1523036700,66.110,66.100,66.100,66.110,3398,150882
1523036820,66.110,66.100,66.100,66.110,0,0
1523036880,66.110,66.100,66.100,66.110,0,0
1523036940,66.060,66.020,66.020,66.060,0,0
1523037000,65.970,65.970,65.970,65.970,2400,154280
1523037060,65.970,65.980,65.970,65.980,0,0
1523037120,65.950,65.950,65.950,65.950,0,0
1523037180,65.930,65.930,65.930,65.930,0,0
1523037240,65.940,65.940,65.940,65.940,0,0
1523037300,65.920,65.930,65.920,65.930,3698,156680
1523037360,65.930,65.930,65.930,65.930,0,0
1523037420,65.910,65.890,65.890,65.910,0,0
1523037480,65.900,65.900,65.900,65.900,0,0
1523037540,65.890,65.830,65.830,65.890,0,0
1523037600,65.810,65.820,65.810,65.840,3780,160378
1523037660,65.850,65.870,65.850,65.870,0,0
1523037720,65.870,65.810,65.810,65.870,0,0
1523037780,65.860,65.860,65.860,65.860,0,0
1523037840,65.840,65.840,65.840,65.840,0,0
1523037900,65.860,65.860,65.860,65.860,2940,164158
1523037960,65.820,65.770,65.770,65.820,0,0
1523038020,65.800,65.750,65.750,65.800,0,0
1523038080,65.750,65.740,65.740,65.750,0,0
1523038140,65.760,65.760,65.760,65.760,0,0
1523038200,65.780,65.830,65.780,65.830,4398,167098
1523038260,65.800,65.800,65.800,65.800,0,0
1523038320,65.810,65.820,65.810,65.820,0,0
1523038380,65.810,65.810,65.810,65.810,0,0
1523038440,65.830,65.830,65.830,65.830,0,0
1523038500,65.810,65.770,65.770,65.810,3976,171496
1523038560,65.790,65.770,65.770,65.790,0,0
1523038620,65.780,65.780,65.780,65.780,0,0
1523038680,65.760,65.710,65.710,65.760,0,0
1523038740,65.710,65.710,65.710,65.710,0,0
1523038800,65.700,65.720,65.700,65.720,4133,175472
1523038860,65.690,65.690,65.690,65.690,0,0
1523038920,65.740,65.740,65.740,65.740,0,0
1523038980,65.720,65.700,65.700,65.720,0,0
1523039040,65.680,65.670,65.670,65.680,0,0
1523039100,65.680,65.610,65.610,65.680,5303,179605
1523039160,65.650,65.650,65.650,65.650,0,0
1523039220,65.640,65.600,65.600,65.670,0,0
1523039280,65.620,65.590,65.590,65.620,0,0
1523039340,65.600,65.600,65.600,65.600,0,0
1523039400,65.600,65.630,65.600,65.630,2785,184908
1523039520,65.600,65.600,65.600,65.600,0,0
1523039580,65.550,65.530,65.530,65.550,0,0
1523039640,65.500,65.460,65.460,65.500,0,0
1523039700,65.500,65.450,65.450,65.500,7052,187693
1523039760,65.520,65.470,65.470,65.520,0,0
1523039880,65.400,65.370,65.370,65.400,0,0
1523039940,65.360,65.360,65.360,65.360,0,0
1523040000,65.330,65.330,65.330,65.330,5539,194745
1523040060,65.390,65.460,65.390,65.460,0,0
1523040120,65.440,65.460,65.440,65.460,0,0
1523040180,65.470,65.480,65.470,65.480,0,0
1523040240,65.490,65.430,65.430,65.500,0,0
1523040300,65.450,65.450,65.450,65.450,3734,200284
1523040360,65.450,65.450,65.450,65.450,0,0
1523040420,65.460,65.460,65.460,65.460,0,0
1523040480,65.420,65.390,65.390,65.420,0,0
1523040540,65.370,65.390,65.370,65.390,0,0
1523040600,65.370,65.310,65.310,65.370,6204,204018
1523040660,65.300,65.360,65.300,65.360,0,0
1523040720,65.370,65.370,65.370,65.370,0,0
1523040780,65.340,65.400,65.340,65.400,0,0
1523040900,65.440,65.430,65.430,65.450,5874,210222
1523040960,65.420,65.420,65.420,65.420,0,0
1523041080,65.390,65.340,65.340,65.390,0,0
1523041140,65.330,65.330,65.330,65.330,0,0
1523041200,65.340,65.390,65.340,65.390,6409,216096
1523041260,65.430,65.430,65.430,65.430,0,0
1523041320,65.380,65.420,65.380,65.420,0,0
1523041380,65.380,65.370,65.370,65.380,0,0
1523041440,65.370,65.340,65.340,65.370,0,0
1523041500,65.310,65.310,65.310,65.310,2751,222505
1523041560,65.310,65.310,65.310,65.310,0,0
1523041620,65.300,65.290,65.290,65.300,0,0
1523041680,65.320,65.320,65.320,65.320,0,0
1523041740,65.320,65.340,65.320,65.340,0,0
1523041800,65.350,65.370,65.350,65.370,7830,225256
1523041860,65.380,65.360,65.360,65.380,0,0
1523041920,65.380,65.440,65.380,65.440,0,0
1523041980,65.460,65.450,65.450,65.460,0,0
1523042040,65.460,65.490,65.460,65.490,0,0
1523042100,65.560,65.540,65.540,65.560,5488,233086
1523042160,65.560,65.540,65.540,65.560,0,0
1523042220,65.550,65.570,65.540,65.570,0,0
1523042280,65.600,65.580,65.580,65.600,0,0
1523042340,65.580,65.570,65.570,65.580,0,0
1523042400,65.550,65.540,65.540,65.550,6175,238574
1523042460,65.540,65.530,65.530,65.550,0,0
1523042520,65.530,65.590,65.530,65.590,0,0
1523042580,65.600,65.590,65.590,65.610,0,0
1523042640,65.560,65.570,65.560,65.570,0,0
1523042700,65.580,65.580,65.580,65.580,26223,244749
1523042760,65.580,65.540,65.540,65.590,0,0
1523042820,65.550,65.570,65.550,65.580,0,0
1523042880,65.550,65.540,65.510,65.550,0,0
1523042940,65.540,65.540,65.540,65.540,0,0
1523043000,65.550,65.530,65.530,65.550,10376,270972
1523043060,65.550,65.530,65.530,65.550,0,0
1523043120,65.530,65.590,65.530,65.590,0,0
1523043180,65.610,65.620,65.610,65.620,0,0
1523043240,65.670,65.650,65.650,65.670,0,0
1523043300,65.640,65.630,65.600,65.640,16272,281348
1523043360,65.660,65.690,65.660,65.690,0,0
1523043420,65.650,65.630,65.630,65.650,0,0
1523043480,65.620,65.640,65.620,65.650,0,0
1523043540,65.650,65.680,65.650,65.680,0,0
1523043600,65.690,65.710,65.690,65.730,12027,297620
1523043660,65.720,65.700,65.700,65.720,0,0
1523043720,65.740,65.760,65.740,65.760,0,0
1523043780,65.770,65.720,65.720,65.770,0,0
1523043840,65.720,65.740,65.720,65.740,0,0
1523043900,65.750,65.690,65.690,65.760,11725,309647
1523043960,65.700,65.690,65.670,65.700,0,0
1523044020,65.690,65.650,65.650,65.710,0,0
1523044080,65.640,65.650,65.640,65.650,0,0
1523044140,65.640,65.650,65.640,65.650,0,0
1523044200,65.570,65.670,65.570,65.670,34392,321372
1523044260,65.670,65.740,65.670,65.750,0,0
1523044320,65.720,65.690,65.690,65.740,0,0
1523044380,65.710,65.720,65.710,65.720,0,0
1523044440,65.720,65.690,65.670,65.720,0,0
1523044500,65.670,65.660,65.640,65.670,51151,355764
1523044560,65.670,65.660,65.640,65.670,0,0
1523044620,65.650,65.660,65.650,65.690,0,0
1523044680,65.660,65.650,65.650,65.680,0,0
1523044740,65.620,65.590,65.580,65.620,0,0
1523280600,66.090,66.090,66.090,66.090,6499,0
1523280720,66.340,66.240,66.200,66.350,0,0
1523280780,66.160,66.160,66.160,66.160,0,0
1523280840,66.040,66.040,66.040,66.040,0,0
1523280900,66.040,66.040,66.040,66.040,301,6499
1523281020,66.040,66.040,66.040,66.040,0,0
1523281200,65.790,65.790,65.790,65.790,4854,6800
1523281380,65.940,65.940,65.940,65.940,0,0
1523281440,65.960,65.960,65.960,65.960,0,0
1523281500,65.940,66.020,65.940,66.020,1013,11654
1523282220,65.900,65.870,65.870,65.900,0,0
1523282280,65.940,65.940,65.940,65.940,0,0
1523282340,65.910,65.880,65.880,65.910,0,0
1523282400,65.910,65.910,65.910,65.910,0,0
1523282460,65.860,65.890,65.860,65.890,0,0
1523282520,65.890,65.930,65.890,65.930,0,0
1523282700,65.980,65.980,65.980,65.980,1606,0
1523282760,66.010,66.020,66.010,66.020,0,0
1523282880,65.900,65.900,65.900,65.900,0,0
1523282940,65.930,65.930,65.930,65.930,0,0
1523283000,65.930,65.930,65.930,65.930,3117,39023
1523283120,65.990,65.990,65.990,65.990,0,0
1523283180,65.980,65.980,65.980,65.980,0,0
1523283240,65.970,65.970,65.970,65.970,0,0
1523283300,65.940,65.940,65.940,65.940,1988,42140
1523283360,65.940,65.940,65.940,65.940,0,0
1523283420,65.940,65.940,65.940,65.940,0,0
1523283480,65.910,65.880,65.880,65.910,0,0
1523283540,65.900,65.900,65.900,65.900,0,0
1523283600,65.870,65.890,65.870,65.890,2104,44128
1523283660,65.940,65.940,65.940,65.940,0,0
1523283780,65.910,65.910,65.910,65.910,0,0
1523283840,65.910,65.910,65.910,65.910,0,0
1523283900,65.930,65.930,65.930,65.930,2042,46232
1523283960,65.930,65.930,65.930,65.930,0,0
1523284020,65.900,65.950,65.900,65.950,0,0
1523284140,65.990,65.990,65.990,65.990,0,0
1523284200,65.990,66.020,65.990,66.020,705,48274
1523284260,66.090,66.090,66.090,66.090,0,0
1523284320,66.130,66.130,66.130,66.130,0,0
1523284500,66.130,66.130,66.130,66.130,1592,48979
1523284560,66.140,66.150,66.140,66.150,0,0
1523284680,66.150,66.140,66.140,66.150,0,0
1523284740,66.130,66.130,66.130,66.130,0,0
1523284800,66.140,66.140,66.140,66.140,1981,50571
1523284920,66.140,66.140,66.140,66.140,0,0
1523284980,66.240,66.240,66.240,66.240,0,0
1523285040,66.230,66.230,66.230,66.230,0,0
1523285100,66.240,66.240,66.240,66.240,1274,52552
1523285220,66.250,66.220,66.220,66.250,0,0
1523285400,66.240,66.180,66.180,66.240,2416,53826
1523285520,66.240,66.250,66.220,66.270,0,0
1523285580,66.250,66.270,66.250,66.270,0,0
1523285700,66.230,66.250,66.230,66.250,3250,56242
1523285760,66.300,66.330,66.300,66.330,0,0
1523285820,66.330,66.330,66.330,66.330,0,0
1523285940,66.310,66.310,66.310,66.310,0,0
1523286000,66.340,66.270,66.270,66.340,5059,59492
1523286120,66.250,66.250,66.250,66.250,0,0
1523286180,66.250,66.220,66.220,66.250,0,0
1523286240,66.170,66.170,66.170,66.170,0,0
1523286300,66.240,66.260,66.240,66.260,3859,64551
1523286360,66.240,66.260,66.240,66.260,0,0
1523286480,66.240,66.240,66.240,66.240,0,0
1523286540,66.160,66.200,66.160,66.200,0,0
1523286600,66.200,66.200,66.200,66.200,2387,68410
1523286660,66.200,66.200,66.200,66.200,0,0
1523286720,66.240,66.240,66.240,66.240,0,0
1523286780,66.290,66.290,66.290,66.290,0,0
1523286840,66.290,66.300,66.290,66.300,0,0
1523286900,66.330,66.330,66.330,66.330,1217,70797
1523287020,66.330,66.330,66.330,66.330,0,0
1523287080,66.340,66.360,66.340,66.380,0,0
1523287200,66.400,66.400,66.400,66.400,4412,72014
1523287260,66.450,66.470,66.450,66.470,0,0
1523287320,66.480,66.480,66.480,66.480,0,0
1523287380,66.470,66.450,66.420,66.470,0,0
1523287440,66.480,66.480,66.480,66.480,0,0
1523287500,66.500,66.490,66.490,66.500,2035,76426
1523287620,66.480,66.480,66.480,66.480,0,0
1523287680,66.500,66.500,66.500,66.500,0,0
1523287740,66.510,66.510,66.510,66.510,0,0
1523287800,66.500,66.510,66.500,66.510,3236,78461
1523287860,66.510,66.550,66.510,66.550,0,0
1523287920,66.570,66.570,66.570,66.570,0,0
1523287980,66.540,66.540,66.540,66.540,0,0
1523288040,66.590,66.580,66.560,66.590,0,0
1523288100,66.580,66.580,66.580,66.580,1535,81697
1523288160,66.590,66.590,66.590,66.590,0,0
1523288220,66.570,66.570,66.570,66.570,0,0
1523288280,66.510,66.510,66.510,66.510,0,0
1523288340,66.490,66.490,66.490,66.490,0,0
1523288400,66.490,66.490,66.490,66.490,1872,83232
1523288520,66.480,66.480,66.480,66.480,0,0
1523288580,66.480,66.480,66.480,66.480,0,0
1523288640,66.480,66.480,66.480,66.480,0,0
1523288700,66.490,66.510,66.450,66.510,3241,85104
1523288880,66.540,66.570,66.540,66.570,0,0
1523288940,66.550,66.520,66.520,66.550,0,0
1523289000,66.520,66.520,66.520,66.520,1027,88345
1523289240,66.500,66.500,66.500,66.500,0,0
1523289300,66.500,66.450,66.450,66.510,3080,89372
1523289360,66.470,66.470,66.470,66.470,0,0
1523289420,66.470,66.430,66.430,66.470,0,0
1523289480,66.460,66.460,66.460,66.460,0,0
1523289540,66.470,66.500,66.470,66.500,0,0
1523289600,66.510,66.520,66.510,66.530,1884,92452
1523289660,66.520,66.550,66.520,66.550,0,0
1523289720,66.510,66.510,66.510,66.510,0,0
1523289840,66.500,66.500,66.500,66.500,0,0
1523289900,66.500,66.500,66.500,66.500,1555,94336
1523289960,66.530,66.540,66.530,66.540,0,0
1523290080,66.550,66.570,66.550,66.570,0,0
1523290140,66.570,66.570,66.570,66.570,0,0
1523290200,66.560,66.510,66.510,66.560,3736,95891
1523290320,66.550,66.530,66.530,66.550,0,0
1523290380,66.540,66.530,66.530,66.540,0,0
1523290440,66.530,66.530,66.530,66.530,0,0
1523290500,66.560,66.560,66.560,66.560,912,99627
1523290620,66.560,66.560,66.560,66.560,0,0
1523290680,66.560,66.550,66.550,66.560,0,0
1523290740,66.530,66.530,66.530,66.530,0,0
1523290800,66.510,66.520,66.510,66.520,3658,100539
1523290860,66.510,66.520,66.510,66.520,0,0
1523290920,66.490,66.460,66.460,66.490,0,0
1523290980,66.460,66.450,66.450,66.460,0,0
1523291040,66.470,66.470,66.470,66.470,0,0
1523291100,66.480,66.480,66.480,66.480,12772,104197
1523291160,66.470,66.470,66.470,66.470,0,0
1523291280,66.500,66.550,66.500,66.550,0,0
1523291400,66.550,66.550,66.550,66.550,2630,116969
1523291460,66.560,66.550,66.550,66.560,0,0
1523291520,66.560,66.560,66.560,66.560,0,0
1523291580,66.560,66.560,66.560,66.560,0,0
1523291640,66.570,66.590,66.570,66.590,0,0
1523291700,66.580,66.580,66.580,66.580,2825,119599
1523291760,66.580,66.580,66.580,66.580,0,0
1523291820,66.600,66.600,66.600,66.600,0,0
1523291880,66.580,66.570,66.570,66.580,0,0
1523291940,66.580,66.510,66.510,66.580,0,0
1523292000,66.530,66.530,66.530,66.530,1735,122424
1523292060,66.530,66.530,66.530,66.530,0,0
1523292120,66.550,66.550,66.550,66.550,0,0
1523292180,66.550,66.550,66.550,66.550,0,0
1523292300,66.560,66.580,66.560,66.580,3736,124159
1523292360,66.560,66.560,66.560,66.560,0,0
1523292420,66.560,66.560,66.560,66.560,0,0
1523292480,66.620,66.620,66.620,66.620,0,0
1523292540,66.640,66.610,66.610,66.640,0,0
1523292600,66.620,66.620,66.620,66.620,1342,127895
1523292720,66.620,66.620,66.620,66.620,0,0
1523292840,66.620,66.590,66.590,66.620,0,0
1523292900,66.610,66.610,66.610,66.610,2206,129237
1523293080,66.610,66.610,66.610,66.610,0,0
1523293200,66.640,66.660,66.640,66.660,9178,131443
1523293260,66.640,66.770,66.640,66.770,0,0
1523293320,66.780,66.760,66.760,66.780,0,0
1523293440,66.790,66.790,66.790,66.790,0,0
1523293500,66.820,66.800,66.800,66.820,4790,140621
1523293560,66.820,66.800,66.800,66.820,0,0
1523293620,66.800,66.810,66.800,66.810,0,0
1523293680,66.820,66.820,66.820,66.820,0,0
1523293740,66.810,66.840,66.810,66.850,0,0
1523293800,66.840,66.850,66.840,66.850,6059,145411
1523293860,66.840,66.840,66.840,66.840,0,0
1523293980,66.830,66.830,66.830,66.830,0,0
1523294100,66.850,66.840,66.830,66.850,7359,151470
1523294160,66.870,66.880,66.870,66.880,0,0
1523294220,66.880,66.910,66.880,66.910,0,0
1523294280,66.890,66.900,66.890,66.900,0,0
1523294340,66.890,66.870,66.870,66.900,0,0
1523294400,66.860,66.840,66.840,66.860,7378,158829
1523294460,66.850,66.820,66.820,66.860,0,0
1523294580,66.860,66.870,66.860,66.880,0,0
1523294640,66.860,66.830,66.830,66.860,0,0
1523294700,66.830,66.810,66.810,66.830,2807,166207
1523294760,66.820,66.830,66.820,66.830,0,0
1523294880,66.850,66.850,66.850,66.850,0,0
1523294940,66.860,66.850,66.850,66.860,0,0
1523295000,66.870,66.870,66.870,66.870,2661,169014
1523295060,66.910,66.900,66.900,66.910,0,0
1523295120,66.910,66.910,66.910,66.910,0,0
1523295180,66.910,66.880,66.880,66.910,0,0
1523295300,66.890,66.890,66.890,66.890,4738,171675
1523295360,66.880,66.860,66.850,66.880,0,0
1523295420,66.860,66.880,66.860,66.880,0,0
1523295480,66.880,66.880,66.880,66.880,0,0
1523295540,66.890,66.890,66.890,66.890,0,0
1523295600,66.900,66.920,66.900,66.920,4272,176413
1523295720,66.920,66.920,66.920,66.920,0,0
1523295780,66.900,66.900,66.900,66.900,0,0
1523295840,66.900,66.890,66.890,66.900,0,0
1523295900,66.900,66.900,66.900,66.900,4014,180685
1523295960,66.930,66.930,66.930,66.930,0,0
1523296020,66.920,66.920,66.920,66.920,0,0
1523296140,66.950,66.990,66.950,66.990,0,0
1523296200,66.980,66.990,66.980,66.990,3341,184699
1523296260,66.990,67.000,66.990,67.000,0,0
1523296320,67.020,67.010,67.010,67.020,0,0
1523296440,67.020,66.990,66.990,67.030,0,0
1523296500,67.000,66.980,66.980,67.000,5813,188040
1523296560,66.970,66.970,66.970,66.970,0,0
1523296620,66.950,66.950,66.950,66.950,0,0
1523296680,66.950,66.950,66.950,66.950,0,0
1523296740,66.940,66.950,66.940,66.950,0,0
1523296800,66.940,66.950,66.940,66.950,3696,193853
1523296920,66.940,66.950,66.940,66.950,0,0
1523296980,66.910,66.900,66.900,66.910,0,0
1523297040,66.890,66.890,66.890,66.890,0,0
1523297100,66.860,66.830,66.830,66.860,2978,197549
1523297160,66.800,66.790,66.790,66.800,0,0
1523297220,66.790,66.790,66.790,66.790,0,0
1523297280,66.790,66.790,66.790,66.790,0,0
1523297340,66.820,66.830,66.820,66.840,0,0
1523297400,66.790,66.760,66.760,66.790,4847,200527
1523297520,66.750,66.760,66.750,66.760,0,0
1523297640,66.780,66.770,66.770,66.790,0,0
1523297700,66.770,66.770,66.770,66.770,4369,205374
1523297760,66.770,66.770,66.770,66.770,0,0
1523297820,66.780,66.780,66.780,66.780,0,0
1523297940,66.780,66.790,66.780,66.790,0,0
1523298000,66.760,66.750,66.750,66.760,5214,209743
1523298060,66.720,66.720,66.720,66.720,0,0
1523298120,66.700,66.700,66.700,66.700,0,0
1523298180,66.700,66.690,66.690,66.700,0,0
1523298240,66.700,66.700,66.700,66.700,0,0
1523298300,66.690,66.690,66.690,66.690,1489,214957
1523298360,66.680,66.680,66.680,66.680,0,0
1523298480,66.730,66.730,66.730,66.730,0,0
1523298600,66.740,66.760,66.740,66.760,9565,216446
1523298660,66.750,66.750,66.750,66.750,0,0
1523298720,66.760,66.760,66.760,66.760,0,0
1523298780,66.780,66.800,66.770,66.800,0,0
1523298840,66.800,66.780,66.780,66.800,0,0
1523298900,66.790,66.750,66.740,66.790,8346,226011
1523298960,66.730,66.740,66.710,66.740,0,0
1523299020,66.730,66.730,66.730,66.730,0,0
1523299080,66.730,66.730,66.730,66.730,0,0
1523299140,66.730,66.730,66.730,66.730,0,0
1523299200,66.720,66.670,66.670,66.720,13257,234357
1523299260,66.660,66.650,66.640,66.660,0,0
1523299320,66.650,66.670,66.650,66.670,0,0
1523299380,66.660,66.650,66.650,66.670,0,0
1523299440,66.640,66.660,66.640,66.660,0,0
1523299500,66.680,66.710,66.680,66.710,7873,247614
1523299560,66.710,66.700,66.700,66.720,0,0
1523299620,66.710,66.730,66.710,66.730,0,0
1523299680,66.760,66.740,66.740,66.760,0,0
1523299740,66.760,66.760,66.760,66.760,0,0
1523299800,66.750,66.780,66.750,66.780,5483,255487
1523299860,66.780,66.780,66.780,66.780,0,0
1523299920,66.770,66.790,66.770,66.790,0,0
1523300040,66.800,66.800,66.800,66.800,0,0
1523300100,66.790,66.820,66.790,66.820,6467,260970
1523300160,66.810,66.830,66.810,66.830,0,0
1523300220,66.850,66.850,66.850,66.850,0,0
1523300280,66.830,66.840,66.830,66.840,0,0
1523300340,66.850,66.850,66.850,66.850,0,0
1523300400,66.850,66.830,66.830,66.850,10168,267437
1523300460,66.830,66.810,66.810,66.830,0,0
1523300520,66.810,66.810,66.810,66.810,0,0
1523300580,66.800,66.830,66.800,66.830,0,0
1523300640,66.830,66.850,66.830,66.850,0,0
1523300700,66.850,66.800,66.800,66.850,6645,277605
1523300760,66.810,66.810,66.810,66.810,0,0
1523300820,66.820,66.810,66.810,66.820,0,0
1523300880,66.820,66.790,66.790,66.820,0,0
1523300940,66.790,66.790,66.790,66.790,0,0
1523301000,66.790,66.830,66.790,66.830,8322,284250
1523301060,66.800,66.780,66.780,66.810,0,0
1523301180,66.750,66.730,66.730,66.760,0,0
1523301240,66.720,66.700,66.700,66.720,0,0
1523301300,66.660,66.680,66.660,66.680,12237,292572
1523301360,66.680,66.700,66.680,66.700,0,0
1523301420,66.680,66.700,66.680,66.700,0,0
1523301480,66.690,66.680,66.680,66.690,0,0
1523301540,66.690,66.690,66.690,66.690,0,0
1523301600,66.690,66.700,66.690,66.700,15564,304809
1523301660,66.690,66.690,66.690,66.690,0,0
1523301720,66.690,66.690,66.690,66.690,0,0
1523301780,66.690,66.690,66.690,66.690,0,0
1523301840,66.690,66.700,66.690,66.700,0,0
1523301900,66.700,66.720,66.700,66.730,9773,320373
1523301960,66.740,66.730,66.730,66.740,0,0
1523302020,66.740,66.770,66.740,66.770,0,0
1523302080,66.750,66.740,66.740,66.750,0,0
1523302140,66.760,66.770,66.760,66.780,0,0
1523302200,66.740,66.730,66.730,66.740,9375,330146
1523302260,66.760,66.710,66.710,66.760,0,0
1523302320,66.690,66.670,66.670,66.690,0,0
1523302380,66.670,66.640,66.640,66.670,0,0
1523302440,66.620,66.540,66.520,66.620,0,0
1523302500,66.550,66.530,66.530,66.550,10571,339521
1523302560,66.540,66.550,66.540,66.550,0,0
1523302620,66.520,66.460,66.460,66.520,0,0
1523302680,66.490,66.490,66.490,66.490,0,0
1523302740,66.490,66.470,66.470,66.500,0,0
1523302800,66.450,66.450,66.450,66.450,8016,350092
1523302860,66.430,66.440,66.430,66.440,0,0
1523302920,66.430,66.440,66.430,66.450,0,0
1523302980,66.440,66.450,66.440,66.450,0,0
1523303040,66.440,66.440,66.440,66.440,0,0
1523303100,66.440,66.490,66.440,66.500,13716,358108
1523303160,66.480,66.450,66.450,66.480,0,0
1523303220,66.410,66.420,66.410,66.420,0,0
1523303280,66.380,66.410,66.380,66.410,0,0
1523303340,66.410,66.380,66.380,66.410,0,0
1523303400,66.360,66.380,66.360,66.380,20116,371824
1523303460,66.380,66.430,66.370,66.430,0,0
1523303520,66.430,66.420,66.400,66.430,0,0
1523303580,66.410,66.390,66.390,66.410,0,0
1523303640,66.400,66.390,66.390,66.400,0,0
1523303700,66.400,66.370,66.370,66.420,85548,391940
1523303760,66.360,66.290,66.290,66.360,0,0
1523303820,66.280,66.260,66.260,66.290,0,0
1523303880,66.280,66.250,66.250,66.280,0,0
1523303940,66.270,66.280,66.270,66.330,0,0
1523367000,67.010,67.010,67.010,67.010,8146,0
1523367060,66.890,66.890,66.890,66.890,0,0
1523367120,67.260,67.310,67.220,67.310,0,0
1523367180,66.980,66.980,66.980,66.980,0,0
1523367240,66.850,66.850,66.850,66.850,0,0
1523367300,66.780,66.780,66.780,66.780,1451,8146
1523367360,66.780,66.780,66.780,66.780,0,0
1523367420,66.910,66.910,66.910,66.910,0,0
1523367480,66.810,66.710,66.710,66.810,0,0
1523367600,66.710,66.710,66.710,66.710,6221,9597
1523367660,66.670,66.570,66.570,66.670,0,0
1523367720,66.600,66.670,66.590,66.670,0,0
1523367780,66.640,66.640,66.640,66.640,0,0
1523367840,66.600,66.530,66.530,66.600,0,0
1523367900,66.520,66.630,66.520,66.640,3557,15818
1523368020,66.670,66.670,66.670,66.670,0,0
1523368080,66.720,66.720,66.720,66.720,0,0
1523368140,66.740,66.720,66.720,66.740,0,0
1523368200,66.730,66.780,66.730,66.780,1767,19375
1523368260,66.730,66.780,66.730,66.780,0,0
1523368320,66.600,66.600,66.600,66.600,0,0
1523368380,66.630,66.700,66.630,66.700,0,0
1523368440,66.640,66.640,66.640,66.640,0,0
1523368500,66.640,66.670,66.640,66.670,7462,21142
1523368560,66.690,66.690,66.690,66.690,0,0
1523368680,66.480,66.380,66.370,66.480,0,0
1523368740,66.360,66.300,66.300,66.400,0,0
1523368800,66.320,66.370,66.310,66.420,9646,28604
1523368860,66.340,66.340,66.340,66.340,0,0
1523368920,66.400,66.370,66.370,66.400,0,0
1523368980,66.390,66.390,66.390,66.390,0,0
1523369040,66.460,66.540,66.460,66.540,0,0
1523369100,66.600,66.600,66.600,66.600,8586,38250
1523369160,66.520,66.520,66.520,66.520,0,0
1523369220,66.580,66.580,66.580,66.580,0,0
1523369340,66.670,66.620,66.620,66.670,0,0
1523369400,66.650,66.650,66.650,66.650,2653,46836
1523369460,66.650,66.650,66.650,66.650,0,0
1523369520,66.670,66.650,66.650,66.670,0,0
1523369580,66.690,66.660,66.660,66.690,0,0
1523369640,66.620,66.620,66.620,66.620,0,0
1523369700,66.610,66.610,66.610,66.610,1397,49489
1523369760,66.610,66.610,66.610,66.610,0,0
1523369820,66.510,66.510,66.510,66.510,0,0
1523369940,66.580,66.510,66.510,66.580,0,0
1523370000,66.480,66.480,66.480,66.480,3539,50886
1523370060,66.480,66.480,66.480,66.480,0,0
1523370180,66.590,66.590,66.590,66.590,0,0
1523370240,66.600,66.600,66.600,66.600,0,0
1523370300,66.620,66.620,66.620,66.620,2818,54425
1523370360,66.590,66.590,66.590,66.590,0,0
1523370480,66.650,66.650,66.650,66.650,0,0
1523370540,66.610,66.570,66.570,66.610,0,0
1523370600,66.650,66.650,66.650,66.650,2395,57243
1523370660,66.560,66.560,66.560,66.560,0,0
1523370780,66.590,66.640,66.590,66.640,0,0
1523370900,66.620,66.620,66.620,66.620,3463,59638
1523370960,66.610,66.610,66.610,66.610,0,0
1523371020,66.650,66.640,66.640,66.650,0,0
1523371080,66.660,66.680,66.660,66.680,0,0
1523371200,66.660,66.730,66.660,66.730,8033,63101
1523371260,66.720,66.730,66.700,66.730,0,0
1523371320,66.690,66.770,66.690,66.790,0,0
1523371380,66.780,66.740,66.740,66.780,0,0
1523371440,66.770,66.900,66.770,66.900,0,0
1523371500,66.910,66.890,66.890,66.920,8495,71134
1523371560,66.900,66.910,66.880,66.910,0,0
1523371620,66.910,66.960,66.910,66.960,0,0
1523371680,66.950,66.900,66.900,66.950,0,0
1523371740,66.890,66.920,66.890,66.920,0,0
1523371800,66.940,66.890,66.890,66.940,4597,79629
1523371860,66.880,66.890,66.880,66.890,0,0
1523371920,66.880,66.860,66.860,66.880,0,0
1523371980,66.860,66.880,66.860,66.890,0,0
1523372040,66.910,66.910,66.910,66.910,0,0
1523372100,66.900,66.900,66.900,66.900,2881,84226
1523372160,66.930,66.940,66.930,66.940,0,0
1523372220,66.950,66.920,66.920,66.970,0,0
1523372280,66.950,66.950,66.950,66.950,0,0
1523372340,66.950,66.970,66.950,66.970,0,0
1523372400,66.950,66.970,66.950,66.970,4949,87107
1523372460,66.950,66.950,66.950,66.950,0,0
1523372520,67.000,67.000,67.000,67.000,0,0
1523372580,66.990,67.000,66.990,67.070,0,0
1523372640,66.970,66.970,66.970,66.970,0,0
1523372700,66.970,66.920,66.920,66.970,2606,92056
1523372820,66.910,66.910,66.910,66.910,0,0
1523372880,66.890,66.890,66.890,66.890,0,0
1523372940,66.910,66.910,66.910,66.910,0,0
1523373000,66.950,66.890,66.880,66.950,3428,94662
1523373060,66.890,66.830,66.830,66.890,0,0
1523373180,66.910,66.900,66.900,66.910,0,0
1523373240,66.910,66.910,66.910,66.910,0,0
1523373300,66.890,66.880,66.880,66.890,2616,98090
1523373360,66.890,66.880,66.880,66.890,0,0
1523373540,66.890,66.890,66.890,66.890,0,0
1523373600,66.900,66.860,66.860,66.900,4510,100706
1523373660,66.880,66.900,66.880,66.900,0,0
1523373780,66.890,66.910,66.890,66.910,0,0
1523373840,66.940,66.930,66.920,66.950,0,0
1523373900,66.950,66.940,66.940,66.950,2985,105216
1523373960,66.940,66.940,66.940,66.940,0,0
1523374020,66.900,66.870,66.870,66.900,0,0
1523374080,66.830,66.830,66.830,66.830,0,0
1523374140,66.850,66.850,66.850,66.850,0,0
1523374200,66.840,66.830,66.830,66.850,3898,108201
1523374260,66.880,66.850,66.850,66.880,0,0
1523374320,66.880,66.900,66.880,66.900,0,0
1523374380,66.900,66.930,66.900,66.930,0,0
1523374440,66.920,66.920,66.920,66.920,0,0
1523374500,66.900,66.920,66.900,66.920,2730,112099
1523374560,66.910,66.910,66.910,66.910,0,0
1523374620,66.910,66.910,66.910,66.910,0,0
1523374680,66.920,66.920,66.920,66.920,0,0
1523374740,66.930,66.950,66.930,66.950,0,0
1523374800,66.950,66.950,66.950,66.950,4241,114829
1523374920,67.000,67.000,67.000,67.000,0,0
1523374980,67.000,67.050,67.000,67.050,0,0
1523375040,67.020,66.900,66.900,67.020,0,0
1523375100,66.790,66.790,66.790,66.790,2322,119070
1523375160,66.790,66.790,66.790,66.790,0,0
1523375220,66.830,66.830,66.830,66.830,0,0
1523375280,66.850,66.850,66.850,66.850,0,0
1523375340,66.860,66.860,66.860,66.860,0,0
1523375400,66.770,66.820,66.770,66.820,4616,121392
1523375460,66.790,66.790,66.790,66.790,0,0
1523375580,66.820,66.790,66.790,66.820,0,0
1523375640,66.860,66.840,66.840,66.870,0,0
1523375700,66.880,66.840,66.840,66.880,1272,126008
1523375880,66.890,66.910,66.880,66.910,0,0
1523376000,66.890,66.880,66.880,66.890,6663,127280
1523376060,66.920,66.950,66.920,66.950,0,0
1523376120,66.940,66.920,66.920,66.940,0,0
1523376180,66.900,66.920,66.900,66.920,0,0
1523376240,66.950,66.900,66.900,66.950,0,0
1523376300,66.880,66.880,66.880,66.880,1289,133943
1523376360,66.880,66.880,66.880,66.880,0,0
1523376420,66.880,66.880,66.880,66.880,0,0
1523376540,66.890,66.900,66.890,66.900,0,0
1523376600,66.940,66.910,66.910,66.940,2352,135232
1523376660,66.890,66.890,66.890,66.890,0,0
1523376720,66.880,66.880,66.880,66.880,0,0
1523376780,66.870,66.850,66.850,66.870,0,0
1523376900,66.760,66.770,66.760,66.770,2517,137584
1523376960,66.760,66.770,66.760,66.770,0,0
1523377020,66.760,66.750,66.750,66.760,0,0
1523377080,66.760,66.750,66.750,66.760,0,0
1523377140,66.770,66.770,66.770,66.770,0,0
1523377200,66.750,66.740,66.740,66.750,2393,140101
1523377320,66.730,66.760,66.730,66.760,0,0
1523377380,66.700,66.720,66.700,66.720,0,0
1523377500,66.660,66.630,66.630,66.660,3072,142494
1523377560,66.580,66.550,66.550,66.590,0,0
1523377620,66.570,66.570,66.570,66.570,0,0
1523377740,66.590,66.600,66.590,66.610,0,0
1523377800,66.590,66.590,66.590,66.590,4632,145566
1523377860,66.630,66.630,66.630,66.630,0,0
1523377920,66.640,66.740,66.640,66.740,0,0
1523377980,66.760,66.790,66.760,66.790,0,0
1523378040,66.780,66.730,66.730,66.810,0,0
1523378100,66.760,66.760,66.760,66.760,212,150198
1523378220,66.760,66.760,66.760,66.760,0,0
1523378400,66.790,66.780,66.780,66.790,4608,150410
1523378460,66.770,66.760,66.760,66.770,0,0
1523378520,66.800,66.800,66.800,66.800,0,0
1523378580,66.760,66.720,66.720,66.760,0,0
1523378700,66.740,66.650,66.650,66.740,5760,155018
1523378760,66.730,66.740,66.730,66.740,0,0
1523378820,66.720,66.660,66.660,66.720,0,0
1523378880,66.700,66.740,66.700,66.740,0,0
1523378940,66.760,66.820,66.760,66.820,0,0
1523379000,66.780,66.770,66.770,66.790,1983,160778
1523379060,66.780,66.770,66.770,66.790,0,0
1523379120,66.780,66.700,66.700,66.780,0,0
1523379180,66.730,66.780,66.730,66.780,0,0
1523379300,66.750,66.790,66.750,66.790,4183,162761
1523379360,66.800,66.810,66.790,66.810,0,0
1523379420,66.790,66.790,66.790,66.790,0,0
1523379480,66.830,66.830,66.830,66.830,0,0
1523379540,66.800,66.800,66.800,66.800,0,0
1523379600,66.750,66.750,66.750,66.750,2250,166944
1523379660,66.820,66.820,66.820,66.820,0,0
1523379720,66.820,66.820,66.820,66.820,0,0
1523379780,66.880,66.880,66.880,66.880,0,0
1523379900,66.840,66.840,66.840,66.840,3231,169194
1523379960,66.860,66.810,66.810,66.860,0,0
1523380020,66.860,66.860,66.860,66.860,0,0
1523380140,66.820,66.810,66.810,66.820,0,0
1523380200,66.770,66.770,66.770,66.770,1853,172425
1523380260,66.820,66.840,66.820,66.840,0,0
1523380320,66.900,66.900,66.900,66.900,0,0
1523380380,66.880,66.880,66.880,66.880,0,0
1523380500,66.850,66.850,66.850,66.850,1486,174278
1523380560,66.830,66.860,66.830,66.860,0,0
1523380620,66.830,66.830,66.830,66.830,0,0
1523380680,66.790,66.790,66.790,66.790,0,0
1523380740,66.800,66.800,66.800,66.800,0,0
1523380800,66.780,66.760,66.760,66.790,6318,175764
1523380860,66.790,66.790,66.790,66.790,0,0
1523380920,66.800,66.810,66.800,66.810,0,0
1523380980,66.770,66.830,66.770,66.830,0,0
1523381040,66.800,66.810,66.800,66.810,0,0
1523381100,66.750,66.750,66.750,66.750,3033,182082
1523381160,66.750,66.750,66.750,66.750,0,0
1523381220,66.750,66.750,66.750,66.750,0,0
1523381280,66.760,66.770,66.760,66.770,0,0
1523381340,66.790,66.800,66.790,66.800,0,0
1523381400,66.790,66.760,66.760,66.790,7648,185115
1523381460,66.760,66.730,66.730,66.770,0,0
1523381520,66.800,66.830,66.800,66.830,0,0
1523381640,66.860,66.870,66.860,66.870,0,0
1523381700,66.810,66.830,66.810,66.830,3952,192763
1523381760,66.800,66.780,66.780,66.800,0,0
1523381820,66.820,66.840,66.820,66.860,0,0
1523381880,66.850,66.840,66.840,66.850,0,0
1523381940,66.840,66.840,66.840,66.840,0,0
1523382000,66.810,66.700,66.700,66.810,4036,196715
1523382060,66.710,66.710,66.710,66.710,0,0
1523382180,66.720,66.750,66.720,66.750,0,0
1523382240,66.740,66.720,66.720,66.740,0,0
1523382300,66.680,66.680,66.680,66.680,3161,200751
1523382360,66.560,66.580,66.560,66.580,0,0
1523382420,66.580,66.610,66.550,66.610,0,0
1523382480,66.650,66.590,66.590,66.650,0,0
1523382600,66.640,66.640,66.640,66.640,3560,203912
1523382660,66.630,66.640,66.620,66.640,0,0
1523382720,66.670,66.690,66.670,66.690,0,0
1523382780,66.710,66.710,66.710,66.710,0,0
1523382840,66.740,66.740,66.740,66.740,0,0
1523382900,66.720,66.720,66.720,66.720,1913,207472
1523382960,66.760,66.740,66.740,66.760,0,0
1523383080,66.780,66.780,66.780,66.780,0,0
1523383140,66.800,66.800,66.800,66.800,0,0
1523383200,66.800,66.750,66.750,66.800,5511,209385
1523383260,66.750,66.730,66.730,66.750,0,0
1523383320,66.760,66.750,66.750,66.760,0,0
1523383380,66.740,66.720,66.720,66.740,0,0
1523383440,66.700,66.700,66.700,66.700,0,0
1523383500,66.740,66.720,66.690,66.740,5264,214896
1523383560,66.740,66.720,66.690,66.740,0,0
1523383680,66.730,66.710,66.710,66.740,0,0
1523383740,66.710,66.720,66.710,66.720,0,0
1523383800,66.760,66.710,66.710,66.760,2378,220160
1523383860,66.740,66.780,66.740,66.780,0,0
1523383920,66.780,66.780,66.780,66.780,0,0
1523383980,66.720,66.720,66.720,66.720,0,0
1523384100,66.730,66.730,66.730,66.730,3881,222538
1523384160,66.740,66.760,66.740,66.760,0,0
1523384220,66.770,66.770,66.770,66.770,0,0
1523384280,66.760,66.750,66.750,66.760,0,0
1523384340,66.760,66.760,66.760,66.760,0,0
1523384400,66.700,66.720,66.700,66.720,5355,226419
1523384460,66.720,66.720,66.720,66.720,0,0
1523384520,66.720,66.720,66.720,66.720,0,0
1523384580,66.720,66.680,66.680,66.730,0,0
1523384640,66.710,66.710,66.710,66.710,0,0
1523384700,66.690,66.710,66.690,66.710,3284,231774
1523384820,66.700,66.690,66.690,66.700,0,0
1523384940,66.660,66.600,66.600,66.660,0,0
1523385000,66.640,66.670,66.640,66.670,4656,235058
1523385060,66.650,66.660,66.640,66.660,0,0
1523385120,66.680,66.690,66.680,66.690,0,0
1523385180,66.650,66.660,66.650,66.660,0,0
1523385240,66.660,66.690,66.660,66.690,0,0
1523385300,66.670,66.660,66.660,66.670,4642,239714
1523385360,66.640,66.640,66.640,66.640,0,0
1523385420,66.570,66.570,66.570,66.570,0,0
1523385480,66.580,66.550,66.550,66.580,0,0
1523385540,66.560,66.620,66.560,66.620,0,0
1523385600,66.600,66.560,66.560,66.600,4402,244356
1523385660,66.530,66.540,66.530,66.540,0,0
1523385780,66.580,66.570,66.570,66.580,0,0
1523385840,66.580,66.600,66.580,66.600,0,0
1523385900,66.570,66.640,66.560,66.660,10955,248758
1523386020,66.640,66.610,66.610,66.640,0,0
1523386080,66.650,66.670,66.650,66.680,0,0
1523386140,66.620,66.640,66.620,66.640,0,0
1523386200,66.640,66.660,66.640,66.660,2084,259713
1523386320,66.670,66.720,66.670,66.720,0,0
1523386380,66.730,66.720,66.720,66.730,0,0
1523386440,66.710,66.710,66.710,66.710,0,0
1523386500,66.730,66.770,66.730,66.770,8134,261797
1523386560,66.750,66.730,66.730,66.750,0,0
1523386620,66.790,66.800,66.780,66.800,0,0
1523386680,66.780,66.790,66.750,66.790,0,0
1523386740,66.810,66.810,66.810,66.810,0,0
1523386800,66.840,66.840,66.840,66.840,4885,269931
1523386860,66.840,66.840,66.840,66.840,0,0
1523386920,66.860,66.860,66.860,66.860,0,0
1523386980,66.830,66.820,66.820,66.830,0,0
1523387040,66.830,66.810,66.810,66.830,0,0
1523387100,66.810,66.840,66.810,66.840,6145,274816
1523387160,66.860,66.890,66.860,66.890,0,0
1523387220,66.870,66.860,66.860,66.870,0,0
1523387280,66.870,66.870,66.870,66.870,0,0
1523387340,66.890,66.890,66.890,66.890,0,0
1523387400,66.920,66.940,66.920,66.940,5838,280961
1523387460,66.930,66.940,66.930,66.940,0,0
1523387580,66.920,66.900,66.900,66.920,0,0
1523387640,66.930,66.930,66.930,66.930,0,0
1523387700,66.920,66.920,66.920,66.920,5913,286799
1523387760,66.890,66.890,66.890,66.890,0,0
1523387820,66.900,66.920,66.890,66.920,0,0
1523387880,66.920,66.930,66.920,66.930,0,0
1523387940,66.930,66.930,66.930,66.930,0,0
1523388000,66.940,66.950,66.940,66.960,9902,292712
1523388060,66.960,66.960,66.960,66.960,0,0
1523388120,66.960,66.950,66.950,66.960,0,0
1523388180,66.930,66.870,66.870,66.930,0,0
1523388240,66.860,66.840,66.830,66.860,0,0
1523388300,66.800,66.800,66.800,66.800,11175,302614
1523388360,66.790,66.760,66.750,66.790,0,0
1523388420,66.780,66.770,66.750,66.780,0,0
1523388480,66.780,66.810,66.780,66.810,0,0
1523388540,66.810,66.780,66.760,66.820,0,0
1523388600,66.770,66.700,66.700,66.780,22945,313789
1523388660,66.720,66.670,66.670,66.750,0,0
1523388720,66.680,66.640,66.640,66.680,0,0
1523388780,66.610,66.570,66.570,66.610,0,0
1523388840,66.550,66.530,66.510,66.570,0,0
1523388900,66.550,66.570,66.550,66.570,8175,336734
1523388960,66.580,66.570,66.570,66.590,0,0
1523389020,66.590,66.580,66.580,66.590,0,0
1523389080,66.600,66.620,66.600,66.620,0,0
1523389140,66.630,66.690,66.620,66.690,0,0
1523389200,66.700,66.690,66.690,66.700,9807,344909
1523389260,66.700,66.740,66.700,66.740,0,0
1523389320,66.750,66.700,66.700,66.750,0,0
1523389380,66.690,66.710,66.690,66.710,0,0
1523389440,66.720,66.700,66.700,66.720,0,0
1523389500,66.710,66.720,66.710,66.730,9209,354716
1523389560,66.710,66.700,66.700,66.710,0,0
1523389620,66.730,66.710,66.710,66.730,0,0
1523389680,66.700,66.720,66.700,66.720,0,0
1523389740,66.730,66.700,66.700,66.730,0,0
1523389800,66.770,66.790,66.770,66.820,24367,363925
1523389860,66.790,66.770,66.770,66.790,0,0
1523389920,66.760,66.740,66.740,66.770,0,0
1523389980,66.730,66.710,66.700,66.730,0,0
1523390040,66.720,66.700,66.700,66.720,0,0
1523390100,66.700,66.710,66.690,66.710,66562,388292
1523390160,66.700,66.660,66.660,66.700,0,0
1523390220,66.670,66.640,66.640,66.670,0,0
1523390280,66.640,66.650,66.640,66.650,0,0
1523390340,66.650,66.660,66.650,66.680,0,0
1523453400,66.310,66.310,66.310,66.310,3165,0
1523453580,66.320,66.320,66.320,66.320,0,0
1523453640,66.390,66.380,66.380,66.390,0,0
1523453700,66.410,66.410,66.410,66.410,2535,3165
1523453760,66.410,66.410,66.410,66.410,0,0
1523453820,66.510,66.510,66.510,66.510,0,0
1523453880,66.380,66.290,66.290,66.380,0,0
1523454000,66.320,66.380,66.320,66.380,4090,5700
1523454120,66.320,66.380,66.320,66.380,0,0
1523454240,66.470,66.470,66.470,66.470,0,0
1523454300,66.500,66.500,66.500,66.500,1857,9790
1523454420,66.500,66.510,66.500,66.510,0,0
1523454540,66.450,66.450,66.450,66.450,0,0
1523454600,66.460,66.460,66.460,66.460,4083,11647
1523454660,66.360,66.340,66.340,66.360,0,0
1523454720,66.280,66.280,66.280,66.280,0,0
1523454780,66.270,66.270,66.270,66.270,0,0
1523454840,66.250,66.190,66.190,66.250,0,0
1523454900,66.170,66.100,66.100,66.170,12767,15730
1523454960,66.080,66.060,66.060,66.080,0,0
1523455020,66.060,66.020,66.010,66.080,0,0
1523455080,66.150,66.180,66.120,66.180,0,0
1523455140,66.180,66.240,66.180,66.260,0,0
1523455200,66.260,66.260,66.260,66.260,3548,28497
1523455260,66.250,66.250,66.250,66.250,0,0
1523455320,66.270,66.270,66.270,66.270,0,0
1523455440,66.310,66.290,66.290,66.340,0,0
1523455500,66.300,66.280,66.280,66.300,3119,32045
1523455560,66.250,66.210,66.210,66.270,0,0
1523455620,66.210,66.210,66.210,66.210,0,0
1523455680,66.210,66.210,66.210,66.210,0,0
1523455800,66.190,66.160,66.160,66.190,1719,35164
1523455860,66.210,66.250,66.210,66.250,0,0
1523455920,66.250,66.250,66.250,66.250,0,0
1523456040,66.280,66.280,66.280,66.280,0,0
1523456100,66.300,66.310,66.300,66.310,1434,36883
1523456220,66.300,66.310,66.300,66.310,0,0
1523456280,66.320,66.330,66.320,66.330,0,0
1523456400,66.400,66.410,66.400,66.420,1557,38317
1523456520,66.400,66.410,66.400,66.420,0,0
1523456580,66.420,66.420,66.420,66.420,0,0
1523456700,66.430,66.430,66.430,66.430,629,39874
1523457000,66.420,66.420,66.420,66.420,2511,40503
1523457060,66.430,66.430,66.430,66.430,0,0
1523457120,66.440,66.430,66.430,66.440,0,0
1523457180,66.390,66.390,66.390,66.390,0,0
1523457300,66.390,66.390,66.390,66.390,319,43014
1523457360,66.390,66.390,66.390,66.390,0,0
1523457600,66.400,66.390,66.390,66.400,3614,43333
1523457660,66.390,66.390,66.390,66.390,0,0
1523457720,66.380,66.380,66.380,66.380,0,0
1523457840,66.380,66.410,66.380,66.410,0,0
1523457900,66.400,66.400,66.400,66.400,1250,46947
1523457960,66.370,66.370,66.370,66.370,0,0
1523458020,66.330,66.330,66.330,66.330,0,0
1523458080,66.350,66.340,66.340,66.350,0,0
1523458200,66.290,66.240,66.240,66.290,986,48197
1523458320,66.290,66.240,66.240,66.290,0,0
1523458500,66.250,66.250,66.250,66.250,1837,49183
1523458560,66.250,66.250,66.250,66.250,0,0
1523458620,66.260,66.190,66.190,66.260,0,0
1523458680,66.220,66.220,66.220,66.220,0,0
1523458740,66.180,66.180,66.180,66.180,0,0
1523458800,66.180,66.180,66.180,66.180,3135,51020
1523458860,66.170,66.110,66.110,66.170,0,0
1523458920,66.140,66.140,66.140,66.140,0,0
1523458980,66.170,66.170,66.170,66.170,0,0
1523459040,66.200,66.200,66.200,66.200,0,0
1523459100,66.190,66.190,66.190,66.190,2045,54155
1523459160,66.190,66.130,66.130,66.190,0,0
1523459280,66.190,66.190,66.190,66.190,0,0
1523459400,66.150,66.150,66.150,66.150,2471,56200
1523459460,66.150,66.150,66.150,66.150,0,0
1523459520,66.170,66.170,66.170,66.170,0,0
1523459580,66.210,66.210,66.210,66.210,0,0
1523459640,66.230,66.210,66.210,66.230,0,0
1523459700,66.140,66.170,66.140,66.170,2523,58671
1523459760,66.140,66.170,66.140,66.170,0,0
1523459880,66.120,66.120,66.120,66.120,0,0
1523459940,66.140,66.140,66.140,66.140,0,0
1523460000,66.140,66.140,66.140,66.140,1713,61194
1523460120,66.160,66.160,66.160,66.160,0,0
1523460240,66.140,66.160,66.140,66.160,0,0
1523460300,66.200,66.260,66.200,66.260,1689,62907
1523460360,66.200,66.260,66.200,66.260,0,0
1523460420,66.260,66.250,66.250,66.260,0,0
1523460600,66.280,66.280,66.280,66.280,1861,64596
1523460720,66.350,66.350,66.350,66.350,0,0
1523460840,66.300,66.300,66.300,66.300,0,0
1523460900,66.330,66.350,66.330,66.370,2106,66457
1523460960,66.310,66.330,66.310,66.330,0,0
1523461080,66.370,66.370,66.370,66.370,0,0
1523461200,66.420,66.420,66.420,66.420,1344,68563
1523461320,66.460,66.460,66.460,66.460,0,0
1523461380,66.430,66.400,66.400,66.430,0,0
1523461500,66.420,66.420,66.420,66.420,1909,69907
1523461620,66.410,66.400,66.400,66.410,0,0
1523461740,66.390,66.390,66.390,66.390,0,0
1523461800,66.420,66.420,66.420,66.420,1279,71816
1523461980,66.420,66.420,66.420,66.420,0,0
1523462100,66.430,66.420,66.420,66.430,2559,73095
1523462220,66.380,66.380,66.380,66.380,0,0
1523462280,66.390,66.350,66.310,66.390,0,0
1523462400,66.360,66.360,66.360,66.360,4235,75654
1523462460,66.360,66.360,66.360,66.360,0,0
1523462520,66.390,66.390,66.390,66.390,0,0
1523462580,66.400,66.410,66.400,66.410,0,0
1523462640,66.440,66.430,66.430,66.440,0,0
1523462700,66.410,66.430,66.410,66.430,1310,79889
1523462760,66.410,66.430,66.410,66.430,0,0
1523462820,66.380,66.380,66.380,66.380,0,0
1523462880,66.400,66.400,66.400,66.400,0,0
1523463000,66.480,66.480,66.480,66.480,3535,81199
1523463060,66.480,66.480,66.480,66.480,0,0
1523463120,66.470,66.480,66.450,66.480,0,0
1523463180,66.480,66.490,66.480,66.490,0,0
1523463300,66.490,66.490,66.490,66.490,1494,84734
1523463360,66.490,66.490,66.490,66.490,0,0
1523463420,66.510,66.510,66.510,66.510,0,0
1523463480,66.480,66.490,66.480,66.490,0,0
1523463600,66.490,66.520,66.490,66.520,3911,86228
1523463720,66.540,66.540,66.540,66.540,0,0
1523463780,66.550,66.530,66.530,66.550,0,0
1523463840,66.550,66.530,66.530,66.550,0,0
1523463900,66.510,66.510,66.510,66.510,1493,90139
1523464020,66.500,66.500,66.500,66.500,0,0
1523464080,66.490,66.490,66.490,66.490,0,0
1523464140,66.500,66.500,66.500,66.500,0,0
1523464200,66.500,66.500,66.500,66.500,6762,91632
1523464260,66.490,66.490,66.490,66.490,0,0
1523464320,66.500,66.510,66.500,66.510,0,0
1523464380,66.500,66.490,66.490,66.500,0,0
1523464440,66.460,66.460,66.460,66.460,0,0
1523464500,66.450,66.450,66.450,66.450,3539,98394
1523464680,66.460,66.480,66.460,66.480,0,0
1523464740,66.460,66.450,66.450,66.460,0,0
1523464800,66.450,66.490,66.450,66.490,1707,101933
1523464980,66.450,66.490,66.450,66.490,0,0
1523465100,66.510,66.510,66.510,66.510,2013,103640
1523465160,66.490,66.440,66.440,66.490,0,0
1523465220,66.450,66.450,66.450,66.450,0,0
1523465400,66.450,66.450,66.450,66.450,1456,105653
1523465580,66.440,66.440,66.440,66.440,0,0
1523465640,66.420,66.430,66.420,66.430,0,0
1523465700,66.400,66.400,66.400,66.400,1484,107109
1523465820,66.430,66.440,66.430,66.440,0,0
1523465880,66.430,66.430,66.430,66.430,0,0
1523466000,66.420,66.420,66.420,66.420,4430,108593
1523466060,66.420,66.420,66.420,66.420,0,0
1523466120,66.420,66.410,66.410,66.440,0,0
1523466240,66.350,66.340,66.340,66.350,0,0
1523466300,66.340,66.360,66.340,66.360,6424,113023
1523466360,66.340,66.360,66.340,66.360,0,0
1523466420,66.360,66.360,66.360,66.360,0,0
1523466480,66.360,66.360,66.360,66.360,0,0
1523466540,66.340,66.330,66.330,66.360,0,0
1523466600,66.350,66.350,66.350,66.350,1511,119447
1523466660,66.350,66.350,66.350,66.350,0,0
1523466720,66.330,66.330,66.330,66.330,0,0
1523466780,66.330,66.330,66.330,66.330,0,0
1523466840,66.320,66.320,66.320,66.320,0,0
1523466900,66.330,66.350,66.330,66.350,4637,120958
1523466960,66.330,66.350,66.330,66.370,0,0
1523467020,66.340,66.340,66.340,66.340,0,0
1523467080,66.370,66.370,66.370,66.370,0,0
1523467140,66.360,66.370,66.340,66.370,0,0
1523467200,66.370,66.370,66.370,66.370,1912,125595
1523467260,66.370,66.350,66.350,66.370,0,0
1523467320,66.370,66.370,66.370,66.370,0,0
1523467380,66.370,66.370,66.370,66.370,0,0
1523467440,66.370,66.370,66.370,66.370,0,0
1523467500,66.360,66.360,66.360,66.360,4058,127507
1523467560,66.360,66.360,66.360,66.360,0,0
1523467680,66.360,66.360,66.360,66.360,0,0
1523467740,66.350,66.300,66.300,66.350,0,0
1523467800,66.290,66.290,66.290,66.290,2454,131565
1523467920,66.220,66.230,66.220,66.230,0,0
1523467980,66.240,66.220,66.220,66.240,0,0
1523468040,66.240,66.240,66.240,66.240,0,0
1523468100,66.280,66.280,66.280,66.280,3917,134019
1523468160,66.280,66.260,66.260,66.280,0,0
1523468220,66.260,66.280,66.260,66.280,0,0
1523468340,66.270,66.280,66.270,66.280,0,0
1523468400,66.270,66.270,66.270,66.270,2959,137936
1523468520,66.260,66.260,66.260,66.260,0,0
1523468580,66.260,66.250,66.250,66.260,0,0
1523468640,66.250,66.230,66.230,66.250,0,0
1523468700,66.200,66.200,66.200,66.200,3497,140895
1523468760,66.200,66.240,66.200,66.240,0,0
1523468820,66.250,66.230,66.230,66.250,0,0
1523468880,66.260,66.250,66.250,66.260,0,0
1523468940,66.260,66.260,66.260,66.260,0,0
1523469000,66.280,66.280,66.280,66.280,845,144392
1523469300,66.310,66.310,66.310,66.310,1880,145237
1523469360,66.310,66.310,66.310,66.310,0,0
1523469540,66.360,66.340,66.340,66.360,0,0
1523469600,66.360,66.380,66.360,66.380,3814,147117
1523469720,66.340,66.340,66.340,66.340,0,0
1523469780,66.340,66.340,66.340,66.340,0,0
1523469840,66.360,66.350,66.340,66.360,0,0
1523469900,66.340,66.280,66.280,66.340,920,150931
1523470020,66.340,66.280,66.280,66.340,0,0
1523470200,66.180,66.200,66.180,66.200,2850,151851
1523470260,66.200,66.230,66.200,66.230,0,0
1523470380,66.280,66.280,66.280,66.280,0,0
1523470440,66.270,66.270,66.270,66.270,0,0
1523470500,66.290,66.290,66.290,66.290,1473,154701
1523470560,66.290,66.290,66.290,66.290,0,0
1523470620,66.310,66.310,66.310,66.310,0,0
1523470680,66.310,66.310,66.310,66.310,0,0
1523470740,66.380,66.380,66.380,66.380,0,0
1523470800,66.360,66.360,66.360,66.360,1157,156174
1523470920,66.360,66.380,66.360,66.380,0,0
1523470980,66.380,66.350,66.350,66.380,0,0
1523471100,66.360,66.350,66.350,66.360,3110,157331
1523471160,66.350,66.330,66.330,66.350,0,0
1523471220,66.350,66.330,66.330,66.350,0,0
1523471340,66.340,66.300,66.300,66.340,0,0
1523471400,66.340,66.360,66.340,66.360,1826,160441
1523471520,66.340,66.360,66.340,66.360,0,0
1523471580,66.350,66.350,66.350,66.350,0,0
1523471640,66.330,66.350,66.330,66.350,0,0
1523471700,66.290,66.290,66.290,66.290,2059,162267
1523471760,66.320,66.320,66.320,66.320,0,0
1523471880,66.320,66.310,66.310,66.320,0,0
1523472000,66.310,66.310,66.310,66.310,2575,164326
1523472060,66.330,66.310,66.310,66.330,0,0
1523472180,66.290,66.280,66.280,66.290,0,0
1523472240,66.250,66.220,66.220,66.250,0,0
1523472300,66.220,66.200,66.200,66.220,3599,166901
1523472420,66.210,66.220,66.210,66.220,0,0
1523472480,66.220,66.220,66.220,66.220,0,0
1523472540,66.260,66.240,66.240,66.260,0,0
1523472600,66.220,66.220,66.220,66.220,1385,170500
1523472660,66.200,66.200,66.200,66.200,0,0
1523472780,66.170,66.180,66.170,66.180,0,0
1523472900,66.190,66.200,66.190,66.210,3650,171885
1523472960,66.210,66.200,66.200,66.210,0,0
1523473020,66.250,66.250,66.250,66.250,0,0
1523473080,66.240,66.240,66.240,66.240,0,0
1523473140,66.210,66.220,66.210,66.220,0,0
1523473200,66.230,66.210,66.210,66.230,3451,175535
1523473260,66.240,66.240,66.240,66.240,0,0
1523473380,66.260,66.260,66.260,66.260,0,0
1523473440,66.270,66.270,66.270,66.270,0,0
1523473500,66.240,66.270,66.240,66.270,2648,178986
1523473560,66.240,66.270,66.240,66.270,0,0
1523473620,66.250,66.210,66.210,66.250,0,0
1523473680,66.210,66.180,66.180,66.210,0,0
1523473740,66.150,66.150,66.150,66.150,0,0
1523473800,66.160,66.200,66.160,66.200,2076,181634
1523473920,66.160,66.160,66.160,66.160,0,0
1523473980,66.140,66.140,66.140,66.140,0,0
1523474040,66.170,66.150,66.150,66.170,0,0
1523474100,66.160,66.110,66.110,66.160,4395,183710
1523474220,66.140,66.120,66.120,66.140,0,0
1523474280,66.120,66.100,66.100,66.120,0,0
1523474340,66.110,66.140,66.110,66.140,0,0
1523474400,66.130,66.130,66.130,66.130,2883,188105
1523474460,66.120,66.140,66.120,66.150,0,0
1523474520,66.120,66.120,66.120,66.120,0,0
1523474580,66.120,66.100,66.080,66.120,0,0
1523474640,66.100,66.100,66.100,66.100,0,0
1523474700,66.130,66.170,66.130,66.170,2319,190988
1523474760,66.150,66.150,66.150,66.150,0,0
1523474820,66.150,66.150,66.150,66.150,0,0
1523474880,66.150,66.150,66.150,66.150,0,0
1523474940,66.160,66.130,66.130,66.160,0,0
1523475000,66.150,66.160,66.150,66.160,6257,193307
1523475060,66.180,66.180,66.180,66.180,0,0
1523475120,66.180,66.180,66.180,66.180,0,0
1523475180,66.190,66.220,66.190,66.220,0,0
1523475240,66.240,66.260,66.240,66.260,0,0
1523475300,66.240,66.240,66.240,66.240,3587,199564
1523475360,66.240,66.240,66.240,66.240,0,0
1523475420,66.240,66.240,66.240,66.240,0,0
1523475480,66.240,66.260,66.240,66.280,0,0
1523475600,66.260,66.280,66.260,66.280,7918,203151
1523475660,66.300,66.270,66.270,66.300,0,0
1523475720,66.290,66.280,66.280,66.290,0,0
1523475780,66.290,66.300,66.290,66.300,0,0
1523475840,66.270,66.300,66.270,66.300,0,0
1523475900,66.290,66.280,66.280,66.290,9547,211069
1523475960,66.290,66.270,66.270,66.290,0,0
1523476020,66.290,66.300,66.290,66.300,0,0
1523476080,66.300,66.280,66.280,66.300,0,0
1523476140,66.280,66.290,66.280,66.290,0,0
1523476200,66.350,66.340,66.310,66.350,19763,220616
1523476260,66.360,66.330,66.330,66.360,0,0
1523476320,66.330,66.330,66.330,66.330,0,0
1523476380,66.330,66.310,66.310,66.330,0,0
1523476440,66.310,66.300,66.300,66.310,0,0
1523476500,66.300,66.280,66.270,66.310,27419,240379
1523476560,66.280,66.280,66.280,66.280,0,0
1523476620,66.280,66.270,66.270,66.280,0,0
1523476680,66.280,66.290,66.280,66.290,0,0
1523476740,66.300,66.260,66.260,66.300,0,0
1523539800,66.620,66.370,66.370,66.620,9605,0
1523539860,66.240,66.240,66.240,66.240,0,0
1523539920,66.380,66.550,66.380,66.550,0,0
1523539980,66.520,66.520,66.520,66.520,0,0
1523540040,66.450,66.450,66.450,66.450,0,0
1523540100,66.450,66.460,66.410,66.460,8756,9605
1523540160,66.600,66.640,66.600,66.710,0,0
1523540220,66.670,66.660,66.660,66.670,0,0
1523540280,66.660,66.660,66.660,66.660,0,0
1523540340,66.630,66.660,66.630,66.660,0,0
1523540400,66.730,66.730,66.730,66.730,3782,18361
1523540460,66.730,66.780,66.730,66.780,0,0
1523540580,66.800,66.780,66.780,66.880,0,0
1523540700,66.810,66.840,66.760,66.840,6594,22143
1523540760,66.730,66.700,66.700,66.730,0,0
1523540820,66.600,66.670,66.600,66.670,0,0
1523540880,66.640,66.640,66.640,66.640,0,0
1523540940,66.620,66.620,66.620,66.620,0,0
1523541000,66.570,66.570,66.570,66.570,2300,28737
1523541060,66.570,66.570,66.570,66.570,0,0
1523541180,66.560,66.630,66.560,66.630,0,0
1523541240,66.570,66.570,66.570,66.570,0,0
1523541300,66.590,66.580,66.580,66.590,7623,31037
1523541420,66.590,66.570,66.570,66.640,0,0
1523541480,66.510,66.510,66.510,66.510,0,0
1523541540,66.500,66.500,66.500,66.500,0,0
1523541600,66.500,66.560,66.500,66.560,21710,38660
1523541660,66.450,66.410,66.410,66.450,0,0
1523541720,66.410,66.320,66.320,66.430,0,0
1523541780,66.330,66.360,66.310,66.400,0,0
1523541840,66.350,66.420,66.350,66.420,0,0
1523541900,66.450,66.420,66.420,66.450,2823,60370
1523542080,66.450,66.420,66.420,66.450,0,0
1523542140,66.440,66.410,66.410,66.440,0,0
1523542200,66.440,66.450,66.440,66.450,4516,63193
1523542260,66.450,66.450,66.450,66.450,0,0
1523542380,66.470,66.450,66.450,66.470,0,0
1523542440,66.500,66.490,66.490,66.500,0,0
1523542500,66.510,66.510,66.510,66.510,951,67709
1523542560,66.500,66.500,66.500,66.500,0,0
1523542620,66.480,66.480,66.480,66.480,0,0
1523542800,66.510,66.500,66.500,66.510,1914,68660
1523542860,66.480,66.480,66.480,66.480,0,0
1523542920,66.480,66.480,66.480,66.480,0,0
1523543040,66.510,66.510,66.510,66.510,0,0
1523543100,66.500,66.480,66.480,66.500,3114,70574
1523543160,66.490,66.510,66.490,66.520,0,0
1523543220,66.470,66.470,66.470,66.470,0,0
1523543280,66.490,66.460,66.460,66.490,0,0
1523543340,66.480,66.480,66.480,66.480,0,0
1523543400,66.510,66.510,66.510,66.510,4706,73688
1523543520,66.510,66.510,66.510,66.510,0,0
1523543580,66.540,66.550,66.520,66.550,0,0
1523543700,66.520,66.520,66.520,66.520,13641,78394
1523543760,66.540,66.500,66.500,66.540,0,0
1523543820,66.510,66.500,66.470,66.510,0,0
1523543880,66.470,66.500,66.470,66.500,0,0
1523543940,66.490,66.500,66.490,66.500,0,0
1523544000,66.520,66.480,66.480,66.520,5747,92035
1523544060,66.480,66.480,66.480,66.480,0,0
1523544120,66.450,66.500,66.450,66.500,0,0
1523544180,66.500,66.510,66.500,66.510,0,0
1523544240,66.510,66.470,66.470,66.510,0,0
1523544300,66.490,66.490,66.490,66.490,3519,97782
1523544360,66.470,66.510,66.470,66.510,0,0
1523544480,66.490,66.490,66.490,66.490,0,0
1523544540,66.500,66.500,66.500,66.500,0,0
1523544600,66.530,66.540,66.520,66.540,4695,101301
1523544660,66.530,66.530,66.530,66.530,0,0
1523544720,66.530,66.530,66.530,66.530,0,0
1523544780,66.540,66.550,66.540,66.550,0,0
1523544840,66.550,66.520,66.510,66.550,0,0
1523544900,66.520,66.490,66.490,66.520,3413,105996
1523545080,66.490,66.480,66.470,66.490,0,0
1523545140,66.480,66.480,66.480,66.480,0,0
1523545200,66.510,66.590,66.510,66.590,10516,109409
1523545260,66.580,66.560,66.550,66.580,0,0
1523545320,66.550,66.590,66.550,66.590,0,0
1523545380,66.570,66.580,66.570,66.580,0,0
1523545440,66.560,66.560,66.560,66.560,0,0
1523545500,66.550,66.580,66.530,66.580,6140,119925
1523545560,66.550,66.580,66.530,66.580,0,0
1523545620,66.570,66.570,66.570,66.570,0,0
1523545680,66.560,66.530,66.530,66.560,0,0
1523545740,66.560,66.570,66.550,66.570,0,0
1523545800,66.560,66.580,66.560,66.580,6422,126065
1523545920,66.580,66.580,66.580,66.580,0,0
1523545980,66.590,66.580,66.580,66.590,0,0
1523546040,66.630,66.600,66.590,66.630,0,0
1523546100,66.650,66.690,66.650,66.690,8053,132487
1523546160,66.650,66.690,66.650,66.690,0,0
1523546220,66.680,66.680,66.680,66.680,0,0
1523546340,66.680,66.720,66.630,66.720,0,0
1523546400,66.720,66.670,66.670,66.730,9326,140540
1523546460,66.710,66.740,66.710,66.740,0,0
1523546520,66.770,66.710,66.710,66.770,0,0
1523546580,66.760,66.800,66.760,66.800,0,0
1523546640,66.780,66.770,66.770,66.780,0,0
1523546700,66.790,66.790,66.790,66.790,3426,149866
1523546760,66.790,66.790,66.790,66.790,0,0
1523546820,66.790,66.760,66.760,66.790,0,0
1523546880,66.750,66.750,66.750,66.750,0,0
1523546940,66.740,66.750,66.740,66.750,0,0
1523547000,66.750,66.750,66.750,66.750,2373,153292
1523547120,66.750,66.750,66.750,66.750,0,0
1523547180,66.750,66.740,66.740,66.750,0,0
1523547300,66.750,66.750,66.750,66.750,1252,155665
1523547420,66.720,66.700,66.700,66.720,0,0
1523547600,66.720,66.720,66.720,66.720,1718,156917
1523547660,66.720,66.720,66.720,66.720,0,0
1523547720,66.710,66.710,66.710,66.710,0,0
1523547780,66.700,66.700,66.700,66.700,0,0
1523547840,66.690,66.690,66.690,66.690,0,0
1523547900,66.660,66.650,66.650,66.660,1253,158635
1523547960,66.660,66.650,66.650,66.660,0,0
1523548140,66.620,66.620,66.620,66.620,0,0
1523548200,66.590,66.540,66.540,66.590,1057,159888
1523548320,66.590,66.540,66.540,66.590,0,0
1523548500,66.530,66.530,66.530,66.530,3893,160945
1523548560,66.520,66.520,66.520,66.520,0,0
1523548680,66.530,66.520,66.520,66.530,0,0
1523548800,66.560,66.550,66.550,66.570,4623,164838
1523548860,66.570,66.590,66.570,66.590,0,0
1523548920,66.570,66.550,66.550,66.570,0,0
1523548980,66.580,66.570,66.570,66.580,0,0
1523549040,66.560,66.560,66.560,66.560,0,0
1523549100,66.580,66.580,66.580,66.580,832,169461
1523549280,66.510,66.490,66.490,66.510,0,0
1523549340,66.530,66.530,66.530,66.530,0,0
1523549400,66.550,66.550,66.550,66.550,2316,170293
1523549520,66.550,66.550,66.550,66.550,0,0
1523549580,66.560,66.550,66.550,66.560,0,0
1523549700,66.550,66.550,66.550,66.550,4806,172609
1523549760,66.570,66.580,66.570,66.580,0,0
1523549820,66.550,66.500,66.500,66.550,0,0
1523549880,66.530,66.530,66.530,66.530,0,0
1523549940,66.530,66.560,66.530,66.560,0,0
1523550000,66.550,66.550,66.550,66.550,1015,177415
1523550060,66.550,66.550,66.550,66.550,0,0
1523550180,66.490,66.490,66.490,66.490,0,0
1523550300,66.520,66.530,66.520,66.530,2084,178430
1523550360,66.520,66.530,66.520,66.530,0,0
1523550540,66.520,66.450,66.450,66.520,0,0
1523550600,66.500,66.500,66.500,66.500,1999,180514
1523550660,66.500,66.500,66.500,66.500,0,0
1523550720,66.500,66.500,66.500,66.500,0,0
1523550780,66.510,66.480,66.480,66.510,0,0
1523550900,66.480,66.480,66.480,66.480,1730,182513
1523550960,66.480,66.450,66.450,66.480,0,0
1523551020,66.440,66.430,66.430,66.440,0,0
1523551200,66.430,66.430,66.430,66.430,2245,184243
1523551260,66.430,66.430,66.430,66.430,0,0
1523551380,66.430,66.430,66.430,66.430,0,0
1523551440,66.440,66.440,66.440,66.440,0,0
1523551500,66.460,66.460,66.460,66.460,5027,186488
1523551560,66.470,66.480,66.470,66.480,0,0
1523551620,66.450,66.450,66.450,66.450,0,0
1523551680,66.420,66.430,66.420,66.430,0,0
1523551740,66.420,66.450,66.420,66.450,0,0
1523551800,66.420,66.440,66.420,66.450,8593,191515
1523551860,66.440,66.420,66.420,66.440,0,0
1523551920,66.400,66.410,66.370,66.410,0,0
1523551980,66.390,66.390,66.390,66.390,0,0
1523552100,66.410,66.410,66.410,66.410,2260,200108
1523552160,66.410,66.410,66.410,66.410,0,0
1523552220,66.400,66.410,66.400,66.410,0,0
1523552280,66.410,66.400,66.400,66.410,0,0
1523552400,66.410,66.400,66.400,66.410,3788,202368
1523552460,66.420,66.440,66.420,66.440,0,0
1523552520,66.420,66.420,66.420,66.420,0,0
1523552580,66.420,66.430,66.420,66.430,0,0
1523552640,66.440,66.440,66.440,66.440,0,0
1523552700,66.450,66.480,66.450,66.480,11224,206156
1523552760,66.470,66.470,66.470,66.470,0,0
1523552820,66.520,66.500,66.500,66.520,0,0
1523552880,66.490,66.500,66.490,66.500,0,0
1523552940,66.520,66.460,66.460,66.520,0,0
1523553000,66.450,66.460,66.450,66.460,18435,217380
1523553060,66.510,66.480,66.480,66.510,0,0
1523553120,66.490,66.490,66.490,66.490,0,0
1523553180,66.520,66.540,66.500,66.540,0,0
1523553240,66.550,66.560,66.540,66.560,0,0
1523553300,66.560,66.550,66.550,66.560,18335,235815
1523553360,66.580,66.470,66.470,66.580,0,0
1523553420,66.520,66.520,66.520,66.520,0,0
1523553480,66.540,66.540,66.540,66.540,0,0
1523553600,66.560,66.570,66.560,66.570,3334,254150
1523553660,66.580,66.590,66.580,66.590,0,0
1523553720,66.560,66.570,66.560,66.570,0,0
1523553840,66.580,66.580,66.580,66.580,0,0
1523553900,66.570,66.570,66.570,66.570,3144,257484
1523553960,66.580,66.590,66.580,66.590,0,0
1523554020,66.590,66.530,66.530,66.590,0,0
1523554140,66.510,66.510,66.510,66.510,0,0
1523554200,66.520,66.530,66.520,66.530,3244,260628
1523554260,66.520,66.530,66.520,66.530,0,0
1523554320,66.530,66.530,66.530,66.530,0,0
1523554380,66.530,66.560,66.530,66.560,0,0
1523554440,66.560,66.540,66.540,66.560,0,0
1523554500,66.550,66.540,66.540,66.550,2260,263872
1523554560,66.600,66.600,66.600,66.600,0,0
1523554620,66.610,66.600,66.600,66.610,0,0
1523554800,66.540,66.540,66.540,66.540,3276,266132
1523554860,66.540,66.540,66.540,66.540,0,0
1523554920,66.520,66.530,66.520,66.530,0,0
1523554980,66.560,66.560,66.560,66.560,0,0
1523555040,66.590,66.590,66.590,66.590,0,0
1523555100,66.570,66.570,66.570,66.570,2027,269408
1523555160,66.570,66.570,66.570,66.570,0,0
1523555220,66.560,66.560,66.560,66.560,0,0
1523555280,66.580,66.580,66.580,66.580,0,0
1523555400,66.610,66.600,66.600,66.610,1674,271435
1523555460,66.610,66.600,66.600,66.610,0,0
1523555520,66.590,66.560,66.560,66.590,0,0
1523555580,66.550,66.550,66.550,66.550,0,0
1523555700,66.490,66.490,66.490,66.490,4929,273109
1523555760,66.490,66.490,66.490,66.490,0,0
1523555820,66.490,66.470,66.470,66.500,0,0
1523555940,66.420,66.480,66.420,66.480,0,0
1523556000,66.460,66.470,66.460,66.470,1901,278038
1523556060,66.460,66.460,66.460,66.460,0,0
1523556240,66.490,66.530,66.490,66.530,0,0
1523556300,66.490,66.500,66.490,66.500,863,279939
1523556480,66.490,66.500,66.490,66.500,0,0
1523556600,66.500,66.500,66.500,66.500,2241,280802
1523556660,66.500,66.500,66.500,66.500,0,0
1523556720,66.500,66.500,66.500,66.500,0,0
1523556780,66.500,66.510,66.500,66.510,0,0
1523556840,66.490,66.490,66.490,66.490,0,0
1523556900,66.530,66.500,66.500,66.530,2806,283043
1523556960,66.510,66.500,66.500,66.510,0,0
1523557140,66.500,66.500,66.500,66.500,0,0
1523557200,66.490,66.490,66.490,66.490,2851,285849
1523557260,66.510,66.510,66.510,66.510,0,0
1523557320,66.520,66.520,66.520,66.520,0,0
1523557440,66.540,66.540,66.540,66.540,0,0
1523557500,66.530,66.530,66.530,66.530,694,288700
1523557620,66.530,66.530,66.530,66.530,0,0
1523557800,66.500,66.500,66.500,66.500,2040,289394
1523557860,66.500,66.500,66.500,66.500,0,0
1523558040,66.490,66.490,66.490,66.490,0,0
1523558100,66.500,66.500,66.500,66.500,2651,291434
1523558220,66.490,66.490,66.490,66.490,0,0
1523558340,66.480,66.480,66.480,66.480,0,0
1523558400,66.480,66.480,66.480,66.480,112,294085
1523558460,66.480,66.480,66.480,66.480,0,0
1523558580,66.480,66.480,66.480,66.480,0,0
1523558700,66.480,66.480,66.480,66.480,2479,294197
1523558760,66.490,66.490,66.490,66.490,0,0
1523558820,66.470,66.440,66.440,66.470,0,0
1523558880,66.440,66.450,66.440,66.450,0,0
1523559000,66.500,66.500,66.500,66.500,2546,296676
1523559180,66.490,66.500,66.490,66.500,0,0
1523559300,66.490,66.490,66.490,66.490,714,299222
1523559360,66.490,66.490,66.490,66.490,0,0
1523559420,66.500,66.500,66.500,66.500,0,0
1523559480,66.500,66.500,66.500,66.500,0,0
1523559540,66.500,66.500,66.500,66.500,0,0
1523559600,66.500,66.500,66.500,66.500,4617,299936
1523559660,66.510,66.510,66.510,66.510,0,0
1523559720,66.500,66.490,66.490,66.500,0,0
1523559900,66.480,66.480,66.480,66.480,4396,304553
1523559960,66.470,66.470,66.470,66.470,0,0
1523560020,66.460,66.460,66.460,66.460,0,0
1523560140,66.460,66.460,66.460,66.460,0,0
1523560200,66.460,66.470,66.460,66.470,7994,308949
1523560260,66.480,66.480,66.480,66.480,0,0
1523560320,66.490,66.490,66.490,66.490,0,0
1523560380,66.490,66.490,66.490,66.490,0,0
1523560440,66.500,66.500,66.500,66.500,0,0
1523560500,66.500,66.500,66.500,66.500,3251,316943
1523560560,66.500,66.490,66.490,66.500,0,0
1523560620,66.490,66.490,66.490,66.490,0,0
1523560680,66.490,66.490,66.490,66.490,0,0
1523560740,66.500,66.500,66.500,66.500,0,0
1523560800,66.500,66.510,66.500,66.510,4873,320194
1523560860,66.510,66.550,66.510,66.550,0,0
1523560920,66.570,66.580,66.570,66.580,0,0
1523560980,66.570,66.570,66.570,66.570,0,0
1523561040,66.560,66.560,66.560,66.560,0,0
1523561100,66.570,66.580,66.570,66.580,5608,325067
1523561160,66.580,66.580,66.580,66.580,0,0
1523561220,66.600,66.600,66.600,66.600,0,0
1523561280,66.620,66.590,66.590,66.620,0,0
1523561340,66.600,66.620,66.600,66.620,0,0
1523561400,66.610,66.630,66.610,66.630,5407,330675
1523561460,66.610,66.590,66.590,66.610,0,0
1523561520,66.590,66.590,66.590,66.590,0,0
1523561580,66.590,66.590,66.590,66.590,0,0
1523561640,66.590,66.580,66.580,66.590,0,0
1523561700,66.590,66.580,66.580,66.590,4539,336082
1523561760,66.600,66.610,66.600,66.610,0,0
1523561820,66.610,66.610,66.610,66.610,0,0
1523561880,66.630,66.630,66.630,66.630,0,0
1523561940,66.640,66.650,66.640,66.650,0,0
1523562000,66.670,66.670,66.670,66.670,7100,340621
1523562060,66.650,66.650,66.650,66.650,0,0
1523562120,66.650,66.660,66.650,66.660,0,0
1523562180,66.660,66.690,66.660,66.690,0,0
1523562240,66.680,66.650,66.650,66.680,0,0
1523562300,66.620,66.590,66.590,66.620,11666,347721
1523562360,66.580,66.580,66.580,66.580,0,0
1523562420,66.570,66.550,66.540,66.570,0,0
1523562480,66.540,66.550,66.530,66.550,0,0
1523562540,66.550,66.550,66.550,66.550,0,0
1523562600,66.560,66.570,66.560,66.570,14689,359387
1523562660,66.580,66.570,66.570,66.580,0,0
1523562720,66.560,66.570,66.560,66.570,0,0
1523562780,66.580,66.600,66.580,66.610,0,0
1523562840,66.590,66.590,66.590,66.590,0,0
1523562900,66.590,66.580,66.580,66.590,352369,374076
1523562960,66.590,66.560,66.560,66.590,0,0
1523563020,66.560,66.530,66.500,66.560,0,0
1523563080,66.530,66.540,66.530,66.540,0,0
1523563140,66.530,66.530,66.530,66.590,0,0
1523626200,66.720,66.470,66.470,66.720,13159,0
1523626260,66.320,66.320,66.320,66.320,0,0
1523626440,66.420,66.270,66.270,66.420,0,0
1523626500,66.290,66.340,66.290,66.340,1629,13159
1523626560,66.430,66.340,66.340,66.430,0,0
1523626620,66.340,66.270,66.270,66.340,0,0
1523626800,66.360,66.340,66.340,66.360,4413,14788
1523626860,66.360,66.340,66.340,66.360,0,0
1523626920,66.380,66.430,66.380,66.430,0,0
1523626980,66.420,66.360,66.360,66.420,0,0
1523627040,66.360,66.360,66.360,66.360,0,0
1523627100,66.280,66.270,66.270,66.280,1434,19201
1523627160,66.280,66.270,66.270,66.280,0,0
1523627220,66.300,66.300,66.300,66.300,0,0
1523627280,66.220,66.220,66.220,66.220,0,0
1523627400,66.230,66.190,66.180,66.230,24119,20635
1523627460,66.160,66.100,66.100,66.160,0,0
1523627520,66.100,65.980,65.980,66.120,0,0
1523627580,65.970,66.050,65.970,66.050,0,0
1523627640,66.190,66.100,66.100,66.190,0,0
1523627700,66.140,66.140,66.140,66.140,3479,44754
1523627760,66.160,66.200,66.160,66.200,0,0
1523627820,66.220,66.260,66.200,66.260,0,0
1523627940,66.200,66.210,66.200,66.210,0,0
1523628000,66.250,66.250,66.250,66.250,3636,48233
1523628060,66.270,66.270,66.270,66.270,0,0
1523628120,66.270,66.250,66.240,66.270,0,0
1523628180,66.290,66.290,66.290,66.290,0,0
1523628240,66.310,66.360,66.310,66.360,0,0
1523628300,66.370,66.370,66.370,66.370,3507,51869
1523628360,66.350,66.370,66.350,66.370,0,0
1523628420,66.400,66.420,66.400,66.420,0,0
1523628480,66.390,66.390,66.390,66.390,0,0
1523628540,66.320,66.320,66.320,66.320,0,0
1523628600,66.280,66.280,66.280,66.280,2053,55376
1523628660,66.280,66.280,66.280,66.280,0,0
1523628720,66.250,66.250,66.250,66.250,0,0
1523628780,66.210,66.210,66.210,66.210,0,0
1523628900,66.230,66.250,66.230,66.250,1799,57429
1523629020,66.250,66.230,66.230,66.250,0,0
1523629200,66.190,66.110,66.110,66.190,3205,59228
1523629380,66.050,66.050,66.050,66.050,0,0
1523629440,66.000,66.000,66.000,66.000,0,0
1523629500,65.950,65.930,65.920,65.950,3807,62433
1523629560,65.930,65.930,65.930,65.930,0,0
1523629620,65.920,65.920,65.920,65.920,0,0
1523629680,65.920,65.920,65.920,65.920,0,0
1523629740,65.950,65.950,65.950,65.950,0,0
1523629800,65.940,65.940,65.940,65.940,6618,66240
1523629860,65.930,65.920,65.920,65.930,0,0
1523629920,65.910,65.950,65.910,65.950,0,0
1523629980,65.940,65.970,65.940,65.970,0,0
1523630040,65.970,65.950,65.950,65.970,0,0
1523630100,65.950,65.950,65.950,65.950,7534,72858
1523630160,65.920,65.920,65.920,65.920,0,0
1523630220,65.920,65.910,65.910,65.920,0,0
1523630280,65.870,65.870,65.870,65.870,0,0
1523630340,65.850,65.830,65.830,65.850,0,0
1523630400,65.840,65.860,65.840,65.860,5706,80392
1523630460,65.880,65.830,65.830,65.880,0,0
1523630520,65.850,65.850,65.850,65.850,0,0
1523630580,65.860,65.910,65.860,65.910,0,0
1523630640,65.920,65.890,65.890,65.920,0,0
1523630700,65.910,65.900,65.900,65.910,4601,86098
1523630760,65.890,65.900,65.890,65.900,0,0
1523630880,65.940,65.960,65.940,65.960,0,0
1523630940,65.980,65.970,65.970,65.980,0,0
1523631000,65.970,65.980,65.970,65.980,3100,90699
1523631060,65.950,65.970,65.950,65.970,0,0
1523631180,65.950,65.890,65.890,65.950,0,0
1523631300,65.850,65.820,65.820,65.850,5947,93799
1523631360,65.810,65.810,65.810,65.810,0,0
1523631420,65.790,65.760,65.760,65.790,0,0
1523631480,65.840,65.840,65.840,65.840,0,0
1523631540,65.880,65.880,65.880,65.880,0,0
1523631600,65.850,65.850,65.850,65.850,2588,99746
1523631720,65.850,65.840,65.840,65.850,0,0
1523631780,65.850,65.850,65.850,65.850,0,0
1523631900,65.920,65.920,65.920,65.920,2953,102334
1523631960,65.920,65.920,65.920,65.920,0,0
1523632020,65.930,65.920,65.920,65.930,0,0
1523632080,65.930,65.920,65.920,65.930,0,0
1523632140,65.950,65.950,65.950,65.950,0,0
1523632200,65.920,65.970,65.920,65.970,4820,105287
1523632320,65.940,65.930,65.930,65.940,0,0
1523632380,65.900,65.900,65.900,65.900,0,0
1523632440,65.880,65.840,65.840,65.880,0,0
1523632500,65.840,65.870,65.840,65.870,3247,110107
1523632560,65.890,65.920,65.890,65.930,0,0
1523632620,65.910,65.910,65.910,65.910,0,0
1523632740,65.870,65.870,65.870,65.870,0,0
1523632800,65.880,65.870,65.870,65.880,5495,113354
1523632860,65.860,65.860,65.860,65.860,0,0
1523632920,65.860,65.880,65.850,65.880,0,0
1523632980,65.890,65.910,65.890,65.920,0,0
1523633040,65.930,66.010,65.930,66.010,0,0
1523633100,65.990,65.990,65.990,65.990,2273,118849
1523633220,65.990,65.990,65.990,65.990,0,0
1523633280,65.980,66.000,65.980,66.000,0,0
1523633340,66.000,66.000,66.000,66.000,0,0
1523633400,66.010,66.010,66.010,66.010,2534,121122
1523633460,65.960,66.010,65.960,66.030,0,0
1523633640,66.000,66.000,66.000,66.000,0,0
1523633700,66.010,66.010,66.010,66.010,4335,123656
1523633760,66.030,66.030,66.030,66.030,0,0
1523633820,66.030,65.960,65.960,66.030,0,0
1523633880,65.960,65.950,65.950,65.960,0,0
1523633940,65.930,65.910,65.910,65.930,0,0
1523634000,65.910,65.890,65.890,65.910,3907,127991
1523634120,65.900,65.930,65.900,65.930,0,0
1523634240,65.980,65.980,65.980,65.980,0,0
1523634300,65.970,65.970,65.970,65.970,2294,131898
1523634360,65.970,65.970,65.970,65.970,0,0
1523634480,65.960,65.960,65.960,65.960,0,0
1523634600,65.910,65.910,65.910,65.910,3282,134192
1523634720,65.920,65.920,65.920,65.920,0,0
1523634780,65.950,65.950,65.950,65.950,0,0
1523634900,65.880,65.910,65.880,65.910,3054,137474
1523635080,65.940,65.950,65.940,65.950,0,0
1523635140,65.940,65.940,65.940,65.940,0,0
1523635200,65.960,65.980,65.960,65.980,4373,140528
1523635260,65.980,65.980,65.980,65.980,0,0
1523635320,66.030,66.020,66.020,66.040,0,0
1523635380,65.960,65.960,65.960,65.960,0,0
1523635440,65.970,65.970,65.970,65.970,0,0
1523635500,65.980,65.970,65.970,65.980,1646,144901
1523635560,65.970,65.970,65.970,65.970,0,0
1523635680,65.920,65.920,65.920,65.920,0,0
1523635800,65.920,65.940,65.920,65.950,5062,146547
1523635920,65.930,65.930,65.930,65.930,0,0
1523635980,65.960,65.960,65.960,65.960,0,0
1523636040,65.980,65.910,65.910,65.980,0,0
1523636100,65.960,65.960,65.960,65.960,1240,151609
1523636160,65.970,65.970,65.970,65.970,0,0
1523636340,65.960,65.960,65.960,65.960,0,0
1523636400,65.960,65.930,65.930,65.970,2760,152849
1523636460,65.960,65.930,65.930,65.970,0,0
1523636520,65.920,65.950,65.920,65.950,0,0
1523636700,65.930,65.880,65.880,65.930,3276,155609
1523636820,65.930,65.880,65.880,65.930,0,0
1523636880,65.900,65.900,65.900,65.900,0,0
1523636940,65.930,65.960,65.930,65.960,0,0
1523637000,65.970,65.960,65.940,65.970,3118,158885
1523637060,65.950,65.920,65.920,65.950,0,0
1523637180,65.950,65.980,65.950,65.980,0,0
1523637300,65.940,65.940,65.940,65.940,3501,162003
1523637420,65.960,65.920,65.920,65.960,0,0
1523637480,65.900,65.900,65.900,65.900,0,0
1523637540,65.900,65.900,65.900,65.900,0,0
1523637600,65.960,65.940,65.940,65.960,2666,165504
1523637780,65.950,65.950,65.950,65.950,0,0
1523637900,65.940,65.940,65.940,65.940,4088,168170
1523637960,65.940,65.940,65.940,65.940,0,0
1523638080,65.910,65.920,65.890,65.920,0,0
1523638140,65.940,65.940,65.940,65.940,0,0
1523638200,65.980,65.980,65.980,65.980,2585,172258
1523638260,65.980,65.980,65.980,65.980,0,0
1523638320,65.970,65.970,65.970,65.970,0,0
1523638380,65.970,65.970,65.970,65.970,0,0
1523638440,65.990,65.990,65.990,65.990,0,0
1523638500,65.980,65.980,65.980,65.980,2979,174843
1523638560,65.980,65.980,65.980,65.980,0,0
1523638620,65.980,66.000,65.980,66.000,0,0
1523638740,66.010,66.020,66.010,66.020,0,0
1523638800,66.040,66.040,66.040,66.040,2936,177822
1523638860,66.040,66.040,66.040,66.040,0,0
1523638920,66.020,66.020,66.020,66.020,0,0
1523639040,66.040,66.040,66.040,66.040,0,0
1523639100,66.040,66.040,66.040,66.040,3083,180758
1523639160,66.040,66.040,66.040,66.040,0,0
1523639220,66.050,66.050,66.050,66.050,0,0
1523639280,66.070,66.100,66.070,66.100,0,0
1523639340,66.090,66.070,66.070,66.090,0,0
1523639400,66.070,66.040,66.040,66.070,3394,183841
1523639460,66.070,66.040,66.040,66.070,0,0
1523639520,66.050,66.050,66.050,66.050,0,0
1523639580,66.040,66.050,66.040,66.050,0,0
1523639640,66.060,66.060,66.060,66.060,0,0
1523639700,66.070,66.100,66.070,66.100,1888,187235
1523639760,66.070,66.070,66.070,66.070,0,0
1523639940,66.080,66.080,66.080,66.080,0,0
1523640000,66.070,66.070,66.070,66.070,4052,189123
1523640120,66.090,66.090,66.090,66.090,0,0
1523640180,66.090,66.090,66.090,66.090,0,0
1523640300,66.110,66.110,66.110,66.110,3672,193175
1523640360,66.120,66.120,66.120,66.120,0,0
1523640540,66.090,66.050,66.040,66.090,0,0
1523640600,66.050,66.050,66.050,66.050,5477,196847
1523640660,66.050,66.050,66.050,66.050,0,0
1523640720,66.060,66.130,66.060,66.130,0,0
1523640780,66.090,66.060,66.060,66.090,0,0
1523640840,66.080,66.080,66.080,66.080,0,0
1523640900,66.050,66.050,66.050,66.050,1327,202324
1523640960,66.050,66.050,66.050,66.050,0,0
1523641020,66.060,66.070,66.060,66.070,0,0
1523641140,66.070,66.070,66.070,66.070,0,0
1523641200,66.090,66.070,66.070,66.090,3137,203651
1523641380,66.050,66.010,66.010,66.050,0,0
1523641500,66.020,66.030,66.020,66.030,3213,206788
1523641680,66.020,66.020,66.020,66.020,0,0
1523641800,66.030,66.030,66.030,66.030,3298,210001
1523641920,66.070,66.070,66.070,66.070,0,0
1523642040,66.060,66.020,66.020,66.060,0,0
1523642100,66.010,66.010,66.010,66.010,6270,213299
1523642160,66.010,65.960,65.960,66.010,0,0
1523642220,65.950,66.010,65.930,66.010,0,0
1523642280,66.020,66.020,66.020,66.020,0,0
1523642400,66.020,66.040,66.020,66.040,588,219569
1523642460,66.020,66.020,66.020,66.020,0,0
1523642700,66.020,66.040,66.020,66.040,4909,220157
1523642760,66.030,66.050,66.030,66.050,0,0
1523642820,66.050,66.050,66.050,66.050,0,0
1523642880,66.080,66.080,66.080,66.080,0,0
1523643000,66.100,66.110,66.080,66.110,5120,225066
1523643120,66.110,66.120,66.110,66.120,0,0
1523643240,66.100,66.140,66.100,66.140,0,0
1523643300,66.140,66.070,66.070,66.140,9639,230186
1523643360,66.070,66.070,66.070,66.070,0,0
1523643420,66.080,66.080,66.080,66.080,0,0
1523643480,66.080,66.080,66.080,66.080,0,0
1523643540,66.110,66.070,66.070,66.110,0,0
1523643600,66.110,66.110,66.110,66.110,1741,239825
1523643720,66.100,66.120,66.100,66.120,0,0
1523643900,66.120,66.070,66.070,66.120,9844,241566
1523643960,66.120,66.070,66.070,66.120,0,0
1523644020,66.110,66.090,66.090,66.110,0,0
1523644080,66.110,66.100,66.100,66.110,0,0
1523644140,66.110,66.120,66.110,66.150,0,0
1523644200,66.090,66.080,66.080,66.090,5912,251410
1523644260,66.110,66.110,66.110,66.110,0,0
1523644320,66.080,66.080,66.080,66.080,0,0
1523644380,66.090,66.140,66.090,66.140,0,0
1523644440,66.130,66.140,66.130,66.150,0,0
1523644500,66.140,66.140,66.140,66.140,4459,257322
1523644560,66.150,66.120,66.120,66.150,0,0
1523644620,66.110,66.110,66.110,66.110,0,0
1523644680,66.100,66.110,66.100,66.110,0,0
1523644740,66.130,66.130,66.130,66.130,0,0
1523644800,66.130,66.100,66.100,66.130,7036,261781
1523644860,66.130,66.130,66.130,66.130,0,0
1523644920,66.100,66.130,66.100,66.130,0,0
1523644980,66.140,66.140,66.140,66.140,0,0
1523645040,66.140,66.120,66.120,66.140,0,0
1523645100,66.150,66.150,66.150,66.150,4221,268817
1523645160,66.200,66.200,66.200,66.200,0,0
1523645220,66.200,66.150,66.150,66.200,0,0
1523645280,66.170,66.150,66.150,66.170,0,0
1523645340,66.130,66.120,66.120,66.130,0,0
1523645400,66.090,66.090,66.090,66.090,2302,273038
1523645460,66.090,66.090,66.090,66.090,0,0
1523645520,66.070,66.060,66.060,66.070,0,0
1523645580,66.060,66.060,66.060,66.060,0,0
1523645640,66.060,66.060,66.060,66.060,0,0
1523645700,66.060,66.060,66.060,66.060,6785,275340
1523645760,66.060,66.130,66.030,66.130,0,0
1523645820,66.130,66.130,66.130,66.130,0,0
1523645880,66.120,66.120,66.120,66.120,0,0
1523646000,66.110,66.050,66.050,66.110,4126,282125
1523646060,66.050,66.050,66.050,66.050,0,0
1523646120,66.030,66.020,66.020,66.030,0,0
1523646300,65.990,65.950,65.950,65.990,8407,286251
1523646360,65.900,65.870,65.870,65.900,0,0
1523646420,65.900,65.910,65.900,65.910,0,0
1523646480,65.920,65.940,65.920,65.940,0,0
1523646540,65.980,65.960,65.960,65.980,0,0
1523646600,65.970,65.970,65.970,65.970,4674,294658
1523646660,65.970,66.030,65.970,66.030,0,0
1523646720,66.040,66.030,66.030,66.040,0,0
1523646780,66.000,66.000,66.000,66.000,0,0
1523646840,65.990,66.000,65.990,66.000,0,0
1523646900,65.980,65.980,65.980,65.980,3744,299332
1523646960,65.960,65.960,65.960,65.960,0,0
1523647020,65.930,65.900,65.900,65.930,0,0
1523647080,65.890,65.900,65.890,65.900,0,0
1523647140,65.870,65.870,65.870,65.870,0,0
1523647200,65.870,65.870,65.870,65.870,4576,303076
1523647260,65.880,65.870,65.870,65.880,0,0
1523647320,65.850,65.890,65.850,65.890,0,0
1523647380,65.920,65.870,65.870,65.920,0,0
1523647440,65.870,65.870,65.870,65.870,0,0
1523647500,65.900,65.900,65.900,65.900,5245,307652
1523647560,65.880,65.880,65.880,65.880,0,0
1523647620,65.900,65.890,65.890,65.900,0,0
1523647680,65.860,65.860,65.860,65.860,0,0
1523647740,65.880,65.920,65.880,65.920,0,0
1523647800,65.910,65.920,65.910,65.920,8158,312897
1523647860,65.910,65.890,65.890,65.910,0,0
1523647920,65.900,65.910,65.900,65.910,0,0
1523647980,65.940,65.910,65.910,65.960,0,0
1523648040,65.950,65.940,65.940,65.960,0,0
1523648100,65.950,65.950,65.950,65.950,7059,321055
1523648160,65.970,65.980,65.970,65.980,0,0
1523648220,65.990,65.980,65.980,65.990,0,0
1523648280,65.990,65.990,65.990,65.990,0,0
1523648340,65.980,66.010,65.980,66.020,0,0
1523648400,66.030,66.080,66.030,66.090,7400,328114
1523648460,66.070,66.070,66.070,66.070,0,0
1523648520,66.070,66.090,66.070,66.090,0,0
1523648580,66.110,66.120,66.110,66.120,0,0
1523648640,66.130,66.110,66.110,66.140,0,0
1523648700,66.120,66.110,66.110,66.120,11921,335514
1523648760,66.110,66.090,66.080,66.110,0,0
1523648820,66.070,66.050,66.050,66.070,0,0
1523648880,66.060,66.070,66.060,66.070,0,0
1523648940,66.060,66.070,66.060,66.080,0,0
1523649000,66.120,66.100,66.100,66.120,20923,347435
1523649060,66.110,66.100,66.090,66.110,0,0
1523649120,66.100,66.110,66.100,66.120,0,0
1523649180,66.110,66.160,66.110,66.160,0,0
1523649240,66.130,66.090,66.090,66.140,0,0
1523649300,66.080,66.090,66.080,66.090,40065,368358
1523649360,66.080,66.110,66.080,66.110,0,0
1523649420,66.100,66.090,66.090,66.110,0,0
1523649480,66.070,66.110,66.060,66.110,0,0
1523649540,66.110,66.080,66.070,66.130,0,0
1523885400,66.410,66.580,66.410,66.580,2336,0
1523885520,66.580,66.580,66.580,66.580,0,0
1523885580,66.410,66.410,66.410,66.410,0,0
1523885700,66.250,66.250,66.250,66.250,3296,2336
1523885760,66.250,66.250,66.250,66.250,0,0
1523885880,66.330,66.330,66.330,66.330,0,0
1523886000,66.270,66.270,66.270,66.270,3111,5632
1523886060,66.270,66.270,66.270,66.270,0,0
1523886180,66.270,66.270,66.270,66.270,0,0
1523886300,66.330,66.420,66.330,66.420,1454,8743
1523886360,66.480,66.480,66.480,66.480,0,0
1523886420,66.530,66.490,66.490,66.530,0,0
1523886540,66.490,66.490,66.490,66.490,0,0
1523886600,66.430,66.430,66.430,66.430,1497,10197
1523886780,66.380,66.380,66.380,66.380,0,0
1523886840,66.440,66.440,66.440,66.440,0,0
1523886900,66.420,66.420,66.420,66.420,1965,11694
1523886960,66.490,66.490,66.490,66.490,0,0
1523887020,66.470,66.560,66.470,66.560,0,0
1523887080,66.540,66.550,66.540,66.550,0,0
1523887140,66.550,66.550,66.550,66.550,0,0
1523887200,66.560,66.550,66.550,66.560,4318,13659
1523887260,66.560,66.640,66.560,66.640,0,0
1523887320,66.610,66.660,66.600,66.660,0,0
1523887380,66.680,66.670,66.670,66.680,0,0
1523887440,66.720,66.720,66.720,66.720,0,0
1523887500,66.650,66.650,66.650,66.650,3381,17977
1523887620,66.650,66.650,66.650,66.650,0,0
1523887680,66.680,66.680,66.680,66.680,0,0
1523887740,66.670,66.690,66.670,66.690,0,0
1523887800,66.660,66.660,66.660,66.660,3321,21358
1523887920,66.670,66.670,66.670,66.670,0,0
1523887980,66.690,66.660,66.660,66.690,0,0
1523888040,66.640,66.590,66.590,66.640,0,0
1523888100,66.660,66.660,66.660,66.660,1629,24679
1523888160,66.670,66.630,66.630,66.670,0,0
1523888280,66.550,66.550,66.550,66.550,0,0
1523888400,66.570,66.570,66.570,66.570,1645,26308
1523888460,66.570,66.570,66.570,66.570,0,0
1523888520,66.600,66.600,66.600,66.600,0,0
1523888580,66.620,66.620,66.620,66.620,0,0
1523888640,66.640,66.640,66.640,66.640,0,0
1523888700,66.620,66.620,66.620,66.620,3629,27953
1523888820,66.650,66.650,66.650,66.650,0,0
1523888880,66.750,66.750,66.750,66.750,0,0
1523888940,66.720,66.680,66.680,66.720,0,0
1523889000,66.670,66.670,66.670,66.670,941,31582
1523889060,66.670,66.670,66.670,66.670,0,0
1523889180,66.660,66.660,66.660,66.660,0,0
1523889300,66.640,66.600,66.600,66.640,1694,32523
1523889360,66.630,66.630,66.630,66.630,0,0
1523889420,66.630,66.630,66.630,66.630,0,0
1523889540,66.640,66.630,66.630,66.640,0,0
1523889600,66.610,66.610,66.610,66.610,1480,34217
1523889660,66.590,66.590,66.590,66.590,0,0
1523889720,66.570,66.570,66.570,66.570,0,0
1523889840,66.560,66.560,66.560,66.560,0,0
1523889900,66.580,66.560,66.560,66.580,1741,35697
1523889960,66.500,66.500,66.500,66.500,0,0
1523890020,66.480,66.480,66.480,66.480,0,0
1523890080,66.470,66.470,66.470,66.470,0,0
1523890140,66.460,66.460,66.460,66.460,0,0
1523890200,66.440,66.470,66.440,66.470,2873,37438
1523890380,66.440,66.470,66.440,66.470,0,0
1523890440,66.500,66.520,66.500,66.520,0,0
1523890500,66.550,66.550,66.550,66.550,2960,40311
1523890560,66.550,66.550,66.550,66.550,0,0
1523890620,66.570,66.570,66.570,66.570,0,0
1523890680,66.560,66.560,66.560,66.560,0,0
1523890740,66.520,66.500,66.500,66.530,0,0
1523890800,66.550,66.550,66.550,66.550,3777,43271
1523890920,66.620,66.620,66.620,66.620,0,0
1523890980,66.640,66.620,66.620,66.640,0,0
1523891040,66.620,66.620,66.620,66.620,0,0
1523891100,66.640,66.640,66.640,66.640,1960,47048
1523891220,66.640,66.640,66.640,66.640,0,0
1523891280,66.640,66.640,66.640,66.640,0,0
1523891340,66.700,66.720,66.700,66.720,0,0
1523891400,66.720,66.730,66.720,66.730,4387,49008
1523891460,66.690,66.690,66.690,66.690,0,0
1523891520,66.670,66.670,66.670,66.670,0,0
1523891640,66.700,66.690,66.690,66.700,0,0
1523891700,66.620,66.610,66.570,66.630,4378,53395
1523891760,66.670,66.640,66.640,66.670,0,0
1523891820,66.630,66.630,66.630,66.630,0,0
1523891880,66.630,66.650,66.630,66.650,0,0
1523891940,66.650,66.650,66.650,66.650,0,0
1523892000,66.660,66.740,66.660,66.760,5426,57773
1523892060,66.660,66.740,66.660,66.760,0,0
1523892180,66.760,66.760,66.760,66.760,0,0
1523892240,66.800,66.800,66.800,66.800,0,0
1523892300,66.830,66.800,66.800,66.830,5403,63199
1523892360,66.780,66.780,66.780,66.780,0,0
1523892420,66.760,66.750,66.750,66.760,0,0
1523892540,66.760,66.760,66.760,66.760,0,0
1523892600,66.760,66.740,66.740,66.760,3454,68602
1523892660,66.720,66.710,66.710,66.720,0,0
1523892780,66.700,66.700,66.700,66.700,0,0
1523892840,66.660,66.660,66.660,66.660,0,0
1523892900,66.670,66.680,66.670,66.680,3423,72056
1523892960,66.670,66.680,66.670,66.680,0,0
1523893020,66.680,66.660,66.660,66.680,0,0
1523893080,66.690,66.660,66.660,66.690,0,0
1523893200,66.670,66.610,66.610,66.670,3350,75479
1523893440,66.600,66.600,66.600,66.600,0,0
1523893500,66.590,66.580,66.580,66.590,4065,78829
1523893560,66.560,66.540,66.540,66.560,0,0
1523893620,66.520,66.550,66.520,66.550,0,0
1523893680,66.550,66.510,66.510,66.550,0,0
1523893740,66.540,66.540,66.540,66.540,0,0
1523893800,66.620,66.620,66.620,66.620,3388,82894
1523893920,66.610,66.610,66.610,66.610,0,0
1523893980,66.580,66.580,66.580,66.580,0,0
1523894100,66.580,66.580,66.580,66.580,8584,86282
1523894220,66.600,66.600,66.600,66.600,0,0
1523894340,66.620,66.680,66.620,66.680,0,0
1523894400,66.660,66.680,66.640,66.680,4917,94866
1523894460,66.710,66.710,66.710,66.710,0,0
1523894520,66.750,66.750,66.750,66.750,0,0
1523894700,66.810,66.790,66.790,66.810,3435,99783
1523894760,66.780,66.770,66.770,66.780,0,0
1523894940,66.730,66.720,66.720,66.730,0,0
1523895000,66.720,66.720,66.720,66.720,1889,103218
1523895060,66.720,66.720,66.720,66.720,0,0
1523895120,66.720,66.720,66.720,66.720,0,0
1523895300,66.740,66.710,66.710,66.740,3076,105107
1523895420,66.720,66.700,66.700,66.720,0,0
1523895480,66.730,66.730,66.730,66.730,0,0
1523895540,66.730,66.730,66.730,66.730,0,0
1523895600,66.690,66.700,66.660,66.700,2998,108183
1523895660,66.690,66.700,66.660,66.700,0,0
1523895840,66.720,66.730,66.720,66.750,0,0
1523895900,66.720,66.730,66.720,66.730,2665,111181
1523895960,66.750,66.760,66.750,66.760,0,0
1523896140,66.840,66.840,66.840,66.840,0,0
1523896200,66.810,66.810,66.810,66.810,3347,113846
1523896320,66.850,66.790,66.790,66.850,0,0
1523896440,66.790,66.760,66.760,66.790,0,0
1523896500,66.760,66.760,66.760,66.760,1483,117193
1523896680,66.730,66.730,66.730,66.730,0,0
1523896740,66.780,66.780,66.780,66.780,0,0
1523896800,66.790,66.730,66.730,66.790,4320,118676
1523896860,66.790,66.730,66.730,66.790,0,0
1523896920,66.730,66.690,66.690,66.730,0,0
1523897040,66.710,66.710,66.710,66.710,0,0
1523897100,66.700,66.770,66.700,66.770,2613,122996
1523897220,66.760,66.760,66.760,66.760,0,0
1523897280,66.770,66.770,66.770,66.770,0,0
1523897340,66.790,66.750,66.750,66.790,0,0
1523897400,66.770,66.770,66.770,66.770,3917,125609
1523897460,66.800,66.800,66.800,66.800,0,0
1523897520,66.820,66.850,66.820,66.850,0,0
1523897640,66.830,66.850,66.830,66.850,0,0
1523897700,66.820,66.830,66.820,66.830,2752,129526
1523897760,66.830,66.830,66.830,66.830,0,0
1523897820,66.830,66.830,66.830,66.830,0,0
1523897880,66.820,66.820,66.820,66.820,0,0
1523897940,66.800,66.780,66.780,66.800,0,0
1523898000,66.800,66.810,66.790,66.810,2324,132278
1523898120,66.840,66.840,66.840,66.840,0,0
1523898180,66.840,66.840,66.840,66.840,0,0
1523898240,66.810,66.810,66.810,66.810,0,0
1523898300,66.830,66.840,66.830,66.840,2400,134602
1523898480,66.880,66.830,66.830,66.880,0,0
1523898540,66.810,66.810,66.810,66.810,0,0
1523898600,66.840,66.850,66.820,66.850,3464,137002
1523898720,66.840,66.850,66.820,66.850,0,0
1523898780,66.860,66.820,66.820,66.860,0,0
1523898840,66.820,66.820,66.820,66.820,0,0
1523898900,66.810,66.760,66.760,66.810,1333,140466
1523898960,66.810,66.760,66.760,66.810,0,0
1523899020,66.780,66.780,66.780,66.780,0,0
1523899140,66.770,66.770,66.770,66.770,0,0
1523899200,66.790,66.810,66.790,66.810,2925,141799
1523899260,66.790,66.810,66.790,66.810,0,0
1523899320,66.840,66.840,66.840,66.840,0,0
1523899380,66.830,66.830,66.830,66.830,0,0
1523899500,66.840,66.830,66.830,66.840,2336,144724
1523899560,66.790,66.810,66.790,66.810,0,0
1523899620,66.810,66.840,66.810,66.840,0,0
1523899680,66.830,66.840,66.830,66.840,0,0
1523899800,66.840,66.860,66.840,66.860,2779,147060
1523899920,66.850,66.850,66.850,66.850,0,0
1523900040,66.860,66.860,66.860,66.860,0,0
1523900100,66.880,66.880,66.880,66.880,1873,149839
1523900160,66.870,66.850,66.850,66.870,0,0
1523900220,66.840,66.840,66.840,66.840,0,0
1523900280,66.830,66.830,66.830,66.830,0,0
1523900340,66.810,66.810,66.810,66.810,0,0
1523900400,66.740,66.740,66.740,66.740,2793,151712
1523900520,66.740,66.740,66.740,66.740,0,0
1523900640,66.750,66.760,66.750,66.760,0,0
1523900700,66.770,66.720,66.720,66.780,3899,154505
1523900760,66.770,66.720,66.720,66.780,0,0
1523900820,66.730,66.730,66.730,66.730,0,0
1523901000,66.770,66.730,66.730,66.770,4539,158404
1523901060,66.730,66.730,66.730,66.730,0,0
1523901180,66.760,66.770,66.760,66.770,0,0
1523901300,66.780,66.790,66.780,66.790,3350,162943
1523901540,66.790,66.780,66.750,66.790,0,0
1523901600,66.780,66.770,66.770,66.780,4425,166293
1523901720,66.740,66.750,66.740,66.750,0,0
1523901780,66.710,66.720,66.700,66.720,0,0
1523901900,66.730,66.730,66.730,66.730,4247,170718
1523901960,66.730,66.730,66.730,66.730,0,0
1523902020,66.730,66.720,66.720,66.730,0,0
1523902080,66.730,66.720,66.720,66.730,0,0
1523902140,66.720,66.720,66.720,66.720,0,0
1523902200,66.720,66.710,66.710,66.720,3707,174965
1523902260,66.720,66.710,66.710,66.720,0,0
1523902380,66.710,66.720,66.710,66.740,0,0
1523902440,66.710,66.710,66.710,66.710,0,0
1523902500,66.710,66.710,66.710,66.710,4319,178672
1523902560,66.730,66.740,66.730,66.740,0,0
1523902620,66.750,66.750,66.750,66.750,0,0
1523902680,66.750,66.750,66.750,66.750,0,0
1523902740,66.780,66.740,66.720,66.780,0,0
1523902800,66.750,66.750,66.750,66.750,1745,182991
1523902920,66.750,66.750,66.750,66.750,0,0
1523903040,66.750,66.760,66.750,66.760,0,0
1523903100,66.740,66.710,66.710,66.740,4224,184736
1523903160,66.690,66.700,66.690,66.700,0,0
1523903220,66.720,66.720,66.720,66.720,0,0
1523903280,66.730,66.700,66.700,66.730,0,0
1523903340,66.700,66.700,66.700,66.700,0,0
1523903400,66.700,66.700,66.700,66.700,3900,188960
1523903460,66.730,66.770,66.730,66.770,0,0
1523903640,66.780,66.770,66.770,66.780,0,0
1523903700,66.790,66.790,66.790,66.790,2716,192860
1523903760,66.790,66.790,66.790,66.790,0,0
1523903820,66.790,66.790,66.790,66.790,0,0
1523903880,66.780,66.810,66.780,66.810,0,0
1523904000,66.820,66.810,66.810,66.820,5251,195576
1523904060,66.810,66.810,66.810,66.810,0,0
1523904120,66.780,66.780,66.780,66.780,0,0
1523904240,66.790,66.740,66.740,66.810,0,0
1523904300,66.760,66.760,66.760,66.760,3881,200827
1523904360,66.750,66.740,66.740,66.750,0,0
1523904540,66.740,66.750,66.740,66.750,0,0
1523904600,66.730,66.720,66.720,66.730,2427,204708
1523904660,66.730,66.720,66.720,66.730,0,0
1523904780,66.750,66.740,66.740,66.750,0,0
1523904840,66.750,66.750,66.750,66.750,0,0
1523904900,66.710,66.730,66.710,66.730,2731,207135
1523904960,66.710,66.730,66.710,66.730,0,0
1523905140,66.720,66.760,66.720,66.760,0,0
1523905200,66.800,66.820,66.800,66.820,2963,209866
1523905260,66.800,66.820,66.800,66.820,0,0
1523905380,66.790,66.770,66.770,66.790,0,0
1523905440,66.840,66.840,66.840,66.840,0,0
1523905500,66.810,66.810,66.810,66.810,4020,212829
1523905560,66.800,66.790,66.790,66.800,0,0
1523905680,66.760,66.770,66.760,66.770,0,0
1523905740,66.770,66.760,66.760,66.770,0,0
1523905800,66.770,66.780,66.770,66.780,4468,216849
1523905860,66.770,66.770,66.770,66.770,0,0
1523905980,66.780,66.770,66.760,66.780,0,0
1523906040,66.750,66.750,66.750,66.750,0,0
1523906100,66.770,66.760,66.760,66.770,2523,221317
1523906160,66.770,66.780,66.770,66.780,0,0
1523906280,66.770,66.750,66.750,66.770,0,0
1523906340,66.750,66.750,66.750,66.750,0,0
1523906400,66.740,66.730,66.730,66.740,5876,223840
1523906460,66.740,66.730,66.730,66.740,0,0
1523906520,66.720,66.720,66.720,66.720,0,0
1523906580,66.710,66.720,66.710,66.720,0,0
1523906640,66.710,66.720,66.710,66.730,0,0
1523906700,66.720,66.700,66.700,66.720,12252,229716
1523906760,66.680,66.690,66.670,66.700,0,0
1523906820,66.690,66.730,66.690,66.730,0,0
1523906880,66.720,66.720,66.720,66.720,0,0
1523906940,66.740,66.770,66.740,66.770,0,0
1523907000,66.750,66.760,66.750,66.760,8746,241968
1523907060,66.750,66.750,66.750,66.750,0,0
1523907120,66.750,66.750,66.750,66.750,0,0
1523907180,66.770,66.770,66.770,66.770,0,0
1523907240,66.760,66.770,66.760,66.770,0,0
1523907300,66.770,66.770,66.770,66.770,7605,250714
1523907360,66.770,66.760,66.760,66.770,0,0
1523907420,66.770,66.750,66.750,66.770,0,0
1523907480,66.760,66.750,66.750,66.760,0,0
1523907540,66.750,66.750,66.750,66.750,0,0
1523907600,66.760,66.750,66.750,66.760,9898,258319
1523907660,66.760,66.750,66.750,66.760,0,0
1523907720,66.750,66.770,66.750,66.770,0,0
1523907780,66.790,66.800,66.790,66.800,0,0
1523907840,66.800,66.790,66.770,66.800,0,0
1523907900,66.770,66.760,66.760,66.770,12959,268217
1523907960,66.770,66.750,66.750,66.770,0,0
1523908020,66.750,66.730,66.730,66.750,0,0
1523908080,66.730,66.690,66.690,66.730,0,0
1523908140,66.690,66.660,66.660,66.690,0,0
1523908200,66.780,66.770,66.760,66.780,24946,281176
1523908260,66.770,66.760,66.760,66.770,0,0
1523908320,66.760,66.770,66.760,66.770,0,0
1523908380,66.770,66.780,66.770,66.780,0,0
1523908440,66.780,66.770,66.770,66.780,0,0
1523908500,66.750,66.760,66.750,66.760,24050,306122
1523908560,66.750,66.760,66.750,66.760,0,0
1523908620,66.750,66.760,66.750,66.760,0,0
1523908680,66.760,66.760,66.760,66.760,0,0
1523908740,66.760,66.780,66.760,66.780,0,0
1523971800,67.000,66.840,66.840,67.000,8870,0
1523971920,66.820,66.870,66.820,66.870,0,0
1523971980,66.870,66.870,66.870,66.870,0,0
1523972040,66.870,66.880,66.820,66.880,0,0
1523972100,67.140,67.050,67.050,67.140,7489,8870
1523972220,67.000,66.930,66.930,67.000,0,0
1523972340,67.060,67.060,67.060,67.060,0,0
1523972400,67.070,67.140,67.070,67.140,4059,16359
1523972460,67.120,67.130,67.120,67.130,0,0
1523972520,67.140,67.120,67.120,67.140,0,0
1523972580,67.040,67.040,67.040,67.040,0,0
1523972640,67.070,67.040,67.040,67.070,0,0
1523972700,67.070,67.100,67.070,67.100,5083,20418
1523972760,67.100,67.040,67.040,67.100,0,0
1523972820,67.100,67.140,67.080,67.140,0,0
1523972880,67.210,67.210,67.210,67.210,0,0
1523972940,67.190,67.210,67.190,67.210,0,0
1523973000,67.220,67.230,67.220,67.280,5697,25501
1523973060,67.220,67.230,67.220,67.280,0,0
1523973180,67.230,67.200,67.200,67.230,0,0
1523973240,67.230,67.180,67.180,67.230,0,0
1523973300,67.170,67.170,67.170,67.170,708,31198
1523973360,67.170,67.170,67.170,67.170,0,0
1523973420,67.180,67.180,67.180,67.180,0,0
1523973480,67.220,67.220,67.220,67.220,0,0
1523973600,67.210,67.220,67.180,67.220,2922,31906
1523973720,67.190,67.170,67.160,67.200,0,0
1523973840,67.170,67.170,67.170,67.170,0,0
1523973900,67.160,67.210,67.160,67.210,10793,34828
1523974020,67.160,67.210,67.160,67.210,0,0
1523974080,67.220,67.250,67.220,67.250,0,0
1523974140,67.220,67.220,67.220,67.220,0,0
1523974200,67.220,67.220,67.220,67.220,2020,45621
1523974260,67.190,67.160,67.160,67.190,0,0
1523974320,67.170,67.170,67.170,67.170,0,0
1523974380,67.170,67.210,67.170,67.210,0,0
1523974500,67.180,67.180,67.180,67.180,3461,47641
1523974560,67.150,67.150,67.150,67.150,0,0
1523974740,67.190,67.230,67.190,67.230,0,0
1523974800,67.220,67.210,67.210,67.220,2296,51102
1523974920,67.170,67.160,67.160,67.170,0,0
1523975040,67.200,67.200,67.200,67.200,0,0
1523975100,67.190,67.190,67.190,67.190,2458,53398
1523975220,67.170,67.200,67.170,67.200,0,0
1523975340,67.120,67.130,67.120,67.130,0,0
1523975400,67.130,67.110,67.110,67.130,3280,55856
1523975520,67.130,67.110,67.110,67.130,0,0
1523975640,67.140,67.150,67.100,67.150,0,0
1523975700,67.170,67.170,67.170,67.170,3495,59136
1523975760,67.190,67.170,67.170,67.190,0,0
1523975880,67.190,67.190,67.190,67.190,0,0
1523975940,67.210,67.230,67.210,67.230,0,0
1523976000,67.230,67.250,67.230,67.250,3441,62631
1523976120,67.170,67.160,67.160,67.170,0,0
1523976240,67.130,67.200,67.130,67.200,0,0
1523976300,67.230,67.200,67.200,67.230,1016,66072
1523976360,67.190,67.190,67.190,67.190,0,0
1523976600,67.200,67.220,67.200,67.220,3980,67088
1523976660,67.240,67.260,67.240,67.260,0,0
1523976780,67.250,67.270,67.250,67.270,0,0
1523976840,67.270,67.270,67.270,67.270,0,0
1523976900,67.300,67.300,67.300,67.300,1708,71068
1523976960,67.300,67.260,67.260,67.300,0,0
1523977080,67.260,67.260,67.260,67.260,0,0
1523977140,67.250,67.270,67.250,67.270,0,0
1523977200,67.230,67.250,67.230,67.250,1437,72776
1523977260,67.280,67.280,67.280,67.280,0,0
1523977380,67.270,67.270,67.270,67.270,0,0
1523977500,67.280,67.260,67.260,67.280,5171,74213
1523977560,67.280,67.260,67.260,67.280,0,0
1523977620,67.280,67.310,67.280,67.320,0,0
1523977680,67.290,67.300,67.290,67.300,0,0
1523977740,67.250,67.250,67.250,67.250,0,0
1523977800,67.270,67.270,67.270,67.270,1722,79384
1523977860,67.240,67.240,67.240,67.240,0,0
1523977980,67.220,67.240,67.220,67.240,0,0
1523978040,67.240,67.240,67.240,67.240,0,0
1523978100,67.230,67.230,67.230,67.230,2768,81106
1523978160,67.230,67.250,67.230,67.250,0,0
1523978280,67.250,67.250,67.250,67.250,0,0
1523978340,67.220,67.180,67.180,67.220,0,0
1523978400,67.200,67.230,67.200,67.230,2226,83874
1523978460,67.200,67.230,67.200,67.230,0,0
1523978520,67.210,67.230,67.210,67.230,0,0
1523978700,67.220,67.220,67.220,67.220,2212,86100
1523978760,67.220,67.220,67.220,67.220,0,0
1523978940,67.200,67.150,67.150,67.200,0,0
1523979000,67.160,67.140,67.140,67.160,1226,88312
1523979060,67.160,67.140,67.140,67.160,0,0
1523979120,67.120,67.120,67.120,67.120,0,0
1523979180,67.110,67.110,67.110,67.110,0,0
1523979300,67.110,67.110,67.110,67.110,426,89538
1523979420,67.110,67.110,67.110,67.110,0,0
1523979600,67.100,67.100,67.100,67.100,2973,89964
1523979660,67.090,67.090,67.090,67.090,0,0
1523979720,67.070,67.070,67.070,67.070,0,0
1523979840,67.060,67.060,67.060,67.060,0,0
1523979900,67.080,67.070,67.070,67.080,3064,92937
1523980020,67.080,67.080,67.080,67.080,0,0
1523980080,67.070,67.070,67.070,67.070,0,0
1523980140,67.070,67.080,67.070,67.080,0,0
1523980200,67.040,67.040,67.040,67.040,5606,96001
1523980260,67.030,67.040,67.010,67.040,0,0
1523980320,67.050,67.050,67.050,67.050,0,0
1523980380,67.040,67.040,67.040,67.040,0,0
1523980440,67.050,67.050,67.050,67.050,0,0
1523980500,67.060,67.060,67.060,67.060,1960,101607
1523980560,67.060,67.060,67.060,67.060,0,0
1523980620,67.060,67.060,67.060,67.060,0,0
1523980680,67.060,67.040,67.040,67.060,0,0
1523980800,67.060,67.060,67.060,67.060,2812,103567
1523980920,67.090,67.130,67.090,67.130,0,0
1523980980,67.130,67.110,67.110,67.130,0,0
1523981040,67.130,67.130,67.130,67.130,0,0
1523981100,67.120,67.090,67.090,67.130,1419,106379
1523981160,67.120,67.090,67.090,67.130,0,0
1523981220,67.080,67.090,67.080,67.090,0,0
1523981400,67.070,67.070,67.070,67.070,3811,107798
1523981460,67.070,67.070,67.070,67.070,0,0
1523981520,67.060,67.030,67.030,67.060,0,0
1523981580,67.000,67.050,67.000,67.050,0,0
1523981640,67.070,67.070,67.070,67.070,0,0
1523981700,67.060,67.060,67.060,67.060,1132,111609
1523981760,67.060,67.060,67.060,67.060,0,0
1523982000,67.050,67.050,67.050,67.050,1666,112741
1523982060,67.050,67.050,67.050,67.050,0,0
1523982120,67.060,67.060,67.060,67.060,0,0
1523982180,67.050,67.050,67.050,67.050,0,0
1523982300,67.050,67.070,67.050,67.070,4106,114407
1523982360,67.070,67.060,67.060,67.070,0,0
1523982420,67.050,67.070,67.050,67.070,0,0
1523982480,67.080,67.100,67.080,67.110,0,0
1523982600,67.050,67.050,67.050,67.050,1520,118513
1523982660,67.050,67.050,67.050,67.050,0,0
1523982780,67.070,67.070,67.070,67.070,0,0
1523982840,67.090,67.100,67.090,67.100,0,0
1523982900,67.030,67.030,67.030,67.030,1446,120033
1523982960,67.030,67.030,67.030,67.030,0,0
1523983020,67.000,67.000,67.000,67.000,0,0
1523983140,67.030,67.030,67.030,67.030,0,0
1523983200,67.030,67.030,67.030,67.030,1935,121479
1523983320,67.030,67.030,67.030,67.030,0,0
1523983380,67.030,67.020,67.020,67.030,0,0
1523983440,67.010,67.000,67.000,67.010,0,0
1523983500,66.990,67.010,66.990,67.010,2395,123414
1523983560,67.000,67.000,67.000,67.000,0,0
1523983620,67.010,67.010,67.010,67.010,0,0
1523983680,67.020,67.020,67.020,67.020,0,0
1523983800,67.050,67.050,67.050,67.050,2800,125809
1523983860,67.030,67.040,67.030,67.040,0,0
1523984040,67.010,67.000,67.000,67.010,0,0
1523984100,67.000,67.000,67.000,67.000,431,128609
1523984220,67.000,67.000,67.000,67.000,0,0
1523984400,66.990,66.980,66.980,66.990,2612,129040
1523984580,66.990,67.020,66.990,67.020,0,0
1523984640,67.020,67.010,67.010,67.020,0,0
1523984700,67.040,67.040,67.040,67.040,1621,131652
1523984760,67.030,67.020,67.020,67.030,0,0
1523984940,67.020,67.040,67.020,67.040,0,0
1523985000,67.020,67.020,67.020,67.020,727,133273
1523985060,67.020,67.030,67.020,67.030,0,0
1523985300,67.020,66.960,66.960,67.020,2529,134000
1523985360,66.980,66.990,66.980,66.990,0,0
1523985420,66.980,66.980,66.980,66.980,0,0
1523985600,66.990,66.990,66.990,66.990,1918,136529
1523985660,66.990,66.990,66.990,66.990,0,0
1523985720,67.010,67.010,67.010,67.010,0,0
1523985840,67.040,67.040,67.040,67.040,0,0
1523985900,67.090,67.070,67.070,67.090,964,138447
1523986200,67.070,67.070,67.070,67.070,3963,139411
1523986260,67.060,67.060,67.060,67.060,0,0
1523986320,67.030,67.030,67.030,67.030,0,0
1523986440,67.050,67.050,67.050,67.050,0,0
1523986500,67.060,67.060,67.060,67.060,1639,143374
1523986560,67.060,67.060,67.060,67.060,0,0
1523986620,67.050,67.050,67.050,67.050,0,0
1523986680,67.030,67.010,67.010,67.030,0,0
1523986800,67.060,67.110,67.060,67.110,1965,145013
1523987100,67.130,67.100,67.100,67.130,3904,146978
1523987160,67.110,67.110,67.110,67.110,0,0
1523987220,67.130,67.110,67.110,67.170,0,0
1523987400,67.090,67.090,67.090,67.090,2626,150882
1523987460,67.090,67.090,67.090,67.090,0,0
1523987520,67.100,67.110,67.100,67.110,0,0
1523987580,67.130,67.130,67.130,67.130,0,0
1523987640,67.140,67.150,67.140,67.150,0,0
1523987700,67.120,67.120,67.120,67.120,926,153508
1523987760,67.120,67.120,67.120,67.120,0,0
1523987880,67.150,67.150,67.150,67.150,0,0
1523987940,67.160,67.190,67.160,67.190,0,0
1523988000,67.170,67.180,67.170,67.180,1948,154434
1523988120,67.220,67.220,67.220,67.220,0,0
1523988240,67.220,67.220,67.220,67.220,0,0
1523988300,67.200,67.200,67.200,67.200,2400,156382
1523988360,67.210,67.180,67.180,67.210,0,0
1523988420,67.170,67.170,67.170,67.170,0,0
1523988480,67.150,67.150,67.150,67.150,0,0
1523988540,67.160,67.160,67.160,67.160,0,0
1523988600,67.100,67.100,67.100,67.100,3750,158782
1523988660,67.100,67.100,67.100,67.100,0,0
1523988720,67.130,67.110,67.110,67.150,0,0
1523988840,67.120,67.120,67.120,67.120,0,0
1523988900,67.070,67.070,67.070,67.070,1493,162532
1523988960,67.110,67.110,67.110,67.110,0,0
1523989080,67.120,67.120,67.120,67.120,0,0
1523989140,67.140,67.140,67.140,67.140,0,0
1523989200,67.100,67.080,67.080,67.120,1357,164025
1523989260,67.100,67.080,67.080,67.120,0,0
1523989380,67.070,67.070,67.070,67.070,0,0
1523989500,67.080,67.080,67.080,67.080,1926,165382
1523989620,67.080,67.080,67.080,67.080,0,0
1523989680,67.090,67.110,67.090,67.110,0,0
1523989740,67.110,67.110,67.110,67.110,0,0
1523989800,67.110,67.110,67.110,67.110,961,167308
1523990040,67.110,67.110,67.110,67.110,0,0
1523990100,67.120,67.120,67.120,67.120,3484,168269
1523990160,67.110,67.110,67.110,67.110,0,0
1523990340,67.150,67.090,67.080,67.150,0,0
1523990400,67.080,67.080,67.080,67.080,981,171753
1523990460,67.100,67.100,67.100,67.100,0,0
1523990520,67.130,67.130,67.130,67.130,0,0
1523990700,67.150,67.160,67.150,67.160,3111,172734
1523990760,67.150,67.170,67.150,67.170,0,0
1523990940,67.180,67.180,67.180,67.180,0,0
1523991000,67.180,67.180,67.180,67.180,1664,175845
1523991120,67.160,67.170,67.160,67.170,0,0
1523991240,67.160,67.160,67.160,67.160,0,0
1523991300,67.160,67.160,67.160,67.160,3257,177509
1523991420,67.160,67.150,67.150,67.160,0,0
1523991480,67.170,67.160,67.160,67.180,0,0
1523991540,67.150,67.170,67.150,67.170,0,0
1523991600,67.130,67.130,67.130,67.130,1290,180766
1523991780,67.130,67.130,67.130,67.130,0,0
1523991840,67.130,67.120,67.120,67.130,0,0
1523991900,67.130,67.140,67.130,67.140,1224,182056
1523992020,67.140,67.140,67.140,67.140,0,0
1523992200,67.140,67.170,67.140,67.170,4896,183280
1523992320,67.180,67.180,67.180,67.180,0,0
1523992380,67.180,67.160,67.160,67.180,0,0
1523992440,67.170,67.170,67.170,67.170,0,0
1523992500,67.170,67.190,67.170,67.190,4531,188176
1523992560,67.170,67.190,67.170,67.190,0,0
1523992620,67.190,67.180,67.180,67.200,0,0
1523992680,67.150,67.180,67.150,67.180,0,0
1523992740,67.220,67.220,67.220,67.220,0,0
1523992800,67.230,67.250,67.230,67.250,3799,192707
1523992860,67.260,67.260,67.260,67.260,0,0
1523992920,67.250,67.250,67.250,67.250,0,0
1523992980,67.250,67.260,67.250,67.260,0,0
1523993040,67.250,67.250,67.250,67.250,0,0
1523993100,67.220,67.220,67.220,67.220,4812,196506
1523993340,67.160,67.150,67.150,67.160,0,0
1523993400,67.170,67.170,67.170,67.170,2752,201318
1523993460,67.170,67.170,67.170,67.170,0,0
1523993520,67.170,67.170,67.170,67.170,0,0
1523993580,67.170,67.170,67.170,67.170,0,0
1523993640,67.170,67.170,67.170,67.170,0,0
1523993700,67.170,67.180,67.170,67.180,7975,204070
1523993760,67.190,67.200,67.190,67.200,0,0
1523993820,67.210,67.220,67.210,67.220,0,0
1523993880,67.240,67.220,67.220,67.240,0,0
1523993940,67.210,67.210,67.210,67.210,0,0
1523994000,67.200,67.210,67.200,67.210,8431,212045
1523994060,67.190,67.180,67.180,67.190,0,0
1523994120,67.160,67.140,67.140,67.160,0,0
1523994180,67.150,67.150,67.150,67.150,0,0
1523994240,67.160,67.150,67.150,67.160,0,0
1523994300,67.160,67.150,67.140,67.160,10747,220476
1523994360,67.150,67.140,67.140,67.160,0,0
1523994420,67.150,67.170,67.150,67.170,0,0
1523994480,67.180,67.190,67.170,67.190,0,0
1523994540,67.170,67.190,67.170,67.200,0,0
1523994600,67.200,67.190,67.190,67.200,9407,231223
1523994660,67.190,67.200,67.190,67.200,0,0
1523994720,67.190,67.170,67.150,67.190,0,0
1523994780,67.160,67.160,67.160,67.160,0,0
1523994840,67.150,67.140,67.130,67.150,0,0
1523994900,67.140,67.140,67.140,67.140,15121,240630
1523994960,67.140,67.130,67.130,67.140,0,0
1523995020,67.120,67.110,67.110,67.120,0,0
1523995080,67.100,67.090,67.080,67.100,0,0
1523995140,67.100,67.130,67.090,67.130,0,0
1524058200,67.150,67.150,67.150,67.150,10112,0
1524058320,67.210,67.210,67.210,67.210,0,0
1524058380,67.150,67.240,67.150,67.240,0,0
1524058440,67.310,67.270,67.260,67.310,0,0
1524058500,67.340,67.340,67.340,67.340,2820,10112
1524058560,67.420,67.420,67.420,67.420,0,0
1524058620,67.290,67.290,67.290,67.290,0,0
1524058740,67.200,67.220,67.200,67.220,0,0
1524058800,67.140,67.140,67.140,67.140,810,12932
1524058860,67.140,67.140,67.140,67.140,0,0
1524058920,67.150,67.150,67.150,67.150,0,0
1524059100,67.220,67.300,67.220,67.300,2634,13742
1524059160,67.280,67.280,67.280,67.280,0,0
1524059220,67.310,67.310,67.310,67.310,0,0
1524059340,67.330,67.340,67.330,67.340,0,0
1524059400,67.320,67.290,67.290,67.320,3158,16376
1524059460,67.320,67.290,67.290,67.320,0,0
1524059520,67.230,67.230,67.230,67.230,0,0
1524059580,67.240,67.240,67.240,67.240,0,0
1524059640,67.220,67.230,67.220,67.230,0,0
1524059700,67.230,67.210,67.210,67.230,14844,19534
1524059760,67.210,67.190,67.190,67.210,0,0
1524059820,67.210,67.300,67.210,67.300,0,0
1524059880,67.280,67.330,67.280,67.330,0,0
1524060000,67.420,67.350,67.310,67.420,4337,34378
1524060060,67.330,67.330,67.330,67.330,0,0
1524060180,67.290,67.320,67.290,67.330,0,0
1524060300,67.290,67.280,67.280,67.290,4747,38715
1524060360,67.230,67.230,67.230,67.230,0,0
1524060420,67.240,67.240,67.240,67.240,0,0
1524060480,67.230,67.220,67.220,67.230,0,0
1524060540,67.230,67.230,67.230,67.230,0,0
1524060600,67.240,67.260,67.240,67.260,7264,43462
1524060660,67.240,67.260,67.240,67.260,0,0
1524060720,67.260,67.260,67.260,67.260,0,0
1524060780,67.250,67.210,67.210,67.250,0,0
1524060840,67.240,67.280,67.240,67.280,0,0
1524060900,67.340,67.340,67.340,67.340,2721,50726
1524060960,67.360,67.360,67.360,67.360,0,0
1524061020,67.380,67.370,67.370,67.380,0,0
1524061200,67.390,67.400,67.390,67.400,6270,53447
1524061260,67.390,67.400,67.390,67.400,0,0
1524061320,67.390,67.400,67.390,67.400,0,0
1524061380,67.410,67.410,67.410,67.410,0,0
1524061440,67.450,67.450,67.450,67.450,0,0
1524061500,67.440,67.420,67.420,67.440,900,59717
1524061620,67.440,67.420,67.420,67.440,0,0
1524061740,67.450,67.450,67.450,67.450,0,0
1524061800,67.460,67.460,67.460,67.460,1478,60617
1524061920,67.470,67.450,67.450,67.470,0,0
1524062100,67.430,67.430,67.430,67.430,3494,62095
1524062160,67.430,67.430,67.430,67.430,0,0
1524062280,67.400,67.370,67.370,67.400,0,0
1524062340,67.400,67.400,67.400,67.400,0,0
1524062400,67.410,67.410,67.410,67.410,2622,65589
1524062520,67.410,67.410,67.410,67.410,0,0
1524062580,67.430,67.410,67.410,67.430,0,0
1524062640,67.400,67.400,67.400,67.400,0,0
1524062700,67.410,67.400,67.400,67.410,1424,68211
1524062820,67.360,67.360,67.360,67.360,0,0
1524062940,67.280,67.280,67.280,67.280,0,0
1524063000,67.310,67.310,67.310,67.310,2427,69635
1524063060,67.310,67.280,67.280,67.310,0,0
1524063120,67.270,67.260,67.260,67.270,0,0
1524063180,67.280,67.270,67.270,67.280,0,0
1524063240,67.270,67.280,67.270,67.280,0,0
1524063300,67.300,67.310,67.300,67.310,4778,72062
1524063420,67.330,67.330,67.330,67.330,0,0
1524063480,67.330,67.310,67.310,67.330,0,0
1524063600,67.320,67.320,67.320,67.320,4983,76840
1524063660,67.350,67.360,67.350,67.360,0,0
1524063720,67.360,67.340,67.330,67.360,0,0
1524063780,67.350,67.350,67.350,67.350,0,0
1524063840,67.330,67.320,67.320,67.330,0,0
1524063900,67.300,67.300,67.300,67.300,3719,81823
1524063960,67.300,67.310,67.300,67.310,0,0
1524064020,67.310,67.300,67.300,67.310,0,0
1524064080,67.310,67.390,67.310,67.390,0,0
1524064200,67.430,67.430,67.430,67.430,3010,85542
1524064260,67.410,67.390,67.390,67.410,0,0
1524064320,67.390,67.390,67.390,67.390,0,0
1524064380,67.410,67.410,67.410,67.410,0,0
1524064440,67.400,67.400,67.400,67.400,0,0
1524064500,67.430,67.400,67.400,67.440,7404,88552
1524064560,67.420,67.410,67.410,67.420,0,0
1524064620,67.410,67.410,67.410,67.410,0,0
1524064680,67.390,67.390,67.390,67.390,0,0
1524064740,67.380,67.370,67.370,67.380,0,0
1524064800,67.400,67.400,67.400,67.400,6881,95956
1524064860,67.460,67.460,67.460,67.460,0,0
1524064920,67.460,67.430,67.430,67.460,0,0
1524064980,67.440,67.460,67.440,67.460,0,0
1524065040,67.440,67.450,67.440,67.450,0,0
1524065100,67.450,67.470,67.450,67.470,4694,102837
1524065160,67.470,67.470,67.470,67.470,0,0
1524065280,67.470,67.490,67.470,67.490,0,0
1524065340,67.520,67.520,67.520,67.520,0,0
1524065400,67.510,67.500,67.500,67.520,2426,107531
1524065460,67.500,67.500,67.500,67.500,0,0
1524065520,67.490,67.490,67.490,67.490,0,0
1524065640,67.490,67.480,67.480,67.490,0,0
1524065700,67.490,67.500,67.490,67.500,1123,109957
1524065940,67.500,67.500,67.500,67.500,0,0
1524066000,67.500,67.490,67.490,67.500,4333,111080
1524066060,67.500,67.490,67.490,67.500,0,0
1524066180,67.470,67.480,67.470,67.480,0,0
1524066240,67.460,67.430,67.430,67.460,0,0
1524066300,67.370,67.370,67.370,67.370,3028,115413
1524066360,67.390,67.420,67.390,67.420,0,0
1524066420,67.440,67.440,67.440,67.440,0,0
1524066480,67.450,67.440,67.440,67.450,0,0
1524066600,67.470,67.460,67.460,67.470,1409,118441
1524066720,67.470,67.460,67.460,67.470,0,0
1524066780,67.460,67.460,67.460,67.460,0,0
1524066840,67.460,67.470,67.460,67.470,0,0
1524066900,67.460,67.460,67.460,67.460,5928,119850
1524066960,67.450,67.420,67.420,67.450,0,0
1524067020,67.410,67.420,67.410,67.450,0,0
1524067080,67.410,67.410,67.410,67.410,0,0
1524067140,67.410,67.410,67.410,67.410,0,0
1524067200,67.420,67.450,67.420,67.450,2738,125778
1524067320,67.470,67.470,67.470,67.470,0,0
1524067380,67.470,67.470,67.470,67.470,0,0
1524067440,67.470,67.480,67.470,67.480,0,0
1524067500,67.510,67.510,67.510,67.510,2383,128516
1524067620,67.510,67.510,67.510,67.510,0,0
1524067740,67.540,67.450,67.450,67.540,0,0
1524067800,67.470,67.470,67.470,67.470,3369,130899
1524067920,67.500,67.500,67.500,67.500,0,0
1524067980,67.470,67.470,67.470,67.470,0,0
1524068040,67.490,67.520,67.490,67.520,0,0
1524068100,67.500,67.500,67.500,67.500,2148,134268
1524068220,67.510,67.500,67.500,67.520,0,0
1524068340,67.510,67.510,67.510,67.510,0,0
1524068400,67.520,67.520,67.520,67.520,5677,136416
1524068460,67.500,67.470,67.470,67.500,0,0
1524068520,67.490,67.490,67.490,67.490,0,0
1524068640,67.500,67.490,67.490,67.500,0,0
1524068700,67.480,67.480,67.480,67.480,5278,142093
1524068760,67.480,67.480,67.480,67.480,0,0
1524068820,67.490,67.490,67.490,67.490,0,0
1524068880,67.480,67.480,67.480,67.480,0,0
1524068940,67.510,67.520,67.510,67.520,0,0
1524069000,67.510,67.510,67.510,67.510,2069,147371
1524069060,67.490,67.490,67.490,67.490,0,0
1524069180,67.510,67.510,67.510,67.510,0,0
1524069300,67.500,67.500,67.500,67.500,2020,149440
1524069360,67.500,67.500,67.500,67.500,0,0
1524069480,67.500,67.500,67.500,67.500,0,0
1524069540,67.450,67.450,67.450,67.450,0,0
1524069600,67.480,67.480,67.480,67.480,1225,151460
1524069660,67.480,67.490,67.480,67.490,0,0
1524069780,67.500,67.500,67.500,67.500,0,0
1524069900,67.480,67.480,67.480,67.480,4553,152685
1524069960,67.510,67.510,67.510,67.510,0,0
1524070020,67.540,67.540,67.540,67.540,0,0
1524070080,67.530,67.510,67.500,67.530,0,0
1524070200,67.530,67.530,67.530,67.530,8500,157238
1524070260,67.530,67.540,67.530,67.540,0,0
1524070320,67.530,67.550,67.530,67.570,0,0
1524070440,67.530,67.530,67.530,67.530,0,0
1524070500,67.530,67.530,67.530,67.530,695,165738
1524070620,67.540,67.540,67.540,67.540,0,0
1524070680,67.520,67.520,67.520,67.520,0,0
1524070740,67.530,67.530,67.530,67.530,0,0
1524070800,67.520,67.520,67.520,67.520,3195,166433
1524070860,67.520,67.520,67.520,67.520,0,0
1524070920,67.530,67.530,67.530,67.530,0,0
1524070980,67.540,67.540,67.540,67.540,0,0
1524071040,67.550,67.540,67.540,67.550,0,0
1524071100,67.520,67.520,67.520,67.520,956,169628
1524071220,67.520,67.520,67.520,67.520,0,0
1524071340,67.530,67.530,67.530,67.530,0,0
1524071400,67.530,67.530,67.530,67.530,2859,170584
1524071460,67.510,67.510,67.510,67.510,0,0
1524071520,67.530,67.510,67.510,67.530,0,0
1524071580,67.540,67.550,67.540,67.550,0,0
1524071640,67.550,67.550,67.550,67.550,0,0
1524071700,67.540,67.540,67.540,67.540,1781,173443
1524071760,67.540,67.540,67.540,67.540,0,0
1524071940,67.560,67.580,67.560,67.580,0,0
1524072000,67.570,67.580,67.570,67.580,2866,175224
1524072120,67.570,67.560,67.560,67.570,0,0
1524072180,67.540,67.540,67.540,67.540,0,0
1524072240,67.500,67.470,67.470,67.500,0,0
1524072300,67.450,67.420,67.420,67.450,5155,178090
1524072360,67.440,67.420,67.420,67.440,0,0
1524072480,67.420,67.400,67.400,67.420,0,0
1524072540,67.440,67.480,67.440,67.480,0,0
1524072600,67.500,67.480,67.480,67.510,3126,183245
1524072660,67.480,67.480,67.480,67.480,0,0
1524072720,67.470,67.460,67.460,67.470,0,0
1524072840,67.470,67.470,67.470,67.470,0,0
1524072900,67.480,67.480,67.480,67.480,4257,186371
1524072960,67.480,67.470,67.470,67.480,0,0
1524073020,67.530,67.510,67.510,67.530,0,0
1524073080,67.500,67.480,67.480,67.500,0,0
1524073200,67.500,67.460,67.460,67.500,1395,190628
1524073320,67.490,67.490,67.490,67.490,0,0
1524073500,67.480,67.490,67.470,67.490,2679,192023
1524073560,67.480,67.490,67.480,67.490,0,0
1524073740,67.460,67.460,67.460,67.460,0,0
1524073800,67.460,67.460,67.460,67.460,1502,194702
1524073860,67.460,67.460,67.460,67.460,0,0
1524073920,67.440,67.430,67.430,67.450,0,0
1524073980,67.440,67.440,67.440,67.440,0,0
1524074040,67.440,67.440,67.440,67.440,0,0
1524074100,67.450,67.450,67.450,67.450,2457,196204
1524074220,67.460,67.450,67.450,67.460,0,0
1524074340,67.460,67.410,67.410,67.460,0,0
1524074400,67.390,67.360,67.360,67.390,2599,198661
1524074460,67.380,67.410,67.380,67.410,0,0
1524074520,67.410,67.410,67.410,67.410,0,0
1524074580,67.420,67.410,67.410,67.420,0,0
1524074700,67.430,67.460,67.430,67.460,3102,201260
1524074760,67.470,67.470,67.470,67.470,0,0
1524074880,67.460,67.460,67.460,67.460,0,0
1524074940,67.450,67.450,67.450,67.450,0,0
1524075000,67.460,67.470,67.460,67.470,5040,204362
1524075060,67.470,67.470,67.470,67.470,0,0
1524075120,67.460,67.450,67.450,67.460,0,0
1524075180,67.450,67.450,67.450,67.450,0,0
1524075240,67.450,67.490,67.450,67.490,0,0
1524075300,67.500,67.480,67.480,67.500,8062,209402
1524075360,67.480,67.480,67.480,67.480,0,0
1524075480,67.500,67.490,67.490,67.500,0,0
1524075540,67.520,67.500,67.500,67.520,0,0
1524075600,67.480,67.480,67.480,67.480,772,217464
1524075720,67.480,67.480,67.480,67.480,0,0
1524075780,67.520,67.520,67.520,67.520,0,0
1524075840,67.500,67.500,67.500,67.500,0,0
1524075900,67.450,67.460,67.450,67.460,4174,218236
1524075960,67.450,67.460,67.450,67.460,0,0
1524076080,67.480,67.490,67.480,67.490,0,0
1524076140,67.490,67.470,67.460,67.490,0,0
1524076200,67.500,67.500,67.500,67.500,3288,222410
1524076260,67.500,67.500,67.500,67.500,0,0
1524076320,67.490,67.470,67.470,67.490,0,0
1524076380,67.470,67.470,67.470,67.470,0,0
1524076440,67.490,67.510,67.490,67.510,0,0
1524076500,67.500,67.530,67.480,67.530,9084,225698
1524076560,67.480,67.530,67.480,67.530,0,0
1524076620,67.520,67.490,67.490,67.520,0,0
1524076680,67.480,67.480,67.480,67.480,0,0
1524076740,67.510,67.470,67.470,67.510,0,0
1524076800,67.480,67.480,67.480,67.480,1326,234782
1524076860,67.490,67.490,67.490,67.490,0,0
1524076920,67.490,67.490,67.490,67.490,0,0
1524076980,67.480,67.480,67.480,67.480,0,0
1524077100,67.480,67.480,67.480,67.480,4238,236108
1524077160,67.480,67.480,67.480,67.480,0,0
1524077220,67.460,67.500,67.460,67.500,0,0
1524077280,67.470,67.450,67.450,67.470,0,0
1524077400,67.470,67.470,67.470,67.470,3877,240346
1524077460,67.480,67.470,67.470,67.480,0,0
1524077580,67.480,67.450,67.450,67.480,0,0
1524077640,67.450,67.450,67.450,67.450,0,0
1524077700,67.460,67.450,67.450,67.460,3740,244223
1524077820,67.450,67.460,67.440,67.460,0,0
1524077880,67.440,67.440,67.440,67.440,0,0
1524077940,67.410,67.370,67.370,67.410,0,0
1524078000,67.380,67.370,67.370,67.390,5131,247963
1524078060,67.360,67.370,67.360,67.370,0,0
1524078240,67.390,67.380,67.380,67.390,0,0
1524078300,67.390,67.400,67.390,67.400,2431,253094
1524078360,67.400,67.400,67.400,67.400,0,0
1524078480,67.400,67.390,67.380,67.400,0,0
1524078540,67.390,67.390,67.390,67.390,0,0
1524078600,67.390,67.400,67.390,67.400,7052,255525
1524078720,67.410,67.410,67.410,67.410,0,0
1524078780,67.400,67.370,67.370,67.400,0,0
1524078840,67.400,67.390,67.390,67.400,0,0
1524078900,67.400,67.430,67.400,67.430,7211,262577
1524078960,67.400,67.430,67.400,67.430,0,0
1524079020,67.440,67.440,67.440,67.440,0,0
1524079080,67.440,67.440,67.440,67.440,0,0
1524079200,67.420,67.420,67.420,67.420,2894,269788
1524079260,67.420,67.390,67.390,67.420,0,0
1524079320,67.390,67.390,67.390,67.390,0,0
1524079380,67.410,67.390,67.390,67.410,0,0
1524079440,67.390,67.390,67.390,67.390,0,0
1524079500,67.390,67.380,67.380,67.390,7023,272682
1524079560,67.380,67.390,67.380,67.390,0,0
1524079620,67.380,67.380,67.380,67.380,0,0
1524079680,67.380,67.390,67.380,67.390,0,0
1524079740,67.400,67.400,67.400,67.400,0,0
1524079800,67.390,67.390,67.390,67.390,5869,279705
1524079860,67.380,67.390,67.380,67.390,0,0
1524079920,67.410,67.400,67.400,67.410,0,0
1524079980,67.400,67.400,67.400,67.400,0,0
1524080040,67.400,67.400,67.400,67.400,0,0
1524080100,67.400,67.400,67.400,67.400,7669,285574
1524080160,67.390,67.390,67.390,67.390,0,0
1524080220,67.380,67.370,67.370,67.380,0,0
1524080280,67.380,67.380,67.380,67.380,0,0
1524080340,67.370,67.380,67.370,67.380,0,0
1524080400,67.360,67.310,67.300,67.360,12536,293243
1524080460,67.310,67.310,67.310,67.310,0,0
1524080520,67.310,67.340,67.310,67.340,0,0
1524080580,67.360,67.340,67.340,67.360,0,0
1524080640,67.350,67.360,67.350,67.360,0,0
1524080700,67.360,67.390,67.360,67.390,12679,305779
1524080760,67.380,67.390,67.380,67.390,0,0
1524080820,67.380,67.370,67.370,67.380,0,0
1524080880,67.380,67.340,67.340,67.380,0,0
1524080940,67.340,67.340,67.340,67.340,0,0
1524081000,67.330,67.300,67.300,67.330,16058,318458
1524081060,67.310,67.300,67.300,67.310,0,0
1524081120,67.300,67.310,67.300,67.320,0,0
1524081180,67.310,67.320,67.310,67.320,0,0
1524081240,67.320,67.330,67.320,67.340,0,0
1524081300,67.330,67.340,67.330,67.340,25351,334516
1524081360,67.330,67.350,67.320,67.350,0,0
1524081420,67.350,67.330,67.320,67.350,0,0
1524081480,67.330,67.340,67.330,67.340,0,0
1524081540,67.340,67.310,67.310,67.350,0,0
1524144600,67.140,67.340,67.140,67.340,1860,0
1524144900,67.070,67.070,67.070,67.070,4468,1860
1524144960,67.070,67.070,67.070,67.070,0,0
1524145020,67.140,67.060,67.060,67.140,0,0
1524145140,67.160,67.160,67.160,67.160,0,0
1524145200,67.000,67.000,67.000,67.000,2056,6328
1524145260,67.000,67.000,67.000,67.000,0,0
1524145380,66.960,66.960,66.960,66.960,0,0
1524145440,66.890,66.890,66.890,66.890,0,0
1524145500,66.960,66.930,66.930,66.960,4158,8384
1524145560,66.930,66.930,66.930,66.930,0,0
1524145620,66.920,66.920,66.920,66.920,0,0
1524145680,66.900,66.940,66.900,66.940,0,0
1524145740,66.910,66.910,66.910,66.910,0,0
1524145800,66.920,66.930,66.920,66.930,5784,12542
1524145860,66.920,66.930,66.920,66.930,0,0
1524145920,66.900,66.900,66.900,66.900,0,0
1524145980,66.930,66.960,66.930,66.960,0,0
1524146040,66.950,66.860,66.860,66.950,0,0
1524146100,66.900,66.890,66.880,66.900,5955,18326
1524146160,66.900,66.920,66.900,66.920,0,0
1524146220,66.890,66.890,66.890,66.890,0,0
1524146280,66.900,66.900,66.900,66.900,0,0
1524146340,66.910,66.910,66.910,66.910,0,0
1524146400,66.880,66.900,66.880,66.900,7193,24281
1524146460,66.960,66.960,66.960,66.960,0,0
1524146520,66.990,67.040,66.990,67.040,0,0
1524146580,67.050,67.040,67.040,67.050,0,0
1524146700,66.980,67.020,66.980,67.020,4966,31474
1524146760,67.040,67.040,67.040,67.040,0,0
1524146880,67.040,67.030,67.030,67.060,0,0
1524146940,66.980,66.960,66.960,66.980,0,0
1524147000,66.910,66.920,66.910,66.920,4856,36440
1524147060,66.960,66.960,66.960,66.960,0,0
1524147120,66.960,66.960,66.960,66.960,0,0
1524147240,66.920,66.900,66.900,66.920,0,0
1524147300,66.930,66.910,66.910,66.930,7941,41296
1524147360,66.950,66.950,66.950,66.950,0,0
1524147420,66.970,66.960,66.960,66.970,0,0
1524147480,66.970,66.980,66.970,66.980,0,0
1524147540,66.980,66.980,66.980,66.980,0,0
1524147600,66.910,66.920,66.910,66.920,5514,49237
1524147660,66.900,66.920,66.900,66.920,0,0
1524147720,66.900,66.880,66.880,66.910,0,0
1524147840,66.880,66.870,66.870,66.880,0,0
1524147900,66.910,66.920,66.910,66.920,4683,54751
1524147960,66.970,66.970,66.970,66.970,0,0
1524148020,66.980,66.990,66.980,66.990,0,0
1524148080,66.990,66.990,66.990,66.990,0,0
1524148140,66.970,66.970,66.970,66.970,0,0
1524148200,66.960,66.940,66.940,66.960,2935,59434
1524148380,66.940,66.940,66.940,66.940,0,0
1524148440,66.930,66.940,66.930,66.940,0,0
1524148500,66.940,66.970,66.940,66.970,4364,62369
1524148560,66.960,66.920,66.920,66.960,0,0
1524148620,66.910,66.910,66.910,66.910,0,0
1524148680,66.910,66.910,66.910,66.910,0,0
1524148740,66.930,66.940,66.930,66.940,0,0
1524148800,66.900,66.900,66.900,66.900,5479,66733
1524148920,66.850,66.880,66.850,66.880,0,0
1524148980,66.860,66.860,66.860,66.860,0,0
1524149040,66.860,66.860,66.860,66.860,0,0
1524149100,66.850,66.890,66.850,66.890,7928,72212
1524149160,66.870,66.820,66.820,66.870,0,0
1524149220,66.820,66.800,66.800,66.820,0,0
1524149280,66.800,66.800,66.800,66.800,0,0
1524149340,66.790,66.770,66.770,66.790,0,0
1524149400,66.780,66.780,66.780,66.780,5853,80140
1524149460,66.780,66.800,66.780,66.800,0,0
1524149520,66.780,66.770,66.760,66.780,0,0
1524149580,66.800,66.800,66.800,66.800,0,0
1524149640,66.800,66.800,66.800,66.800,0,0
1524149700,66.790,66.790,66.790,66.790,4707,85993
1524149760,66.780,66.780,66.780,66.780,0,0
1524149820,66.810,66.820,66.800,66.820,0,0
1524149880,66.800,66.800,66.800,66.800,0,0
1524149940,66.840,66.840,66.840,66.840,0,0
1524150000,66.830,66.830,66.830,66.830,4397,90700
1524150120,66.850,66.810,66.810,66.860,0,0
1524150180,66.790,66.720,66.720,66.790,0,0
1524150240,66.720,66.720,66.720,66.720,0,0
1524150300,66.720,66.710,66.710,66.720,3424,95097
1524150360,66.710,66.720,66.710,66.720,0,0
1524150480,66.700,66.680,66.680,66.700,0,0
1524150540,66.690,66.690,66.690,66.690,0,0
1524150600,66.710,66.710,66.710,66.710,3153,98521
1524150660,66.660,66.660,66.660,66.660,0,0
1524150720,66.670,66.680,66.650,66.680,0,0
1524150780,66.690,66.690,66.690,66.690,0,0
1524150900,66.690,66.630,66.630,66.690,3092,101674
1524150960,66.660,66.660,66.660,66.660,0,0
1524151020,66.710,66.710,66.710,66.710,0,0
1524151080,66.750,66.750,66.750,66.750,0,0
1524151200,66.710,66.680,66.680,66.710,3460,104766
1524151260,66.670,66.670,66.670,66.670,0,0
1524151320,66.750,66.710,66.710,66.750,0,0
1524151380,66.730,66.730,66.730,66.730,0,0
1524151440,66.710,66.710,66.710,66.710,0,0
1524151500,66.720,66.720,66.720,66.720,3544,108226
1524151560,66.720,66.720,66.720,66.720,0,0
1524151620,66.710,66.710,66.710,66.710,0,0
1524151680,66.690,66.660,66.660,66.690,0,0
1524151740,66.660,66.670,66.660,66.670,0,0
1524151800,66.650,66.650,66.650,66.650,7344,111770
1524151860,66.670,66.640,66.640,66.670,0,0
1524151920,66.630,66.590,66.590,66.640,0,0
1524151980,66.730,66.690,66.690,66.730,0,0
1524152100,66.730,66.710,66.710,66.730,3150,119114
1524152160,66.710,66.650,66.650,66.710,0,0
1524152340,66.650,66.650,66.650,66.650,0,0
1524152400,66.610,66.610,66.610,66.610,5251,122264
1524152520,66.640,66.640,66.640,66.640,0,0
1524152580,66.680,66.670,66.670,66.680,0,0
1524152640,66.670,66.730,66.670,66.730,0,0
1524152700,66.680,66.680,66.680,66.680,3016,127515
1524152820,66.720,66.690,66.690,66.720,0,0
1524152880,66.690,66.670,66.670,66.690,0,0
1524152940,66.690,66.690,66.690,66.690,0,0
1524153000,66.690,66.690,66.690,66.690,3800,130531
1524153060,66.670,66.680,66.670,66.680,0,0
1524153120,66.680,66.610,66.610,66.680,0,0
1524153180,66.650,66.650,66.650,66.650,0,0
1524153240,66.630,66.630,66.630,66.630,0,0
1524153300,66.630,66.640,66.630,66.640,2494,134331
1524153420,66.650,66.630,66.630,66.650,0,0
1524153480,66.630,66.600,66.600,66.630,0,0
1524153540,66.600,66.580,66.580,66.600,0,0
1524153600,66.580,66.580,66.580,66.580,4360,136825
1524153660,66.590,66.600,66.590,66.600,0,0
1524153780,66.620,66.650,66.620,66.650,0,0
1524153840,66.640,66.650,66.640,66.670,0,0
1524153900,66.640,66.640,66.640,66.640,10094,141185
1524153960,66.650,66.690,66.650,66.690,0,0
1524154020,66.640,66.640,66.640,66.640,0,0
1524154140,66.700,66.700,66.700,66.700,0,0
1524154200,66.680,66.670,66.660,66.680,1955,151279
1524154260,66.670,66.670,66.670,66.670,0,0
1524154440,66.650,66.660,66.650,66.660,0,0
1524154500,66.660,66.700,66.660,66.700,6140,153234
1524154560,66.680,66.680,66.680,66.680,0,0
1524154620,66.720,66.720,66.720,66.720,0,0
1524154800,66.750,66.740,66.740,66.750,4374,159374
1524154860,66.750,66.730,66.730,66.750,0,0
1524154920,66.730,66.730,66.730,66.730,0,0
1524154980,66.750,66.750,66.750,66.750,0,0
1524155040,66.750,66.730,66.730,66.750,0,0
1524155100,66.740,66.710,66.710,66.740,4384,163748
1524155220,66.740,66.710,66.710,66.740,0,0
1524155280,66.680,66.680,66.680,66.680,0,0
1524155340,66.690,66.670,66.670,66.690,0,0
1524155400,66.730,66.730,66.730,66.730,2197,168132
1524155460,66.710,66.690,66.690,66.710,0,0
1524155520,66.680,66.680,66.680,66.680,0,0
1524155700,66.700,66.700,66.700,66.700,6746,170329
1524155760,66.680,66.680,66.680,66.680,0,0
1524155820,66.680,66.690,66.680,66.690,0,0
1524155880,66.700,66.700,66.700,66.700,0,0
1524155940,66.710,66.720,66.710,66.720,0,0
1524156000,66.720,66.740,66.720,66.740,5205,177075
1524156060,66.740,66.740,66.740,66.740,0,0
1524156120,66.780,66.740,66.740,66.780,0,0
1524156180,66.720,66.720,66.720,66.720,0,0
1524156240,66.740,66.740,66.740,66.740,0,0
1524156300,66.760,66.760,66.760,66.760,1637,182280
1524156360,66.730,66.730,66.730,66.730,0,0
1524156420,66.750,66.760,66.750,66.760,0,0
1524156540,66.770,66.770,66.770,66.770,0,0
1524156600,66.760,66.760,66.760,66.760,1343,183917
1524156720,66.760,66.760,66.760,66.760,0,0
1524156780,66.750,66.750,66.750,66.750,0,0
1524156840,66.730,66.730,66.730,66.730,0,0
1524156900,66.730,66.750,66.720,66.750,4436,185260
1524156960,66.750,66.760,66.730,66.760,0,0
1524157020,66.780,66.760,66.760,66.780,0,0
1524157080,66.750,66.750,66.750,66.750,0,0
1524157140,66.740,66.740,66.740,66.740,0,0
1524157200,66.730,66.720,66.720,66.730,5231,189696
1524157260,66.720,66.720,66.720,66.720,0,0
1524157320,66.720,66.730,66.720,66.730,0,0
1524157380,66.730,66.730,66.730,66.730,0,0
1524157500,66.730,66.730,66.730,66.730,10390,194927
1524157560,66.740,66.730,66.720,66.740,0,0
1524157620,66.730,66.730,66.730,66.730,0,0
1524157680,66.730,66.750,66.730,66.750,0,0
1524157740,66.730,66.740,66.730,66.750,0,0
1524157800,66.740,66.740,66.740,66.740,1335,205317
1524157860,66.740,66.740,66.740,66.740,0,0
1524157920,66.740,66.740,66.740,66.740,0,0
1524158040,66.760,66.760,66.760,66.760,0,0
1524158100,66.800,66.790,66.790,66.800,2198,206652
1524158160,66.770,66.770,66.770,66.770,0,0
1524158220,66.770,66.770,66.770,66.770,0,0
1524158280,66.770,66.770,66.770,66.770,0,0
1524158400,66.770,66.770,66.770,66.770,2584,208850
1524158460,66.770,66.770,66.770,66.770,0,0
1524158520,66.780,66.780,66.780,66.780,0,0
1524158580,66.780,66.780,66.780,66.780,0,0
1524158640,66.760,66.760,66.760,66.760,0,0
1524158700,66.750,66.750,66.750,66.750,1845,211434
1524158760,66.750,66.750,66.750,66.750,0,0
1524158880,66.750,66.750,66.750,66.750,0,0
1524158940,66.730,66.730,66.730,66.730,0,0
1524159000,66.720,66.720,66.720,66.720,4648,213279
1524159060,66.720,66.730,66.720,66.730,0,0
1524159180,66.740,66.740,66.740,66.740,0,0
1524159240,66.760,66.770,66.760,66.770,0,0
1524159300,66.760,66.750,66.750,66.760,5849,217927
1524159360,66.760,66.750,66.750,66.760,0,0
1524159420,66.840,66.810,66.810,66.840,0,0
1524159480,66.800,66.810,66.800,66.810,0,0
1524159540,66.830,66.830,66.830,66.830,0,0
1524159600,66.840,66.840,66.840,66.840,1999,223776
1524159720,66.830,66.830,66.830,66.830,0,0
1524159780,66.810,66.810,66.810,66.810,0,0
1524159840,66.830,66.830,66.830,66.830,0,0
1524159900,66.820,66.820,66.820,66.820,1940,225775
1524159960,66.820,66.790,66.750,66.820,0,0
1524160020,66.780,66.780,66.780,66.780,0,0
1524160140,66.800,66.800,66.800,66.800,0,0
1524160200,66.800,66.800,66.800,66.800,1949,227715
1524160260,66.830,66.820,66.820,66.830,0,0
1524160320,66.820,66.820,66.820,66.820,0,0
1524160500,66.810,66.780,66.780,66.810,1782,229664
1524160620,66.810,66.780,66.780,66.810,0,0
1524160680,66.760,66.760,66.760,66.760,0,0
1524160740,66.770,66.760,66.760,66.770,0,0
1524160800,66.770,66.770,66.770,66.770,3781,231446
1524160860,66.780,66.780,66.780,66.780,0,0
1524160920,66.780,66.770,66.770,66.780,0,0
1524161040,66.750,66.750,66.750,66.750,0,0
1524161100,66.710,66.710,66.710,66.710,3263,235227
1524161160,66.710,66.710,66.710,66.710,0,0
1524161220,66.750,66.750,66.750,66.750,0,0
1524161280,66.760,66.760,66.760,66.760,0,0
1524161400,66.750,66.750,66.750,66.750,4736,238490
1524161460,66.750,66.750,66.750,66.750,0,0
1524161520,66.760,66.770,66.750,66.770,0,0
1524161580,66.740,66.740,66.740,66.740,0,0
1524161640,66.750,66.760,66.750,66.760,0,0
1524161700,66.770,66.780,66.760,66.780,9907,243226
1524161820,66.810,66.810,66.810,66.810,0,0
1524161880,66.820,66.820,66.820,66.820,0,0
1524161940,66.800,66.800,66.800,66.800,0,0
1524162000,66.800,66.810,66.800,66.810,41830,253133
1524162060,66.800,66.780,66.780,66.800,0,0
1524162120,66.800,66.800,66.800,66.800,0,0
1524162180,66.800,66.780,66.780,66.800,0,0
1524162240,66.750,66.770,66.750,66.800,0,0
1524162300,66.770,66.770,66.770,66.770,6499,294963
1524162360,66.760,66.760,66.760,66.760,0,0
1524162420,66.770,66.790,66.770,66.790,0,0
1524162480,66.830,66.830,66.830,66.830,0,0
1524162540,66.840,66.860,66.840,66.860,0,0
1524162600,66.800,66.800,66.800,66.800,27854,301462
1524162660,66.800,66.800,66.800,66.800,0,0
1524162720,66.810,66.810,66.810,66.810,0,0
1524162840,66.810,66.800,66.800,66.810,0,0
1524162900,66.810,66.810,66.810,66.810,4493,329316
1524162960,66.800,66.770,66.770,66.800,0,0
1524163020,66.770,66.760,66.760,66.770,0,0
1524163080,66.780,66.790,66.780,66.790,0,0
1524163140,66.800,66.830,66.800,66.830,0,0
1524163200,66.830,66.780,66.780,66.830,2339,333809
1524163380,66.830,66.830,66.830,66.830,0,0
1524163440,66.830,66.840,66.830,66.840,0,0
1524163500,66.830,66.790,66.790,66.830,5290,336148
1524163620,66.770,66.800,66.770,66.800,0,0
1524163680,66.820,66.820,66.820,66.820,0,0
1524163800,66.810,66.780,66.780,66.810,5939,341438
1524163860,66.810,66.810,66.810,66.810,0,0
1524163920,66.810,66.800,66.800,66.810,0,0
1524163980,66.790,66.790,66.790,66.790,0,0
1524164040,66.800,66.790,66.790,66.800,0,0
1524164100,66.830,66.840,66.830,66.840,5092,347377
1524164160,66.850,66.850,66.850,66.850,0,0
1524164220,66.890,66.840,66.840,66.890,0,0
1524164280,66.840,66.830,66.830,66.840,0,0
1524164340,66.820,66.860,66.820,66.860,0,0
1524164400,66.860,66.870,66.860,66.870,2420,352469
1524164520,66.860,66.870,66.860,66.870,0,0
1524164580,66.870,66.870,66.870,66.870,0,0
1524164640,66.870,66.870,66.870,66.870,0,0
1524164700,66.860,66.840,66.840,66.860,3647,354889
1524164760,66.840,66.840,66.840,66.840,0,0
1524164820,66.860,66.860,66.860,66.860,0,0
1524164940,66.890,66.890,66.890,66.890,0,0
1524165000,66.900,66.890,66.890,66.900,4741,358536
1524165060,66.890,66.890,66.890,66.890,0,0
1524165120,66.870,66.870,66.870,66.870,0,0
1524165180,66.860,66.860,66.860,66.860,0,0
1524165240,66.870,66.870,66.870,66.870,0,0
1524165300,66.870,66.860,66.840,66.870,8544,363277
1524165360,66.860,66.860,66.860,66.860,0,0
1524165420,66.870,66.870,66.870,66.870,0,0
1524165480,66.890,66.910,66.890,66.910,0,0
1524165540,66.900,66.920,66.900,66.920,0,0
1524165600,66.910,66.950,66.910,66.950,6114,371821
1524165660,66.950,66.940,66.940,66.950,0,0
1524165720,66.930,66.930,66.930,66.930,0,0
1524165780,66.910,66.910,66.910,66.910,0,0
1524165840,66.910,66.910,66.910,66.910,0,0
1524165900,66.910,66.930,66.910,66.930,13187,377935
1524166020,66.930,66.920,66.920,66.930,0,0
1524166080,66.940,66.930,66.930,66.940,0,0
1524166140,66.930,66.930,66.930,66.930,0,0
1524166200,66.930,66.870,66.870,66.940,46226,391122
1524166260,66.890,66.890,66.890,66.890,0,0
1524166380,66.890,66.900,66.890,66.900,0,0
1524166440,66.900,66.890,66.890,66.900,0,0
1524166500,66.890,66.900,66.890,66.900,24184,437348
1524166560,66.890,66.890,66.890,66.890,0,0
1524166620,66.890,66.920,66.890,66.950,0,0
1524166680,66.950,66.970,66.950,66.970,0,0
1524166740,66.960,66.990,66.960,66.990,0,0
1524166800,66.980,66.970,66.960,66.980,6250,461532
1524166860,66.970,66.960,66.960,66.970,0,0
1524166920,66.970,66.980,66.970,66.980,0,0
1524166980,66.980,66.970,66.970,66.980,0,0
1524167040,66.970,66.980,66.970,66.980,0,0
1524167100,66.970,66.970,66.970,66.970,11995,467782
1524167160,66.970,66.960,66.960,66.970,0,0
1524167220,66.950,66.950,66.950,66.950,0,0
1524167280,66.970,66.990,66.970,66.990,0,0
1524167340,66.990,66.980,66.980,66.990,0,0
1524167400,67.000,67.010,67.000,67.030,15187,479777
1524167460,67.010,67.020,67.010,67.020,0,0
1524167520,67.010,66.990,66.990,67.010,0,0
1524167580,67.000,66.990,66.990,67.000,0,0
1524167640,67.000,67.000,67.000,67.000,0,0
1524167700,67.000,66.990,66.990,67.000,57697,494964
1524167760,67.000,66.970,66.970,67.000,0,0
1524167820,66.970,66.980,66.960,66.980,0,0
1524167880,66.970,66.980,66.970,66.980,0,0
1524167940,66.970,67.000,66.970,67.010,0,0
1524231000,67.040,66.690,66.690,67.040,3972,0
1524231060,66.880,66.880,66.880,66.880,0,0
1524231180,66.870,66.870,66.870,66.870,0,0
1524231240,66.820,66.820,66.820,66.820,0,0
1524231300,66.820,66.860,66.820,66.890,3798,3972
1524231360,66.890,66.890,66.890,66.890,0,0
1524231480,66.980,66.980,66.980,66.980,0,0
1524231540,66.970,66.890,66.890,66.970,0,0
1524231600,66.960,67.090,66.960,67.090,3046,7770
1524231780,67.130,67.080,67.080,67.130,0,0
1524231900,67.090,67.110,67.090,67.140,5339,10816
1524231960,67.140,67.060,67.060,67.140,0,0
1524232020,67.080,67.060,67.060,67.080,0,0
1524232080,67.100,67.100,67.100,67.100,0,0
1524232200,67.140,67.140,67.140,67.140,5187,16155
1524232260,67.200,67.150,67.150,67.200,0,0
1524232380,67.150,67.150,67.150,67.150,0,0
1524232440,67.180,67.170,67.170,67.220,0,0
1524232500,67.160,67.140,67.140,67.160,5493,21342
1524232560,67.160,67.160,67.160,67.160,0,0
1524232620,67.160,67.160,67.160,67.160,0,0
1524232680,67.090,67.120,67.090,67.120,0,0
1524232740,67.100,67.100,67.100,67.100,0,0
1524232800,67.120,67.140,67.120,67.140,3114,26835
1524232920,67.120,67.090,67.090,67.120,0,0
1524232980,67.110,67.140,67.110,67.140,0,0
1524233040,67.150,67.150,67.150,67.150,0,0
1524233100,67.090,67.110,67.090,67.140,3890,29949
1524233160,67.140,67.140,67.140,67.140,0,0
1524233280,67.180,67.190,67.180,67.190,0,0
1524233340,67.140,67.140,67.140,67.140,0,0
1524233400,67.120,67.120,67.120,67.120,3094,33839
1524233460,67.100,67.110,67.100,67.110,0,0
1524233520,67.100,67.100,67.100,67.100,0,0
1524233580,67.060,67.060,67.060,67.060,0,0
1524233640,67.070,67.070,67.070,67.070,0,0
1524233700,67.070,67.080,67.060,67.080,5443,36933
1524233760,67.080,67.080,67.080,67.080,0,0
1524233820,67.080,67.060,67.060,67.080,0,0
1524233880,67.060,67.080,67.060,67.080,0,0
1524234000,67.100,67.020,67.020,67.100,3924,42376
1524234120,67.050,67.050,67.050,67.050,0,0
1524234180,67.070,67.060,67.060,67.070,0,0
1524234240,67.090,67.120,67.090,67.120,0,0
1524234300,67.150,67.130,67.130,67.150,3379,46300
1524234360,67.130,67.130,67.130,67.130,0,0
1524234420,67.130,67.120,67.120,67.130,0,0
1524234480,67.150,67.140,67.140,67.150,0,0
1524234540,67.160,67.160,67.160,67.160,0,0
1524234600,67.180,67.120,67.120,67.180,3479,49679
1524234720,67.160,67.160,67.160,67.160,0,0
1524234780,67.140,67.140,67.140,67.140,0,0
1524234840,67.140,67.130,67.130,67.140,0,0
1524234900,67.140,67.170,67.140,67.170,4762,53158
1524234960,67.150,67.150,67.150,67.150,0,0
1524235020,67.190,67.210,67.190,67.210,0,0
1524235080,67.270,67.250,67.250,67.270,0,0
1524235140,67.260,67.260,67.260,67.260,0,0
1524235200,67.240,67.220,67.220,67.240,8369,57920
1524235260,67.240,67.250,67.240,67.250,0,0
1524235320,67.290,67.310,67.290,67.310,0,0
1524235380,67.310,67.320,67.310,67.320,0,0
1524235440,67.320,67.300,67.300,67.330,0,0
1524235500,67.290,67.300,67.290,67.300,5095,66289
1524235560,67.300,67.330,67.300,67.330,0,0
1524235620,67.310,67.330,67.310,67.330,0,0
1524235680,67.320,67.320,67.320,67.320,0,0
1524235740,67.300,67.280,67.280,67.300,0,0
1524235800,67.250,67.250,67.250,67.250,7670,71384
1524235860,67.250,67.180,67.180,67.250,0,0
1524235920,67.220,67.190,67.190,67.220,0,0
1524235980,67.120,67.140,67.120,67.150,0,0
1524236040,67.140,67.170,67.140,67.170,0,0
1524236100,67.170,67.110,67.110,67.170,4921,79054
1524236220,67.150,67.180,67.150,67.180,0,0
1524236280,67.220,67.220,67.220,67.220,0,0
1524236340,67.210,67.210,67.210,67.210,0,0
1524236400,67.210,67.210,67.210,67.210,4542,83975
1524236460,67.220,67.170,67.170,67.220,0,0
1524236520,67.160,67.160,67.160,67.160,0,0
1524236580,67.130,67.080,67.080,67.130,0,0
1524236700,67.080,67.090,67.080,67.090,4540,88517
1524236760,67.070,67.070,67.070,67.070,0,0
1524236880,67.080,67.070,67.070,67.080,0,0
1524236940,67.070,67.070,67.070,67.070,0,0
1524237000,67.030,67.020,67.020,67.040,4167,93057
1524237060,67.030,66.920,66.920,67.030,0,0
1524237120,66.940,66.940,66.940,66.940,0,0
1524237180,66.920,66.920,66.920,66.920,0,0
1524237240,66.940,66.890,66.890,66.940,0,0
1524237300,66.900,66.910,66.890,66.910,5078,97224
1524237360,66.920,66.920,66.920,66.920,0,0
1524237420,66.930,66.940,66.930,66.940,0,0
1524237480,66.920,66.890,66.890,66.920,0,0
1524237540,66.880,66.830,66.830,66.880,0,0
1524237600,66.820,66.800,66.800,66.820,2835,102302
1524237720,66.770,66.760,66.760,66.770,0,0
1524237780,66.770,66.770,66.770,66.770,0,0
1524237900,66.790,66.810,66.790,66.810,3710,105137
1524237960,66.790,66.790,66.790,66.790,0,0
1524238080,66.770,66.770,66.770,66.770,0,0
1524238140,66.780,66.790,66.780,66.790,0,0
1524238200,66.840,66.870,66.840,66.870,4319,108847
1524238260,66.870,66.870,66.870,66.870,0,0
1524238380,66.860,66.830,66.830,66.860,0,0
1524238440,66.850,66.850,66.850,66.850,0,0
1524238500,66.870,66.870,66.870,66.870,2525,113166
1524238620,66.860,66.860,66.860,66.860,0,0
1524238680,66.860,66.860,66.860,66.860,0,0
1524238740,66.860,66.880,66.860,66.880,0,0
1524238800,66.840,66.890,66.840,66.890,4777,115691
1524238860,66.840,66.890,66.840,66.890,0,0
1524239040,66.920,66.910,66.910,66.920,0,0
1524239100,66.920,66.880,66.880,66.920,2592,120468
1524239220,66.860,66.860,66.860,66.860,0,0
1524239280,66.890,66.870,66.870,66.890,0,0
1524239340,66.880,66.850,66.850,66.880,0,0
1524239400,66.830,66.830,66.830,66.830,1201,123060
1524239460,66.830,66.830,66.830,66.830,0,0
1524239580,66.830,66.830,66.830,66.830,0,0
1524239700,66.850,66.860,66.850,66.860,3317,124261
1524239820,66.850,66.860,66.850,66.860,0,0
1524239880,66.860,66.850,66.850,66.860,0,0
1524239940,66.850,66.850,66.850,66.850,0,0
1524240000,66.750,66.750,66.750,66.750,3382,127578
1524240060,66.770,66.770,66.770,66.770,0,0
1524240120,66.770,66.770,66.770,66.770,0,0
1524240180,66.760,66.760,66.760,66.760,0,0
1524240240,66.710,66.710,66.710,66.710,0,0
1524240300,66.720,66.720,66.720,66.720,2436,130960
1524240360,66.720,66.720,66.720,66.720,0,0
1524240420,66.740,66.740,66.740,66.740,0,0
1524240540,66.780,66.780,66.780,66.780,0,0
1524240600,66.780,66.770,66.770,66.780,3503,133396
1524240660,66.740,66.760,66.740,66.760,0,0
1524240720,66.760,66.710,66.710,66.760,0,0
1524240840,66.770,66.770,66.770,66.770,0,0
1524240900,66.750,66.750,66.750,66.750,4535,136899
1524240960,66.770,66.780,66.770,66.780,0,0
1524241020,66.790,66.790,66.790,66.790,0,0
1524241080,66.760,66.760,66.760,66.760,0,0
1524241140,66.740,66.760,66.740,66.760,0,0
1524241200,66.760,66.760,66.760,66.760,5883,141434
1524241260,66.780,66.780,66.780,66.780,0,0
1524241320,66.780,66.830,66.780,66.830,0,0
1524241380,66.830,66.820,66.820,66.830,0,0
1524241440,66.830,66.830,66.830,66.830,0,0
1524241500,66.830,66.850,66.830,66.850,3175,147317
1524241560,66.840,66.850,66.840,66.850,0,0
1524241620,66.870,66.890,66.870,66.890,0,0
1524241680,66.860,66.860,66.860,66.860,0,0
1524241740,66.830,66.830,66.830,66.830,0,0
1524241800,66.820,66.780,66.780,66.820,5256,150492
1524241860,66.790,66.810,66.790,66.810,0,0
1524241920,66.810,66.830,66.810,66.830,0,0
1524241980,66.810,66.810,66.810,66.810,0,0
1524242100,66.810,66.810,66.810,66.810,3338,155748
1524242160,66.810,66.810,66.810,66.810,0,0
1524242280,66.830,66.840,66.830,66.840,0,0
1524242340,66.810,66.810,66.810,66.810,0,0
1524242400,66.810,66.810,66.810,66.810,3313,159086
1524242520,66.790,66.800,66.790,66.800,0,0
1524242580,66.820,66.810,66.810,66.820,0,0
1524242700,66.800,66.800,66.800,66.800,2996,162399
1524242820,66.820,66.830,66.820,66.830,0,0
1524242880,66.830,66.780,66.780,66.830,0,0
1524242940,66.810,66.790,66.780,66.810,0,0
1524243000,66.800,66.800,66.800,66.800,4148,165395
1524243060,66.810,66.810,66.810,66.810,0,0
1524243120,66.810,66.810,66.810,66.810,0,0
1524243240,66.810,66.830,66.810,66.830,0,0
1524243300,66.830,66.830,66.830,66.830,2475,169543
1524243360,66.810,66.810,66.810,66.810,0,0
1524243480,66.800,66.800,66.800,66.800,0,0
1524243600,66.790,66.790,66.790,66.790,2768,172018
1524243660,66.790,66.790,66.790,66.790,0,0
1524243780,66.800,66.800,66.800,66.800,0,0
1524243840,66.790,66.770,66.770,66.790,0,0
1524243900,66.770,66.770,66.770,66.770,3984,174786
1524243960,66.770,66.770,66.770,66.770,0,0
1524244020,66.770,66.780,66.770,66.780,0,0
1524244080,66.770,66.770,66.770,66.770,0,0
1524244140,66.780,66.780,66.780,66.780,0,0
1524244200,66.790,66.800,66.790,66.800,1625,178770
1524244320,66.790,66.800,66.790,66.800,0,0
1524244380,66.790,66.790,66.790,66.790,0,0
1524244440,66.790,66.790,66.790,66.790,0,0
1524244500,66.800,66.780,66.780,66.800,1379,180395
1524244560,66.780,66.770,66.770,66.780,0,0
1524244620,66.800,66.800,66.800,66.800,0,0
1524244680,66.780,66.790,66.780,66.790,0,0
1524244800,66.780,66.760,66.760,66.780,3552,181774
1524244920,66.780,66.760,66.760,66.780,0,0
1524245040,66.750,66.770,66.750,66.770,0,0
1524245100,66.780,66.780,66.780,66.780,4097,185326
1524245160,66.790,66.800,66.790,66.800,0,0
1524245220,66.810,66.810,66.810,66.810,0,0
1524245280,66.840,66.860,66.840,66.860,0,0
1524245340,66.860,66.880,66.860,66.880,0,0
1524245400,66.890,66.890,66.890,66.890,2860,189423
1524245460,66.890,66.890,66.890,66.890,0,0
1524245520,66.900,66.920,66.900,66.920,0,0
1524245700,66.920,66.920,66.920,66.920,3280,192283
1524245760,66.920,66.920,66.920,66.920,0,0
1524245820,66.900,66.910,66.900,66.910,0,0
1524245880,66.920,66.930,66.920,66.930,0,0
1524245940,66.950,66.930,66.930,66.950,0,0
1524246000,66.970,66.980,66.970,66.980,4641,195563
1524246060,66.980,66.980,66.980,66.980,0,0
1524246120,67.000,67.000,67.000,67.000,0,0
1524246240,67.000,67.000,67.000,67.000,0,0
1524246300,66.990,67.010,66.990,67.010,3928,200204
1524246420,66.990,66.990,66.990,66.990,0,0
1524246480,67.000,66.970,66.970,67.000,0,0
1524246540,66.970,66.970,66.970,66.970,0,0
1524246600,66.970,66.970,66.970,66.970,6908,204132
1524246720,66.990,67.010,66.990,67.030,0,0
1524246780,67.020,67.020,67.020,67.020,0,0
1524246840,67.020,67.020,67.020,67.020,0,0
1524246900,67.030,67.030,67.030,67.030,5252,211040
1524246960,67.030,67.020,67.020,67.030,0,0
1524247020,67.010,67.010,67.010,67.010,0,0
1524247080,67.030,67.040,67.030,67.040,0,0
1524247140,67.020,66.990,66.990,67.020,0,0
1524247200,66.970,66.970,66.970,66.970,4654,216292
1524247260,66.960,66.930,66.930,66.960,0,0
1524247320,66.940,66.970,66.940,66.970,0,0
1524247380,67.000,67.000,67.000,67.000,0,0
1524247440,67.010,66.990,66.980,67.010,0,0
1524247500,66.990,66.990,66.990,66.990,1692,220946
1524247740,66.990,66.980,66.980,66.990,0,0
1524247800,66.990,66.950,66.950,66.990,6216,222638
1524247860,66.980,66.990,66.970,66.990,0,0
1524247920,66.980,66.980,66.980,66.980,0,0
1524247980,66.970,66.970,66.970,66.970,0,0
1524248040,66.980,66.990,66.980,66.990,0,0
1524248100,66.990,66.970,66.970,67.000,3423,228854
1524248220,67.010,67.010,67.010,67.010,0,0
1524248280,66.990,67.000,66.990,67.000,0,0
1524248340,67.000,67.000,67.000,67.000,0,0
1524248400,67.000,67.000,67.000,67.000,5727,232277
1524248460,67.030,67.030,67.030,67.030,0,0
1524248520,67.030,67.020,67.010,67.030,0,0
1524248640,67.040,67.050,67.040,67.050,0,0
1524248700,67.060,67.030,67.030,67.060,6085,238004
1524248760,67.040,67.040,67.040,67.040,0,0
1524248820,67.050,67.050,67.050,67.050,0,0
1524248880,66.980,67.040,66.980,67.040,0,0
1524249000,67.070,67.070,67.070,67.070,2425,244089
1524249060,67.060,67.060,67.060,67.060,0,0
1524249120,67.060,67.050,67.050,67.060,0,0
1524249180,67.050,67.050,67.050,67.050,0,0
1524249240,67.030,67.030,67.030,67.030,0,0
1524249300,67.030,67.010,67.010,67.030,4123,246514
1524249360,67.010,67.010,67.010,67.010,0,0
1524249420,67.020,67.020,67.020,67.020,0,0
1524249540,67.020,67.020,67.020,67.020,0,0
1524249600,67.030,67.040,67.030,67.060,5356,250637
1524249720,67.050,67.050,67.050,67.050,0,0
1524249780,67.060,67.040,67.040,67.060,0,0
1524249840,67.030,67.030,67.030,67.030,0,0
1524249900,67.020,67.010,67.010,67.020,5967,255993
1524249960,67.030,67.030,67.030,67.030,0,0
1524250020,67.030,67.030,67.030,67.030,0,0
1524250080,67.020,67.020,67.020,67.020,0,0
1524250140,67.000,67.000,67.000,67.000,0,0
1524250200,67.010,67.000,66.990,67.010,6016,261960
1524250260,67.000,67.010,67.000,67.010,0,0
1524250320,66.990,67.000,66.980,67.000,0,0
1524250380,66.990,66.980,66.980,66.990,0,0
1524250500,66.960,67.010,66.960,67.010,12805,267976
1524250560,67.010,67.030,67.010,67.050,0,0
1524250620,67.030,67.040,67.020,67.040,0,0
1524250680,67.040,67.040,67.040,67.040,0,0
1524250740,67.040,67.040,67.040,67.040,0,0
1524250800,67.060,67.040,67.040,67.060,8628,280781
1524250860,67.060,67.050,67.050,67.060,0,0
1524250920,67.050,67.040,67.040,67.050,0,0
1524250980,67.040,67.040,67.040,67.040,0,0
1524251040,67.030,67.040,67.030,67.040,0,0
1524251100,67.040,67.020,67.020,67.040,7108,289409
1524251160,67.000,66.970,66.970,67.000,0,0
1524251220,66.990,66.990,66.990,66.990,0,0
1524251280,66.950,66.940,66.920,66.950,0,0
1524251340,66.940,66.940,66.940,66.940,0,0
1524251400,66.910,66.910,66.910,66.910,6428,296517
1524251460,66.920,66.940,66.920,66.940,0,0
1524251520,66.940,66.940,66.940,66.940,0,0
1524251580,66.960,66.960,66.960,66.960,0,0
1524251700,66.950,66.930,66.930,66.950,5567,302945
1524251760,66.930,66.930,66.930,66.930,0,0
1524251820,66.890,66.890,66.890,66.890,0,0
1524251880,66.880,66.880,66.880,66.880,0,0
1524251940,66.890,66.880,66.880,66.890,0,0
1524252000,66.900,66.910,66.900,66.910,10345,308512
1524252060,66.900,66.890,66.890,66.900,0,0
1524252120,66.870,66.860,66.840,66.870,0,0
1524252180,66.800,66.820,66.800,66.820,0,0
1524252240,66.830,66.830,66.830,66.830,0,0
1524252300,66.840,66.850,66.840,66.850,6244,318857
1524252360,66.870,66.860,66.860,66.870,0,0
1524252420,66.880,66.860,66.860,66.880,0,0
1524252480,66.860,66.870,66.860,66.870,0,0
1524252540,66.870,66.860,66.860,66.870,0,0
1524252600,66.850,66.850,66.850,66.850,9230,325101
1524252660,66.850,66.810,66.810,66.850,0,0
1524252720,66.810,66.760,66.760,66.810,0,0
1524252780,66.750,66.760,66.750,66.760,0,0
1524252840,66.810,66.820,66.810,66.820,0,0
1524252900,66.820,66.830,66.820,66.830,10448,334331
1524252960,66.840,66.900,66.840,66.900,0,0
1524253020,66.900,66.890,66.890,66.900,0,0
1524253080,66.910,66.910,66.910,66.910,0,0
1524253140,66.910,66.890,66.890,66.910,0,0
1524253200,66.920,66.910,66.910,66.920,7423,344779
1524253260,66.910,66.900,66.900,66.910,0,0
1524253320,66.910,66.910,66.910,66.910,0,0
1524253380,66.910,66.910,66.910,66.910,0,0
1524253440,66.890,66.890,66.890,66.890,0,0
1524253500,66.890,66.870,66.860,66.890,12158,352202
1524253560,66.840,66.840,66.840,66.840,0,0
1524253620,66.830,66.840,66.830,66.840,0,0
1524253680,66.840,66.810,66.810,66.840,0,0
1524253740,66.810,66.830,66.810,66.830,0,0
1524253800,66.840,66.850,66.840,66.860,11077,364360
1524253860,66.850,66.840,66.840,66.850,0,0
1524253920,66.850,66.840,66.840,66.850,0,0
1524253980,66.860,66.870,66.850,66.870,0,0
1524254040,66.870,66.870,66.870,66.870,0,0
1524254100,66.870,66.910,66.870,66.910,47395,375437
1524254160,66.900,66.880,66.880,66.910,0,0
1524254220,66.870,66.850,66.850,66.870,0,0
1524254280,66.880,66.900,66.880,66.900,0,0
1524254340,66.890,66.920,66.890,66.940,0,0
1524490200,67.090,67.090,67.090,67.090,3979,0
1524490380,67.090,67.140,67.030,67.140,0,0
1524490440,67.190,67.230,67.190,67.230,0,0
1524490800,67.210,67.230,67.210,67.230,6830,3979
1524490860,67.330,67.330,67.330,67.330,0,0
1524490920,67.330,67.330,67.330,67.330,0,0
1524490980,67.340,67.340,67.340,67.340,0,0
1524491040,67.300,67.310,67.300,67.310,0,0
1524491100,67.310,67.300,67.300,67.310,4581,10809
1524491220,67.340,67.340,67.340,67.340,0,0
1524491280,67.280,67.290,67.280,67.290,0,0
1524491340,67.280,67.260,67.260,67.280,0,0
1524491400,67.250,67.260,67.250,67.260,2432,15390
1524491460,67.250,67.260,67.250,67.260,0,0
1524491520,67.250,67.250,67.250,67.250,0,0
1524491580,67.210,67.180,67.180,67.210,0,0
1524491700,67.270,67.270,67.270,67.270,1078,17822
1524491760,67.270,67.270,67.270,67.270,0,0
1524492000,67.410,67.330,67.190,67.410,4444,18900
1524492060,67.370,67.370,67.370,67.370,0,0
1524492120,67.330,67.310,67.310,67.330,0,0
1524492240,67.300,67.300,67.300,67.300,0,0
1524492300,67.310,67.280,67.280,67.310,6926,23344
1524492420,67.270,67.200,67.190,67.270,0,0
1524492480,67.090,67.160,67.090,67.160,0,0
1524492540,67.200,67.180,67.180,67.200,0,0
1524492600,67.250,67.250,67.250,67.250,3863,30270
1524492660,67.270,67.270,67.270,67.270,0,0
1524492780,67.280,67.240,67.240,67.280,0,0
1524492840,67.180,67.160,67.160,67.180,0,0
1524492900,67.130,67.180,67.130,67.180,7051,34133
1524492960,67.210,67.220,67.200,67.220,0,0
1524493020,67.180,67.140,67.090,67.180,0,0
1524493080,67.190,67.200,67.190,67.200,0,0
1524493140,67.220,67.220,67.220,67.220,0,0
1524493200,67.230,67.230,67.230,67.230,3528,41184
1524493260,67.230,67.230,67.230,67.230,0,0
1524493320,67.280,67.280,67.280,67.280,0,0
1524493380,67.240,67.240,67.240,67.240,0,0
1524493440,67.210,67.190,67.150,67.210,0,0
1524493500,67.190,67.190,67.190,67.190,3547,44712
1524493560,67.200,67.210,67.200,67.210,0,0
1524493680,67.190,67.190,67.190,67.190,0,0
1524493740,67.180,67.180,67.180,67.180,0,0
1524493800,67.170,67.140,67.140,67.170,17219,48259
1524493860,67.170,67.140,67.140,67.170,0,0
1524493920,67.170,67.180,67.150,67.180,0,0
1524493980,67.190,67.230,67.190,67.240,0,0
1524494040,67.130,67.180,67.130,67.180,0,0
1524494100,67.180,67.160,67.160,67.180,12044,65478
1524494160,67.160,67.080,67.060,67.160,0,0
1524494220,67.180,67.150,67.150,67.180,0,0
1524494400,67.180,67.200,67.180,67.200,3836,77522
1524494460,67.170,67.180,67.170,67.180,0,0
1524494640,67.180,67.180,67.180,67.180,0,0
1524494700,67.200,67.200,67.200,67.200,4446,81358
1524494880,67.310,67.310,67.310,67.310,0,0
1524494940,67.280,67.240,67.240,67.280,0,0
1524495000,67.210,67.220,67.210,67.220,3470,85804
1524495060,67.240,67.190,67.190,67.240,0,0
1524495180,67.250,67.230,67.230,67.250,0,0
1524495300,67.230,67.230,67.230,67.230,2860,89274
1524495480,67.240,67.190,67.190,67.240,0,0
1524495540,67.220,67.200,67.200,67.220,0,0
1524495600,67.180,67.180,67.180,67.180,4071,92134
1524495720,67.160,67.140,67.140,67.160,0,0
1524495780,67.140,67.160,67.140,67.160,0,0
1524495840,67.170,67.140,67.140,67.170,0,0
1524495900,67.160,67.170,67.160,67.170,4345,96205
1524495960,67.170,67.170,67.170,67.170,0,0
1524496020,67.170,67.170,67.170,67.170,0,0
1524496140,67.160,67.160,67.160,67.160,0,0
1524496200,67.170,67.170,67.170,67.170,1486,100550
1524496260,67.190,67.190,67.190,67.190,0,0
1524496440,67.210,67.210,67.210,67.210,0,0
1524496500,67.200,67.190,67.190,67.200,3522,102036
1524496560,67.180,67.180,67.180,67.180,0,0
1524496620,67.170,67.160,67.160,67.170,0,0
1524496800,67.140,67.140,67.140,67.140,2990,105558
1524496860,67.140,67.140,67.140,67.140,0,0
1524496980,67.130,67.080,67.080,67.130,0,0
1524497040,67.160,67.160,67.160,67.160,0,0
1524497100,67.210,67.170,67.170,67.210,2052,108548
1524497280,67.210,67.170,67.170,67.210,0,0
1524497400,67.160,67.130,67.130,67.160,4056,110600
1524497520,67.130,67.140,67.120,67.140,0,0
1524497580,67.140,67.140,67.140,67.140,0,0
1524497640,67.120,67.120,67.120,67.120,0,0
1524497700,67.160,67.160,67.160,67.160,3387,114656
1524497760,67.170,67.170,67.170,67.170,0,0
1524497880,67.160,67.160,67.160,67.160,0,0
1524498000,67.200,67.200,67.200,67.200,1605,118043
1524498060,67.190,67.190,67.190,67.190,0,0
1524498120,67.200,67.200,67.200,67.200,0,0
1524498240,67.200,67.200,67.200,67.200,0,0
1524498300,67.200,67.190,67.190,67.200,2438,119648
1524498420,67.180,67.180,67.180,67.180,0,0
1524498540,67.190,67.190,67.190,67.190,0,0
1524498600,67.180,67.190,67.180,67.190,3013,122086
1524498660,67.150,67.150,67.150,67.150,0,0
1524498780,67.180,67.180,67.180,67.180,0,0
1524498840,67.200,67.200,67.200,67.200,0,0
1524498900,67.220,67.210,67.210,67.220,2186,125099
1524498960,67.200,67.190,67.190,67.200,0,0
1524499140,67.180,67.200,67.180,67.200,0,0
1524499200,67.200,67.190,67.190,67.200,1864,127285
1524499320,67.200,67.190,67.190,67.200,0,0
1524499380,67.190,67.190,67.190,67.190,0,0
1524499500,67.170,67.170,67.170,67.170,1696,129149
1524499620,67.160,67.170,67.160,67.170,0,0
1524499800,67.170,67.170,67.170,67.170,856,130845
1524499920,67.170,67.170,67.170,67.170,0,0
1524500100,67.140,67.140,67.140,67.140,1978,131701
1524500160,67.140,67.140,67.140,67.140,0,0
1524500220,67.130,67.120,67.120,67.130,0,0
1524500340,67.070,67.060,67.060,67.070,0,0
1524500400,67.080,67.080,67.080,67.080,2715,133679
1524500460,67.080,67.080,67.080,67.080,0,0
1524500520,67.060,67.060,67.060,67.060,0,0
1524500640,67.100,67.100,67.100,67.100,0,0
1524500700,67.080,67.080,67.080,67.080,2433,136394
1524500760,67.080,67.080,67.080,67.080,0,0
1524500880,67.080,67.090,67.080,67.090,0,0
1524501000,67.110,67.100,67.100,67.110,2960,138827
1524501060,67.110,67.100,67.100,67.110,0,0
1524501180,67.090,67.070,67.070,67.090,0,0
1524501300,67.070,67.060,67.060,67.070,1603,141787
1524501360,67.060,67.060,67.060,67.060,0,0
1524501540,67.060,67.060,67.060,67.060,0,0
1524501600,67.100,67.100,67.100,67.100,1842,143390
1524501660,67.090,67.090,67.090,67.090,0,0
1524501900,67.040,67.040,67.040,67.040,2501,145232
1524501960,67.080,67.080,67.080,67.080,0,0
1524502020,67.080,67.070,67.070,67.080,0,0
1524502140,67.060,67.060,67.060,67.060,0,0
1524502200,67.060,67.060,67.060,67.060,2658,147733
1524502260,67.080,67.060,67.060,67.080,0,0
1524502440,67.060,67.030,67.030,67.060,0,0
1524502500,67.040,67.020,67.020,67.040,1512,150391
1524502620,67.060,67.060,67.060,67.060,0,0
1524502740,67.080,67.080,67.080,67.080,0,0
1524502800,67.090,67.090,67.090,67.090,2844,151903
1524502980,67.090,67.070,67.070,67.090,0,0
1524503400,67.070,67.060,67.060,67.070,2270,154747
1524503460,67.080,67.080,67.080,67.080,0,0
1524503520,67.060,67.060,67.060,67.060,0,0
1524503580,67.080,67.080,67.080,67.080,0,0
1524503700,67.110,67.110,67.110,67.110,1860,157017
1524503760,67.100,67.080,67.080,67.100,0,0
1524503820,67.080,67.080,67.080,67.080,0,0
1524503880,67.050,67.090,67.050,67.090,0,0
1524503940,67.080,67.080,67.080,67.080,0,0
1524504000,66.980,66.980,66.980,66.980,2723,158877
1524504120,66.980,66.980,66.980,66.980,0,0
1524504180,67.030,67.020,67.020,67.030,0,0
1524504300,67.030,67.030,67.030,67.030,1154,161600
1524504420,67.030,67.030,67.030,67.030,0,0
1524504600,67.060,67.070,67.060,67.070,4697,162754
1524504660,67.060,67.070,67.060,67.070,0,0
1524504720,67.100,67.090,67.090,67.100,0,0
1524504840,67.100,67.100,67.100,67.100,0,0
1524504900,67.140,67.140,67.140,67.140,2447,167451
1524504960,67.120,67.100,67.100,67.120,0,0
1524505200,67.100,67.100,67.100,67.100,3046,169898
1524505380,67.100,67.110,67.100,67.110,0,0
1524505440,67.100,67.070,67.070,67.100,0,0
1524505500,67.110,67.110,67.110,67.110,4959,172944
1524505560,67.120,67.120,67.120,67.120,0,0
1524505620,67.130,67.140,67.130,67.140,0,0
1524505680,67.140,67.180,67.140,67.180,0,0
1524505740,67.140,67.140,67.140,67.140,0,0
1524505800,67.150,67.170,67.150,67.170,5219,177903
1524505860,67.150,67.170,67.150,67.170,0,0
1524505920,67.140,67.140,67.140,67.140,0,0
1524505980,67.180,67.180,67.180,67.180,0,0
1524506040,67.190,67.180,67.180,67.190,0,0
1524506100,67.200,67.200,67.200,67.200,4424,183122
1524506220,67.190,67.180,67.180,67.190,0,0
1524506280,67.200,67.200,67.200,67.200,0,0
1524506340,67.180,67.200,67.180,67.200,0,0
1524506400,67.210,67.200,67.200,67.210,3775,187546
1524506460,67.200,67.200,67.200,67.200,0,0
1524506580,67.190,67.180,67.180,67.190,0,0
1524506640,67.170,67.140,67.140,67.170,0,0
1524506700,67.130,67.130,67.130,67.130,4048,191321
1524506760,67.070,67.070,67.070,67.070,0,0
1524506820,67.120,67.120,67.120,67.120,0,0
1524506880,67.070,67.090,67.070,67.090,0,0
1524506940,67.080,67.100,67.080,67.100,0,0
1524507000,67.100,67.090,67.090,67.100,2752,195369
1524507060,67.100,67.090,67.090,67.100,0,0
1524507120,67.040,67.030,67.030,67.040,0,0
1524507240,67.030,67.040,67.030,67.040,0,0
1524507300,67.030,67.030,67.030,67.030,2157,198121
1524507360,67.030,67.030,67.030,67.030,0,0
1524507420,67.030,67.040,67.030,67.040,0,0
1524507480,67.050,67.060,67.050,67.060,0,0
1524507540,67.040,67.040,67.040,67.040,0,0
1524507600,67.040,67.020,67.020,67.040,12112,200278
1524507660,67.030,67.050,67.030,67.050,0,0
1524507720,67.060,67.070,67.050,67.070,0,0
1524507780,67.090,67.040,67.040,67.090,0,0
1524507840,67.060,67.070,67.050,67.070,0,0
1524507900,67.060,67.070,67.050,67.070,10258,212390
1524507960,67.060,67.070,67.050,67.070,0,0
1524508020,67.060,67.050,67.050,67.060,0,0
1524508080,67.050,67.050,67.050,67.050,0,0
1524508140,67.060,67.090,67.060,67.090,0,0
1524508200,67.070,67.080,67.070,67.080,5221,222648
1524508260,67.060,67.060,67.060,67.060,0,0
1524508440,67.050,67.050,67.050,67.050,0,0
1524508500,67.060,67.050,67.050,67.060,4234,227869
1524508620,67.060,67.060,67.060,67.060,0,0
1524508680,67.060,67.070,67.060,67.070,0,0
1524508740,67.080,67.080,67.080,67.080,0,0
1524508800,67.100,67.140,67.100,67.140,6955,232103
1524508860,67.170,67.140,67.140,67.170,0,0
1524508980,67.120,67.120,67.120,67.120,0,0
1524509040,67.120,67.110,67.110,67.120,0,0
1524509100,67.130,67.130,67.130,67.130,2816,239058
1524509160,67.110,67.120,67.110,67.120,0,0
1524509220,67.100,67.090,67.090,67.100,0,0
1524509280,67.070,67.060,67.060,67.070,0,0
1524509340,67.070,67.070,67.070,67.070,0,0
1524509400,67.060,67.060,67.060,67.060,5454,241874
1524509460,67.060,67.060,67.060,67.060,0,0
1524509520,67.030,67.050,67.030,67.050,0,0
1524509640,67.000,66.960,66.960,67.000,0,0
1524509700,66.970,66.970,66.970,66.970,4875,247328
1524509760,66.970,66.970,66.970,66.970,0,0
1524509820,66.990,66.980,66.980,67.010,0,0
1524509880,66.980,66.980,66.980,66.980,0,0
1524509940,67.010,67.010,67.010,67.010,0,0
1524510000,67.010,67.010,67.010,67.010,8351,252203
1524510060,67.040,67.060,67.030,67.060,0,0
1524510120,67.060,67.080,67.060,67.080,0,0
1524510180,67.100,67.110,67.100,67.120,0,0
1524510240,67.120,67.140,67.120,67.140,0,0
1524510300,67.090,67.090,67.090,67.090,4736,260554
1524510360,67.120,67.120,67.120,67.120,0,0
1524510420,67.080,67.090,67.080,67.120,0,0
1524510480,67.110,67.120,67.110,67.120,0,0
1524510540,67.120,67.070,67.070,67.120,0,0
1524510600,67.080,67.080,67.080,67.080,6302,265290
1524510660,67.090,67.090,67.090,67.090,0,0
1524510720,67.080,67.070,67.070,67.080,0,0
1524510780,67.080,67.100,67.080,67.100,0,0
1524510840,67.080,67.080,67.080,67.080,0,0
1524510900,67.090,67.090,67.090,67.090,4697,271592
1524510960,67.090,67.040,67.040,67.090,0,0
1524511080,67.060,67.060,67.060,67.060,0,0
1524511140,67.070,67.060,67.060,67.070,0,0
1524511200,67.080,67.090,67.080,67.090,5032,276289
1524511260,67.070,67.070,67.070,67.070,0,0
1524511320,67.070,67.070,67.070,67.070,0,0
1524511380,67.070,67.080,67.070,67.080,0,0
1524511440,67.060,67.060,67.060,67.060,0,0
1524511500,67.080,67.080,67.080,67.080,7815,281321
1524511560,67.080,67.080,67.080,67.080,0,0
1524511680,67.100,67.130,67.100,67.130,0,0
1524511740,67.130,67.130,67.130,67.130,0,0
1524511800,67.130,67.180,67.130,67.180,6810,289136
1524511860,67.180,67.180,67.180,67.180,0,0
1524511920,67.160,67.160,67.160,67.160,0,0
1524511980,67.170,67.180,67.170,67.180,0,0
1524512040,67.170,67.170,67.170,67.170,0,0
1524512100,67.180,67.180,67.180,67.180,9029,295946
1524512160,67.180,67.170,67.170,67.180,0,0
1524512220,67.170,67.140,67.130,67.170,0,0
1524512280,67.130,67.140,67.130,67.140,0,0
1524512340,67.130,67.140,67.130,67.140,0,0
1524512400,67.130,67.130,67.130,67.130,7749,304975
1524512460,67.130,67.150,67.130,67.150,0,0
1524512520,67.130,67.130,67.130,67.130,0,0
1524512580,67.120,67.120,67.120,67.120,0,0
1524512640,67.130,67.130,67.130,67.130,0,0
1524512700,67.140,67.200,67.140,67.200,14270,312724
1524512760,67.210,67.200,67.190,67.210,0,0
1524512820,67.200,67.180,67.180,67.200,0,0
1524512880,67.180,67.170,67.170,67.180,0,0
1524512940,67.180,67.190,67.170,67.190,0,0
1524513000,67.160,67.200,67.160,67.200,15798,326994
1524513060,67.190,67.180,67.180,67.190,0,0
1524513120,67.190,67.160,67.160,67.190,0,0
1524513180,67.140,67.130,67.110,67.140,0,0
1524513240,67.130,67.150,67.130,67.160,0,0
1524513300,67.160,67.180,67.160,67.180,46208,342792
1524513360,67.180,67.190,67.180,67.190,0,0
1524513420,67.170,67.160,67.160,67.170,0,0
1524513480,67.160,67.170,67.160,67.180,0,0
1524513540,67.180,67.140,67.140,67.180,0,0
1524576600,67.290,67.450,67.290,67.450,6242,0
1524576660,67.450,67.450,67.450,67.450,0,0
1524576780,67.360,67.360,67.360,67.360,0,0
1524576840,67.440,67.520,67.440,67.530,0,0
1524576900,67.470,67.470,67.470,67.470,3630,6242
1524576960,67.430,67.410,67.410,67.460,0,0
1524577020,67.470,67.510,67.470,67.510,0,0
1524577080,67.520,67.520,67.520,67.520,0,0
1524577140,67.300,67.300,67.300,67.300,0,0
1524577200,67.410,67.390,67.390,67.410,2562,9872
1524577260,67.390,67.430,67.390,67.430,0,0
1524577440,67.470,67.470,67.470,67.470,0,0
1524577500,67.620,67.610,67.610,67.620,2872,12434
1524577560,67.620,67.620,67.620,67.620,0,0
1524577740,67.680,67.680,67.680,67.680,0,0
1524577800,67.610,67.610,67.610,67.610,1462,15306
1524577860,67.610,67.610,67.610,67.610,0,0
1524577920,67.630,67.630,67.630,67.630,0,0
1524578040,67.540,67.540,67.540,67.540,0,0
1524578100,67.500,67.420,67.420,67.500,3014,16768
1524578160,67.470,67.470,67.470,67.470,0,0
1524578340,67.510,67.510,67.510,67.510,0,0
1524578400,67.550,67.510,67.510,67.550,2959,19782
1524578460,67.580,67.620,67.580,67.620,0,0
1524578520,67.600,67.580,67.580,67.600,0,0
1524578580,67.660,67.660,67.660,67.660,0,0
1524578700,67.710,67.710,67.710,67.710,3337,22741
1524578760,67.710,67.710,67.710,67.710,0,0
1524578820,67.700,67.700,67.700,67.700,0,0
1524578940,67.700,67.700,67.700,67.700,0,0
1524579000,67.660,67.660,67.660,67.660,1823,26078
1524579060,67.670,67.660,67.660,67.670,0,0
1524579120,67.690,67.690,67.690,67.690,0,0
1524579240,67.680,67.680,67.680,67.680,0,0
1524579300,67.630,67.500,67.500,67.630,3485,27901
1524579360,67.500,67.480,67.480,67.500,0,0
1524579420,67.450,67.450,67.450,67.450,0,0
1524579540,67.440,67.440,67.440,67.440,0,0
1524579600,67.450,67.450,67.450,67.450,438,31386
1524579900,67.410,67.420,67.410,67.420,4466,31824
1524580020,67.410,67.410,67.410,67.410,0,0
1524580080,67.430,67.430,67.430,67.430,0,0
1524580200,67.360,67.360,67.360,67.360,3881,36290
1524580260,67.360,67.360,67.360,67.360,0,0
1524580320,67.350,67.320,67.320,67.350,0,0
1524580380,67.360,67.310,67.310,67.360,0,0
1524580440,67.320,67.320,67.320,67.320,0,0
1524580500,67.300,67.360,67.300,67.360,1842,40171
1524580560,67.420,67.420,67.420,67.420,0,0
1524580620,67.360,67.360,67.360,67.360,0,0
1524580680,67.400,67.390,67.390,67.400,0,0
1524580800,67.380,67.390,67.370,67.390,4765,42013
1524580860,67.410,67.450,67.410,67.450,0,0
1524580920,67.460,67.490,67.460,67.490,0,0
1524580980,67.480,67.480,67.480,67.480,0,0
1524581040,67.490,67.500,67.480,67.500,0,0
1524581100,67.580,67.580,67.580,67.580,1616,46778
1524581220,67.580,67.580,67.580,67.580,0,0
1524581280,67.570,67.550,67.550,67.570,0,0
1524581400,67.600,67.600,67.600,67.600,2873,48394
1524581520,67.570,67.570,67.570,67.570,0,0
1524581580,67.610,67.600,67.600,67.610,0,0
1524581640,67.590,67.590,67.590,67.590,0,0
1524581700,67.530,67.530,67.530,67.530,2736,51267
1524581760,67.530,67.530,67.530,67.530,0,0
1524581880,67.540,67.540,67.540,67.540,0,0
1524581940,67.520,67.480,67.480,67.520,0,0
1524582000,67.460,67.450,67.450,67.460,2619,54003
1524582060,67.460,67.450,67.450,67.460,0,0
1524582180,67.400,67.400,67.400,67.400,0,0
1524582240,67.420,67.440,67.420,67.450,0,0
1524582300,67.420,67.420,67.420,67.420,1739,56622
1524582420,67.390,67.390,67.390,67.390,0,0
1524582480,67.400,67.400,67.400,67.400,0,0
1524582600,67.430,67.430,67.430,67.430,1771,58361
1524582780,67.380,67.400,67.380,67.400,0,0
1524582840,67.390,67.390,67.390,67.390,0,0
1524582900,67.470,67.460,67.460,67.470,4084,60132
1524582960,67.470,67.460,67.460,67.470,0,0
1524583020,67.470,67.470,67.470,67.470,0,0
1524583080,67.470,67.450,67.450,67.470,0,0
1524583140,67.490,67.490,67.490,67.490,0,0
1524583200,67.520,67.520,67.520,67.520,3477,64216
1524583260,67.550,67.560,67.550,67.560,0,0
1524583440,67.520,67.530,67.520,67.530,0,0
1524583500,67.510,67.530,67.510,67.530,1454,67693
1524583620,67.510,67.530,67.510,67.530,0,0
1524583680,67.560,67.560,67.560,67.560,0,0
1524583740,67.600,67.600,67.600,67.600,0,0
1524583800,67.590,67.590,67.590,67.590,1878,69147
1524583920,67.590,67.540,67.540,67.590,0,0
1524584040,67.600,67.590,67.590,67.600,0,0
1524584100,67.560,67.560,67.560,67.560,1334,71025
1524584160,67.580,67.580,67.580,67.580,0,0
1524584400,67.580,67.580,67.580,67.580,2300,72359
1524584460,67.600,67.600,67.600,67.600,0,0
1524584520,67.610,67.610,67.610,67.610,0,0
1524584640,67.570,67.570,67.570,67.570,0,0
1524584700,67.570,67.570,67.570,67.570,1907,74659
1524584760,67.570,67.570,67.570,67.570,0,0
1524584820,67.570,67.570,67.570,67.570,0,0
1524584880,67.570,67.560,67.560,67.570,0,0
1524584940,67.490,67.520,67.490,67.520,0,0
1524585000,67.570,67.570,67.570,67.570,759,76566
1524585060,67.580,67.580,67.580,67.580,0,0
1524585240,67.520,67.520,67.520,67.520,0,0
1524585300,67.540,67.540,67.540,67.540,2846,77325
1524585360,67.540,67.540,67.540,67.540,0,0
1524585420,67.530,67.470,67.470,67.530,0,0
1524585600,67.450,67.470,67.450,67.470,2271,80171
1524585780,67.430,67.430,67.430,67.430,0,0
1524585840,67.430,67.430,67.430,67.430,0,0
1524585900,67.430,67.430,67.430,67.430,588,82442
1524586020,67.420,67.400,67.400,67.420,0,0
1524586200,67.420,67.420,67.420,67.420,2455,83030
1524586380,67.420,67.420,67.420,67.420,0,0
1524586440,67.400,67.390,67.390,67.400,0,0
1524586500,67.400,67.390,67.370,67.400,2252,85485
1524586560,67.410,67.400,67.400,67.410,0,0
1524586620,67.360,67.360,67.360,67.360,0,0
1524586800,67.380,67.390,67.370,67.390,1625,87737
1524586920,67.390,67.390,67.390,67.390,0,0
1524586980,67.410,67.410,67.410,67.410,0,0
1524587040,67.410,67.410,67.410,67.410,0,0
1524587100,67.400,67.380,67.330,67.400,1379,89362
1524587280,67.330,67.330,67.330,67.330,0,0
1524587400,67.330,67.300,67.300,67.330,1818,90741
1524587460,67.330,67.300,67.300,67.330,0,0
1524587520,67.200,67.200,67.200,67.200,0,0
1524587580,67.240,67.240,67.240,67.240,0,0
1524587640,67.190,67.190,67.190,67.190,0,0
1524587700,67.220,67.240,67.220,67.240,3546,92559
1524587760,67.220,67.220,67.220,67.220,0,0
1524587880,67.240,67.270,67.240,67.280,0,0
1524587940,67.270,67.270,67.270,67.270,0,0
1524588000,67.270,67.230,67.230,67.270,3075,96105
1524588060,67.280,67.280,67.280,67.280,0,0
1524588120,67.230,67.260,67.230,67.260,0,0
1524588180,67.280,67.260,67.260,67.280,0,0
1524588240,67.260,67.270,67.260,67.270,0,0
1524588300,67.280,67.280,67.280,67.280,1465,99180
1524588360,67.270,67.270,67.270,67.270,0,0
1524588540,67.310,67.310,67.310,67.310,0,0
1524588600,67.290,67.290,67.290,67.290,960,100645
1524588780,67.290,67.290,67.290,67.290,0,0
1524588840,67.310,67.270,67.270,67.310,0,0
1524588900,67.200,67.200,67.200,67.200,2894,101605
1524588960,67.200,67.200,67.200,67.200,0,0
1524589020,67.190,67.190,67.190,67.190,0,0
1524589140,67.200,67.200,67.200,67.200,0,0
1524589200,67.210,67.190,67.190,67.210,2970,104499
1524589260,67.220,67.220,67.220,67.220,0,0
1524589320,67.200,67.200,67.200,67.200,0,0
1524589380,67.200,67.220,67.180,67.220,0,0
1524589440,67.190,67.190,67.190,67.190,0,0
1524589500,67.160,67.200,67.160,67.200,2184,107469
1524589560,67.160,67.200,67.160,67.200,0,0
1524589620,67.220,67.200,67.190,67.220,0,0
1524589740,67.230,67.190,67.190,67.230,0,0
1524589800,67.220,67.220,67.220,67.220,4273,109653
1524589860,67.210,67.150,67.150,67.210,0,0
1524589920,67.200,67.190,67.190,67.200,0,0
1524590040,67.190,67.200,67.190,67.200,0,0
1524590100,67.210,67.210,67.210,67.210,4490,113926
1524590160,67.210,67.210,67.210,67.210,0,0
1524590280,67.220,67.210,67.210,67.220,0,0
1524590340,67.210,67.160,67.160,67.210,0,0
1524590400,67.160,67.190,67.160,67.190,2131,118416
1524590580,67.150,67.130,67.130,67.150,0,0
1524590640,67.170,67.160,67.140,67.170,0,0
1524590700,67.160,67.160,67.160,67.160,30469,120547
1524590760,67.160,67.160,67.160,67.160,0,0
1524590820,67.110,67.120,67.110,67.120,0,0
1524590880,67.120,67.130,67.120,67.170,0,0
1524591000,67.110,67.080,67.080,67.110,6846,151016
1524591060,67.080,67.110,67.080,67.110,0,0
1524591120,67.120,67.150,67.120,67.150,0,0
1524591180,67.160,67.130,67.130,67.160,0,0
1524591300,67.130,67.130,67.130,67.130,2219,157862
1524591420,67.020,67.070,67.020,67.070,0,0
1524591480,67.090,67.090,67.090,67.090,0,0
1524591540,67.050,67.040,67.040,67.050,0,0
1524591600,67.050,67.050,67.050,67.050,13928,160081
1524591660,67.050,67.050,67.050,67.050,0,0
1524591720,67.050,67.050,67.050,67.050,0,0
1524591780,67.000,67.020,67.000,67.030,0,0
1524591840,67.000,66.970,66.950,67.000,0,0
1524591900,66.960,67.010,66.960,67.020,17633,174009
1524591960,66.980,66.970,66.970,66.980,0,0
1524592020,66.960,67.030,66.950,67.030,0,0
1524592080,67.030,67.000,67.000,67.030,0,0
1524592140,66.990,66.940,66.940,66.990,0,0
1524592200,66.940,66.930,66.910,66.940,20503,191642
1524592260,66.910,66.920,66.910,66.920,0,0
1524592320,66.930,66.960,66.930,66.980,0,0
1524592380,66.950,66.930,66.930,66.950,0,0
1524592440,66.930,66.920,66.910,66.940,0,0
1524592500,66.950,66.870,66.870,66.950,7102,212145
1524592560,66.870,66.840,66.840,66.870,0,0
1524592680,66.830,66.830,66.830,66.830,0,0
1524592740,66.820,66.820,66.820,66.820,0,0
1524592800,66.800,66.810,66.730,66.810,2510,219247
1524592860,66.800,66.810,66.730,66.810,0,0
1524592920,66.780,66.780,66.780,66.780,0,0
1524592980,66.760,66.750,66.750,66.760,0,0
1524593040,66.740,66.740,66.740,66.740,0,0
1524593100,66.680,66.680,66.680,66.680,1676,221757
1524593160,66.690,66.720,66.690,66.720,0,0
1524593280,66.740,66.770,66.740,66.770,0,0
1524593400,66.810,66.820,66.810,66.820,4755,223433
1524593460,66.800,66.800,66.800,66.800,0,0
1524593520,66.820,66.800,66.800,66.820,0,0
1524593580,66.810,66.810,66.810,66.810,0,0
1524593700,66.740,66.740,66.740,66.740,4864,228188
1524593760,66.700,66.690,66.690,66.700,0,0
1524593880,66.720,66.700,66.700,66.720,0,0
1524593940,66.700,66.690,66.690,66.700,0,0
1524594000,66.720,66.820,66.720,66.860,7361,233052
1524594120,66.840,66.840,66.840,66.840,0,0
1524594180,66.830,66.830,66.830,66.830,0,0
1524594240,66.860,66.840,66.840,66.860,0,0
1524594300,66.850,66.850,66.850,66.850,2241,240413
1524594420,66.800,66.800,66.800,66.800,0,0
1524594540,66.640,66.630,66.630,66.640,0,0
1524594600,66.690,66.670,66.670,66.690,2239,242654
1524594660,66.690,66.670,66.670,66.690,0,0
1524594720,66.660,66.660,66.660,66.660,0,0
1524594840,66.690,66.690,66.690,66.690,0,0
1524594900,66.700,66.700,66.700,66.700,4329,244893
1524594960,66.670,66.670,66.670,66.670,0,0
1524595020,66.670,66.640,66.640,66.670,0,0
1524595080,66.640,66.620,66.620,66.640,0,0
1524595140,66.590,66.590,66.590,66.590,0,0
1524595200,66.620,66.610,66.610,66.620,4168,249222
1524595320,66.630,66.660,66.630,66.670,0,0
1524595380,66.680,66.680,66.680,66.680,0,0
1524595440,66.680,66.700,66.680,66.700,0,0
1524595500,66.700,66.700,66.700,66.700,5783,253390
1524595620,66.630,66.690,66.630,66.690,0,0
1524595680,66.710,66.710,66.710,66.710,0,0
1524595740,66.660,66.690,66.660,66.690,0,0
1524595800,66.710,66.710,66.710,66.710,3173,259173
1524595860,66.740,66.730,66.730,66.740,0,0
1524595920,66.750,66.720,66.720,66.750,0,0
1524595980,66.680,66.680,66.680,66.680,0,0
1524596040,66.660,66.650,66.650,66.660,0,0
1524596100,66.690,66.690,66.690,66.690,4017,262346
1524596160,66.710,66.710,66.710,66.710,0,0
1524596280,66.680,66.660,66.660,66.680,0,0
1524596340,66.620,66.670,66.620,66.670,0,0
1524596400,66.670,66.700,66.670,66.700,7770,266363
1524596460,66.690,66.660,66.660,66.690,0,0
1524596520,66.700,66.700,66.700,66.700,0,0
1524596580,66.680,66.740,66.680,66.740,0,0
1524596640,66.750,66.810,66.750,66.810,0,0
1524596700,66.800,66.800,66.800,66.800,5153,274133
1524596760,66.840,66.850,66.840,66.850,0,0
1524596820,66.850,66.850,66.850,66.850,0,0
1524596880,66.840,66.840,66.840,66.840,0,0
1524596940,66.840,66.830,66.830,66.840,0,0
1524597000,66.800,66.800,66.800,66.800,5395,279286
1524597060,66.800,66.800,66.800,66.800,0,0
1524597120,66.780,66.840,66.780,66.840,0,0
1524597180,66.840,66.830,66.830,66.840,0,0
1524597240,66.860,66.890,66.860,66.890,0,0
1524597300,66.910,66.920,66.910,66.920,3879,284681
1524597360,66.870,66.870,66.870,66.870,0,0
1524597420,66.860,66.880,66.860,66.880,0,0
1524597480,66.860,66.850,66.850,66.860,0,0
1524597540,66.850,66.820,66.820,66.850,0,0
1524597600,66.820,66.830,66.760,66.830,7821,288560
1524597660,66.830,66.830,66.830,66.830,0,0
1524597720,66.810,66.810,66.810,66.810,0,0
1524597780,66.840,66.850,66.820,66.850,0,0
1524597840,66.830,66.870,66.830,66.870,0,0
1524597900,66.870,66.880,66.870,66.880,7274,296381
1524597960,66.880,66.840,66.840,66.880,0,0
1524598020,66.830,66.800,66.800,66.830,0,0
1524598080,66.810,66.810,66.810,66.810,0,0
1524598140,66.800,66.780,66.780,66.800,0,0
1524598200,66.760,66.720,66.720,66.760,4455,303655
1524598260,66.720,66.720,66.720,66.720,0,0
1524598320,66.700,66.720,66.690,66.720,0,0
1524598380,66.700,66.700,66.700,66.700,0,0
1524598440,66.690,66.690,66.690,66.690,0,0
1524598500,66.690,66.680,66.680,66.690,7994,308110
1524598560,66.650,66.660,66.650,66.660,0,0
1524598620,66.650,66.640,66.640,66.650,0,0
1524598680,66.640,66.650,66.640,66.650,0,0
1524598740,66.650,66.660,66.650,66.660,0,0
1524598800,66.650,66.670,66.650,66.670,7395,316104
1524598860,66.670,66.670,66.670,66.670,0,0
1524598920,66.670,66.660,66.660,66.670,0,0
1524598980,66.620,66.600,66.600,66.620,0,0
1524599040,66.600,66.590,66.590,66.600,0,0
1524599100,66.620,66.640,66.620,66.640,13156,323499
1524599160,66.670,66.660,66.650,66.670,0,0
1524599220,66.650,66.710,66.650,66.710,0,0
1524599280,66.730,66.780,66.730,66.780,0,0
1524599340,66.800,66.780,66.780,66.800,0,0
1524599400,66.760,66.750,66.750,66.760,24203,336655
1524599460,66.760,66.770,66.740,66.770,0,0
1524599520,66.770,66.780,66.770,66.780,0,0
1524599580,66.770,66.810,66.770,66.810,0,0
1524599640,66.790,66.770,66.770,66.790,0,0
1524599700,66.790,66.760,66.760,66.790,65821,360858
1524599760,66.770,66.730,66.730,66.770,0,0
1524599820,66.750,66.770,66.750,66.780,0,0
1524599880,66.760,66.770,66.750,66.770,0,0
1524599940,66.770,66.820,66.770,66.830,0,0
1524663000,66.630,66.920,66.630,67.100,12140,0
1524663060,66.970,67.050,66.970,67.060,0,0
1524663120,67.060,67.100,67.060,67.100,0,0
1524663180,67.090,67.090,67.090,67.090,0,0
1524663240,67.150,67.190,67.150,67.190,0,0
1524663300,67.090,67.090,67.090,67.090,6803,12140
1524663360,67.090,67.050,67.050,67.090,0,0
1524663420,66.970,66.870,66.860,66.970,0,0
1524663480,66.840,66.840,66.840,66.840,0,0
1524663600,66.920,66.970,66.920,66.970,11526,18943
1524663660,66.900,66.870,66.870,66.900,0,0
1524663720,66.860,66.840,66.840,66.890,0,0
1524663780,66.860,66.790,66.790,66.860,0,0
1524663900,66.750,66.730,66.730,66.750,10504,30469
1524663960,66.750,66.760,66.750,66.790,0,0
1524664020,66.760,66.760,66.760,66.760,0,0
1524664080,66.740,66.720,66.720,66.740,0,0
1524664140,66.720,66.720,66.720,66.720,0,0
1524664200,66.670,66.670,66.670,66.670,6597,40973
1524664260,66.620,66.680,66.620,66.680,0,0
1524664320,66.660,66.640,66.640,66.660,0,0
1524664380,66.660,66.660,66.660,66.660,0,0
1524664440,66.660,66.650,66.650,66.670,0,0
1524664500,66.640,66.650,66.640,66.650,9594,47570
1524664560,66.660,66.690,66.630,66.690,0,0
1524664620,66.680,66.670,66.670,66.680,0,0
1524664680,66.560,66.530,66.530,66.560,0,0
1524664740,66.540,66.540,66.540,66.540,0,0
1524664800,66.510,66.580,66.510,66.580,7717,57164
1524664860,66.580,66.600,66.580,66.600,0,0
1524664920,66.530,66.520,66.520,66.530,0,0
1524664980,66.510,66.500,66.500,66.510,0,0
1524665040,66.490,66.490,66.490,66.490,0,0
1524665100,66.540,66.550,66.530,66.550,6719,64881
1524665160,66.550,66.550,66.550,66.550,0,0
1524665220,66.530,66.530,66.530,66.530,0,0
1524665280,66.520,66.560,66.520,66.560,0,0
1524665400,66.560,66.580,66.560,66.580,4090,71600
1524665460,66.580,66.580,66.580,66.580,0,0
1524665520,66.550,66.560,66.550,66.570,0,0
1524665580,66.530,66.530,66.530,66.530,0,0
1524665640,66.540,66.540,66.540,66.540,0,0
1524665700,66.530,66.530,66.530,66.530,4641,75690
1524665760,66.490,66.490,66.490,66.490,0,0
1524665820,66.510,66.530,66.510,66.530,0,0
1524665940,66.460,66.460,66.460,66.460,0,0
1524666000,66.440,66.450,66.420,66.450,5462,80331
1524666060,66.450,66.450,66.450,66.450,0,0
1524666120,66.470,66.470,66.470,66.470,0,0
1524666180,66.500,66.500,66.500,66.500,0,0
1524666240,66.480,66.450,66.450,66.480,0,0
1524666300,66.420,66.420,66.420,66.420,3986,85793
1524666360,66.440,66.440,66.440,66.440,0,0
1524666420,66.450,66.430,66.430,66.450,0,0
1524666480,66.440,66.490,66.440,66.490,0,0
1524666540,66.490,66.470,66.470,66.490,0,0
1524666600,66.440,66.440,66.440,66.440,2696,89779
1524666720,66.480,66.530,66.480,66.530,0,0
1524666840,66.510,66.510,66.510,66.510,0,0
1524666900,66.530,66.550,66.530,66.550,2836,92475
1524667020,66.530,66.550,66.530,66.550,0,0
1524667080,66.570,66.530,66.530,66.570,0,0
1524667140,66.530,66.520,66.520,66.530,0,0
1524667200,66.540,66.530,66.530,66.540,4298,95311
1524667260,66.550,66.540,66.540,66.550,0,0
1524667320,66.540,66.620,66.540,66.620,0,0
1524667440,66.640,66.680,66.640,66.680,0,0
1524667500,66.720,66.690,66.690,66.720,2150,99609
1524667680,66.670,66.670,66.670,66.670,0,0
1524667800,66.690,66.680,66.680,66.690,2824,101759
1524667860,66.660,66.660,66.660,66.660,0,0
1524667920,66.620,66.620,66.620,66.620,0,0
1524668040,66.580,66.580,66.580,66.580,0,0
1524668100,66.580,66.580,66.580,66.580,2526,104583
1524668160,66.580,66.580,66.580,66.580,0,0
1524668220,66.560,66.560,66.560,66.560,0,0
1524668280,66.570,66.570,66.570,66.570,0,0
1524668340,66.600,66.600,66.600,66.600,0,0
1524668400,66.610,66.610,66.610,66.610,1651,107109
1524668460,66.610,66.610,66.610,66.610,0,0
1524668520,66.620,66.620,66.620,66.620,0,0
1524668580,66.670,66.670,66.670,66.670,0,0
1524668700,66.670,66.670,66.670,66.670,3027,108760
1524668820,66.660,66.660,66.660,66.660,0,0
1524668880,66.660,66.660,66.660,66.660,0,0
1524668940,66.670,66.660,66.660,66.670,0,0
1524669000,66.680,66.690,66.680,66.710,4292,111787
1524669060,66.680,66.690,66.680,66.710,0,0
1524669120,66.720,66.720,66.720,66.720,0,0
1524669180,66.780,66.800,66.780,66.800,0,0
1524669300,66.740,66.730,66.730,66.740,4192,116079
1524669480,66.760,66.740,66.740,66.760,0,0
1524669540,66.730,66.730,66.730,66.730,0,0
1524669600,66.730,66.730,66.730,66.730,4236,120271
1524669660,66.730,66.730,66.730,66.730,0,0
1524669720,66.720,66.720,66.720,66.720,0,0
1524669780,66.730,66.730,66.730,66.730,0,0
1524669840,66.730,66.720,66.720,66.750,0,0
1524669900,66.720,66.720,66.720,66.720,3740,124507
1524669960,66.720,66.720,66.720,66.720,0,0
1524670080,66.730,66.750,66.730,66.750,0,0
1524670140,66.750,66.740,66.740,66.750,0,0
1524670200,66.720,66.730,66.720,66.730,2673,128247
1524670320,66.720,66.720,66.720,66.720,0,0
1524670380,66.670,66.670,66.670,66.670,0,0
1524670440,66.670,66.670,66.670,66.670,0,0
1524670500,66.690,66.680,66.680,66.690,1555,130920
1524670560,66.670,66.670,66.670,66.670,0,0
1524670620,66.640,66.640,66.640,66.640,0,0
1524670800,66.610,66.610,66.610,66.610,3091,132475
1524670920,66.620,66.620,66.620,66.620,0,0
1524670980,66.600,66.600,66.600,66.600,0,0
1524671100,66.580,66.580,66.580,66.580,1515,135566
1524671220,66.620,66.620,66.620,66.620,0,0
1524671280,66.630,66.630,66.630,66.630,0,0
1524671340,66.600,66.600,66.600,66.600,0,0
1524671400,66.610,66.620,66.610,66.620,3797,137081
1524671460,66.610,66.620,66.610,66.620,0,0
1524671580,66.600,66.640,66.600,66.640,0,0
1524671640,66.650,66.650,66.650,66.650,0,0
1524671700,66.650,66.650,66.650,66.650,2713,140878
1524671760,66.640,66.640,66.640,66.640,0,0
1524671820,66.620,66.620,66.620,66.620,0,0
1524671940,66.630,66.590,66.590,66.630,0,0
1524672000,66.620,66.620,66.620,66.620,1411,143591
1524672060,66.660,66.660,66.660,66.660,0,0
1524672120,66.620,66.620,66.620,66.620,0,0
1524672240,66.620,66.620,66.620,66.620,0,0
1524672300,66.610,66.590,66.590,66.610,3514,145002
1524672360,66.640,66.590,66.590,66.640,0,0
1524672480,66.570,66.620,66.570,66.620,0,0
1524672540,66.590,66.590,66.590,66.590,0,0
1524672600,66.570,66.570,66.570,66.570,1769,148516
1524672780,66.620,66.600,66.600,66.620,0,0
1524672840,66.630,66.630,66.630,66.630,0,0
1524673200,66.640,66.640,66.640,66.640,3275,150285
1524673260,66.640,66.640,66.640,66.640,0,0
1524673320,66.640,66.640,66.640,66.640,0,0
1524673380,66.650,66.660,66.650,66.660,0,0
1524673440,66.650,66.640,66.640,66.650,0,0
1524673500,66.630,66.630,66.630,66.630,2720,153560
1524673560,66.630,66.630,66.630,66.630,0,0
1524673620,66.640,66.650,66.640,66.650,0,0
1524673680,66.630,66.630,66.630,66.630,0,0
1524673740,66.630,66.630,66.630,66.630,0,0
1524673800,66.650,66.670,66.650,66.670,1651,156280
1524673860,66.650,66.670,66.650,66.670,0,0
1524673920,66.670,66.670,66.670,66.670,0,0
1524674100,66.730,66.730,66.730,66.730,1633,157931
1524674160,66.720,66.720,66.720,66.720,0,0
1524674220,66.740,66.740,66.740,66.740,0,0
1524674400,66.710,66.710,66.710,66.710,753,159564
1524674700,66.690,66.740,66.690,66.740,3677,160317
1524674820,66.750,66.750,66.750,66.750,0,0
1524674880,66.700,66.700,66.700,66.700,0,0
1524675000,66.680,66.680,66.680,66.680,920,163994
1524675240,66.680,66.680,66.680,66.680,0,0
1524675300,66.690,66.690,66.690,66.690,1166,164914
1524675420,66.700,66.700,66.700,66.700,0,0
1524675600,66.700,66.700,66.700,66.700,1822,166080
1524675780,66.770,66.770,66.770,66.770,0,0
1524675900,66.760,66.760,66.760,66.760,3933,167902
1524676080,66.780,66.770,66.770,66.780,0,0
1524676140,66.770,66.800,66.770,66.800,0,0
1524676200,66.790,66.790,66.790,66.790,2621,171835
1524676320,66.750,66.730,66.730,66.750,0,0
1524676380,66.750,66.730,66.730,66.750,0,0
1524676500,66.740,66.720,66.720,66.740,2117,174456
1524676560,66.720,66.720,66.720,66.720,0,0
1524676680,66.700,66.700,66.700,66.700,0,0
1524676740,66.740,66.740,66.740,66.740,0,0
1524676800,66.680,66.680,66.680,66.680,1197,176573
1524676860,66.690,66.690,66.690,66.690,0,0
1524676980,66.710,66.710,66.710,66.710,0,0
1524677100,66.680,66.700,66.680,66.700,2485,177770
1524677160,66.690,66.690,66.690,66.690,0,0
1524677220,66.700,66.700,66.700,66.700,0,0
1524677340,66.730,66.730,66.730,66.730,0,0
1524677400,66.820,66.820,66.820,66.820,3508,180255
1524677460,66.820,66.820,66.820,66.820,0,0
1524677520,66.780,66.780,66.780,66.780,0,0
1524677580,66.790,66.790,66.790,66.790,0,0
1524677640,66.820,66.810,66.810,66.820,0,0
1524677700,66.830,66.800,66.800,66.830,2619,183763
1524677760,66.810,66.810,66.810,66.810,0,0
1524677880,66.810,66.810,66.810,66.810,0,0
1524677940,66.810,66.790,66.790,66.810,0,0
1524678000,66.810,66.810,66.810,66.810,412,186382
1524678120,66.810,66.810,66.810,66.810,0,0
1524678240,66.790,66.790,66.790,66.790,0,0
1524678300,66.780,66.780,66.780,66.780,2376,186794
1524678360,66.780,66.780,66.780,66.780,0,0
1524678600,66.790,66.790,66.790,66.790,2897,189170
1524678660,66.790,66.800,66.790,66.800,0,0
1524678780,66.800,66.800,66.800,66.800,0,0
1524678840,66.820,66.830,66.820,66.830,0,0
1524678900,66.830,66.860,66.830,66.860,526,192067
1524678960,66.830,66.860,66.830,66.860,0,0
1524679020,66.860,66.850,66.850,66.860,0,0
1524679200,66.880,66.880,66.880,66.880,3451,192593
1524679260,66.860,66.860,66.860,66.860,0,0
1524679380,66.850,66.850,66.850,66.850,0,0
1524679440,66.830,66.820,66.820,66.830,0,0
1524679500,66.860,66.860,66.860,66.860,2753,196044
1524679560,66.860,66.860,66.860,66.860,0,0
1524679620,66.870,66.800,66.800,66.870,0,0
1524679680,66.810,66.810,66.810,66.810,0,0
1524679740,66.830,66.830,66.830,66.830,0,0
1524679800,66.830,66.780,66.780,66.850,2277,198797
1524679860,66.830,66.780,66.780,66.850,0,0
1524679920,66.770,66.760,66.760,66.770,0,0
1524680100,66.720,66.720,66.720,66.720,3005,201074
1524680220,66.720,66.720,66.720,66.720,0,0
1524680340,66.710,66.710,66.710,66.710,0,0
1524680400,66.690,66.640,66.640,66.690,9462,204079
1524680520,66.660,66.650,66.650,66.660,0,0
1524680580,66.610,66.600,66.600,66.610,0,0
1524680700,66.690,66.690,66.690,66.690,2881,213541
1524680760,66.690,66.690,66.690,66.690,0,0
1524680820,66.640,66.640,66.640,66.640,0,0
1524681000,66.620,66.620,66.620,66.620,3635,216422
1524681060,66.640,66.630,66.630,66.640,0,0
1524681120,66.640,66.660,66.640,66.660,0,0
1524681180,66.690,66.700,66.690,66.700,0,0
1524681240,66.710,66.730,66.710,66.730,0,0
1524681300,66.720,66.750,66.720,66.750,1544,220057
1524681540,66.700,66.700,66.700,66.700,0,0
1524681600,66.760,66.760,66.760,66.760,2810,221601
1524681660,66.760,66.760,66.760,66.760,0,0
1524681720,66.750,66.730,66.730,66.750,0,0
1524681780,66.720,66.720,66.720,66.720,0,0
1524681840,66.730,66.740,66.730,66.740,0,0
1524681900,66.720,66.700,66.700,66.730,3133,224411
1524681960,66.690,66.690,66.690,66.690,0,0
1524682020,66.680,66.680,66.680,66.680,0,0
1524682080,66.650,66.650,66.650,66.650,0,0
1524682140,66.710,66.710,66.710,66.710,0,0
1524682200,66.720,66.720,66.720,66.720,3138,227544
1524682260,66.720,66.720,66.720,66.720,0,0
1524682320,66.750,66.750,66.750,66.750,0,0
1524682380,66.790,66.790,66.790,66.790,0,0
1524682440,66.800,66.790,66.790,66.800,0,0
1524682500,66.780,66.780,66.780,66.780,3307,230682
1524682560,66.800,66.790,66.790,66.800,0,0
1524682620,66.800,66.820,66.800,66.820,0,0
1524682740,66.820,66.800,66.800,66.820,0,0
1524682800,66.800,66.800,66.800,66.800,4688,233989
1524682860,66.790,66.790,66.790,66.790,0,0
1524682920,66.750,66.710,66.710,66.750,0,0
1524682980,66.690,66.740,66.690,66.740,0,0
1524683040,66.730,66.730,66.730,66.730,0,0
1524683100,66.720,66.720,66.720,66.720,6210,238677
1524683160,66.740,66.710,66.710,66.750,0,0
1524683340,66.690,66.670,66.670,66.690,0,0
1524683400,66.720,66.710,66.710,66.730,4039,244887
1524683520,66.710,66.700,66.700,66.710,0,0
1524683580,66.700,66.700,66.700,66.700,0,0
1524683640,66.710,66.710,66.710,66.710,0,0
1524683700,66.650,66.730,66.650,66.730,5740,248926
1524683760,66.730,66.720,66.720,66.730,0,0
1524683820,66.740,66.710,66.710,66.740,0,0
1524683880,66.730,66.690,66.690,66.730,0,0
1524683940,66.680,66.690,66.680,66.690,0,0
1524684000,66.680,66.690,66.680,66.690,5199,254666
1524684060,66.690,66.710,66.690,66.710,0,0
1524684120,66.740,66.730,66.730,66.740,0,0
1524684180,66.730,66.710,66.710,66.730,0,0
1524684240,66.710,66.710,66.710,66.710,0,0
1524684300,66.730,66.750,66.720,66.750,5682,259865
1524684360,66.720,66.710,66.710,66.720,0,0
1524684420,66.710,66.700,66.700,66.720,0,0
1524684480,66.690,66.700,66.660,66.700,0,0
1524684540,66.680,66.670,66.670,66.690,0,0
1524684600,66.690,66.670,66.670,66.690,8176,265547
1524684660,66.700,66.730,66.700,66.730,0,0
1524684720,66.720,66.700,66.700,66.720,0,0
1524684780,66.690,66.670,66.670,66.690,0,0
1524684840,66.700,66.710,66.700,66.720,0,0
1524684900,66.730,66.740,66.730,66.740,8035,273723
1524684960,66.730,66.710,66.700,66.730,0,0
1524685020,66.700,66.690,66.690,66.700,0,0
1524685080,66.710,66.700,66.700,66.710,0,0
1524685140,66.700,66.700,66.700,66.700,0,0
1524685200,66.650,66.670,66.650,66.670,10071,281758
1524685260,66.670,66.640,66.640,66.670,0,0
1524685320,66.660,66.650,66.650,66.660,0,0
1524685380,66.660,66.650,66.650,66.660,0,0
1524685440,66.660,66.650,66.650,66.670,0,0
1524685500,66.660,66.640,66.620,66.660,11694,291829
1524685560,66.640,66.650,66.640,66.650,0,0
1524685620,66.650,66.660,66.650,66.660,0,0
1524685680,66.650,66.640,66.640,66.650,0,0
1524685740,66.640,66.620,66.620,66.640,0,0
1524685800,66.560,66.580,66.560,66.590,14677,303523
1524685860,66.580,66.580,66.580,66.580,0,0
1524685920,66.580,66.570,66.570,66.580,0,0
1524685980,66.580,66.570,66.570,66.580,0,0
1524686040,66.580,66.590,66.570,66.590,0,0
1524686100,66.620,66.600,66.600,66.620,128220,318200
1524686160,66.600,66.610,66.600,66.620,0,0
1524686220,66.610,66.630,66.610,66.640,0,0
1524686280,66.620,66.610,66.610,66.620,0,0
1524686340,66.610,66.630,66.600,66.630,0,0
1524749400,66.860,66.860,66.860,66.860,8085,0
1524749460,67.040,66.970,66.970,67.040,0,0
1524749520,66.970,67.070,66.970,67.070,0,0
1524749580,67.000,67.270,67.000,67.270,0,0
1524749640,67.270,67.270,67.270,67.270,0,0
1524749700,67.220,67.200,67.200,67.220,3941,8085
1524749760,67.110,67.190,67.110,67.210,0,0
1524749820,67.220,67.220,67.220,67.220,0,0
1524749880,67.340,67.340,67.340,67.340,0,0
1524749940,67.280,67.220,67.220,67.280,0,0
1524750000,67.270,67.140,67.140,67.270,4272,12026
1524750060,67.270,67.140,67.140,67.270,0,0
1524750120,67.120,67.090,67.090,67.120,0,0
1524750180,67.050,66.990,66.990,67.050,0,0
1524750240,66.980,67.050,66.980,67.050,0,0
1524750300,67.030,67.010,67.010,67.040,5364,16298
1524750360,66.990,67.000,66.990,67.000,0,0
1524750420,67.010,67.000,66.990,67.010,0,0
1524750540,67.030,67.010,67.000,67.030,0,0
1524750600,67.000,66.990,66.980,67.000,5818,21662
1524750660,67.000,67.000,67.000,67.000,0,0
1524750720,67.010,67.020,67.000,67.030,0,0
1524750780,67.020,67.020,67.020,67.020,0,0
1524750840,67.020,67.050,67.020,67.050,0,0
1524750900,67.040,67.040,67.040,67.040,4162,27480
1524750960,67.070,67.070,67.070,67.070,0,0
1524751020,67.030,67.030,67.030,67.030,0,0
1524751080,67.020,67.020,67.020,67.020,0,0
1524751140,67.030,67.080,67.030,67.080,0,0
1524751200,67.110,67.140,67.110,67.140,12361,31642
1524751260,67.080,67.080,67.080,67.080,0,0
1524751380,67.050,66.990,66.990,67.050,0,0
1524751440,66.990,67.020,66.980,67.030,0,0
1524751500,67.020,67.000,67.000,67.020,2775,44003
1524751560,67.020,67.020,67.020,67.020,0,0
1524751620,67.020,67.020,67.020,67.020,0,0
1524751680,67.030,67.000,67.000,67.030,0,0
1524751740,67.000,67.000,67.000,67.000,0,0
1524751800,67.010,67.040,67.010,67.040,7982,46778
1524751860,67.030,67.030,67.030,67.030,0,0
1524751980,67.030,66.970,66.970,67.030,0,0
1524752040,66.980,66.990,66.980,66.990,0,0
1524752100,67.020,67.020,67.020,67.020,12863,54760
1524752160,67.030,67.030,67.030,67.030,0,0
1524752220,66.970,66.980,66.970,67.010,0,0
1524752280,66.950,66.950,66.950,66.950,0,0
1524752340,66.960,66.940,66.920,66.970,0,0
1524752400,66.940,66.940,66.940,66.940,3442,67623
1524752460,66.950,66.950,66.950,66.950,0,0
1524752520,66.950,66.960,66.950,66.960,0,0
1524752580,66.950,66.950,66.950,66.950,0,0
1524752640,66.950,66.950,66.950,66.950,0,0
1524752700,66.950,66.970,66.940,66.970,4527,71065
1524752760,66.970,66.970,66.970,66.970,0,0
1524752820,67.000,67.000,67.000,67.000,0,0
1524752880,67.010,67.030,67.010,67.030,0,0
1524752940,67.050,67.060,67.050,67.060,0,0
1524753000,67.060,67.060,67.060,67.060,2336,75592
1524753060,67.060,67.060,67.060,67.060,0,0
1524753120,67.060,67.060,67.060,67.060,0,0
1524753180,67.050,67.050,67.050,67.050,0,0
1524753300,67.030,67.030,67.030,67.030,8064,77928
1524753360,67.060,67.120,67.060,67.120,0,0
1524753420,67.120,67.200,67.120,67.200,0,0
1524753480,67.170,67.160,67.160,67.170,0,0
1524753540,67.180,67.260,67.180,67.260,0,0
1524753600,67.250,67.220,67.220,67.250,5150,85992
1524753660,67.220,67.220,67.220,67.220,0,0
1524753720,67.220,67.160,67.160,67.220,0,0
1524753780,67.150,67.150,67.150,67.150,0,0
1524753840,67.110,67.090,67.090,67.120,0,0
1524753900,67.150,67.160,67.130,67.160,3975,91142
1524753960,67.170,67.150,67.150,67.170,0,0
1524754020,67.200,67.200,67.200,67.200,0,0
1524754080,67.140,67.150,67.140,67.150,0,0
1524754140,67.100,67.110,67.100,67.110,0,0
1524754200,67.190,67.200,67.070,67.200,2842,95117
1524754260,67.190,67.200,67.070,67.200,0,0
1524754380,67.170,67.170,67.170,67.170,0,0
1524754500,67.180,67.160,67.160,67.180,3938,97959
1524754560,67.180,67.160,67.160,67.180,0,0
1524754620,67.160,67.180,67.160,67.180,0,0
1524754740,67.210,67.200,67.200,67.210,0,0
1524754800,67.200,67.200,67.200,67.200,4188,101897
1524754860,67.210,67.200,67.200,67.210,0,0
1524754920,67.230,67.230,67.230,67.230,0,0
1524754980,67.230,67.230,67.230,67.230,0,0
1524755040,67.260,67.250,67.250,67.260,0,0
1524755100,67.260,67.260,67.260,67.260,3154,106085
1524755160,67.300,67.270,67.270,67.300,0,0
1524755280,67.260,67.260,67.260,67.260,0,0
1524755340,67.240,67.220,67.210,67.240,0,0
1524755400,67.220,67.220,67.220,67.220,3249,109239
1524755460,67.220,67.220,67.220,67.220,0,0
1524755580,67.220,67.210,67.200,67.220,0,0
1524755700,67.180,67.170,67.170,67.180,4510,112488
1524755760,67.160,67.160,67.160,67.160,0,0
1524755820,67.140,67.180,67.140,67.200,0,0
1524755880,67.190,67.190,67.190,67.190,0,0
1524755940,67.200,67.200,67.200,67.200,0,0
1524756000,67.210,67.200,67.200,67.210,4155,116998
1524756060,67.180,67.170,67.170,67.180,0,0
1524756120,67.120,67.120,67.120,67.120,0,0
1524756180,67.170,67.170,67.170,67.170,0,0
1524756240,67.160,67.140,67.140,67.160,0,0
1524756300,67.160,67.170,67.160,67.170,1796,121153
1524756420,67.200,67.200,67.200,67.200,0,0
1524756600,67.170,67.180,67.170,67.180,8380,122949
1524756660,67.200,67.220,67.200,67.220,0,0
1524756720,67.210,67.210,67.210,67.210,0,0
1524756780,67.210,67.210,67.210,67.210,0,0
1524756840,67.210,67.160,67.160,67.210,0,0
1524756900,67.180,67.190,67.180,67.190,4786,131329
1524756960,67.220,67.220,67.220,67.220,0,0
1524757080,67.220,67.240,67.220,67.240,0,0
1524757140,67.210,67.190,67.190,67.210,0,0
1524757200,67.190,67.190,67.190,67.190,2772,136115
1524757260,67.190,67.190,67.190,67.190,0,0
1524757320,67.200,67.200,67.200,67.200,0,0
1524757380,67.190,67.150,67.150,67.190,0,0
1524757500,67.160,67.170,67.160,67.170,4374,138887
1524757620,67.170,67.160,67.150,67.170,0,0
1524757680,67.160,67.180,67.160,67.180,0,0
1524757740,67.150,67.170,67.150,67.170,0,0
1524757800,67.180,67.190,67.180,67.190,6093,143261
1524757920,67.180,67.220,67.180,67.220,0,0
1524757980,67.220,67.230,67.220,67.230,0,0
1524758040,67.230,67.180,67.180,67.240,0,0
1524758100,67.270,67.280,67.270,67.280,4363,149354
1524758160,67.240,67.250,67.240,67.250,0,0
1524758220,67.250,67.230,67.220,67.250,0,0
1524758280,67.210,67.260,67.210,67.260,0,0
1524758340,67.250,67.260,67.250,67.260,0,0
1524758400,67.310,67.320,67.310,67.320,7842,153717
1524758460,67.300,67.260,67.260,67.300,0,0
1524758520,67.300,67.320,67.300,67.320,0,0
1524758580,67.330,67.330,67.330,67.330,0,0
1524758640,67.320,67.340,67.310,67.370,0,0
1524758700,67.350,67.350,67.350,67.350,5819,161559
1524758760,67.360,67.370,67.360,67.370,0,0
1524758820,67.360,67.410,67.360,67.410,0,0
1524758880,67.410,67.380,67.380,67.410,0,0
1524758940,67.470,67.470,67.470,67.470,0,0
1524759000,67.460,67.460,67.460,67.460,1297,167378
1524759060,67.440,67.440,67.440,67.440,0,0
1524759120,67.450,67.450,67.450,67.450,0,0
1524759180,67.460,67.460,67.460,67.460,0,0
1524759240,67.470,67.470,67.470,67.470,0,0
1524759300,67.470,67.470,67.470,67.470,2532,168675
1524759480,67.470,67.480,67.470,67.480,0,0
1524759540,67.490,67.510,67.490,67.510,0,0
1524759600,67.450,67.450,67.450,67.450,4015,171207
1524759660,67.450,67.450,67.450,67.450,0,0
1524759720,67.430,67.450,67.430,67.450,0,0
1524759780,67.450,67.410,67.410,67.450,0,0
1524759840,67.430,67.440,67.410,67.440,0,0
1524759900,67.440,67.440,67.440,67.440,1708,175222
1524760020,67.430,67.410,67.410,67.430,0,0
1524760080,67.400,67.400,67.400,67.400,0,0
1524760140,67.420,67.400,67.400,67.420,0,0
1524760200,67.430,67.430,67.430,67.430,3234,176930
1524760260,67.390,67.390,67.390,67.390,0,0
1524760320,67.400,67.390,67.380,67.400,0,0
1524760380,67.390,67.400,67.390,67.400,0,0
1524760500,67.390,67.360,67.360,67.390,2224,180164
1524760560,67.360,67.370,67.360,67.370,0,0
1524760620,67.360,67.360,67.360,67.360,0,0
1524760680,67.360,67.360,67.360,67.360,0,0
1524760800,67.360,67.360,67.360,67.360,3749,182388
1524760920,67.360,67.360,67.360,67.360,0,0
1524760980,67.320,67.320,67.320,67.320,0,0
1524761040,67.330,67.340,67.330,67.340,0,0
1524761100,67.380,67.380,67.380,67.380,5586,186137
1524761160,67.380,67.380,67.380,67.380,0,0
1524761220,67.380,67.350,67.350,67.380,0,0
1524761280,67.360,67.370,67.360,67.370,0,0
1524761400,67.380,67.370,67.370,67.400,2483,191723
1524761520,67.370,67.380,67.370,67.380,0,0
1524761580,67.380,67.390,67.380,67.390,0,0
1524761700,67.400,67.410,67.390,67.410,4173,194206
1524761760,67.420,67.420,67.420,67.420,0,0
1524761880,67.410,67.410,67.410,67.410,0,0
1524761940,67.420,67.400,67.400,67.420,0,0
1524762000,67.400,67.410,67.400,67.410,3925,198379
1524762060,67.400,67.400,67.400,67.400,0,0
1524762120,67.400,67.390,67.390,67.400,0,0
1524762180,67.420,67.410,67.410,67.420,0,0
1524762240,67.420,67.450,67.420,67.450,0,0
1524762300,67.440,67.440,67.440,67.440,2669,202304
1524762360,67.420,67.420,67.420,67.420,0,0
1524762480,67.400,67.400,67.400,67.400,0,0
1524762540,67.420,67.420,67.420,67.420,0,0
1524762600,67.420,67.390,67.390,67.420,6366,204973
1524762660,67.400,67.410,67.400,67.410,0,0
1524762720,67.410,67.430,67.400,67.430,0,0
1524762780,67.430,67.420,67.400,67.430,0,0
1524762840,67.400,67.430,67.400,67.430,0,0
1524762900,67.410,67.430,67.410,67.430,3281,211339
1524762960,67.430,67.410,67.410,67.430,0,0
1524763020,67.400,67.390,67.390,67.400,0,0
1524763080,67.390,67.390,67.390,67.390,0,0
1524763140,67.420,67.420,67.420,67.420,0,0
1524763200,67.430,67.430,67.430,67.430,2624,214620
1524763260,67.430,67.410,67.410,67.430,0,0
1524763440,67.400,67.390,67.390,67.400,0,0
1524763500,67.410,67.410,67.410,67.410,4270,217244
1524763560,67.430,67.450,67.410,67.450,0,0
1524763620,67.440,67.420,67.420,67.450,0,0
1524763740,67.400,67.400,67.400,67.400,0,0
1524763800,67.410,67.400,67.390,67.410,4393,221514
1524763860,67.400,67.400,67.400,67.400,0,0
1524763920,67.390,67.390,67.390,67.390,0,0
1524763980,67.400,67.400,67.400,67.400,0,0
1524764040,67.420,67.420,67.420,67.420,0,0
1524764100,67.450,67.470,67.450,67.470,4203,225907
1524764160,67.450,67.470,67.450,67.470,0,0
1524764220,67.450,67.430,67.430,67.450,0,0
1524764280,67.450,67.450,67.450,67.450,0,0
1524764340,67.440,67.430,67.430,67.440,0,0
1524764400,67.450,67.450,67.450,67.450,1347,230110
1524764580,67.450,67.450,67.450,67.450,0,0
1524764640,67.450,67.450,67.450,67.450,0,0
1524764700,67.450,67.470,67.440,67.470,4470,231457
1524764820,67.500,67.500,67.500,67.500,0,0
1524764880,67.520,67.530,67.520,67.530,0,0
1524765000,67.540,67.530,67.530,67.540,3917,235927
1524765060,67.540,67.530,67.530,67.540,0,0
1524765120,67.530,67.550,67.520,67.550,0,0
1524765180,67.530,67.510,67.510,67.530,0,0
1524765240,67.520,67.530,67.520,67.530,0,0
1524765300,67.530,67.540,67.530,67.540,3590,239844
1524765420,67.530,67.540,67.530,67.540,0,0
1524765480,67.550,67.530,67.530,67.550,0,0
1524765540,67.550,67.550,67.550,67.550,0,0
1524765600,67.550,67.550,67.550,67.550,2243,243434
1524765720,67.530,67.530,67.530,67.530,0,0
1524765840,67.510,67.520,67.510,67.520,0,0
1524765900,67.520,67.520,67.520,67.520,2495,245677
1524766020,67.510,67.510,67.510,67.510,0,0
1524766080,67.450,67.450,67.450,67.450,0,0
1524766140,67.450,67.450,67.450,67.450,0,0
1524766200,67.440,67.450,67.440,67.450,8473,248172
1524766260,67.430,67.500,67.430,67.500,0,0
1524766320,67.500,67.490,67.490,67.500,0,0
1524766380,67.480,67.500,67.460,67.500,0,0
1524766440,67.500,67.500,67.500,67.500,0,0
1524766500,67.470,67.470,67.470,67.470,2506,256645
1524766560,67.470,67.480,67.470,67.480,0,0
1524766620,67.450,67.450,67.450,67.450,0,0
1524766740,67.440,67.440,67.440,67.440,0,0
1524766800,67.450,67.460,67.450,67.460,3999,259151
1524766860,67.440,67.440,67.440,67.440,0,0
1524766920,67.440,67.440,67.440,67.440,0,0
1524766980,67.440,67.440,67.440,67.440,0,0
1524767040,67.460,67.440,67.440,67.460,0,0
1524767100,67.450,67.450,67.450,67.450,2964,263150
1524767160,67.450,67.450,67.450,67.450,0,0
1524767220,67.450,67.450,67.450,67.450,0,0
1524767280,67.440,67.450,67.440,67.450,0,0
1524767340,67.460,67.460,67.460,67.460,0,0
1524767400,67.460,67.460,67.460,67.460,3058,266114
1524767520,67.470,67.470,67.470,67.470,0,0
1524767580,67.490,67.490,67.490,67.490,0,0
1524767640,67.500,67.500,67.500,67.500,0,0
1524767700,67.500,67.500,67.500,67.500,2806,269172
1524767760,67.490,67.490,67.490,67.490,0,0
1524767820,67.490,67.480,67.480,67.490,0,0
1524767880,67.480,67.480,67.480,67.480,0,0
1524767940,67.490,67.490,67.490,67.490,0,0
1524768000,67.500,67.500,67.500,67.500,3641,271978
1524768060,67.500,67.500,67.500,67.500,0,0
1524768120,67.490,67.500,67.490,67.500,0,0
1524768240,67.500,67.510,67.500,67.510,0,0
1524768300,67.490,67.500,67.490,67.500,3041,275619
1524768360,67.500,67.490,67.480,67.500,0,0
1524768420,67.500,67.500,67.500,67.500,0,0
1524768540,67.480,67.460,67.460,67.480,0,0
1524768600,67.460,67.450,67.450,67.460,3838,278660
1524768660,67.450,67.450,67.450,67.450,0,0
1524768720,67.430,67.430,67.430,67.430,0,0
1524768780,67.410,67.410,67.410,67.410,0,0
1524768840,67.420,67.420,67.420,67.420,0,0
1524768900,67.420,67.400,67.400,67.420,4744,282498
1524768960,67.390,67.390,67.390,67.390,0,0
1524769020,67.380,67.380,67.380,67.380,0,0
1524769080,67.400,67.400,67.400,67.400,0,0
1524769140,67.370,67.420,67.370,67.420,0,0
1524769200,67.430,67.430,67.430,67.430,3354,287242
1524769260,67.440,67.440,67.440,67.440,0,0
1524769320,67.420,67.420,67.420,67.420,0,0
1524769380,67.430,67.420,67.420,67.430,0,0
1524769440,67.420,67.420,67.420,67.420,0,0
1524769500,67.420,67.420,67.420,67.420,3475,290596
1524769560,67.440,67.420,67.420,67.440,0,0
1524769620,67.420,67.410,67.410,67.420,0,0
1524769740,67.400,67.400,67.400,67.400,0,0
1524769800,67.400,67.400,67.400,67.400,4844,294071
1524769860,67.410,67.390,67.390,67.410,0,0
1524769920,67.400,67.380,67.380,67.400,0,0
1524769980,67.380,67.370,67.370,67.380,0,0
1524770040,67.360,67.360,67.360,67.360,0,0
1524770100,67.350,67.360,67.350,67.360,1090,298915
1524770220,67.350,67.360,67.350,67.360,0,0
1524770280,67.360,67.360,67.360,67.360,0,0
1524770400,67.340,67.330,67.330,67.340,6968,300005
1524770460,67.320,67.310,67.310,67.320,0,0
1524770520,67.310,67.300,67.300,67.310,0,0
1524770580,67.290,67.310,67.290,67.310,0,0
1524770640,67.310,67.310,67.310,67.310,0,0
1524770700,67.300,67.270,67.270,67.300,6229,306973
1524770760,67.300,67.270,67.270,67.300,0,0
1524770880,67.290,67.280,67.280,67.290,0,0
1524770940,67.270,67.240,67.220,67.270,0,0
1524771000,67.240,67.240,67.240,67.240,5516,313202
1524771060,67.230,67.230,67.230,67.230,0,0
1524771120,67.220,67.220,67.220,67.220,0,0
1524771180,67.230,67.240,67.230,67.240,0,0
1524771240,67.250,67.250,67.250,67.250,0,0
1524771300,67.270,67.310,67.270,67.320,8256,318718
1524771360,67.290,67.280,67.280,67.290,0,0
1524771420,67.260,67.250,67.250,67.260,0,0
1524771540,67.240,67.220,67.220,67.240,0,0
1524771600,67.210,67.190,67.190,67.210,9469,326974
1524771660,67.190,67.180,67.180,67.190,0,0
1524771720,67.230,67.230,67.230,67.230,0,0
1524771780,67.280,67.270,67.270,67.280,0,0
1524771840,67.270,67.270,67.270,67.270,0,0
1524771900,67.270,67.250,67.250,67.270,9978,336443
1524771960,67.250,67.260,67.250,67.260,0,0
1524772020,67.250,67.250,67.250,67.250,0,0
1524772080,67.260,67.230,67.230,67.260,0,0
1524772140,67.230,67.280,67.230,67.280,0,0
1524772200,67.270,67.240,67.240,67.270,7895,346421
1524772260,67.230,67.240,67.230,67.240,0,0
1524772320,67.240,67.230,67.230,67.240,0,0
1524772380,67.250,67.250,67.250,67.250,0,0
1524772440,67.260,67.260,67.260,67.260,0,0
1524772500,67.240,67.250,67.240,67.250,13649,354316
1524772560,67.250,67.240,67.240,67.260,0,0
1524772620,67.250,67.270,67.250,67.270,0,0
1524772680,67.260,67.250,67.250,67.260,0,0
1524772740,67.250,67.270,67.250,67.270,0,0
1524835800,67.480,67.480,67.480,67.480,9490,0
1524835860,67.500,67.650,67.500,67.650,0,0
1524835920,67.490,67.560,67.490,67.560,0,0
1524835980,67.450,67.580,67.450,67.580,0,0
1524836040,67.540,67.430,67.430,67.540,0,0
1524836100,67.440,67.440,67.440,67.440,3506,9490
1524836160,67.430,67.520,67.430,67.520,0,0
1524836220,67.450,67.450,67.450,67.450,0,0
1524836340,67.400,67.520,67.400,67.520,0,0
1524836400,67.500,67.500,67.500,67.500,3687,12996
1524836520,67.500,67.500,67.500,67.500,0,0
1524836640,67.600,67.630,67.580,67.640,0,0
1524836700,67.610,67.710,67.610,67.720,4275,16683
1524836760,67.610,67.710,67.610,67.720,0,0
1524836820,67.640,67.600,67.600,67.640,0,0
1524836880,67.560,67.600,67.560,67.600,0,0
1524836940,67.640,67.690,67.640,67.690,0,0
1524837000,67.630,67.620,67.620,67.630,5651,20958
1524837060,67.560,67.610,67.560,67.610,0,0
1524837120,67.630,67.520,67.520,67.630,0,0
1524837180,67.530,67.550,67.530,67.550,0,0
1524837240,67.570,67.550,67.550,67.570,0,0
1524837300,67.530,67.580,67.530,67.580,5196,26609
1524837360,67.530,67.580,67.530,67.580,0,0
1524837420,67.560,67.480,67.480,67.560,0,0
1524837480,67.520,67.500,67.500,67.520,0,0
1524837540,67.420,67.420,67.420,67.420,0,0
1524837600,67.450,67.450,67.450,67.450,3247,31805
1524837660,67.420,67.490,67.420,67.490,0,0
1524837720,67.530,67.530,67.530,67.530,0,0
1524837840,67.620,67.620,67.620,67.620,0,0
1524837900,67.630,67.700,67.630,67.700,2569,35052
1524837960,67.610,67.620,67.610,67.640,0,0
1524838140,67.650,67.650,67.650,67.650,0,0
1524838200,67.640,67.640,67.640,67.640,7933,37621
1524838260,67.540,67.540,67.540,67.540,0,0
1524838320,67.530,67.560,67.530,67.560,0,0
1524838380,67.560,67.580,67.560,67.580,0,0
1524838500,67.600,67.580,67.580,67.600,4762,45554
1524838560,67.560,67.560,67.560,67.560,0,0
1524838620,67.550,67.540,67.540,67.550,0,0
1524838680,67.550,67.540,67.540,67.550,0,0
1524838740,67.530,67.550,67.520,67.550,0,0
1524838800,67.550,67.520,67.520,67.550,24777,50316
1524838860,67.520,67.560,67.520,67.590,0,0
1524838920,67.550,67.520,67.520,67.550,0,0
1524838980,67.500,67.540,67.500,67.540,0,0
1524839100,67.500,67.450,67.450,67.500,4851,75093
1524839160,67.470,67.470,67.470,67.470,0,0
1524839220,67.470,67.470,67.470,67.470,0,0
1524839280,67.470,67.500,67.470,67.500,0,0
1524839340,67.480,67.480,67.480,67.480,0,0
1524839400,67.480,67.430,67.430,67.480,7502,79944
1524839460,67.420,67.380,67.380,67.420,0,0
1524839580,67.380,67.380,67.380,67.380,0,0
1524839640,67.380,67.410,67.380,67.410,0,0
1524839700,67.430,67.420,67.420,67.430,5201,87446
1524839760,67.440,67.440,67.440,67.440,0,0
1524839820,67.440,67.440,67.440,67.440,0,0
1524839880,67.450,67.420,67.420,67.450,0,0
1524839940,67.410,67.420,67.410,67.420,0,0
1524840000,67.450,67.450,67.450,67.450,6924,92647
1524840060,67.480,67.490,67.480,67.490,0,0
1524840120,67.480,67.510,67.480,67.510,0,0
1524840180,67.520,67.530,67.520,67.530,0,0
1524840240,67.520,67.520,67.520,67.520,0,0
1524840300,67.530,67.530,67.530,67.530,14549,99571
1524840360,67.480,67.490,67.480,67.490,0,0
1524840420,67.550,67.560,67.550,67.560,0,0
1524840480,67.570,67.560,67.560,67.570,0,0
1524840600,67.530,67.530,67.530,67.530,7686,114120
1524840660,67.530,67.530,67.530,67.530,0,0
1524840720,67.530,67.530,67.530,67.530,0,0
1524840780,67.540,67.500,67.500,67.540,0,0
1524840840,67.500,67.470,67.470,67.500,0,0
1524840900,67.480,67.500,67.480,67.500,2969,121806
1524841020,67.480,67.500,67.480,67.500,0,0
1524841080,67.460,67.460,67.460,67.460,0,0
1524841140,67.470,67.470,67.470,67.470,0,0
1524841200,67.500,67.540,67.500,67.540,3957,124775
1524841320,67.500,67.540,67.500,67.540,0,0
1524841380,67.520,67.520,67.520,67.520,0,0
1524841440,67.500,67.500,67.500,67.500,0,0
1524841500,67.480,67.480,67.480,67.480,2135,128732
1524841620,67.510,67.530,67.510,67.530,0,0
1524841680,67.520,67.500,67.500,67.520,0,0
1524841800,67.500,67.470,67.470,67.500,3921,130867
1524841860,67.520,67.520,67.520,67.520,0,0
1524841920,67.500,67.500,67.500,67.500,0,0
1524841980,67.520,67.520,67.520,67.520,0,0
1524842100,67.530,67.530,67.530,67.530,2736,134788
1524842160,67.530,67.530,67.530,67.530,0,0
1524842280,67.530,67.530,67.530,67.530,0,0
1524842340,67.510,67.510,67.510,67.510,0,0
1524842400,67.500,67.520,67.500,67.520,6591,137524
1524842520,67.500,67.500,67.500,67.500,0,0
1524842580,67.530,67.510,67.510,67.550,0,0
1524842640,67.500,67.500,67.500,67.500,0,0
1524842700,67.500,67.510,67.500,67.520,4091,144115
1524842760,67.500,67.510,67.500,67.520,0,0
1524842940,67.520,67.540,67.520,67.540,0,0
1524843000,67.540,67.540,67.540,67.540,7172,148206
1524843060,67.520,67.500,67.500,67.520,0,0
1524843120,67.500,67.500,67.500,67.500,0,0
1524843180,67.490,67.490,67.490,67.490,0,0
1524843240,67.510,67.500,67.500,67.510,0,0
1524843300,67.500,67.500,67.500,67.500,3252,155378
1524843360,67.510,67.510,67.510,67.510,0,0
1524843420,67.510,67.510,67.510,67.510,0,0
1524843480,67.500,67.500,67.500,67.500,0,0
1524843600,67.500,67.490,67.490,67.500,12330,158630
1524843660,67.500,67.480,67.480,67.500,0,0
1524843720,67.490,67.490,67.490,67.490,0,0
1524843780,67.490,67.490,67.490,67.490,0,0
1524843840,67.480,67.470,67.470,67.480,0,0
1524843900,67.480,67.450,67.420,67.500,24566,170960
1524843960,67.510,67.500,67.500,67.510,0,0
1524844020,67.470,67.500,67.470,67.500,0,0
1524844080,67.510,67.510,67.510,67.510,0,0
1524844200,67.500,67.500,67.500,67.500,7263,195526
1524844260,67.500,67.500,67.500,67.500,0,0
1524844320,67.480,67.490,67.480,67.490,0,0
1524844380,67.470,67.470,67.470,67.470,0,0
1524844440,67.470,67.470,67.470,67.470,0,0
1524844500,67.470,67.480,67.460,67.480,3402,202789
1524844560,67.470,67.480,67.460,67.480,0,0
1524844620,67.480,67.480,67.480,67.480,0,0
1524844680,67.480,67.500,67.480,67.500,0,0
1524844800,67.490,67.490,67.490,67.490,775,206191
1524844860,67.500,67.490,67.490,67.500,0,0
1524844920,67.500,67.500,67.500,67.500,0,0
1524845100,67.500,67.500,67.500,67.500,1662,206966
1524845220,67.500,67.500,67.500,67.500,0,0
1524845280,67.500,67.500,67.500,67.500,0,0
1524845400,67.500,67.510,67.500,67.510,8401,208628
1524845520,67.500,67.500,67.500,67.500,0,0
1524845640,67.490,67.500,67.480,67.500,0,0
1524845700,67.500,67.440,67.440,67.500,3579,217029
1524845820,67.450,67.450,67.450,67.450,0,0
1524845940,67.450,67.460,67.450,67.460,0,0
1524846000,67.450,67.470,67.450,67.470,7219,220608
1524846060,67.470,67.520,67.470,67.520,0,0
1524846120,67.500,67.500,67.500,67.500,0,0
1524846180,67.480,67.490,67.480,67.490,0,0
1524846240,67.480,67.480,67.480,67.480,0,0
1524846300,67.490,67.490,67.490,67.490,5414,227827
1524846360,67.500,67.520,67.500,67.520,0,0
1524846420,67.520,67.510,67.510,67.530,0,0
1524846480,67.540,67.540,67.540,67.540,0,0
1524846540,67.550,67.550,67.550,67.550,0,0
1524846600,67.530,67.530,67.530,67.530,2255,233241
1524846840,67.500,67.490,67.490,67.500,0,0
1524846900,67.480,67.480,67.480,67.480,1932,235496
1524846960,67.460,67.460,67.460,67.460,0,0
1524847020,67.480,67.480,67.480,67.480,0,0
1524847080,67.490,67.490,67.490,67.490,0,0
1524847140,67.500,67.500,67.500,67.500,0,0
1524847200,67.490,67.470,67.470,67.490,3728,237428
1524847260,67.460,67.460,67.460,67.460,0,0
1524847320,67.480,67.500,67.480,67.500,0,0
1524847440,67.520,67.520,67.520,67.520,0,0
1524847500,67.530,67.530,67.530,67.530,2866,241156
1524847560,67.530,67.530,67.530,67.530,0,0
1524847620,67.540,67.550,67.540,67.550,0,0
1524847680,67.550,67.550,67.550,67.550,0,0
1524847740,67.540,67.540,67.540,67.540,0,0
1524847800,67.530,67.520,67.520,67.530,2163,244022
1524847860,67.530,67.520,67.520,67.530,0,0
1524847920,67.530,67.530,67.530,67.530,0,0
1524848040,67.520,67.520,67.520,67.520,0,0
1524848100,67.550,67.580,67.550,67.580,1637,246185
1524848400,67.570,67.550,67.550,67.570,3548,247822
1524848460,67.530,67.530,67.530,67.530,0,0
1524848520,67.520,67.530,67.520,67.530,0,0
1524848580,67.520,67.520,67.520,67.520,0,0
1524848700,67.530,67.530,67.530,67.530,2877,251370
1524848820,67.510,67.510,67.510,67.510,0,0
1524848880,67.500,67.520,67.500,67.520,0,0
1524848940,67.530,67.530,67.530,67.530,0,0
1524849000,67.530,67.510,67.510,67.530,2724,254247
1524849120,67.530,67.510,67.510,67.530,0,0
1524849180,67.500,67.520,67.500,67.520,0,0
1524849300,67.530,67.530,67.530,67.530,1221,256971
1524849420,67.510,67.510,67.510,67.510,0,0
1524849540,67.520,67.520,67.520,67.520,0,0
1524849600,67.530,67.520,67.520,67.530,2357,258192
1524849720,67.500,67.510,67.500,67.510,0,0
1524849780,67.510,67.510,67.510,67.510,0,0
1524849900,67.490,67.500,67.480,67.510,8119,260549
1524849960,67.530,67.510,67.510,67.530,0,0
1524850020,67.500,67.480,67.480,67.500,0,0
1524850080,67.490,67.500,67.490,67.500,0,0
1524850140,67.510,67.500,67.500,67.510,0,0
1524850200,67.500,67.500,67.500,67.500,3089,268668
1524850380,67.500,67.500,67.500,67.500,0,0
1524850500,67.520,67.500,67.500,67.520,2780,271757
1524850560,67.510,67.510,67.510,67.510,0,0
1524850620,67.520,67.500,67.500,67.520,0,0
1524850680,67.490,67.490,67.490,67.490,0,0
1524850800,67.480,67.480,67.480,67.480,2877,274537
1524850860,67.480,67.480,67.480,67.480,0,0
1524850980,67.450,67.450,67.450,67.450,0,0
1524851040,67.480,67.480,67.480,67.480,0,0
1524851100,67.460,67.460,67.460,67.460,2949,277414
1524851160,67.450,67.450,67.450,67.450,0,0
1524851280,67.470,67.470,67.470,67.470,0,0
1524851340,67.460,67.430,67.430,67.460,0,0
1524851400,67.430,67.460,67.430,67.460,4858,280363
1524851460,67.470,67.470,67.470,67.470,0,0
1524851520,67.470,67.470,67.470,67.470,0,0
1524851580,67.490,67.480,67.480,67.500,0,0
1524851640,67.470,67.470,67.470,67.470,0,0
1524851700,67.470,67.470,67.470,67.470,4781,285221
1524851760,67.470,67.480,67.470,67.480,0,0
1524851820,67.480,67.480,67.480,67.480,0,0
1524851880,67.450,67.450,67.450,67.450,0,0
1524851940,67.490,67.510,67.480,67.510,0,0
1524852000,67.510,67.500,67.500,67.510,6313,290002
1524852060,67.490,67.490,67.490,67.490,0,0
1524852180,67.480,67.490,67.470,67.490,0,0
1524852240,67.490,67.470,67.470,67.500,0,0
1524852300,67.480,67.500,67.480,67.500,5503,296315
1524852360,67.500,67.500,67.500,67.500,0,0
1524852420,67.500,67.500,67.500,67.500,0,0
1524852480,67.500,67.500,67.500,67.500,0,0
1524852540,67.500,67.500,67.500,67.500,0,0
1524852600,67.500,67.510,67.500,67.510,3892,301818
1524852660,67.520,67.520,67.520,67.520,0,0
1524852720,67.530,67.540,67.530,67.540,0,0
1524852780,67.550,67.550,67.550,67.550,0,0
1524852840,67.550,67.550,67.550,67.550,0,0
1524852900,67.550,67.550,67.550,67.550,6433,305710
1524852960,67.550,67.550,67.550,67.550,0,0
1524853020,67.540,67.580,67.540,67.590,0,0
1524853080,67.550,67.550,67.550,67.550,0,0
1524853140,67.540,67.540,67.540,67.540,0,0
1524853200,67.540,67.520,67.520,67.540,3860,312143
1524853260,67.530,67.530,67.530,67.530,0,0
1524853320,67.520,67.490,67.490,67.520,0,0
1524853380,67.490,67.490,67.490,67.490,0,0
1524853500,67.490,67.480,67.480,67.500,2449,316003
1524853620,67.490,67.480,67.480,67.500,0,0
1524853680,67.480,67.480,67.480,67.480,0,0
1524853740,67.490,67.490,67.490,67.490,0,0
1524853800,67.480,67.460,67.450,67.480,9980,318452
1524853860,67.460,67.450,67.450,67.460,0,0
1524853920,67.460,67.500,67.460,67.500,0,0
1524853980,67.490,67.500,67.490,67.500,0,0
1524854040,67.500,67.480,67.480,67.500,0,0
1524854100,67.470,67.470,67.470,67.470,7668,328432
1524854160,67.470,67.470,67.470,67.470,0,0
1524854220,67.440,67.490,67.430,67.490,0,0
1524854280,67.500,67.500,67.500,67.500,0,0
1524854400,67.490,67.500,67.490,67.500,6541,336100
1524854460,67.510,67.510,67.510,67.510,0,0
1524854520,67.500,67.450,67.450,67.500,0,0
1524854580,67.460,67.460,67.460,67.460,0,0
1524854640,67.460,67.460,67.460,67.460,0,0
1524854700,67.480,67.480,67.480,67.480,6453,342641
1524854760,67.480,67.500,67.480,67.500,0,0
1524854880,67.490,67.490,67.490,67.490,0,0
1524854940,67.480,67.470,67.470,67.480,0,0
1524855000,67.460,67.460,67.460,67.460,4125,349094
1524855060,67.440,67.440,67.440,67.440,0,0
1524855120,67.450,67.440,67.440,67.450,0,0
1524855180,67.440,67.430,67.430,67.440,0,0
1524855240,67.430,67.430,67.430,67.430,0,0
1524855300,67.420,67.420,67.420,67.420,6220,353219
1524855360,67.420,67.420,67.420,67.420,0,0
1524855420,67.440,67.440,67.440,67.440,0,0
1524855480,67.450,67.440,67.440,67.450,0,0
1524855600,67.450,67.440,67.440,67.450,5653,359439
1524855660,67.440,67.440,67.440,67.440,0,0
1524855720,67.450,67.470,67.450,67.470,0,0
1524855780,67.470,67.470,67.470,67.470,0,0
1524855840,67.470,67.470,67.470,67.470,0,0
1524855900,67.470,67.450,67.450,67.470,5344,365092
1524855960,67.440,67.440,67.440,67.440,0,0
1524856020,67.430,67.430,67.430,67.430,0,0
1524856080,67.440,67.440,67.440,67.440,0,0
1524856140,67.440,67.440,67.440,67.440,0,0
1524856200,67.430,67.450,67.430,67.480,6761,370436
1524856260,67.450,67.440,67.440,67.450,0,0
1524856320,67.440,67.450,67.440,67.450,0,0
1524856380,67.450,67.450,67.450,67.450,0,0
1524856440,67.450,67.440,67.440,67.450,0,0
1524856500,67.440,67.440,67.440,67.440,5009,377197
1524856620,67.420,67.420,67.420,67.420,0,0
1524856680,67.420,67.430,67.420,67.430,0,0
1524856740,67.430,67.430,67.430,67.430,0,0
1524856800,67.420,67.420,67.420,67.420,5638,382206
1524856860,67.420,67.420,67.420,67.420,0,0
1524856920,67.430,67.410,67.410,67.430,0,0
1524856980,67.410,67.420,67.410,67.420,0,0
1524857040,67.420,67.420,67.420,67.420,0,0
1524857100,67.420,67.420,67.420,67.420,9605,387844
1524857160,67.410,67.370,67.370,67.410,0,0
1524857220,67.370,67.360,67.360,67.370,0,0
1524857280,67.390,67.390,67.390,67.390,0,0
1524857340,67.390,67.400,67.390,67.410,0,0
1524857400,67.450,67.450,67.450,67.450,11584,397449
1524857460,67.440,67.440,67.440,67.440,0,0
1524857520,67.450,67.460,67.450,67.460,0,0
1524857580,67.460,67.460,67.460,67.460,0,0
1524857640,67.460,67.450,67.450,67.460,0,0
1524857700,67.450,67.450,67.450,67.450,8179,409033
1524857760,67.430,67.440,67.430,67.450,0,0
1524857820,67.460,67.460,67.460,67.460,0,0
1524857940,67.470,67.500,67.470,67.500,0,0
1524858000,67.510,67.520,67.510,67.520,7328,417212
1524858060,67.510,67.520,67.510,67.520,0,0
1524858120,67.520,67.480,67.480,67.520,0,0
1524858180,67.470,67.480,67.470,67.480,0,0
1524858240,67.470,67.470,67.470,67.470,0,0
1524858300,67.470,67.470,67.470,67.470,17839,424540
1524858360,67.480,67.470,67.470,67.480,0,0
1524858420,67.470,67.460,67.460,67.480,0,0
1524858480,67.460,67.490,67.460,67.490,0,0
1524858540,67.480,67.470,67.460,67.480,0,0
1524858600,67.460,67.450,67.450,67.460,24310,442379
1524858660,67.450,67.420,67.420,67.450,0,0
1524858720,67.440,67.460,67.440,67.470,0,0
1524858780,67.470,67.460,67.460,67.470,0,0
1524858840,67.470,67.450,67.450,67.470,0,0
1524858900,67.450,67.440,67.440,67.460,64067,466689
1524858960,67.440,67.450,67.440,67.450,0,0
1524859020,67.440,67.450,67.440,67.450,0,0
1524859080,67.440,67.430,67.420,67.440,0,0
1524859140,67.440,67.380,67.380,67.450,0,0
1525095000,67.380,67.440,67.380,67.440,5455,0
1525095240,67.450,67.430,67.430,67.450,0,0
1525095300,67.440,67.440,67.440,67.440,1564,5455
1525095360,67.450,67.450,67.450,67.450,0,0
1525095480,67.510,67.430,67.430,67.510,0,0
1525095600,67.460,67.460,67.460,67.460,2277,7019
1525095720,67.500,67.470,67.470,67.500,0,0
1525095780,67.480,67.520,67.480,67.520,0,0
1525095900,67.420,67.280,67.280,67.420,2777,9296
1525095960,67.300,67.300,67.300,67.300,0,0
1525096200,67.250,67.250,67.250,67.250,8350,12073
1525096260,67.280,67.280,67.280,67.280,0,0
1525096320,67.290,67.270,67.260,67.290,0,0
1525096380,67.310,67.300,67.300,67.310,0,0
1525096500,67.330,67.330,67.330,67.330,1773,20423
1525096680,67.330,67.330,67.330,67.330,0,0
1525096800,67.280,67.260,67.260,67.280,3330,22196
1525096860,67.290,67.350,67.290,67.350,0,0
1525097100,67.390,67.390,67.390,67.390,1814,25526
1525097220,67.390,67.390,67.390,67.390,0,0
1525097280,67.360,67.360,67.360,67.360,0,0
1525097340,67.390,67.390,67.390,67.390,0,0
1525097400,67.350,67.320,67.320,67.360,3629,27340
1525097460,67.350,67.320,67.320,67.360,0,0
1525097580,67.330,67.340,67.330,67.340,0,0
1525097640,67.330,67.300,67.300,67.330,0,0
1525097700,67.290,67.290,67.290,67.290,5437,30969
1525097760,67.290,67.280,67.270,67.300,0,0
1525097820,67.320,67.320,67.320,67.320,0,0
1525097940,67.300,67.280,67.280,67.300,0,0
1525098000,67.330,67.340,67.330,67.340,2741,36406
1525098060,67.350,67.320,67.320,67.350,0,0
1525098120,67.320,67.320,67.320,67.320,0,0
1525098240,67.300,67.300,67.300,67.300,0,0
1525098300,67.270,67.280,67.200,67.280,6594,39147
1525098360,67.290,67.250,67.250,67.290,0,0
1525098420,67.290,67.300,67.290,67.300,0,0
1525098480,67.310,67.310,67.310,67.310,0,0
1525098600,67.390,67.390,67.390,67.390,1648,45741
1525098660,67.390,67.390,67.390,67.390,0,0
1525098720,67.390,67.390,67.390,67.390,0,0
1525098900,67.350,67.350,67.350,67.350,1079,47389
1525099080,67.350,67.350,67.350,67.350,0,0
1525099200,67.340,67.340,67.340,67.340,963,48468
1525099260,67.360,67.380,67.360,67.380,0,0
1525099500,67.300,67.320,67.290,67.320,8852,49431
1525099560,67.310,67.310,67.310,67.310,0,0
1525099620,67.310,67.280,67.280,67.310,0,0
1525099680,67.290,67.330,67.290,67.330,0,0
1525099740,67.300,67.300,67.300,67.300,0,0
1525099800,67.300,67.290,67.290,67.300,1986,58283
1525099860,67.300,67.290,67.290,67.300,0,0
1525099920,67.290,67.290,67.290,67.290,0,0
1525100040,67.320,67.310,67.310,67.320,0,0
1525100100,67.300,67.290,67.290,67.300,4813,60269
1525100160,67.300,67.290,67.290,67.300,0,0
1525100220,67.310,67.320,67.310,67.320,0,0
1525100280,67.300,67.320,67.300,67.320,0,0
1525100400,67.340,67.360,67.340,67.360,2854,65082
1525100460,67.380,67.380,67.380,67.380,0,0
1525100520,67.420,67.390,67.390,67.420,0,0
1525100700,67.340,67.340,67.340,67.340,2190,67936
1525100760,67.340,67.340,67.340,67.340,0,0
1525100820,67.330,67.330,67.330,67.330,0,0
1525100880,67.320,67.320,67.320,67.320,0,0
1525100940,67.340,67.340,67.340,67.340,0,0
1525101000,67.340,67.330,67.330,67.350,3154,70126
1525101060,67.370,67.370,67.370,67.370,0,0
1525101120,67.370,67.370,67.370,67.370,0,0
1525101180,67.380,67.380,67.380,67.380,0,0
1525101240,67.390,67.370,67.370,67.400,0,0
1525101300,67.330,67.290,67.290,67.330,11135,73280
1525101360,67.330,67.290,67.290,67.330,0,0
1525101420,67.320,67.330,67.310,67.330,0,0
1525101600,67.300,67.310,67.300,67.310,3997,84415
1525101660,67.300,67.300,67.300,67.300,0,0
1525101720,67.340,67.310,67.310,67.340,0,0
1525101780,67.360,67.360,67.360,67.360,0,0
1525101840,67.390,67.390,67.390,67.390,0,0
1525101900,67.350,67.360,67.350,67.360,3531,88412
1525102020,67.360,67.360,67.360,67.360,0,0
1525102080,67.360,67.360,67.360,67.360,0,0
1525102140,67.370,67.370,67.370,67.370,0,0
1525102200,67.360,67.360,67.360,67.360,2444,91943
1525102260,67.360,67.360,67.360,67.360,0,0
1525102320,67.350,67.340,67.340,67.350,0,0
1525102380,67.340,67.330,67.330,67.340,0,0
1525102500,67.330,67.320,67.320,67.330,2763,94387
1525102560,67.330,67.320,67.320,67.330,0,0
1525102620,67.350,67.350,67.350,67.350,0,0
1525102680,67.330,67.330,67.330,67.330,0,0
1525102800,67.320,67.320,67.320,67.320,13834,97150
1525102860,67.320,67.300,67.260,67.320,0,0
1525103040,67.340,67.310,67.310,67.340,0,0
1525103100,67.300,67.300,67.300,67.300,7927,110984
1525103220,67.300,67.290,67.280,67.300,0,0
1525103280,67.300,67.300,67.300,67.300,0,0
1525103340,67.300,67.310,67.290,67.310,0,0
1525103400,67.310,67.300,67.300,67.310,27124,118911
1525103460,67.300,67.300,67.300,67.300,0,0
1525103520,67.310,67.280,67.280,67.310,0,0
1525103580,67.280,67.250,67.250,67.280,0,0
1525103640,67.260,67.270,67.250,67.280,0,0
1525103700,67.260,67.280,67.250,67.280,21717,146035
1525103760,67.280,67.300,67.270,67.300,0,0
1525103820,67.300,67.290,67.290,67.300,0,0
1525103880,67.280,67.290,67.280,67.290,0,0
1525103940,67.280,67.290,67.280,67.290,0,0
1525104000,67.270,67.290,67.250,67.290,8420,167752
1525104060,67.280,67.310,67.280,67.310,0,0
1525104120,67.300,67.290,67.290,67.300,0,0
1525104180,67.280,67.290,67.280,67.290,0,0
1525104240,67.300,67.280,67.280,67.300,0,0
1525104300,67.280,67.300,67.280,67.300,1593,176172
1525104420,67.330,67.290,67.290,67.330,0,0
1525104480,67.300,67.300,67.300,67.300,0,0
1525104600,67.310,67.300,67.300,67.310,11461,177765
1525104660,67.290,67.280,67.280,67.290,0,0
1525104720,67.290,67.280,67.280,67.300,0,0
1525104780,67.290,67.300,67.280,67.300,0,0
1525104840,67.300,67.310,67.300,67.310,0,0
1525104900,67.320,67.300,67.280,67.320,12997,189226
1525104960,67.290,67.310,67.290,67.310,0,0
1525105020,67.290,67.300,67.290,67.300,0,0
1525105080,67.300,67.300,67.300,67.300,0,0
1525105140,67.310,67.320,67.310,67.320,0,0
1525105200,67.320,67.320,67.320,67.320,1433,202223
1525105260,67.320,67.320,67.320,67.320,0,0
1525105440,67.310,67.310,67.310,67.310,0,0
1525105500,67.310,67.300,67.300,67.310,1249,203656
1525105680,67.300,67.300,67.300,67.300,0,0
1525105800,67.310,67.310,67.310,67.310,3718,204905
1525105860,67.300,67.300,67.300,67.300,0,0
1525105920,67.300,67.300,67.300,67.300,0,0
1525105980,67.300,67.330,67.300,67.330,0,0
1525106040,67.330,67.320,67.320,67.330,0,0
1525106100,67.300,67.310,67.300,67.310,1173,208623
1525106220,67.310,67.300,67.300,67.310,0,0
1525106280,67.330,67.330,67.330,67.330,0,0
1525106400,67.330,67.330,67.330,67.330,2512,209796
1525106460,67.330,67.330,67.330,67.330,0,0
1525106520,67.320,67.320,67.320,67.320,0,0
1525106580,67.310,67.310,67.310,67.310,0,0
1525106640,67.320,67.320,67.320,67.320,0,0
1525106700,67.360,67.360,67.360,67.360,954,212308
1525106820,67.360,67.360,67.360,67.360,0,0
1525106880,67.330,67.330,67.330,67.330,0,0
1525107000,67.330,67.300,67.300,67.330,3658,213262
1525107060,67.330,67.300,67.300,67.330,0,0
1525107120,67.300,67.290,67.290,67.300,0,0
1525107180,67.320,67.310,67.310,67.320,0,0
1525107240,67.310,67.300,67.300,67.310,0,0
1525107300,67.290,67.290,67.290,67.290,934,216920
1525107360,67.290,67.290,67.290,67.290,0,0
1525107420,67.320,67.320,67.320,67.320,0,0
1525107600,67.360,67.360,67.360,67.360,5286,217854
1525107720,67.370,67.370,67.370,67.370,0,0
1525107780,67.380,67.390,67.380,67.440,0,0
1525107840,67.360,67.330,67.330,67.360,0,0
1525107900,67.360,67.340,67.340,67.360,3031,223140
1525107960,67.360,67.340,67.340,67.360,0,0
1525108020,67.340,67.360,67.310,67.360,0,0
1525108140,67.390,67.390,67.390,67.390,0,0
1525108200,67.330,67.330,67.330,67.330,769,226171
1525108260,67.340,67.310,67.310,67.340,0,0
1525108380,67.300,67.300,67.300,67.300,0,0
1525108500,67.340,67.340,67.340,67.340,2143,226940
1525108560,67.340,67.340,67.340,67.340,0,0
1525108620,67.310,67.340,67.310,67.340,0,0
1525108680,67.340,67.330,67.330,67.340,0,0
1525108740,67.300,67.300,67.300,67.300,0,0
1525108800,67.300,67.300,67.300,67.300,7028,229083
1525108920,67.330,67.330,67.330,67.330,0,0
1525109040,67.330,67.330,67.330,67.330,0,0
1525109100,67.300,67.300,67.300,67.300,3268,236111
1525109160,67.300,67.300,67.300,67.300,0,0
1525109280,67.330,67.330,67.330,67.330,0,0
1525109340,67.310,67.310,67.310,67.310,0,0
1525109400,67.310,67.300,67.300,67.310,8512,239379
1525109520,67.310,67.300,67.300,67.310,0,0
1525109580,67.300,67.300,67.300,67.300,0,0
1525109640,67.310,67.310,67.310,67.310,0,0
1525109700,67.300,67.300,67.300,67.300,3104,247891
1525109760,67.300,67.300,67.300,67.300,0,0
1525109820,67.300,67.300,67.300,67.300,0,0
1525109880,67.310,67.310,67.310,67.310,0,0
1525109940,67.310,67.310,67.310,67.310,0,0
1525110000,67.320,67.310,67.310,67.330,1660,250995
1525110120,67.330,67.330,67.330,67.330,0,0
1525110240,67.330,67.330,67.330,67.330,0,0
1525110300,67.330,67.330,67.330,67.330,1593,252655
1525110360,67.340,67.340,67.340,67.340,0,0
1525110420,67.330,67.330,67.330,67.330,0,0
1525110480,67.340,67.340,67.340,67.340,0,0
1525110540,67.330,67.310,67.310,67.330,0,0
1525110600,67.320,67.320,67.320,67.320,818,254248
1525110780,67.320,67.320,67.320,67.320,0,0
1525110840,67.320,67.320,67.320,67.320,0,0
1525111200,67.340,67.320,67.320,67.340,6116,255066
1525111260,67.300,67.300,67.300,67.300,0,0
1525111320,67.310,67.310,67.310,67.310,0,0
1525111380,67.300,67.300,67.300,67.300,0,0
1525111440,67.310,67.310,67.310,67.310,0,0
1525111500,67.300,67.310,67.300,67.310,17038,261182
1525111560,67.300,67.300,67.300,67.300,0,0
1525111620,67.300,67.310,67.300,67.310,0,0
1525111680,67.310,67.300,67.300,67.310,0,0
1525111740,67.300,67.280,67.280,67.300,0,0
1525111800,67.300,67.290,67.290,67.300,11672,278220
1525111860,67.300,67.310,67.300,67.310,0,0
1525111920,67.300,67.300,67.300,67.300,0,0
1525111980,67.310,67.320,67.310,67.320,0,0
1525112040,67.320,67.310,67.310,67.340,0,0
1525112100,67.330,67.350,67.330,67.350,3264,289892
1525112160,67.330,67.330,67.330,67.330,0,0
1525112280,67.330,67.300,67.300,67.330,0,0
1525112340,67.300,67.310,67.300,67.310,0,0
1525112400,67.300,67.310,67.300,67.310,2746,293156
1525112460,67.330,67.360,67.330,67.360,0,0
1525112580,67.350,67.350,67.350,67.350,0,0
1525112640,67.310,67.310,67.310,67.310,0,0
1525112700,67.320,67.320,67.320,67.320,2195,295902
1525112820,67.320,67.320,67.320,67.320,0,0
1525112880,67.310,67.310,67.310,67.310,0,0
1525112940,67.320,67.350,67.320,67.350,0,0
1525113000,67.340,67.330,67.330,67.340,6057,298097
1525113180,67.320,67.300,67.300,67.330,0,0
1525113240,67.300,67.320,67.300,67.320,0,0
1525113300,67.310,67.290,67.290,67.320,3186,304154
1525113360,67.300,67.330,67.300,67.330,0,0
1525113420,67.330,67.330,67.330,67.330,0,0
1525113480,67.360,67.360,67.360,67.360,0,0
1525113540,67.330,67.330,67.330,67.330,0,0
1525113600,67.320,67.320,67.320,67.320,2429,307340
1525113660,67.320,67.320,67.320,67.320,0,0
1525113720,67.300,67.300,67.300,67.300,0,0
1525113780,67.310,67.300,67.300,67.310,0,0
1525113840,67.300,67.300,67.300,67.300,0,0
1525113900,67.300,67.300,67.300,67.300,3387,309769
1525113960,67.300,67.300,67.300,67.300,0,0
1525114020,67.300,67.300,67.300,67.300,0,0
1525114080,67.310,67.310,67.310,67.310,0,0
1525114140,67.330,67.330,67.330,67.330,0,0
1525114200,67.330,67.320,67.320,67.330,8518,313156
1525114260,67.310,67.300,67.300,67.310,0,0
1525114380,67.320,67.300,67.300,67.320,0,0
1525114440,67.300,67.310,67.300,67.310,0,0
1525114500,67.300,67.310,67.300,67.310,32053,321674
1525114560,67.300,67.300,67.300,67.300,0,0
1525114620,67.300,67.280,67.280,67.300,0,0
1525114680,67.280,67.300,67.280,67.300,0,0
1525114740,67.300,67.300,67.300,67.300,0,0
1525114800,67.300,67.300,67.300,67.300,4703,353727
1525114860,67.300,67.310,67.300,67.310,0,0
1525114920,67.300,67.290,67.290,67.300,0,0
1525114980,67.300,67.290,67.290,67.300,0,0
1525115040,67.300,67.300,67.300,67.300,0,0
1525115100,67.290,67.300,67.290,67.300,22387,358430
1525115160,67.300,67.320,67.300,67.320,0,0
1525115220,67.320,67.330,67.320,67.330,0,0
1525115280,67.330,67.340,67.330,67.340,0,0
1525115340,67.330,67.330,67.330,67.330,0,0
1525115400,67.300,67.300,67.300,67.300,3021,380817
1525115460,67.300,67.310,67.300,67.310,0,0
1525115580,67.330,67.330,67.330,67.330,0,0
1525115640,67.330,67.330,67.330,67.330,0,0
1525115700,67.310,67.310,67.310,67.310,4926,383838
1525115760,67.310,67.290,67.290,67.310,0,0
1525115820,67.300,67.290,67.290,67.300,0,0
1525115940,67.300,67.300,67.300,67.300,0,0
1525116000,67.310,67.290,67.290,67.310,10332,388764
1525116060,67.310,67.290,67.290,67.310,0,0
1525116120,67.300,67.260,67.260,67.300,0,0
1525116180,67.260,67.270,67.260,67.280,0,0
1525116240,67.230,67.230,67.230,67.230,0,0
1525116300,67.220,67.260,67.220,67.270,12600,399096
1525116360,67.250,67.230,67.220,67.250,0,0
1525116420,67.230,67.250,67.230,67.250,0,0
1525116480,67.250,67.230,67.220,67.250,0,0
1525116540,67.260,67.290,67.260,67.290,0,0
1525116600,67.280,67.290,67.280,67.290,6081,411696
1525116660,67.280,67.280,67.280,67.280,0,0
1525116720,67.280,67.280,67.280,67.280,0,0
1525116780,67.300,67.310,67.290,67.310,0,0
1525116840,67.330,67.360,67.330,67.360,0,0
1525116900,67.340,67.330,67.330,67.340,6579,417777
1525116960,67.340,67.320,67.320,67.340,0,0
1525117020,67.290,67.300,67.290,67.300,0,0
1525117080,67.290,67.300,67.290,67.300,0,0
1525117140,67.310,67.330,67.310,67.330,0,0
1525117200,67.330,67.320,67.320,67.330,4823,424356
1525117260,67.310,67.310,67.310,67.310,0,0
1525117320,67.320,67.330,67.320,67.330,0,0
1525117380,67.330,67.320,67.320,67.330,0,0
1525117440,67.320,67.310,67.310,67.320,0,0
1525117500,67.310,67.300,67.300,67.320,13131,429179
1525117560,67.290,67.280,67.280,67.290,0,0
1525117620,67.280,67.270,67.270,67.280,0,0
1525117680,67.270,67.290,67.270,67.300,0,0
1525117740,67.300,67.290,67.290,67.300,0,0
1525117800,67.290,67.310,67.290,67.320,21534,442310
1525117860,67.300,67.310,67.300,67.310,0,0
1525117920,67.300,67.310,67.300,67.310,0,0
1525117980,67.300,67.280,67.280,67.300,0,0
1525118040,67.300,67.310,67.290,67.310,0,0
1525118100,67.290,67.300,67.290,67.310,99036,463844
1525118160,67.310,67.290,67.290,67.320,0,0
1525118220,67.310,67.320,67.300,67.320,0,0
1525118280,67.310,67.300,67.290,67.310,0,0
1525118340,67.310,67.250,67.250,67.320,0,0
